# [63] Sgs_R08_0.9
# Sample c= 1.0 mg/ml
#
# Number of frames collected: 10
# Exposure time per frame: 0.5
# No significant radiation damage detected, merging 10 files
# Merged from: /data/visitor/mx1905/bm29/20170412/Poker/1d/Sxl_10gs_192_00001.dat
# Merged from: /data/visitor/mx1905/bm29/20170412/Poker/1d/Sxl_10gs_192_00002.dat
# Merged from: /data/visitor/mx1905/bm29/20170412/Poker/1d/Sxl_10gs_192_00003.dat
# Merged from: /data/visitor/mx1905/bm29/20170412/Poker/1d/Sxl_10gs_192_00004.dat
# Merged from: /data/visitor/mx1905/bm29/20170412/Poker/1d/Sxl_10gs_192_00005.dat
# Merged from: /data/visitor/mx1905/bm29/20170412/Poker/1d/Sxl_10gs_192_00006.dat
# Merged from: /data/visitor/mx1905/bm29/20170412/Poker/1d/Sxl_10gs_192_00007.dat
# Merged from: /data/visitor/mx1905/bm29/20170412/Poker/1d/Sxl_10gs_192_00008.dat
# Merged from: /data/visitor/mx1905/bm29/20170412/Poker/1d/Sxl_10gs_192_00009.dat
# Merged from: /data/visitor/mx1905/bm29/20170412/Poker/1d/Sxl_10gs_192_00010.dat
#
# Sample Information:
# Storage Temperature (degrees C): 20.0
# Measurement Temperature (degrees C): 20.03
# Concentration: 1.0
# Code: 
3.082862000000000102e-02 6.427823200000000270e+02 8.528360556568712170e+00
3.557148999999999728e-02 1.644419999999999618e+03 5.624558248805589855e+00
4.031434999999999880e-02 2.394338199999999688e+03 4.470792307089091366e+00
4.505722000000000199e-02 1.300482029999999895e+03 2.342928760977259994e+00
4.980007999999999657e-02 8.380264000000000806e+02 1.684122072205649134e+00
5.454294999999999977e-02 5.945870200000000523e+02 1.334554497462426603e+00
5.928581000000000129e-02 4.370483300000000781e+02 1.087742337749708188e+00
6.402868000000000448e-02 3.458128800000000638e+02 9.225269503243632707e-01
6.877154000000000600e-02 2.839452400000000125e+02 8.029816017279849394e-01
7.351441000000000225e-02 2.402554699999999741e+02 7.117366204825069653e-01
7.825727999999999851e-02 2.069354800000000125e+02 6.358629251121737935e-01
8.300014000000000003e-02 1.817775900000000036e+02 5.769068471408014265e-01
8.774300999999999628e-02 1.627599600000000351e+02 5.296701632447120556e-01
9.248586999999999780e-02 1.491674099999999612e+02 4.927710715265660180e-01
9.722873999999999406e-02 1.380447599999999966e+02 4.602829525701011559e-01
1.019715999999999956e-01 1.279297200000000174e+02 4.318300765474193392e-01
1.067145000000000038e-01 1.216991599999999778e+02 4.111190680899390881e-01
1.114572999999999953e-01 1.160940700000000163e+02 3.924511129813877952e-01
1.162002000000000035e-01 1.105390500000000031e+02 3.745798775446033124e-01
1.209430999999999978e-01 1.068189299999999804e+02 3.604954517625985622e-01
1.256858999999999893e-01 1.038270639999999929e+02 3.483140561238520783e-01
1.304288000000000114e-01 1.013496780000000115e+02 3.375435019815223869e-01
1.351717000000000057e-01 9.843317099999998732e+01 3.264246032992917379e-01
1.399144999999999972e-01 9.584752900000000864e+01 3.162657264392193524e-01
1.446573999999999915e-01 9.401663299999999879e+01 3.077909869749341221e-01
1.494003000000000136e-01 9.218188299999999913e+01 2.996777488641669263e-01
1.541431000000000051e-01 9.110276999999999248e+01 2.935586474596459938e-01
1.588859999999999995e-01 8.984410599999999647e+01 2.869113274622042686e-01
1.636287999999999909e-01 8.840336300000001302e+01 2.802689607169565056e-01
1.683717000000000130e-01 8.738061299999999676e+01 2.745405403750602602e-01
1.731146000000000074e-01 8.608070799999998712e+01 2.685837932379367965e-01
1.778573999999999988e-01 8.549605199999999172e+01 2.639111880757933903e-01
1.826002999999999932e-01 8.426801400000002218e+01 2.584525238295213301e-01
1.873431999999999875e-01 8.340456400000000770e+01 2.537368471599769637e-01
1.920860000000000067e-01 8.241173799999999972e+01 2.489672149261422107e-01
1.968289000000000011e-01 8.219184399999998902e+01 2.454913859106316598e-01
2.015717999999999954e-01 8.138537799999998867e+01 2.412934566415768090e-01
2.063145999999999869e-01 8.098991900000001465e+01 2.378208943808144404e-01
2.110575000000000090e-01 8.029132899999999040e+01 2.337796869236238861e-01
2.158004000000000033e-01 7.961050400000002014e+01 2.301175773762743348e-01
2.205431999999999948e-01 7.915796499999999014e+01 2.269210887549603373e-01
2.252860999999999891e-01 7.859588099999999145e+01 2.236722787980815197e-01
2.300290000000000112e-01 7.793133499999999003e+01 2.203613779259364358e-01
2.347718000000000027e-01 7.747471199999999669e+01 2.174171355344340917e-01
2.395146999999999970e-01 7.719079399999999680e+01 2.147980214556167444e-01
2.442575999999999914e-01 7.645043599999999628e+01 2.116188942732023792e-01
2.490004000000000106e-01 7.592616599999999494e+01 2.088089134683225045e-01
2.537433000000000050e-01 7.596822699999999884e+01 2.068327961168204276e-01
2.584861999999999993e-01 7.525518900000000144e+01 2.039169411411759225e-01
2.632289999999999908e-01 7.501291499999999246e+01 2.017157082484329345e-01
2.679718999999999851e-01 7.451394499999999255e+01 1.992230358527605216e-01
2.727146999999999766e-01 7.416199900000000866e+01 1.969726428810663621e-01
2.774576000000000264e-01 7.391131399999999019e+01 1.949671813100625484e-01
2.822005000000000208e-01 7.358080199999999138e+01 1.929468850255950663e-01
2.869433000000000122e-01 7.307514899999999614e+01 1.906484338676879831e-01
2.916862000000000066e-01 7.296467800000002057e+01 1.889015803994238962e-01
2.964291000000000009e-01 7.278968200000001332e+01 1.871214951558639039e-01
3.011718999999999924e-01 7.233027500000000032e+01 1.850223173995267090e-01
3.059147999999999867e-01 7.201604299999999625e+01 1.831515331676434877e-01
3.106576999999999811e-01 7.154059900000001448e+01 1.811069012092971220e-01
3.154004999999999725e-01 7.123102500000000248e+01 1.793227361197134717e-01
3.201434000000000224e-01 7.106444600000000378e+01 1.777615755158724054e-01
3.248863000000000167e-01 7.055357000000000767e+01 1.757978734046026503e-01
3.296291000000000082e-01 6.998923500000000786e+01 1.737942730553391768e-01
3.343720000000000026e-01 7.011130999999998892e+01 1.726815861111236083e-01
3.391148999999999969e-01 6.980148099999999545e+01 1.728691010592306454e-01
3.438576999999999884e-01 6.976026799999999639e+01 1.750513336012302357e-01
3.486005999999999827e-01 6.956125600000000020e+01 1.792512014445905855e-01
3.533434999999999770e-01 6.905739499999999964e+01 1.818770215627938946e-01
3.580863000000000240e-01 6.899998200000000281e+01 1.840614272236804072e-01
3.628292000000000184e-01 6.835278499999999724e+01 1.850029557798547608e-01
3.675720000000000098e-01 6.789754099999998971e+01 1.859034979824968070e-01
3.723149000000000042e-01 6.765019300000000158e+01 1.869303082268057581e-01
3.770577999999999985e-01 6.736272800000000416e+01 1.877810087639673886e-01
3.818005999999999900e-01 6.716185399999999106e+01 1.885011758865938747e-01
3.865434999999999843e-01 6.652259300000000053e+01 1.885275326860567646e-01
3.912863999999999787e-01 6.639405100000000459e+01 1.891005514527670517e-01
3.960292000000000256e-01 6.586449199999998427e+01 1.891188609204346172e-01
4.007721000000000200e-01 6.620455499999999915e+01 1.904168898651374953e-01
4.055150000000000143e-01 6.589619199999998500e+01 1.965205226646868364e-01
4.102578000000000058e-01 6.549069299999999316e+01 2.010237707934071916e-01
4.150007000000000001e-01 6.495604899999999304e+01 2.045853326765264268e-01
4.197435999999999945e-01 6.493005200000001764e+01 2.076947539899667294e-01
4.244863999999999860e-01 6.444831600000000549e+01 2.102734072927718023e-01
4.292292999999999803e-01 6.418964900000000284e+01 2.130568887960375135e-01
4.339721999999999746e-01 6.412191999999998870e+01 2.162049267642449091e-01
4.387150000000000216e-01 6.390639800000000292e+01 2.189900950652992062e-01
4.434579000000000160e-01 6.359255900000000850e+01 2.216610188241209534e-01
4.482008000000000103e-01 6.276278500000000804e+01 2.239282622535500589e-01
4.529436000000000018e-01 6.273620599999998149e+01 2.275297185927431798e-01
4.576864999999999961e-01 6.248801299999998804e+01 2.294505958625707720e-01
4.624293999999999905e-01 6.213470300000000179e+01 2.307069521078502494e-01
4.671721999999999819e-01 6.209165600000000040e+01 2.294877262426001929e-01
4.719150999999999763e-01 6.196971200000000124e+01 2.202385705189792431e-01
4.766579000000000232e-01 6.184287399999999479e+01 2.158705705678780062e-01
4.814008000000000176e-01 6.136612900000000081e+01 2.123053250977591233e-01
4.861437000000000119e-01 6.092019699999999460e+01 2.094503203140236636e-01
4.908865000000000034e-01 6.029540300000000030e+01 2.066745932225119708e-01
4.956293999999999977e-01 6.036316999999998956e+01 2.053353818342939507e-01
5.003722999999999921e-01 6.022111199999999087e+01 2.038038524887172132e-01
5.051151000000000391e-01 5.982476299999999725e+01 2.019794895263618550e-01
5.098580000000000334e-01 5.947566799999999887e+01 2.003423363052602435e-01
5.146009000000000277e-01 5.909214899999999204e+01 1.987311585664225944e-01
5.193436999999999637e-01 5.870995899999999068e+01 1.971812440628109009e-01
5.240865999999999580e-01 5.849085000000000178e+01 1.959651251917144121e-01
5.288294999999999524e-01 5.831554400000000271e+01 1.948701048795635493e-01
5.335722999999999994e-01 5.766591899999999526e+01 1.926423554722379861e-01
5.383151999999999937e-01 5.747454100000000210e+01 1.909345628067851963e-01
5.430580999999999881e-01 5.734462599999999100e+01 1.893901296678871249e-01
5.478009000000000350e-01 5.687469099999999855e+01 1.873405476258941105e-01
5.525438000000000294e-01 5.682607099999999889e+01 1.860343087428144027e-01
5.572867000000000237e-01 5.659251899999999580e+01 1.844614272507539843e-01
5.620294999999999597e-01 5.599494299999999214e+01 1.823407886282303880e-01
5.667723999999999540e-01 5.595067700000000599e+01 1.811610564370052523e-01
5.715152000000000010e-01 5.581300999999999846e+01 1.798640011189824028e-01
5.762580999999999953e-01 5.571030199999999866e+01 1.786486993222472230e-01
5.810009999999999897e-01 5.526460200000000356e+01 1.769635944710024056e-01
5.857438000000000367e-01 5.537138799999998895e+01 1.766048849952243094e-01
5.904867000000000310e-01 5.471659599999999557e+01 1.751355333831929595e-01
5.952296000000000253e-01 5.446862300000000090e+01 1.743164487201087354e-01
5.999723999999999613e-01 5.416341899999999754e+01 1.735953621054439622e-01
6.047152999999999556e-01 5.401875299999998958e+01 1.729250866108026641e-01
6.094581999999999500e-01 5.365927599999999842e+01 1.717960720307291911e-01
6.142009999999999970e-01 5.353795999999999822e+01 1.713604484813677775e-01
6.189438999999999913e-01 5.318092699999999695e+01 1.702335103477884692e-01
6.236867999999999856e-01 5.294348199999999594e+01 1.694610706958978863e-01
6.284296000000000326e-01 5.271753999999999962e+01 1.687144019304478437e-01
6.331725000000000270e-01 5.228556300000000334e+01 1.676375124046285969e-01
6.379154000000000213e-01 5.184635300000000058e+01 1.665532446198380034e-01
6.426581999999999573e-01 5.181630700000000900e+01 1.661314953695165741e-01
6.474010999999999516e-01 5.142416300000000717e+01 1.651333809007473064e-01
6.521439999999999459e-01 5.135458299999999099e+01 1.646521066461164584e-01
6.568867999999999929e-01 5.094950599999999952e+01 1.636372150674246795e-01
6.616296999999999873e-01 5.098490900000000181e+01 1.633343617284899463e-01
6.663725999999999816e-01 5.044210899999999498e+01 1.621080769307285396e-01
6.711154000000000286e-01 5.025416799999999995e+01 1.614507369051557117e-01
6.758583000000000229e-01 5.007339800000000452e+01 1.608088965298502815e-01
6.806010999999999589e-01 4.992063699999999926e+01 1.602168303652612702e-01
6.853439999999999532e-01 4.969436199999999815e+01 1.595111902875719911e-01
6.900868999999999476e-01 4.934425900000000098e+01 1.586061762628145633e-01
6.948296999999999946e-01 4.939685100000000517e+01 1.583508497279152716e-01
6.995725999999999889e-01 4.908098900000000242e+01 1.575090706520989592e-01
7.043154999999999832e-01 4.867789799999999900e+01 1.565309479341002452e-01
7.090583000000000302e-01 4.837654300000001228e+01 1.557156240551981485e-01
7.138012000000000246e-01 4.826169200000000359e+01 1.552030643312222180e-01
7.185441000000000189e-01 4.799815600000000160e+01 1.544562437564480639e-01
7.232868999999999549e-01 4.775790899999999795e+01 1.537504257801141638e-01
7.280297999999999492e-01 4.762415000000000020e+01 1.532158991962560557e-01
7.327727000000000546e-01 4.754828200000000749e+01 1.527764715529888184e-01
7.375154999999999905e-01 4.718206300000000653e+01 1.518750933918073254e-01
7.422583999999999849e-01 4.715796500000000435e+01 1.515269922000176128e-01
7.470012999999999792e-01 4.682839999999999492e+01 1.506880796891346408e-01
7.517441000000000262e-01 4.664231700000000558e+01 1.500814372252941009e-01
7.564870000000000205e-01 4.631423700000000565e+01 1.492510329154870530e-01
7.612299000000000149e-01 4.605280499999999932e+01 1.485307592034535440e-01
7.659726999999999508e-01 4.587556199999999507e+01 1.479466239453148257e-01
7.707155999999999452e-01 4.552147599999999983e+01 1.470784619282677341e-01
7.754585000000000505e-01 4.567668499999999199e+01 1.470369872038284065e-01
7.802012999999999865e-01 4.550041600000000130e+01 1.466077337126449331e-01
7.849441999999999808e-01 4.522397399999999834e+01 1.458219069842028315e-01
7.896870000000000278e-01 4.507505500000000609e+01 1.451997717840041724e-01
7.944299000000000222e-01 4.472160899999999373e+01 1.443465361098938970e-01
7.991728000000000165e-01 4.460543700000000200e+01 1.438784942804580413e-01
8.039155999999999525e-01 4.418791000000000224e+01 1.429245338955621725e-01
8.086584999999999468e-01 4.410782700000000744e+01 1.425164945018080886e-01
8.134014000000000522e-01 4.415188200000000052e+01 1.423126672382676594e-01
8.181441999999999881e-01 4.382872700000000066e+01 1.416260242762554244e-01
8.228870999999999825e-01 4.355584900000000204e+01 1.408127948823227338e-01
8.276299999999999768e-01 4.328012500000000529e+01 1.400911053629365910e-01
8.323728000000000238e-01 4.310598799999998931e+01 1.395430017033537917e-01
8.371157000000000181e-01 4.281316499999999792e+01 1.388058280425450985e-01
8.418586000000000125e-01 4.292529100000000142e+01 1.387245436022180312e-01
8.466013999999999484e-01 4.247411000000000314e+01 1.377319884688233964e-01
8.513443000000000538e-01 4.268496100000000126e+01 1.378148938737809304e-01
8.560872000000000481e-01 4.213483999999999696e+01 1.366689872680430240e-01
8.608299999999999841e-01 4.197228600000000398e+01 1.361508822031061994e-01
8.655728999999999784e-01 4.187980400000000714e+01 1.357469084669496173e-01
8.703157999999999728e-01 4.157311599999999885e+01 1.349991343925611986e-01
8.750586000000000197e-01 4.148348499999999461e+01 1.346057761179185186e-01
8.798015000000000141e-01 4.126772700000000071e+01 1.340087956865100849e-01
8.845442999999999500e-01 4.106082600000000582e+01 1.334264305147870588e-01
8.892872000000000554e-01 4.098702099999999859e+01 1.330632509890728732e-01
8.940301000000000498e-01 4.076984200000000413e+01 1.324701107302115044e-01
8.987728999999999857e-01 4.064435100000000034e+01 1.320266056428900103e-01
9.035157999999999801e-01 4.049358700000000510e+01 1.315420446389556353e-01
9.082586999999999744e-01 4.037851100000000315e+01 1.311191236449104069e-01
9.130015000000000214e-01 4.044766399999999607e+01 1.309969028259195256e-01
9.177444000000000157e-01 4.005287700000000228e+01 1.301234232440266758e-01
9.224873000000000101e-01 3.975095799999999713e+01 1.293997950036958056e-01
9.272300999999999460e-01 3.968797800000000109e+01 1.290679782808993314e-01
9.319730000000000514e-01 3.946209199999999839e+01 1.284732785620325002e-01
9.367159000000000457e-01 3.943539099999999564e+01 1.282038304029462228e-01
9.414586999999999817e-01 3.912114000000000402e+01 1.274662236385427916e-01
9.462015999999999760e-01 3.893237599999999787e+01 1.269357510963479707e-01
9.509444999999999704e-01 3.881331699999999785e+01 1.265213501812887942e-01
9.556873000000000173e-01 3.873139899999999614e+01 1.261681980139298109e-01
9.604302000000000117e-01 3.857991399999999516e+01 1.257016073512908505e-01
9.651731000000000060e-01 3.856725999999999743e+01 1.254639976701156789e-01
9.699159000000000530e-01 3.845447200000000265e+01 1.250654219248022170e-01
9.746588000000000473e-01 3.831845399999999557e+01 1.246301409455995018e-01
9.794017000000000417e-01 3.796926099999999593e+01 1.238473679122003013e-01
9.841444999999999776e-01 3.797161100000000999e+01 1.236400440126256273e-01
9.888873999999999720e-01 3.785547500000000554e+01 1.232419381582073453e-01
9.936302000000000190e-01 3.764478700000000089e+01 1.226907673673276050e-01
9.983731000000000133e-01 3.756052799999999792e+01 1.223451434804818938e-01
1.003115999999999897e+00 3.735878499999999747e+01 1.218108211574271404e-01
1.007859000000000060e+00 3.736352100000000576e+01 1.216148735833635641e-01
1.012602000000000002e+00 3.704094999999999516e+01 1.208867614638815535e-01
1.017344999999999944e+00 3.698664399999999830e+01 1.205954295268137494e-01
1.022086999999999968e+00 3.672012300000000096e+01 1.199605734072099195e-01
1.026829999999999909e+00 3.671523100000000284e+01 1.197546797046424444e-01
1.031573000000000073e+00 3.663491199999999992e+01 1.194264508373337613e-01
1.036316000000000015e+00 3.641576400000000291e+01 1.188716072302835602e-01
1.041058999999999957e+00 3.632678999999999547e+01 1.185315878510188464e-01
1.045801999999999898e+00 3.634862900000000252e+01 1.183739567678934179e-01
1.050545000000000062e+00 3.613635800000000131e+01 1.178358670821121612e-01
1.055287000000000086e+00 3.597935099999999409e+01 1.173871223261227226e-01
1.060030000000000028e+00 3.556102800000000030e+01 1.165138226810244204e-01
1.064772999999999969e+00 3.555605799999999306e+01 1.163181191347985866e-01
1.069515999999999911e+00 3.563874600000000470e+01 1.162663085544165809e-01
1.074259000000000075e+00 3.554073700000000002e+01 1.159187965458510217e-01
1.079002000000000017e+00 3.539943100000000697e+01 1.155030474962535358e-01
1.083744999999999958e+00 3.534860899999999617e+01 1.152614322206717140e-01
1.088487999999999900e+00 3.516710000000000491e+01 1.148081335903327893e-01
1.093229999999999924e+00 3.485961300000000307e+01 1.140730484149823087e-01
1.097973000000000088e+00 3.481255000000000166e+01 1.138157808303220248e-01
1.102716000000000030e+00 3.470181799999999583e+01 1.134562071769658759e-01
1.107458999999999971e+00 3.455576999999999543e+01 1.130398451288739253e-01
1.112201999999999913e+00 3.453846199999999556e+01 1.128333841093175777e-01
1.116945000000000077e+00 3.443111499999999126e+01 1.124821563131788438e-01
1.121688000000000018e+00 3.425238900000000086e+01 1.120155816529588844e-01
1.126430000000000042e+00 3.421720799999999940e+01 1.117847928782909062e-01
1.131172999999999984e+00 3.404878200000000277e+01 1.113358155470915711e-01
1.135915999999999926e+00 3.402029799999999682e+01 1.111175078212002648e-01
1.140659000000000090e+00 3.392685099999999920e+01 1.107946376450015674e-01
1.145402000000000031e+00 3.375251200000001006e+01 1.103405615372148735e-01
1.150144999999999973e+00 3.353912100000000152e+01 1.098220963497050506e-01
1.154887999999999915e+00 3.351300599999999719e+01 1.096118523725044119e-01
1.159631000000000078e+00 3.356485899999999845e+01 1.095303683492482305e-01
1.164373000000000102e+00 3.339387700000000336e+01 1.090862733829403436e-01
1.169116000000000044e+00 3.323339500000000868e+01 1.087399023225563699e-01
1.173858999999999986e+00 3.327679899999999691e+01 1.086175393506219056e-01
1.178601999999999927e+00 3.315340199999999982e+01 1.082012362433207170e-01
1.183345000000000091e+00 3.298928000000000793e+01 1.077719542755767312e-01
1.188088000000000033e+00 3.297455399999999770e+01 1.075861425025853302e-01
1.192830999999999975e+00 3.281643600000000305e+01 1.071678241783190211e-01
1.197572999999999999e+00 3.267952400000000068e+01 1.067855971705407442e-01
1.202315999999999940e+00 3.267224299999999459e+01 1.066162012555962602e-01
1.207059000000000104e+00 3.261435099999999920e+01 1.067085868694576944e-01
1.211802000000000046e+00 3.259345000000000425e+01 1.101674362315498285e-01
1.216544999999999987e+00 3.250873599999999897e+01 1.123143155965850293e-01
1.221287999999999929e+00 3.249758500000000083e+01 1.139831487203744470e-01
1.226031000000000093e+00 3.231513900000000206e+01 1.150858586591723826e-01
1.230774000000000035e+00 3.199681899999999857e+01 1.157802283711415886e-01
1.235516000000000059e+00 3.205958900000000256e+01 1.170531336747585860e-01
1.240259000000000000e+00 3.214040299999999917e+01 1.182854550595435483e-01
1.245001999999999942e+00 3.193672199999999606e+01 1.189314940407539822e-01
1.249745000000000106e+00 3.184060700000000566e+01 1.197264391054210647e-01
1.254488000000000048e+00 3.160944699999999941e+01 1.202240664996846731e-01
1.259230999999999989e+00 3.142474699999999643e+01 1.204829401757290253e-01
1.263973999999999931e+00 3.129581499999999750e+01 1.205445821275120677e-01
1.268715999999999955e+00 3.138508499999999657e+01 1.210090925077487584e-01
1.273458999999999897e+00 3.151300900000000027e+01 1.192685051203749291e-01
1.278202000000000060e+00 3.147142499999999998e+01 1.147848273387985507e-01
1.282945000000000002e+00 3.137845899999999943e+01 1.124290401328340155e-01
1.287687999999999944e+00 3.128967399999999799e+01 1.106887740846319995e-01
1.292431000000000108e+00 3.134290099999999413e+01 1.095033715410890923e-01
1.297174000000000049e+00 3.127923000000000187e+01 1.083026844393522037e-01
1.301916000000000073e+00 3.107848799999999301e+01 1.069978756693444610e-01
1.306659000000000015e+00 3.099030399999999830e+01 1.059876507831789827e-01
1.311401999999999957e+00 3.092550299999999908e+01 1.050951291343095589e-01
1.316144999999999898e+00 3.096417100000000033e+01 1.044387916005623806e-01
1.320888000000000062e+00 3.083775500000000491e+01 1.037064541420518460e-01
1.325631000000000004e+00 3.076273900000000339e+01 1.033135161717923384e-01
1.330373999999999945e+00 3.063576799999999523e+01 1.028485592976761120e-01
1.335117000000000109e+00 3.052255000000000607e+01 1.024184183525878311e-01
1.339858999999999911e+00 3.029295900000000330e+01 1.018009219913881686e-01
1.344602000000000075e+00 3.046138800000000657e+01 1.018598100938319095e-01
1.349345000000000017e+00 3.020993800000000107e+01 1.012233939743100997e-01
1.354087999999999958e+00 3.026916900000000510e+01 1.011135529877736083e-01
1.358830999999999900e+00 3.028175499999999687e+01 1.009299254261712964e-01
1.363574000000000064e+00 3.018916499999999559e+01 1.005765002545664089e-01
1.368317000000000005e+00 3.007800399999999996e+01 1.001975970898204837e-01
1.373059000000000029e+00 3.006924500000000222e+01 9.999407847150749984e-02
1.377801999999999971e+00 3.006154400000000493e+01 9.979479004078620208e-02
1.382544999999999913e+00 2.985042099999999365e+01 9.926151218992586289e-02
1.387288000000000077e+00 2.996968700000000041e+01 9.928112174823772174e-02
1.392031000000000018e+00 2.977027500000000515e+01 9.877535847684178194e-02
1.396773999999999960e+00 2.966436699999999860e+01 9.842675707920992001e-02
1.401516999999999902e+00 2.981666200000000089e+01 9.850864181316074109e-02
1.406260000000000066e+00 2.967218300000000042e+01 9.810268986178667661e-02
1.411002000000000089e+00 2.976480600000000010e+01 9.809098035686512895e-02
1.415745000000000031e+00 2.974688099999999480e+01 9.789760891195657677e-02
1.420487999999999973e+00 2.942763000000000062e+01 9.721056325426677414e-02
1.425230999999999915e+00 2.949351599999999252e+01 9.716098908932586931e-02
1.429974000000000078e+00 2.930199700000000718e+01 9.668931215262624446e-02
1.434717000000000020e+00 2.938877799999999496e+01 9.667726596347819834e-02
1.439459999999999962e+00 2.916472099999999656e+01 9.615540148797725728e-02
1.444201999999999986e+00 2.917199400000000153e+01 9.601654034534465310e-02
1.448944999999999927e+00 2.904607199999999878e+01 9.566037324731750668e-02
1.453688000000000091e+00 2.911413699999999238e+01 9.562416584761145033e-02
1.458431000000000033e+00 2.907138699999999787e+01 9.540716903255908043e-02
1.463173999999999975e+00 2.890213200000000171e+01 9.500966189042038545e-02
1.467916999999999916e+00 2.885635999999999513e+01 9.479332100508505721e-02
1.472660000000000080e+00 2.894524999999999793e+01 9.476980136243032260e-02
1.477402000000000104e+00 2.887997200000000220e+01 9.452157618342438283e-02
1.482145000000000046e+00 2.880292999999999637e+01 9.425593808154847375e-02
1.486887999999999987e+00 2.891904999999999859e+01 9.430751741504225794e-02
1.491630999999999929e+00 2.867424300000000059e+01 9.376998593068838761e-02
1.496374000000000093e+00 2.866102200000000266e+01 9.361165690620212865e-02
1.501117000000000035e+00 2.863440699999999950e+01 9.348062923900544996e-02
1.505859999999999976e+00 2.881808300000000145e+01 9.545721216448707636e-02
1.510602999999999918e+00 2.878133900000000267e+01 9.807963726533149018e-02
1.515344999999999942e+00 2.850030000000000285e+01 9.921687665127440492e-02
1.520088000000000106e+00 2.838064600000000226e+01 1.003129167740954425e-01
1.524831000000000047e+00 2.834504600000000352e+01 1.013875627198750629e-01
1.529573999999999989e+00 2.845831499999999892e+01 1.023895880073335263e-01
1.534316999999999931e+00 2.859836100000000059e+01 9.978815952822359114e-02
1.539060000000000095e+00 2.848684099999999830e+01 9.804776737712592172e-02
1.543803000000000036e+00 2.843412099999999754e+01 9.692379795118895303e-02
1.548545000000000060e+00 2.832582100000000125e+01 9.572885766207439584e-02
1.553288000000000002e+00 2.834842299999999682e+01 9.491715123278035571e-02
1.558030999999999944e+00 2.821500699999999640e+01 9.389596621143689315e-02
1.562774000000000107e+00 2.820287200000000283e+01 9.293609204547714775e-02
1.567517000000000049e+00 2.802874499999999713e+01 9.179616327077563809e-02
1.572259999999999991e+00 2.787930899999999923e+01 9.101445125266316438e-02
1.577002999999999933e+00 2.800809400000000693e+01 9.086595511988360130e-02
1.581746000000000096e+00 2.804077799999999954e+01 9.074340522893055427e-02
1.586487999999999898e+00 2.787009499999999917e+01 9.049054087478315689e-02
1.591231000000000062e+00 2.786997600000000119e+01 9.060623515993863897e-02
1.595974000000000004e+00 2.782243700000000075e+01 9.064055852186922446e-02
1.600716999999999945e+00 2.768013599999999741e+01 9.048721955199751088e-02
1.605460000000000109e+00 2.784091600000000000e+01 9.063171619526301515e-02
1.610203000000000051e+00 2.774278199999999828e+01 9.032069329111297451e-02
1.614945999999999993e+00 2.781087199999999626e+01 9.028379515585008286e-02
1.619688000000000017e+00 2.773862600000000000e+01 9.002204448658450431e-02
1.624430999999999958e+00 2.771297999999999817e+01 8.983834542022131608e-02
1.629173999999999900e+00 2.747352099999999808e+01 8.930981980242373719e-02
1.633917000000000064e+00 2.753533800000000298e+01 8.927338639598701719e-02
1.638660000000000005e+00 2.744070400000000021e+01 8.898521242577892010e-02
1.643402999999999947e+00 2.750823700000000116e+01 8.896156459446180609e-02
1.648146000000000111e+00 2.748718900000000076e+01 8.879568225244682811e-02
1.652889000000000053e+00 2.748891400000000118e+01 8.866867662856652010e-02
1.657631000000000077e+00 2.729384100000000402e+01 8.822610989790664882e-02
1.662374000000000018e+00 2.736333200000000332e+01 8.821158059692388309e-02
1.667116999999999960e+00 2.731663999999999959e+01 8.801093405608305387e-02
1.671859999999999902e+00 2.732943600000000473e+01 8.790776848412318323e-02
1.676603000000000065e+00 2.727370199999999656e+01 8.769586428307152293e-02
1.681346000000000007e+00 2.719623299999999944e+01 8.744985771349830794e-02
1.686088999999999949e+00 2.726775200000000154e+01 8.744394593784066139e-02
1.690830999999999973e+00 2.720811300000000443e+01 8.722941147710845666e-02
1.695573999999999915e+00 2.724179099999999920e+01 8.716532939286927850e-02
1.700317000000000078e+00 2.710418100000000052e+01 8.682763929162246042e-02
1.705060000000000020e+00 2.724265500000000273e+01 8.693253399892184041e-02
1.709802999999999962e+00 2.708148600000000172e+01 8.655984587990091239e-02
1.714545999999999903e+00 2.713225999999999516e+01 8.652684238967350838e-02
1.719289000000000067e+00 2.711651200000000017e+01 8.638800899885526463e-02
1.724031000000000091e+00 2.707028400000000445e+01 8.620121683072982932e-02
1.728774000000000033e+00 2.698467299999999724e+01 8.595306318141082702e-02
1.733516999999999975e+00 2.684726800000000324e+01 8.562369805759442731e-02
1.738259999999999916e+00 2.679630799999999979e+01 8.543224281042667567e-02
1.743003000000000080e+00 2.698859299999999806e+01 8.562810167307284559e-02
1.747746000000000022e+00 2.688501199999999969e+01 8.535512726065200284e-02
1.752488999999999963e+00 2.692709599999999881e+01 8.531400698808901117e-02
1.757231999999999905e+00 2.683843399999999946e+01 8.506597280195883626e-02
1.761973999999999929e+00 2.673586199999999735e+01 8.479632160749543679e-02
1.766717000000000093e+00 2.673771699999999640e+01 8.469351767451213653e-02
1.771460000000000035e+00 2.673531600000000097e+01 8.458464355728112505e-02
1.776202999999999976e+00 2.669579999999999842e+01 8.445526988725569895e-02
1.780945999999999918e+00 2.672242699999999971e+01 8.439559370321889076e-02
1.785689000000000082e+00 2.674951800000000190e+01 8.429420063398666840e-02
1.790432000000000023e+00 2.675232799999999855e+01 8.419579851275715843e-02
1.795174000000000047e+00 2.668838000000000221e+01 8.399266417466766388e-02
1.799916999999999989e+00 2.669911900000000315e+01 8.390717840281960993e-02
1.804659999999999931e+00 2.661258299999999366e+01 8.367012684869493122e-02
1.809403000000000095e+00 2.663173400000000157e+01 8.359969359752462970e-02
1.814146000000000036e+00 2.665754600000000352e+01 8.353988391018986326e-02
1.818888999999999978e+00 2.649780499999999961e+01 8.318929774404036637e-02
1.823631999999999920e+00 2.646177599999999686e+01 8.303379837428372101e-02
1.828375000000000083e+00 2.636232999999999649e+01 8.277956647162390547e-02
1.833117000000000107e+00 2.650696100000000044e+01 8.290810487325168954e-02
1.837860000000000049e+00 2.644728800000000390e+01 8.271690479105586746e-02
1.842602999999999991e+00 2.643489900000000148e+01 8.260037568514141948e-02
1.847345999999999933e+00 2.640794000000000352e+01 8.246199891119242176e-02
1.852089000000000096e+00 2.635825399999999874e+01 8.235611598077460793e-02
1.856832000000000038e+00 2.631159199999999743e+01 8.212543830099233721e-02
1.861574999999999980e+00 2.650465499999999608e+01 8.232482954585694512e-02
1.866317000000000004e+00 2.632143900000000514e+01 8.194523320027957691e-02
1.871059999999999945e+00 2.621867899999999807e+01 8.169114329060157831e-02
1.875803000000000109e+00 2.625300299999999609e+01 8.165037418165149719e-02
1.880546000000000051e+00 2.614584200000000536e+01 8.139039796129392268e-02
1.885288999999999993e+00 2.621220699999999937e+01 8.140096243013100752e-02
1.890031999999999934e+00 2.627556200000000075e+01 8.140658383192909964e-02
1.894775000000000098e+00 2.620240499999999884e+01 8.120056082363162619e-02
1.899516999999999900e+00 2.610763000000000034e+01 8.096219897964358758e-02
1.904260000000000064e+00 2.612876199999999471e+01 8.090368775390402445e-02
1.909003000000000005e+00 2.599365700000000245e+01 8.060385144992390782e-02
1.913745999999999947e+00 2.618576500000000351e+01 8.081014549634904509e-02
1.918489000000000111e+00 2.613154300000000063e+01 8.063644743811572424e-02
1.923232000000000053e+00 2.610501000000000005e+01 8.050590242261369822e-02
1.927974999999999994e+00 2.616040700000000285e+01 8.049961335527457129e-02
1.932717999999999936e+00 2.615240900000000579e+01 8.033466020336117730e-02
1.937459999999999960e+00 2.606850299999999976e+01 8.001862910210408297e-02
1.942202999999999902e+00 2.606633100000000169e+01 7.979720025700400010e-02
1.946946000000000065e+00 2.594696099999999817e+01 7.942082382644743976e-02
1.951689000000000007e+00 2.597751899999999381e+01 7.931092270959341772e-02
1.956431999999999949e+00 2.578005900000000494e+01 7.892368126551560503e-02
1.961174999999999891e+00 2.600368000000000279e+01 7.918187324902586921e-02
1.965918000000000054e+00 2.595096099999999950e+01 7.901947788104461690e-02
1.970660000000000078e+00 2.588770000000000593e+01 7.888586006432521391e-02
1.975403000000000020e+00 2.582033599999999751e+01 7.876199334060814128e-02
1.980145999999999962e+00 2.571387500000000159e+01 7.862106999103229965e-02
1.984888999999999903e+00 2.585786100000000332e+01 7.886180725214646248e-02
1.989632000000000067e+00 2.585335299999999847e+01 7.887571330129256042e-02
1.994375000000000009e+00 2.593005699999999791e+01 7.896372992831582338e-02
1.999117999999999951e+00 2.581002700000000161e+01 7.866757163510323947e-02
2.003861000000000114e+00 2.579705799999999982e+01 7.856423304802637175e-02
2.008602999999999916e+00 2.583251400000000331e+01 7.853425147275995555e-02
2.013345999999999858e+00 2.596469000000000094e+01 7.934985005474427811e-02
2.018088999999999800e+00 2.581321499999999602e+01 8.142675993653007704e-02
2.022832000000000185e+00 2.578469299999999720e+01 8.272871476813356550e-02
2.027575000000000127e+00 2.586130700000000004e+01 8.389932330171025188e-02
2.032318000000000069e+00 2.574796700000000627e+01 8.461296010647720300e-02
2.037061000000000011e+00 2.555660199999999804e+01 8.510033555021390139e-02
2.041802999999999813e+00 2.565994600000000148e+01 8.599485769125965462e-02
2.046546000000000198e+00 2.572810000000000130e+01 8.650255389947801576e-02
2.051289000000000140e+00 2.566454600000000141e+01 8.666110954440867098e-02
2.056032000000000082e+00 2.560064600000000112e+01 8.679855991515124380e-02
2.060775000000000023e+00 2.564831500000000375e+01 8.710896678724987241e-02
2.065517999999999965e+00 2.547515200000000135e+01 8.702888123094769390e-02
2.070260999999999907e+00 2.568678200000000089e+01 8.759353893892687926e-02
2.075003000000000153e+00 2.561097399999999880e+01 8.765741350013527000e-02
2.079746000000000095e+00 2.568485000000000085e+01 8.567411332645469280e-02
2.084489000000000036e+00 2.570775999999999684e+01 8.353498797003325316e-02
2.089231999999999978e+00 2.543949699999999581e+01 8.190958768801001599e-02
2.093974999999999920e+00 2.558024000000000342e+01 8.123549349685271759e-02
2.098717999999999861e+00 2.558666000000000196e+01 8.050364662115187808e-02
2.103460999999999803e+00 2.550006700000000137e+01 7.972906108066869779e-02
2.108204000000000189e+00 2.552336200000000233e+01 7.932206162738585087e-02
2.112945999999999991e+00 2.538025399999999721e+01 7.888907856008839370e-02
2.117688999999999933e+00 2.545930800000000360e+01 7.882073643761963733e-02
2.122431999999999874e+00 2.534358300000000241e+01 7.846334540072388841e-02
2.127174999999999816e+00 2.549385599999999741e+01 7.852885072237655861e-02
2.131918000000000202e+00 2.556377399999999511e+01 7.847828545194587835e-02
2.136661000000000143e+00 2.550452399999999997e+01 7.823714772382042715e-02
2.141404000000000085e+00 2.550720300000000407e+01 7.809718822510898495e-02
2.146145999999999887e+00 2.547855499999999296e+01 7.791554692209765043e-02
2.150888999999999829e+00 2.539826199999999545e+01 7.765984744547080321e-02
2.155632000000000215e+00 2.547798999999999836e+01 7.765347909136009752e-02
2.160375000000000156e+00 2.541573600000000255e+01 7.743380831139071163e-02
2.165118000000000098e+00 2.547410699999999650e+01 7.740158886928161230e-02
2.169861000000000040e+00 2.529152399999999901e+01 7.700627922696628991e-02
2.174603999999999981e+00 2.531724799999999931e+01 7.693076981730846697e-02
2.179346999999999923e+00 2.534300800000000464e+01 7.685726936829008482e-02
2.184089000000000169e+00 2.523289399999999816e+01 7.658050102309658935e-02
2.188832000000000111e+00 2.512974499999999978e+01 7.631666585569432670e-02
2.193575000000000053e+00 2.528966299999999734e+01 7.645363590450619806e-02
2.198317999999999994e+00 2.528499600000000314e+01 7.634249522234978769e-02
2.203060999999999936e+00 2.528234199999999987e+01 7.623637360433273280e-02
2.207803999999999878e+00 2.518060799999999944e+01 7.598284421300245672e-02
2.212546999999999819e+00 2.540303000000000111e+01 7.621862959238247248e-02
2.217289000000000065e+00 2.525837800000000044e+01 7.590348842580951771e-02
2.222032000000000007e+00 2.520782799999999924e+01 7.573121695160259237e-02
2.226774999999999949e+00 2.530600100000000197e+01 7.578362566888377505e-02
2.231517999999999891e+00 2.526006500000000443e+01 7.562117132294896016e-02
2.236260999999999832e+00 2.520282299999999864e+01 7.544248313470666711e-02
2.241004000000000218e+00 2.515380899999999897e+01 7.527759105710277177e-02
2.245747000000000160e+00 2.512063700000000210e+01 7.513763435364065324e-02
2.250490000000000101e+00 2.520934999999999704e+01 7.518058170991562261e-02
2.255231999999999903e+00 2.521896699999999569e+01 7.510579567776244636e-02
2.259974999999999845e+00 2.523690300000000164e+01 7.504446772094794382e-02
2.264717999999999787e+00 2.519804500000000047e+01 7.489989539915994921e-02
2.269461000000000173e+00 2.510479899999999986e+01 7.467501591739703071e-02
2.274204000000000114e+00 2.510801799999999773e+01 7.459400342297964337e-02
2.278947000000000056e+00 2.520176400000000072e+01 7.464829927808268317e-02
2.283689999999999998e+00 2.519895299999999949e+01 7.456005352539253617e-02
2.288431999999999800e+00 2.506494100000000103e+01 7.427842691747853221e-02
2.293175000000000185e+00 2.503895200000000187e+01 7.415704381103321863e-02
2.297918000000000127e+00 2.506932699999999770e+01 7.412000148412235812e-02
2.302661000000000069e+00 2.507183099999999953e+01 7.404225130732924876e-02
2.307404000000000011e+00 2.513447199999999881e+01 7.405400129188226266e-02
2.312146999999999952e+00 2.505538499999999402e+01 7.385684448329957186e-02
2.316889999999999894e+00 2.521043299999999832e+01 7.400481010656266567e-02
2.321632000000000140e+00 2.510476799999999642e+01 7.377071369611723495e-02
2.326375000000000082e+00 2.517494899999999802e+01 7.379481492875905602e-02
2.331118000000000023e+00 2.495395599999999803e+01 7.339171778027954451e-02
2.335860999999999965e+00 2.505432199999999909e+01 7.346153498483679045e-02
2.340603999999999907e+00 2.509440700000000035e+01 7.344284896164091081e-02
2.345346999999999849e+00 2.510534900000000036e+01 7.338225671130113592e-02
2.350089999999999790e+00 2.514238399999999984e+01 7.335977858903065807e-02
2.354833000000000176e+00 2.509729600000000005e+01 7.321770538700730913e-02
2.359574999999999978e+00 2.506563600000000136e+01 7.309615408295636052e-02
2.364317999999999920e+00 2.509394499999999795e+01 7.306215626456216694e-02
2.369060999999999861e+00 2.514715299999999942e+01 7.306463557091556760e-02
2.373803999999999803e+00 2.500825799999999788e+01 7.278842907823536434e-02
2.378547000000000189e+00 2.510950600000000321e+01 7.286144831678958989e-02
2.383290000000000131e+00 2.504412299999999547e+01 7.269321167332407074e-02
2.388033000000000072e+00 2.496194200000000052e+01 7.250058164413165918e-02
2.392774999999999874e+00 2.491535999999999973e+01 7.236019110250194175e-02
2.397517999999999816e+00 2.491406399999999977e+01 7.228611557041780822e-02
2.402261000000000202e+00 2.496810499999999777e+01 7.229286890387184861e-02
2.407004000000000143e+00 2.501538699999999693e+01 7.228908675130570061e-02
2.411747000000000085e+00 2.484737400000000207e+01 7.197483587378369907e-02
2.416490000000000027e+00 2.503128899999999746e+01 7.216971317504179695e-02
2.421232999999999969e+00 2.492047900000000027e+01 7.193923699865253929e-02
2.425975999999999910e+00 2.502200099999999949e+01 7.201487958075469820e-02
2.430718000000000156e+00 2.493961399999999884e+01 7.182610071301240295e-02
2.435461000000000098e+00 2.490371200000000229e+01 7.170519749213929983e-02
2.440204000000000040e+00 2.497218699999999814e+01 7.175959737485920753e-02
2.444946999999999981e+00 2.492137100000000416e+01 7.159198979084252512e-02
2.449689999999999923e+00 2.494443299999999653e+01 7.155594301558186598e-02
2.454432999999999865e+00 2.494799300000000031e+01 7.149264894208424981e-02
2.459175999999999807e+00 2.496219699999999619e+01 7.144500889800139976e-02
2.463918000000000053e+00 2.482595699999999539e+01 7.118141734990811320e-02
2.468660999999999994e+00 2.488848299999999725e+01 7.120358223115041962e-02
2.473403999999999936e+00 2.496535899999999941e+01 7.124576185305411813e-02
2.478146999999999878e+00 2.495462600000000108e+01 7.116331984576745873e-02
2.482889999999999819e+00 2.479598600000000275e+01 7.087001707805352935e-02
2.487633000000000205e+00 2.483980700000000041e+01 7.086597686625226156e-02
2.492376000000000147e+00 2.495021099999999947e+01 7.095696266409166897e-02
2.497117999999999949e+00 2.473338399999999737e+01 7.058209137822427093e-02
2.501860999999999891e+00 2.476663299999999879e+01 7.056377680401963726e-02
2.506603999999999832e+00 2.482802099999999967e+01 7.058562618601325889e-02
2.511347000000000218e+00 2.484399899999999661e+01 7.054154562482807533e-02
2.516090000000000160e+00 2.477736499999999964e+01 7.032770092473661361e-02
2.520833000000000101e+00 2.489982900000000399e+01 7.035690886073875383e-02
2.525576000000000043e+00 2.493098200000000020e+01 7.025768490061994054e-02
2.530318999999999985e+00 2.486266400000000232e+01 7.004645638586508294e-02
2.535060999999999787e+00 2.484195700000000073e+01 6.995336371366354944e-02
2.539804000000000173e+00 2.482332800000000006e+01 6.986375570242268906e-02
2.544547000000000114e+00 2.478402200000000022e+01 6.974605906509771802e-02
2.549290000000000056e+00 2.472350600000000043e+01 6.959833917160739014e-02
2.554032999999999998e+00 2.482610899999999887e+01 6.968057228047068452e-02
2.558775999999999939e+00 2.469161100000000175e+01 6.942947246544438344e-02
2.563518999999999881e+00 2.479755000000000109e+01 6.951881556677874663e-02
2.568261000000000127e+00 2.476130400000000265e+01 6.946213412080066985e-02
2.573004000000000069e+00 2.480081299999999800e+01 6.953366259618790068e-02
2.577747000000000011e+00 2.484625700000000137e+01 6.961256859873510283e-02
2.582489999999999952e+00 2.488744799999999913e+01 6.965123209643243885e-02
2.587232999999999894e+00 2.471905299999999883e+01 6.935401736748708634e-02
2.591975999999999836e+00 2.478252899999999670e+01 6.938138153656930873e-02
2.596719000000000221e+00 2.470295899999999989e+01 6.920866588286470056e-02
2.601462000000000163e+00 2.476675499999999985e+01 6.923682151745486069e-02
2.606203999999999965e+00 2.472397800000000245e+01 6.911625701172988134e-02
2.610946999999999907e+00 2.474650200000000311e+01 6.908705573157029878e-02
2.615689999999999849e+00 2.475047599999999903e+01 6.903214756971928767e-02
2.620432999999999790e+00 2.470227999999999824e+01 6.890464780226512875e-02
2.625176000000000176e+00 2.463927100000000081e+01 6.875675211913663543e-02
2.629919000000000118e+00 2.473917900000000003e+01 6.883610399078379793e-02
2.634662000000000059e+00 2.477730900000000247e+01 6.884408828695968985e-02
2.639403999999999861e+00 2.471085599999999971e+01 6.870416137484613994e-02
2.644146999999999803e+00 2.474084200000000422e+01 6.866370685054733192e-02
2.648890000000000189e+00 2.477327700000000021e+01 6.864561414930454852e-02
2.653633000000000131e+00 2.474688900000000302e+01 6.856031935328774085e-02
2.658376000000000072e+00 2.461816999999999922e+01 6.832474039586466930e-02
2.663119000000000014e+00 2.453607399999999927e+01 6.814053876657125142e-02
2.667861999999999956e+00 2.467478100000000296e+01 6.827419430559177049e-02
2.672604999999999897e+00 2.463124700000000189e+01 6.815560313883592403e-02
2.677347000000000143e+00 2.458432399999999873e+01 6.803292382706919994e-02
2.682090000000000085e+00 2.475316400000000527e+01 6.820815942299059131e-02
2.686833000000000027e+00 2.467478399999999539e+01 6.804253714968012956e-02
2.691575999999999969e+00 2.468188100000000063e+01 6.799441006689889433e-02
2.696318999999999910e+00 2.467646799999999985e+01 6.792969570907041177e-02
2.701061999999999852e+00 2.467072000000000287e+01 6.786461343447998396e-02
2.705804999999999794e+00 2.462925200000000103e+01 6.775066371405966126e-02
2.710547000000000040e+00 2.475194399999999817e+01 6.786202613723671395e-02
2.715289999999999981e+00 2.471120199999999656e+01 6.774953850333004235e-02
2.720032999999999923e+00 2.468967999999999918e+01 6.766348606983607628e-02
2.724775999999999865e+00 2.469712000000000174e+01 6.761731288924457961e-02
2.729518999999999807e+00 2.467966099999999940e+01 6.753700965285848457e-02
2.734262000000000192e+00 2.470240500000000239e+01 6.751192117519763669e-02
2.739005000000000134e+00 2.465917899999999818e+01 6.739710853482069886e-02
2.743746999999999936e+00 2.465517799999999937e+01 6.733572680909369335e-02
2.748489999999999878e+00 2.466665400000000119e+01 6.729592942572083791e-02
2.753232999999999819e+00 2.465624700000000047e+01 6.722632290436313107e-02
2.757976000000000205e+00 2.464305300000000187e+01 6.715302497113663505e-02
2.762719000000000147e+00 2.467278199999999799e+01 6.713832645327778847e-02
2.767462000000000089e+00 2.464540400000000275e+01 6.704600227864074280e-02
2.772205000000000030e+00 2.470754600000000067e+01 6.707568238352108747e-02
2.776947999999999972e+00 2.470704500000000081e+01 6.702033226942104294e-02
2.781690000000000218e+00 2.453684599999999705e+01 6.673465048637626518e-02
2.786433000000000160e+00 2.458392699999999920e+01 6.674413837704701313e-02
2.791176000000000101e+00 2.463871800000000079e+01 6.676427125541176122e-02
2.795919000000000043e+00 2.464034900000000050e+01 6.671260911132917415e-02
2.800661999999999985e+00 2.465946399999999983e+01 6.669970853551535073e-02
2.805404999999999927e+00 2.471923699999999968e+01 6.671691358689862961e-02
2.810147999999999868e+00 2.444903000000000404e+01 6.632947567203964501e-02
2.814890000000000114e+00 2.476108299999999929e+01 6.670637112986585460e-02
2.819633000000000056e+00 2.482226500000000158e+01 6.802643042621668579e-02
2.824375999999999998e+00 2.465948999999999813e+01 6.922624792003896632e-02
2.829118999999999939e+00 2.474052000000000007e+01 7.023599194459846651e-02
2.833861999999999881e+00 2.474712200000000095e+01 7.097889189842639113e-02
2.838604999999999823e+00 2.463078200000000351e+01 7.143127213036529199e-02
2.843348000000000209e+00 2.465994100000000344e+01 7.177499979820758935e-02
2.848091000000000150e+00 2.465224699999999558e+01 7.198146165618965475e-02
2.852832999999999952e+00 2.457717599999999791e+01 7.208160907757608926e-02
2.857575999999999894e+00 2.445364099999999752e+01 7.209343905033245570e-02
2.862318999999999836e+00 2.452535999999999916e+01 7.237904352837981614e-02
2.867062000000000221e+00 2.464373600000000408e+01 7.272343457634547481e-02
2.871805000000000163e+00 2.461751000000000289e+01 7.284527334503523854e-02
2.876548000000000105e+00 2.451742399999999833e+01 7.284880935241083710e-02
2.881291000000000047e+00 2.470555800000000346e+01 7.293012363663453623e-02
2.886032999999999848e+00 2.481038899999999714e+01 7.100098645303387634e-02
2.890775999999999790e+00 2.470848099999999903e+01 6.974116715812403444e-02
2.895519000000000176e+00 2.471984799999999538e+01 6.900368704947655585e-02
2.900262000000000118e+00 2.468049599999999799e+01 6.835245418743791934e-02
2.905005000000000059e+00 2.464555100000000110e+01 6.793606536372856497e-02
2.909748000000000001e+00 2.469998600000000266e+01 6.783278423737004736e-02
2.914490999999999943e+00 2.467147399999999990e+01 6.763510167531945616e-02
2.919233000000000189e+00 2.467564200000000341e+01 6.749675080553804718e-02
2.923976000000000131e+00 2.463724599999999754e+01 6.731168139902464487e-02
2.928719000000000072e+00 2.465534200000000098e+01 6.721331056117382796e-02
2.933462000000000014e+00 2.456698399999999793e+01 6.697700053794884700e-02
2.938204999999999956e+00 2.463709700000000069e+01 6.696280176003763240e-02
2.942947999999999897e+00 2.456219700000000472e+01 6.675735833565914212e-02
2.947690999999999839e+00 2.458033100000000104e+01 6.668259877986684736e-02
2.952433999999999781e+00 2.469771099999999819e+01 6.675355608693442355e-02
2.957176000000000027e+00 2.467124199999999945e+01 6.663191378910034157e-02
2.961918999999999969e+00 2.465709199999999868e+01 6.651025653045776476e-02
2.966661999999999910e+00 2.461418100000000209e+01 6.636651465776471914e-02
2.971404999999999852e+00 2.454420200000000207e+01 6.618851918663008760e-02
2.976147999999999794e+00 2.463815900000000170e+01 6.623342518219557662e-02
2.980891000000000179e+00 2.459335199999999944e+01 6.609386283878557200e-02
2.985634000000000121e+00 2.459259899999999988e+01 6.601534894309352142e-02
2.990375999999999923e+00 2.455028099999999824e+01 6.589979227552693331e-02
2.995118999999999865e+00 2.455227800000000116e+01 6.581397851323607384e-02
2.999861999999999806e+00 2.454585599999999701e+01 6.572929133556819348e-02
3.004605000000000192e+00 2.457776499999999587e+01 6.570044805410463207e-02
3.009348000000000134e+00 2.470124399999999909e+01 6.579478007100639236e-02
3.014091000000000076e+00 2.454593500000000006e+01 6.553815267381588039e-02
3.018834000000000017e+00 2.464549099999999981e+01 6.558229001890983345e-02
3.023576999999999959e+00 2.468219400000000263e+01 6.556378929638066733e-02
3.028319000000000205e+00 2.450723099999999732e+01 6.526460396048763823e-02
3.033062000000000147e+00 2.452542600000000306e+01 6.522304540878860746e-02
3.037805000000000089e+00 2.443578900000000331e+01 6.503937659349680322e-02
3.042548000000000030e+00 2.449179499999999621e+01 6.505022371630092559e-02
3.047290999999999972e+00 2.461224699999999643e+01 6.514661166165666706e-02
3.052033999999999914e+00 2.460631799999999814e+01 6.507596969815894472e-02
3.056776999999999855e+00 2.463764100000000212e+01 6.505567240889374714e-02
3.061519000000000101e+00 2.467061999999999600e+01 6.503748696114802774e-02
3.066262000000000043e+00 2.469171000000000049e+01 6.500462330547882028e-02
3.071004999999999985e+00 2.445022399999999863e+01 6.463901020366803751e-02
3.075747999999999927e+00 2.459550699999999779e+01 6.477381548563586333e-02
3.080490999999999868e+00 2.458187699999999865e+01 6.468993764266356417e-02
3.085233999999999810e+00 2.454470400000000296e+01 6.457323616005627986e-02
3.089977000000000196e+00 2.461419399999999769e+01 6.462464899313419275e-02
3.094720000000000137e+00 2.464091900000000024e+01 6.458450971431539678e-02
3.099461999999999939e+00 2.464224499999999907e+01 6.452801318283787890e-02
3.104204999999999881e+00 2.462305299999999519e+01 6.444595991739823782e-02
3.108947999999999823e+00 2.458959700000000126e+01 6.434533678879612861e-02
3.113691000000000209e+00 2.462490299999999621e+01 6.433564868476185361e-02
3.118434000000000150e+00 2.456789600000000107e+01 6.420550136782827988e-02
3.123177000000000092e+00 2.455764300000000233e+01 6.413660046058802799e-02
3.127920000000000034e+00 2.455958399999999742e+01 6.408401239836034047e-02
3.132661999999999836e+00 2.450625399999999843e+01 6.395999332550153516e-02
3.137405000000000221e+00 2.462746399999999625e+01 6.406366012133554722e-02
3.142148000000000163e+00 2.463740299999999905e+01 6.402227424413631240e-02
3.146891000000000105e+00 2.459871700000000061e+01 6.392618867954354134e-02
3.151634000000000047e+00 2.469408299999999912e+01 6.399884473026992704e-02
3.156376999999999988e+00 2.460006399999999971e+01 6.381359066634159638e-02
3.161119999999999930e+00 2.460030900000000287e+01 6.376129961890361630e-02
3.165862000000000176e+00 2.454192399999999807e+01 6.367735499463919591e-02
3.170605000000000118e+00 2.459172300000000178e+01 6.367298202041270228e-02
3.175348000000000059e+00 2.456191700000000111e+01 6.355424702775260004e-02
3.180091000000000001e+00 2.453047799999999512e+01 6.346174884794224258e-02
3.184833999999999943e+00 2.458518900000000329e+01 6.348085296387642740e-02
3.189576999999999884e+00 2.446796200000000354e+01 6.327812725045044162e-02
3.194319999999999826e+00 2.450821699999999836e+01 6.326093918657625659e-02
3.199063000000000212e+00 2.446486900000000020e+01 6.308899850974732104e-02
3.203805000000000014e+00 2.459278000000000475e+01 6.313657516501826328e-02
3.208547999999999956e+00 2.455290800000000218e+01 6.300778039610029080e-02
3.213290999999999897e+00 2.454416900000000012e+01 6.294674844577835549e-02
3.218033999999999839e+00 2.450605499999999637e+01 6.284852407121824247e-02
3.222776999999999781e+00 2.448227600000000237e+01 6.276871681136472758e-02
3.227520000000000167e+00 2.449387800000000226e+01 6.273480837173490976e-02
3.232263000000000108e+00 2.450838900000000109e+01 6.270455809251510026e-02
3.237004999999999910e+00 2.458313599999999610e+01 6.275134270947912984e-02
3.241747999999999852e+00 2.469000400000000539e+01 6.283898299923065811e-02
3.246490999999999794e+00 2.448476400000000197e+01 6.252908050232706960e-02
3.251234000000000179e+00 2.451347000000000165e+01 6.253523482390387078e-02
3.255977000000000121e+00 2.460233800000000315e+01 6.266461705703944840e-02
3.260720000000000063e+00 2.457636199999999604e+01 6.264934762641746757e-02
3.265463000000000005e+00 2.461685199999999796e+01 6.267836512600978571e-02
3.270205999999999946e+00 2.449844800000000333e+01 6.247993484007725862e-02
3.274948000000000192e+00 2.449283900000000003e+01 6.242506159727918835e-02
3.279691000000000134e+00 2.461766800000000188e+01 6.253623873512621778e-02
3.284434000000000076e+00 2.459267700000000190e+01 6.245739982836221588e-02
3.289177000000000017e+00 2.463265200000000021e+01 6.246089523845299585e-02
3.293919999999999959e+00 2.461549099999999868e+01 6.239194706063515283e-02
3.298662999999999901e+00 2.458929900000000046e+01 6.231190967275999221e-02
3.303405999999999842e+00 2.448363099999999548e+01 6.213153246158910348e-02
3.308148000000000089e+00 2.456208300000000122e+01 6.218447369480826353e-02
3.312891000000000030e+00 2.454577600000000004e+01 6.211731977459748755e-02
3.317633999999999972e+00 2.455094300000000374e+01 6.207769377360679297e-02
3.322376999999999914e+00 2.458260100000000392e+01 6.207245924348172433e-02
3.327119999999999855e+00 2.445382200000000239e+01 6.187934898184611898e-02
3.331862999999999797e+00 2.451178300000000121e+01 6.189066028299181760e-02
3.336606000000000183e+00 2.451420800000000000e+01 6.184813100719131762e-02
3.341347999999999985e+00 2.453621299999999650e+01 6.183057345849381214e-02
3.346090999999999926e+00 2.460813999999999879e+01 6.187578187182688622e-02
3.350833999999999868e+00 2.457258399999999909e+01 6.178554436202209066e-02
3.355576999999999810e+00 2.457784700000000200e+01 6.174741369324224932e-02
3.360320000000000196e+00 2.453758399999999895e+01 6.165182975714021685e-02
3.365063000000000137e+00 2.454798200000000108e+01 6.162015149892200588e-02
3.369806000000000079e+00 2.457392000000000465e+01 6.160793515877723697e-02
3.374549000000000021e+00 2.464931599999999889e+01 6.165755707073140857e-02
3.379290999999999823e+00 2.462376500000000235e+01 6.226651614721671890e-02
3.384034000000000209e+00 2.452914699999999826e+01 6.360511510920721645e-02
3.388777000000000150e+00 2.456699200000000261e+01 6.449562342555190120e-02
3.393520000000000092e+00 2.454936799999999764e+01 6.513683234154774016e-02
3.398263000000000034e+00 2.444766299999999859e+01 6.539480098386415974e-02
3.403005999999999975e+00 2.441914799999999630e+01 6.553278130568547521e-02
3.407748999999999917e+00 2.443924200000000013e+01 6.552589393646987559e-02
3.412491000000000163e+00 2.455591199999999930e+01 6.571841734495895149e-02
3.417234000000000105e+00 2.462179200000000279e+01 6.598176865531645008e-02
3.421977000000000046e+00 2.448312599999999861e+01 6.595483898464842010e-02
3.426719999999999988e+00 2.444131800000000254e+01 6.603282470756495492e-02
3.431462999999999930e+00 2.453359999999999985e+01 6.629529073137246931e-02
3.436205999999999872e+00 2.449735199999999935e+01 6.638970046845896200e-02
3.440948999999999813e+00 2.448123299999999958e+01 6.648846177621271780e-02
3.445692000000000199e+00 2.451238499999999831e+01 6.666187619087614313e-02
3.450434000000000001e+00 2.449896000000000029e+01 6.673634692865874907e-02
3.455176999999999943e+00 2.459805899999999923e+01 6.698076700240673809e-02
3.459919999999999884e+00 2.450030299999999528e+01 6.695264938078253347e-02
3.464662999999999826e+00 2.451447299999999885e+01 6.707318266731346346e-02
3.469406000000000212e+00 2.454518300000000153e+01 6.721317691833275654e-02
3.474149000000000154e+00 2.451981199999999816e+01 6.727319592190786346e-02
3.478892000000000095e+00 2.456442799999999949e+01 6.742637623552447113e-02
3.483633999999999897e+00 2.445536799999999999e+01 6.736507139703631908e-02
3.488376999999999839e+00 2.445545700000000267e+01 6.745148319717142460e-02
3.493119999999999781e+00 2.456393399999999616e+01 6.768485113719686919e-02
3.497863000000000167e+00 2.450261599999999973e+01 6.768191315801733166e-02
3.502606000000000108e+00 2.458968700000000496e+01 6.788202436171154874e-02
3.507349000000000050e+00 2.453962399999999633e+01 6.789023532142085537e-02
3.512091999999999992e+00 2.455034099999999953e+01 6.798094406072704987e-02
3.516833999999999794e+00 2.448761900000000225e+01 6.796791940909255314e-02
3.521577000000000179e+00 2.440855799999999931e+01 6.792998551383548633e-02
3.526320000000000121e+00 2.448446299999999809e+01 6.810597419673256048e-02
3.531063000000000063e+00 2.448425100000000398e+01 6.817471246885679903e-02
3.535806000000000004e+00 2.444852100000000306e+01 6.819262017973132251e-02
3.540548999999999946e+00 2.449686499999999612e+01 6.832545658173824754e-02
3.545291999999999888e+00 2.454864500000000049e+01 6.846278346813106097e-02
3.550034999999999830e+00 2.458283600000000035e+01 6.857426908154617973e-02
3.554777000000000076e+00 2.449729200000000517e+01 6.851690265252800838e-02
3.559520000000000017e+00 2.449344599999999872e+01 6.857272626412705407e-02
3.564262999999999959e+00 2.454906499999999880e+01 6.871031556709734922e-02
3.569005999999999901e+00 2.452144500000000349e+01 6.874404569078981786e-02
3.573748999999999842e+00 2.454100800000000149e+01 6.884908580678322787e-02
3.578491999999999784e+00 2.442597400000000007e+01 6.871104764755592287e-02
3.583235000000000170e+00 2.444078900000000232e+01 6.878782770316417550e-02
3.587976999999999972e+00 2.447547799999999896e+01 6.886792399211552618e-02
3.592719999999999914e+00 2.436588599999999616e+01 6.866000003419750475e-02
3.597462999999999855e+00 2.448002699999999976e+01 6.875924348349826687e-02
3.602205999999999797e+00 2.443835399999999680e+01 6.864015516429797237e-02
3.606949000000000183e+00 2.450254999999999939e+01 6.866958676685989971e-02
3.611692000000000125e+00 2.444420900000000429e+01 6.857864385936121576e-02
3.616435000000000066e+00 2.448875000000000313e+01 6.870943812178280374e-02
3.621178000000000008e+00 2.462019200000000296e+01 6.972631868424936097e-02
3.625919999999999810e+00 2.460036900000000060e+01 7.219029475226430848e-02
3.630663000000000196e+00 2.459356899999999513e+01 7.358581736667943463e-02
3.635406000000000137e+00 2.450709199999999655e+01 7.450479008685213789e-02
3.640149000000000079e+00 2.442895199999999889e+01 7.515718338076540772e-02
3.644892000000000021e+00 2.446850700000000245e+01 7.573241357180952871e-02
3.649634999999999962e+00 2.449509899999999973e+01 7.626216494691519243e-02
3.654377999999999904e+00 2.451376700000000142e+01 7.671516572089639996e-02
3.659120000000000150e+00 2.442901200000000017e+01 7.700983301487804300e-02
3.663863000000000092e+00 2.452850799999999865e+01 7.757913418945780459e-02
3.668606000000000034e+00 2.449670799999999815e+01 7.792817887500388951e-02
3.673348999999999975e+00 2.454581400000000002e+01 7.839494492623488853e-02
3.678091999999999917e+00 2.442108199999999840e+01 7.857414413386949736e-02
3.682834999999999859e+00 2.438929200000000108e+01 7.889337002061326543e-02
3.687577999999999800e+00 2.446220199999999778e+01 7.937565895100398561e-02
3.692321000000000186e+00 2.436908700000000039e+01 7.958214920398355707e-02
3.697062999999999988e+00 2.434254299999999915e+01 7.989050994222780810e-02
3.701805999999999930e+00 2.440009199999999367e+01 8.033285669539456941e-02
3.706548999999999872e+00 2.447184100000000129e+01 8.079534549503764040e-02
3.711291999999999813e+00 2.452333099999999888e+01 8.122113044222481482e-02
3.716035000000000199e+00 2.462421899999999653e+01 8.172612687652829055e-02
3.720778000000000141e+00 2.454660499999999956e+01 8.193219018165082135e-02
3.725521000000000083e+00 2.438445300000000060e+01 8.199217651853377142e-02
3.730262999999999884e+00 2.441217499999999774e+01 8.236814909262316076e-02
3.735005999999999826e+00 2.443885600000000125e+01 8.273985131604781607e-02
3.739749000000000212e+00 2.442680099999999754e+01 8.304491137393969769e-02
3.744492000000000154e+00 2.437151300000000020e+01 8.327406404963372255e-02
3.749235000000000095e+00 2.443761800000000406e+01 8.370876352724546110e-02
3.753978000000000037e+00 2.446462000000000003e+01 8.407644703266485553e-02
3.758720999999999979e+00 2.447322499999999934e+01 8.441108065921144876e-02
3.763462999999999781e+00 2.451249100000000425e+01 8.479800684360216945e-02
3.768206000000000166e+00 2.442465600000000236e+01 8.496343663170882743e-02
3.772949000000000108e+00 2.428197899999999976e+01 8.503117881501112696e-02
3.777692000000000050e+00 2.434353100000000225e+01 8.545466100956283784e-02
3.782434999999999992e+00 2.443706000000000245e+01 8.593449514078964346e-02
3.787177999999999933e+00 2.444404799999999867e+01 8.626202801830999689e-02
3.791920999999999875e+00 2.437236700000000411e+01 8.645047594143655256e-02
3.796663999999999817e+00 2.446109299999999465e+01 8.692263139102093805e-02
3.801406000000000063e+00 2.445036199999999482e+01 8.721871813833025067e-02
3.806149000000000004e+00 2.438704500000000053e+01 8.742012318153011274e-02
3.810891999999999946e+00 2.435180599999999629e+01 8.767105440365993707e-02
3.815634999999999888e+00 2.444239400000000018e+01 8.814808354248718225e-02
3.820377999999999830e+00 2.442539400000000072e+01 8.843237035367479404e-02
3.825121000000000215e+00 2.438682899999999876e+01 8.867705604599365743e-02
3.829864000000000157e+00 2.441962600000000094e+01 8.905181873267439818e-02
3.834605999999999959e+00 2.454652000000000100e+01 8.959931905235553329e-02
3.839348999999999901e+00 2.455582099999999812e+01 8.993400743035584455e-02
3.844091999999999842e+00 2.448459700000000083e+01 9.011995525118618455e-02
3.848834999999999784e+00 2.457970500000000413e+01 9.061566961216974136e-02
3.853578000000000170e+00 2.443059000000000225e+01 9.070589166433953854e-02
3.858321000000000112e+00 2.444285900000000211e+01 9.099582032237304996e-02
3.863064000000000053e+00 2.439000300000000010e+01 9.121641274322456194e-02
3.867806999999999995e+00 2.447680599999999984e+01 9.169930360795550128e-02
3.872548999999999797e+00 2.447388799999999875e+01 9.201380755047364191e-02
3.877292000000000183e+00 2.439400200000000041e+01 9.218450120958401883e-02
3.882035000000000124e+00 2.450156899999999638e+01 9.271089869572293751e-02
3.886778000000000066e+00 2.441070799999999963e+01 9.286204131202480117e-02
3.891521000000000008e+00 2.444591600000000042e+01 9.325291351856572486e-02
3.896263999999999950e+00 2.448502100000000326e+01 9.365267458857275129e-02
3.901006999999999891e+00 2.457294900000000126e+01 9.414722265951397384e-02
3.905749000000000137e+00 2.452193999999999718e+01 9.437788447902771549e-02
3.910492000000000079e+00 2.453587099999999666e+01 9.473416349411019344e-02
3.915235000000000021e+00 2.454785199999999534e+01 9.508764523115975642e-02
3.919977999999999962e+00 2.453487700000000160e+01 9.535228758186455045e-02
3.924720999999999904e+00 2.443005500000000296e+01 9.523270761355785707e-02
3.929463999999999846e+00 2.435285400000000067e+01 9.515539534606116956e-02
3.934206999999999788e+00 2.441196899999999914e+01 9.539601587170869201e-02
3.938949000000000034e+00 2.441771500000000472e+01 9.551127181528837329e-02
3.943691999999999975e+00 2.446812500000000057e+01 9.571360489286881434e-02
3.948434999999999917e+00 2.442096199999999939e+01 9.572401602311354785e-02
3.953177999999999859e+00 2.439798900000000259e+01 9.580797193251247568e-02
3.957920999999999800e+00 2.454616699999999696e+01 9.626815774807526149e-02
3.962664000000000186e+00 2.445594700000000188e+01 9.609910927337464437e-02
3.967407000000000128e+00 2.436918299999999959e+01 9.617585571426021107e-02
3.972150000000000070e+00 2.448824699999999766e+01 9.673575876757105341e-02
3.976891999999999872e+00 2.445445400000000191e+01 9.699505785223491716e-02
3.981634999999999813e+00 2.447471499999999978e+01 9.736290314707599092e-02
3.986378000000000199e+00 2.449077400000000182e+01 9.772456654370742513e-02
3.991121000000000141e+00 2.447578399999999732e+01 9.802514785781249462e-02
3.995864000000000082e+00 2.447072600000000264e+01 9.834799130155887081e-02
4.000606999999999580e+00 2.439370799999999662e+01 9.852659838013336224e-02
4.005349999999999966e+00 2.442126200000000225e+01 9.891817791461234022e-02
4.010092000000000212e+00 2.462571700000000163e+01 9.967011681466064754e-02
4.014834999999999710e+00 2.443684499999999815e+01 9.962646697301576204e-02
4.019578000000000095e+00 2.429866900000000030e+01 9.968515363125543538e-02
4.024320999999999593e+00 2.423816700000000424e+01 9.990174981970437185e-02
4.029063999999999979e+00 2.427672400000000152e+01 1.003254254399267298e-01
4.033807000000000365e+00 2.451029600000000030e+01 1.011542520763956815e-01
4.038549999999999862e+00 2.444200299999999970e+01 1.013622530594767285e-01
4.043293000000000248e+00 2.442113800000000268e+01 1.016695631959535912e-01
4.048034999999999606e+00 2.449534099999999981e+01 1.021773622449106689e-01
4.052777999999999992e+00 2.457271699999999726e+01 1.026947696540578409e-01
4.057521000000000377e+00 2.445414099999999991e+01 1.028038962344842294e-01
4.062263999999999875e+00 2.459493300000000104e+01 1.034602271976144544e-01
4.067007000000000261e+00 2.463181800000000266e+01 1.039010970214881702e-01
4.071749999999999758e+00 2.450164099999999934e+01 1.039906773906252579e-01
4.076493000000000144e+00 2.453992500000000021e+01 1.044387106707240082e-01
4.081235000000000390e+00 2.431693899999999786e+01 1.043303432539450515e-01
4.085977999999999888e+00 2.457988100000000031e+01 1.052659340282823958e-01
4.090721000000000274e+00 2.442921600000000026e+01 1.053159450684235249e-01
4.095463999999999771e+00 2.440830599999999961e+01 1.056468650067932807e-01
4.100207000000000157e+00 2.450532600000000016e+01 1.062355957548471591e-01
4.104949999999999655e+00 2.452339699999999922e+01 1.066579303664110939e-01
4.109693000000000040e+00 2.457023900000000083e+01 1.071442024598004139e-01
4.114436000000000426e+00 2.443479199999999807e+01 1.072344660853123272e-01
4.119177999999999784e+00 2.431490000000000151e+01 1.073599253379113466e-01
4.123921000000000170e+00 2.430888399999999905e+01 1.077375018220559089e-01
4.128663999999999668e+00 2.453189099999999812e+01 1.086271394998934020e-01
4.133407000000000053e+00 2.459362500000000296e+01 1.091632030092059003e-01
4.138150000000000439e+00 2.453064200000000028e+01 1.094247762729597673e-01
4.142892999999999937e+00 2.454757399999999734e+01 1.098674596947535748e-01
4.147636000000000323e+00 2.465604299999999682e+01 1.105182388405194505e-01
4.152377999999999680e+00 2.456418700000000044e+01 1.107241002760257220e-01
4.157121000000000066e+00 2.456854799999999628e+01 1.111481928248831130e-01
4.161863999999999564e+00 2.438287499999999852e+01 1.111440355063522956e-01
4.166606999999999950e+00 2.433251200000000125e+01 1.114481189460952704e-01
4.171350000000000335e+00 2.444434199999999890e+01 1.121269033183294600e-01
4.176092999999999833e+00 2.449958699999999823e+01 1.126873697757286436e-01
4.180836000000000219e+00 2.433000300000000138e+01 1.128805602386619977e-01
4.185577999999999577e+00 2.440811699999999718e+01 1.133752172420114945e-01
4.190320999999999962e+00 2.450368800000000036e+01 1.139943955208360393e-01
4.195064000000000348e+00 2.449487799999999993e+01 1.144153211335160181e-01
4.199806999999999846e+00 2.428992200000000068e+01 1.143790354839404194e-01
4.204550000000000232e+00 2.434563599999999894e+01 1.149582279146721120e-01
4.209292999999999729e+00 2.425508200000000159e+01 1.151961125874401970e-01
4.214036000000000115e+00 2.451926599999999823e+01 1.162784160387773796e-01
4.218778999999999613e+00 2.451172899999999899e+01 1.167226603637344234e-01
4.223520999999999859e+00 2.455778300000000058e+01 1.172981095828001807e-01
4.228264000000000244e+00 2.455822799999999617e+01 1.177702449238652027e-01
4.233006999999999742e+00 2.446861499999999978e+01 1.180286171985561322e-01
4.237750000000000128e+00 2.453098800000000068e+01 1.186574626997948245e-01
4.242492999999999626e+00 2.440961199999999920e+01 1.188464231282561484e-01
4.247236000000000011e+00 2.441553499999999843e+01 1.193467821623729330e-01
4.251979000000000397e+00 2.430430100000000238e+01 1.195698861186641065e-01
4.256720999999999755e+00 2.461062300000000391e+01 1.210227528379093503e-01
4.261464000000000141e+00 2.452934099999999518e+01 1.211566321884369468e-01
4.266206999999999638e+00 2.455779100000000170e+01 1.216948489023980812e-01
4.270950000000000024e+00 2.451083699999999865e+01 1.220907489640312427e-01
4.275693000000000410e+00 2.446521400000000313e+01 1.224925705774223827e-01
4.280435999999999908e+00 2.456596000000000402e+01 1.232683987201237119e-01
4.285179000000000293e+00 2.467597500000000110e+01 1.240735187424226310e-01
4.289921999999999791e+00 2.447573799999999977e+01 1.241017360642791417e-01
4.294664000000000037e+00 2.440409000000000006e+01 1.244581482358897151e-01
4.299407000000000423e+00 2.440908500000000103e+01 1.250130841635610501e-01
4.304149999999999920e+00 2.457513200000000353e+01 1.259881105704498405e-01
4.308893000000000306e+00 2.461400799999999833e+01 1.266464282266318020e-01
4.313635999999999804e+00 2.459853900000000237e+01 1.271686746189477357e-01
4.318379000000000190e+00 2.458235499999999973e+01 1.276959678198971160e-01
4.323121999999999687e+00 2.452539800000000270e+01 1.282125169886337568e-01
4.327863999999999933e+00 2.478377499999999856e+01 1.294441372655664169e-01
4.332607000000000319e+00 2.444933499999999782e+01 1.290912126109232949e-01
4.337349999999999817e+00 2.460127300000000261e+01 1.300881801262524506e-01
4.342093000000000202e+00 2.467899200000000093e+01 1.308971482976592493e-01
4.346835999999999700e+00 2.459133399999999980e+01 1.312732484808233901e-01
4.351579000000000086e+00 2.464579699999999818e+01 1.320352916400762688e-01
4.356321999999999584e+00 2.463766100000000137e+01 1.326381906654493792e-01
4.361063999999999830e+00 2.432961399999999941e+01 1.324342956255988024e-01
4.365807000000000215e+00 2.476068500000000228e+01 1.342439708877083970e-01
4.370549999999999713e+00 2.463766900000000248e+01 1.345571023834182534e-01
4.375293000000000099e+00 2.462680800000000048e+01 1.351828091057757086e-01
4.380035999999999596e+00 2.479827300000000179e+01 1.363809547636039843e-01
4.384778999999999982e+00 2.464835700000000074e+01 1.366953373368847147e-01
4.389522000000000368e+00 2.455034700000000214e+01 1.369865686517032222e-01
4.394264999999999866e+00 2.477936400000000106e+01 1.382997398207115036e-01
4.399007000000000112e+00 2.452721399999999718e+01 1.378640980906523095e-01
4.403749999999999609e+00 2.451242599999999783e+01 1.379172797467017875e-01
4.408492999999999995e+00 2.468746900000000011e+01 1.385024959103333120e-01
4.413236000000000381e+00 2.466006400000000198e+01 1.385183117245023243e-01
4.417978999999999878e+00 2.465571899999999772e+01 1.385991915291730769e-01
4.422722000000000264e+00 2.468201699999999832e+01 1.387667838214156346e-01
4.427464999999999762e+00 2.469492399999999677e+01 1.388924397531060839e-01
4.432207000000000008e+00 2.443820600000000098e+01 1.382599079925930785e-01
4.436950000000000394e+00 2.468750500000000514e+01 1.391302785735847869e-01
4.441692999999999891e+00 2.444522900000000121e+01 1.390726484706144572e-01
4.446436000000000277e+00 2.453798400000000157e+01 1.400505371966987433e-01
4.451178999999999775e+00 2.442933200000000227e+01 1.404601625856612690e-01
4.455922000000000160e+00 2.468310999999999922e+01 1.419215666629776162e-01
4.460664999999999658e+00 2.454696099999999959e+01 1.422722609079851430e-01
4.465408000000000044e+00 2.455006999999999806e+01 1.430347338170729066e-01
4.470150000000000290e+00 2.454477299999999929e+01 1.437827604465006792e-01
4.474892999999999788e+00 2.471558799999999678e+01 1.450597368455358027e-01
4.479636000000000173e+00 2.459942099999999598e+01 1.455041005285765132e-01
4.484378999999999671e+00 2.443405500000000075e+01 1.458106633664029983e-01
4.489122000000000057e+00 2.450932599999999795e+01 1.468437557055379261e-01
4.493865000000000443e+00 2.462160399999999782e+01 1.480020701393659488e-01
4.498607999999999940e+00 2.446664900000000031e+01 1.483678554109130188e-01
4.503350000000000186e+00 2.467557000000000045e+01 1.498479827525829866e-01
4.508092999999999684e+00 2.455279600000000073e+01 1.503346370382148411e-01
4.512836000000000070e+00 2.447042000000000073e+01 1.509541352054431240e-01
4.517578999999999567e+00 2.444103399999999837e+01 1.517479009676424018e-01
4.522321999999999953e+00 2.461349000000000231e+01 1.531844930364872348e-01
4.527065000000000339e+00 2.466567099999999968e+01 1.542652300084798589e-01
4.531807999999999836e+00 2.466472399999999965e+01 1.551955671783563084e-01
4.536551000000000222e+00 2.463639799999999980e+01 1.560534092726826860e-01
4.541292999999999580e+00 2.444309799999999910e+01 1.564005734664636882e-01
4.546035999999999966e+00 2.437209400000000059e+01 1.571494605971999747e-01
4.550779000000000352e+00 2.435731599999999730e+01 1.580927695764300367e-01
4.555521999999999849e+00 2.466292800000000085e+01 1.600974877120880935e-01
4.560265000000000235e+00 2.477701199999999915e+01 1.615008734714642180e-01
4.565007999999999733e+00 2.457340400000000002e+01 1.618885159472465418e-01
4.569751000000000118e+00 2.456779000000000224e+01 1.629375954266457927e-01
4.574493000000000364e+00 2.456856300000000459e+01 1.640300810487948513e-01
4.579235999999999862e+00 2.454138499999999823e+01 1.650473855789845734e-01
4.583979000000000248e+00 2.445600800000000064e+01 1.658871933764487494e-01
4.588721999999999746e+00 2.475080999999999776e+01 1.680409573068973317e-01
4.593465000000000131e+00 2.469661099999999720e+01 1.690340893922480381e-01
4.598207999999999629e+00 2.475148699999999735e+01 1.704231980281897818e-01
4.602951000000000015e+00 2.478771399999999758e+01 1.717756213746770289e-01
4.607693000000000261e+00 2.498800599999999861e+01 1.737256618651145113e-01
4.612435999999999758e+00 2.463309600000000188e+01 1.737613519321514755e-01
4.617179000000000144e+00 2.474955600000000189e+01 1.754743707216774584e-01
4.621921999999999642e+00 2.473332599999999815e+01 1.767495924602181523e-01
4.626665000000000028e+00 2.459138499999999894e+01 1.775990709850949756e-01
4.631408000000000413e+00 2.464602500000000163e+01 1.791826660004769978e-01
4.636150999999999911e+00 2.471488800000000197e+01 1.808535352843347321e-01
4.640894000000000297e+00 2.461317899999999881e+01 1.819319647087215552e-01
4.645635999999999655e+00 2.440708400000000466e+01 1.826419830697046942e-01
4.650379000000000040e+00 2.481692699999999618e+01 1.856932644276356181e-01
4.655122000000000426e+00 2.476943400000000040e+01 1.870753235848349461e-01
4.659864999999999924e+00 2.472836300000000165e+01 1.885147039342971453e-01
4.664608000000000310e+00 2.489837400000000045e+01 1.908027901759229983e-01
4.669350999999999807e+00 2.459062700000000135e+01 1.912900416271262616e-01
4.674094000000000193e+00 2.465146000000000370e+01 1.932435468291968661e-01
4.678836000000000439e+00 2.461911800000000383e+01 1.948752301773865880e-01
4.683578999999999937e+00 2.479637500000000117e+01 1.973867116815083145e-01
4.688322000000000322e+00 2.438411799999999729e+01 1.975824762146311808e-01
4.693064999999999820e+00 2.439840799999999632e+01 1.995381599375816162e-01
4.697808000000000206e+00 2.473540800000000317e+01 2.028714487652954757e-01
4.702550999999999704e+00 2.476337099999999936e+01 2.050085967536044440e-01
4.707294000000000089e+00 2.463168699999999944e+01 2.065370445230276242e-01
4.712036999999999587e+00 2.444145900000000182e+01 2.078651230508699599e-01
4.716778999999999833e+00 2.461131100000000060e+01 2.107843032644527992e-01
4.721522000000000219e+00 2.459214300000000009e+01 2.129667208102559717e-01
4.726264999999999716e+00 2.484455499999999972e+01 2.164083217152625860e-01
4.731008000000000102e+00 2.464656599999999997e+01 2.179610591397637687e-01
4.735750999999999600e+00 2.473960200000000498e+01 2.208761529076452845e-01
4.740493999999999986e+00 2.466657500000000169e+01 2.231311096048829712e-01
4.745237000000000371e+00 2.473316899999999663e+01 2.261042665217639913e-01
4.749978999999999729e+00 2.465910100000000327e+01 2.285336344950670284e-01
4.754722000000000115e+00 2.506578200000000223e+01 2.333018400022106587e-01
4.759464999999999613e+00 2.522570999999999586e+01 2.370532259658313379e-01
4.764207999999999998e+00 2.470904000000000522e+01 2.377020883711131738e-01
4.768951000000000384e+00 2.468662400000000190e+01 2.408033468315756431e-01
4.773693999999999882e+00 2.456743600000000072e+01 2.435579928553202045e-01
4.778437000000000268e+00 2.486828299999999814e+01 2.485392020558794823e-01
4.783178999999999625e+00 2.477006599999999992e+01 2.516822385686037777e-01
4.787922000000000011e+00 2.496830199999999778e+01 2.564996336459640647e-01
4.792665000000000397e+00 2.465550099999999745e+01 2.588464794546738723e-01
4.797407999999999895e+00 2.457007600000000025e+01 2.625365789318408472e-01
4.802151000000000280e+00 2.480025799999999947e+01 2.681213466777518928e-01
4.806893999999999778e+00 2.451677599999999657e+01 2.711361974112584394e-01
4.811637000000000164e+00 2.446578599999999781e+01 2.756343586374483401e-01
4.816379999999999661e+00 2.490935500000000147e+01 2.832043686162686869e-01
4.821121999999999908e+00 2.544897100000000023e+01 2.916788259294332275e-01
4.825865000000000293e+00 2.517072800000000399e+01 2.957898250948571839e-01
4.830607999999999791e+00 2.463359299999999763e+01 2.986039267609228998e-01
4.835351000000000177e+00 2.503315099999999660e+01 3.074307229241830530e-01
4.840093999999999674e+00 2.476223000000000241e+01 3.125615994551623200e-01
4.844837000000000060e+00 2.479009600000000191e+01 3.200078939250663446e-01
4.849579999999999558e+00 2.493959300000000212e+01 3.287883982409659511e-01
4.854321999999999804e+00 2.503523399999999910e+01 3.378421838106366315e-01
4.859065000000000190e+00 2.509094400000000036e+01 3.473238256440954741e-01
4.863807999999999687e+00 2.504340299999999786e+01 3.568601681016388971e-01
4.868551000000000073e+00 2.476350700000000060e+01 3.655417627099125655e-01
4.873293999999999571e+00 2.501294999999999646e+01 3.791295939819918637e-01
4.878036999999999956e+00 2.472642499999999899e+01 3.898363601880024953e-01
4.882780000000000342e+00 2.550862800000000163e+01 4.104481742487106066e-01
4.887522999999999840e+00 2.563265700000000180e+01 4.276937814253207182e-01
4.892265000000000086e+00 2.536005500000000268e+01 4.436278585123008544e-01
4.897007999999999583e+00 2.526879999999999882e+01 4.635418547860807870e-01
4.901750999999999969e+00 2.541044400000000536e+01 4.887992519836850680e-01
4.906494000000000355e+00 2.559063799999999844e+01 5.187068612276879431e-01
4.911236999999999853e+00 2.497653399999999735e+01 5.456903288382248807e-01
4.915980000000000238e+00 2.534307099999999835e+01 5.905546394709553226e-01
4.920722999999999736e+00 2.552529299999999779e+01 6.444775805092757270e-01
4.925464999999999982e+00 2.567168000000000205e+01 7.147062444826615124e-01
4.930208000000000368e+00 2.511932200000000037e+01 8.017744405030693411e-01
4.934950999999999866e+00 2.624830899999999900e+01 9.700259482860239535e-01
4.939694000000000251e+00 2.379553499999999389e+01 1.192664558718020240e+00
4.944436999999999749e+00 6.556738900000000925e+00 1.084670062147540914e+00