# [2] Sgs_R01_0.1
# Sample c= 1.0 mg/ml
#
# Number of frames collected: 10
# Exposure time per frame: 0.5
# No significant radiation damage detected, merging 10 files
# Merged from: /data/visitor/mx1905/bm29/20170412/Poker/1d/Sxl_10gs_069_00001.dat
# Merged from: /data/visitor/mx1905/bm29/20170412/Poker/1d/Sxl_10gs_069_00002.dat
# Merged from: /data/visitor/mx1905/bm29/20170412/Poker/1d/Sxl_10gs_069_00003.dat
# Merged from: /data/visitor/mx1905/bm29/20170412/Poker/1d/Sxl_10gs_069_00004.dat
# Merged from: /data/visitor/mx1905/bm29/20170412/Poker/1d/Sxl_10gs_069_00005.dat
# Merged from: /data/visitor/mx1905/bm29/20170412/Poker/1d/Sxl_10gs_069_00006.dat
# Merged from: /data/visitor/mx1905/bm29/20170412/Poker/1d/Sxl_10gs_069_00007.dat
# Merged from: /data/visitor/mx1905/bm29/20170412/Poker/1d/Sxl_10gs_069_00008.dat
# Merged from: /data/visitor/mx1905/bm29/20170412/Poker/1d/Sxl_10gs_069_00009.dat
# Merged from: /data/visitor/mx1905/bm29/20170412/Poker/1d/Sxl_10gs_069_00010.dat
#
# Sample Information:
# Storage Temperature (degrees C): 20.0
# Measurement Temperature (degrees C): 20.03
# Concentration: 1.0
# Code: 
3.082862000000000102e-02 6.098477000000000317e+02 8.154099548606149384e+00
3.557148999999999728e-02 1.305622700000000123e+03 4.919517548979371213e+00
4.031434999999999880e-02 1.465845599999999877e+03 3.433720238939959479e+00
4.505722000000000199e-02 1.029947139999999990e+03 2.046660334561893002e+00
4.980007999999999657e-02 6.993235999999999422e+02 1.510133946439666142e+00
5.454294999999999977e-02 5.042453199999998787e+02 1.206372124790195066e+00
5.928581000000000129e-02 3.739278600000000097e+02 9.876135693773855362e-01
6.402868000000000448e-02 2.957275200000000268e+02 8.374062243031035191e-01
6.877154000000000600e-02 2.433249000000000137e+02 7.296479331127855295e-01
7.351441000000000225e-02 2.041019699999999943e+02 6.439290756192795895e-01
7.825727999999999851e-02 1.743231299999999919e+02 5.728690199551202955e-01
8.300014000000000003e-02 1.526243700000000274e+02 5.188946924250815718e-01
8.774300999999999628e-02 1.372032499999999686e+02 4.773595544335527130e-01
9.248586999999999780e-02 1.242721500000000106e+02 4.414960954335609422e-01
9.722873999999999406e-02 1.139956600000000009e+02 4.105734838920068741e-01
1.019715999999999956e-01 1.054216200000000043e+02 3.847898988536601061e-01
1.067145000000000038e-01 9.965035000000000309e+01 3.651700163185909731e-01
1.114572999999999953e-01 9.339762500000000500e+01 3.455255888769455108e-01
1.162002000000000035e-01 8.922839700000000107e+01 3.303465879000417327e-01
1.209430999999999978e-01 8.594349599999999612e+01 3.174051581975264602e-01
1.256858999999999893e-01 8.253369100000000458e+01 3.048337577037179003e-01
1.304288000000000114e-01 8.030969999999999231e+01 2.949404203353759302e-01
1.351717000000000057e-01 7.819181700000000035e+01 2.855779697637573222e-01
1.399144999999999972e-01 7.627127199999998197e+01 2.769325872550852385e-01
1.446573999999999915e-01 7.401072000000000628e+01 2.680604796177657456e-01
1.494003000000000136e-01 7.253759300000000110e+01 2.609426626700798724e-01
1.541431000000000051e-01 7.162227000000001453e+01 2.554964457352287832e-01
1.588859999999999995e-01 7.042260999999999171e+01 2.493393618922848665e-01
1.636287999999999909e-01 6.942042599999999197e+01 2.437901619555444821e-01
1.683717000000000130e-01 6.825201100000001020e+01 2.381708194334555828e-01
1.731146000000000074e-01 6.689927400000000546e+01 2.324178502892363940e-01
1.778573999999999988e-01 6.640306000000001063e+01 2.283025231642420994e-01
1.826002999999999932e-01 6.576907800000000748e+01 2.241259416207784516e-01
1.873431999999999875e-01 6.495842100000000130e+01 2.198053583776205522e-01
1.920860000000000067e-01 6.454659499999999639e+01 2.162798681620115571e-01
1.968289000000000011e-01 6.392462299999999686e+01 2.125141946694565909e-01
2.015717999999999954e-01 6.317503399999999658e+01 2.086781709750547831e-01
2.063145999999999869e-01 6.295315799999999484e+01 2.058141700322251855e-01
2.110575000000000090e-01 6.260886899999999144e+01 2.026386884166918034e-01
2.158004000000000033e-01 6.195069300000000112e+01 1.992597378807294262e-01
2.205431999999999948e-01 6.117844900000000052e+01 1.958207468255994121e-01
2.252860999999999891e-01 6.112712000000000501e+01 1.936248842286667493e-01
2.300290000000000112e-01 6.037055999999999045e+01 1.903811290902948372e-01
2.347718000000000027e-01 6.011497299999999910e+01 1.879909717166556027e-01
2.395146999999999970e-01 6.000459199999998816e+01 1.858967015054931171e-01
2.442575999999999914e-01 5.957336299999999341e+01 1.833675844938169319e-01
2.490004000000000106e-01 5.916041099999999631e+01 1.809259149966165048e-01
2.537433000000000050e-01 5.914423000000000741e+01 1.791395828040291127e-01
2.584861999999999993e-01 5.886456499999999181e+01 1.770288701774250240e-01
2.632289999999999908e-01 5.831392699999999962e+01 1.745781018596055112e-01
2.679718999999999851e-01 5.806159499999998985e+01 1.726224021688914367e-01
2.727146999999999766e-01 5.753633599999999149e+01 1.703013716238395148e-01
2.774576000000000264e-01 5.751921400000001228e+01 1.688279726635094624e-01
2.822005000000000208e-01 5.709308899999999909e+01 1.668319078329565108e-01
2.869433000000000122e-01 5.698643000000000569e+01 1.652593293311660771e-01
2.916862000000000066e-01 5.674134999999999707e+01 1.635162999713083709e-01
2.964291000000000009e-01 5.640208099999999547e+01 1.616844228734592437e-01
3.011718999999999924e-01 5.594005700000000303e+01 1.597192821351363645e-01
3.059147999999999867e-01 5.600301499999999066e+01 1.585380857096716778e-01
3.106576999999999811e-01 5.567115300000000389e+01 1.568215543328636274e-01
3.154004999999999725e-01 5.564105599999999185e+01 1.555716334154697567e-01
3.201434000000000224e-01 5.542484900000000891e+01 1.540976153551348593e-01
3.248863000000000167e-01 5.540083400000001035e+01 1.529129260306802685e-01
3.296291000000000082e-01 5.505032400000000337e+01 1.512974942406344059e-01
3.343720000000000026e-01 5.465798499999999649e+01 1.496616888121292122e-01
3.391148999999999969e-01 5.475247799999999643e+01 1.502861385741452727e-01
3.438576999999999884e-01 5.472924400000000844e+01 1.521959451297747179e-01
3.486005999999999827e-01 5.443804999999999694e+01 1.556545063279235752e-01
3.533434999999999770e-01 5.416474300000000142e+01 1.581113709213723684e-01
3.580863000000000240e-01 5.388121900000000153e+01 1.596573591571960604e-01
3.628292000000000184e-01 5.376619800000000993e+01 1.610597929249373561e-01
3.675720000000000098e-01 5.336061200000000326e+01 1.617718520110482672e-01
3.723149000000000042e-01 5.320601299999999867e+01 1.627261928356519838e-01
3.770577999999999985e-01 5.305561500000000308e+01 1.635834975621633380e-01
3.818005999999999900e-01 5.267667999999999040e+01 1.638678911430863638e-01
3.865434999999999843e-01 5.247714399999999557e+01 1.643642275083970206e-01
3.912863999999999787e-01 5.226309700000000191e+01 1.646863936380677518e-01
3.960292000000000256e-01 5.201686700000000485e+01 1.649731469692722607e-01
4.007721000000000200e-01 5.236263100000000037e+01 1.662280582306509824e-01
4.055150000000000143e-01 5.231105399999999861e+01 1.718724835484028435e-01
4.102578000000000058e-01 5.208844300000000516e+01 1.759787476051236088e-01
4.150007000000000001e-01 5.192114499999998856e+01 1.795431551091795364e-01
4.197435999999999945e-01 5.143965599999999228e+01 1.814611406627708312e-01
4.244863999999999860e-01 5.105770800000000520e+01 1.837135676617502600e-01
4.292292999999999803e-01 5.066047799999999768e+01 1.857930780701872453e-01
4.339721999999999746e-01 5.098460599999999943e+01 1.892403734125424342e-01
4.387150000000000216e-01 5.065553400000000295e+01 1.913805709713193304e-01
4.434579000000000160e-01 5.024394600000000821e+01 1.934015456669692656e-01
4.482008000000000103e-01 4.957504500000000291e+01 1.953535865239241220e-01
4.529436000000000018e-01 5.024352199999999868e+01 1.998715365269146949e-01
4.576864999999999961e-01 5.012862400000000207e+01 2.017277367017770717e-01
4.624293999999999905e-01 4.965104200000000390e+01 2.024368547799436924e-01
4.671721999999999819e-01 4.934660999999999831e+01 2.008183087559948787e-01
4.719150999999999763e-01 4.990768299999999869e+01 1.940077683143097698e-01
4.766579000000000232e-01 4.936463799999999935e+01 1.893165415628613180e-01
4.814008000000000176e-01 4.891798000000000002e+01 1.860641758190509365e-01
4.861437000000000119e-01 4.895873300000000228e+01 1.843093364347997420e-01
4.908865000000000034e-01 4.855000299999999669e+01 1.820419410502934210e-01
4.956293999999999977e-01 4.841759199999999908e+01 1.805141597367372619e-01
5.003722999999999921e-01 4.855447999999999809e+01 1.796323545300620439e-01
5.051151000000000391e-01 4.830826399999999410e+01 1.781597091756062512e-01
5.098580000000000334e-01 4.791484999999999417e+01 1.765103354789047396e-01
5.146009000000000277e-01 4.769453899999999891e+01 1.752537199846239957e-01
5.193436999999999637e-01 4.735259800000000752e+01 1.738254522848176054e-01
5.240865999999999580e-01 4.739854800000000523e+01 1.731607236592311305e-01
5.288294999999999524e-01 4.679740100000000069e+01 1.713546136925393759e-01
5.335722999999999994e-01 4.668881100000000117e+01 1.701494840225541150e-01
5.383151999999999937e-01 4.657124600000000925e+01 1.687087437416007196e-01
5.430580999999999881e-01 4.651515599999999750e+01 1.674326685539608284e-01
5.478009000000000350e-01 4.617606599999999872e+01 1.656962689839125424e-01
5.525438000000000294e-01 4.613519900000000007e+01 1.645384356301985984e-01
5.572867000000000237e-01 4.585188800000000953e+01 1.629808642161253984e-01
5.620294999999999597e-01 4.601769600000000793e+01 1.622571551137850510e-01
5.667723999999999540e-01 4.565500100000000572e+01 1.606343308073560627e-01
5.715152000000000010e-01 4.567792000000000741e+01 1.597208624587739823e-01
5.762580999999999953e-01 4.538605900000000304e+01 1.582797361359621624e-01
5.810009999999999897e-01 4.541275699999999205e+01 1.574640380573392728e-01
5.857438000000000367e-01 4.483678300000001116e+01 1.559944653405700155e-01
5.904867000000000310e-01 4.489312800000000436e+01 1.557172262397895357e-01
5.952296000000000253e-01 4.474003799999999842e+01 1.550762884276416509e-01
5.999723999999999613e-01 4.425324400000000225e+01 1.540244442848306416e-01
6.047152999999999556e-01 4.432208099999999718e+01 1.537545080332355651e-01
6.094581999999999500e-01 4.405621600000000626e+01 1.528010475423035308e-01
6.142009999999999970e-01 4.382549000000000206e+01 1.521861129123965317e-01
6.189438999999999913e-01 4.369085200000000668e+01 1.514586286537990545e-01
6.236867999999999856e-01 4.343605699999999814e+01 1.506679344601003501e-01
6.284296000000000326e-01 4.353243100000000254e+01 1.504918344274163711e-01
6.331725000000000270e-01 4.338006200000000945e+01 1.498846881910193551e-01
6.379154000000000213e-01 4.307885299999999518e+01 1.490246129164974342e-01
6.426581999999999573e-01 4.283849799999999419e+01 1.482749492133603741e-01
6.474010999999999516e-01 4.269152699999999356e+01 1.476910092023075438e-01
6.521439999999999459e-01 4.248001200000000210e+01 1.469947866962094118e-01
6.568867999999999929e-01 4.246125199999999467e+01 1.466359251728593383e-01
6.616296999999999873e-01 4.206612700000000160e+01 1.456313434391346973e-01
6.663725999999999816e-01 4.206408499999999862e+01 1.453101029853509363e-01
6.711154000000000286e-01 4.185340599999999256e+01 1.446276203627401835e-01
6.758583000000000229e-01 4.206638600000000139e+01 1.446792077585926095e-01
6.806010999999999589e-01 4.158308499999999697e+01 1.435351752756051646e-01
6.853439999999999532e-01 4.137458799999999570e+01 1.428684769059616610e-01
6.900868999999999476e-01 4.129671600000000353e+01 1.424267069563759924e-01
6.948296999999999946e-01 4.121566499999999422e+01 1.419821894398822226e-01
6.995725999999999889e-01 4.116054899999999606e+01 1.415863855951983719e-01
7.043154999999999832e-01 4.077861000000000047e+01 1.406314147834878403e-01
7.090583000000000302e-01 4.057440099999999461e+01 1.399822180820592676e-01
7.138012000000000246e-01 4.067824799999999641e+01 1.398659326657664126e-01
7.185441000000000189e-01 4.031236400000000231e+01 1.389454335657743234e-01
7.232868999999999549e-01 4.033037099999999953e+01 1.386888926706327796e-01
7.280297999999999492e-01 4.023458699999999766e+01 1.382362559257451218e-01
7.327727000000000546e-01 4.001034599999999841e+01 1.375647667730869050e-01
7.375154999999999905e-01 3.976774699999999996e+01 1.368659881360055064e-01
7.422583999999999849e-01 3.952977400000000330e+01 1.361779194919102987e-01
7.470012999999999792e-01 3.947998499999999922e+01 1.358140070120692766e-01
7.517441000000000262e-01 3.959681700000000149e+01 1.357372931906828395e-01
7.564870000000000205e-01 3.933803600000000245e+01 1.350200974099155793e-01
7.612299000000000149e-01 3.916023799999999966e+01 1.344445095857632888e-01
7.659726999999999508e-01 3.895267000000000479e+01 1.338181303719746251e-01
7.707155999999999452e-01 3.895654500000000553e+01 1.335559285091481863e-01
7.754585000000000505e-01 3.889666999999999319e+01 1.331886898911078809e-01
7.802012999999999865e-01 3.876226700000000136e+01 1.328267700320918121e-01
7.849441999999999808e-01 3.833147299999999547e+01 1.317795779757948704e-01
7.896870000000000278e-01 3.836878600000000006e+01 1.314978792974088040e-01
7.944299000000000222e-01 3.816646300000000025e+01 1.308942124704404186e-01
7.991728000000000165e-01 3.793681800000000237e+01 1.302459731016076261e-01
8.039155999999999525e-01 3.781163999999999703e+01 1.297775874740704216e-01
8.086584999999999468e-01 3.775984400000000107e+01 1.294357941928410416e-01
8.134014000000000522e-01 3.787939400000000489e+01 1.293905301204423541e-01
8.181441999999999881e-01 3.763010099999999625e+01 1.288140784511087600e-01
8.228870999999999825e-01 3.755529700000000304e+01 1.283472554244351749e-01
8.276299999999999768e-01 3.742877500000000168e+01 1.278795120663392404e-01
8.323728000000000238e-01 3.707003699999999924e+01 1.270230836762664961e-01
8.371157000000000181e-01 3.718234099999999387e+01 1.269753732709524296e-01
8.418586000000000125e-01 3.697302599999999018e+01 1.263779054629518561e-01
8.466013999999999484e-01 3.681327300000000236e+01 1.258655428286483136e-01
8.513443000000000538e-01 3.674700599999999895e+01 1.255167744463559776e-01
8.560872000000000481e-01 3.657266300000000570e+01 1.249855278899549144e-01
8.608299999999999841e-01 3.640069799999999134e+01 1.244589600363123771e-01
8.655728999999999784e-01 3.632245100000000093e+01 1.240929687197731834e-01
8.703157999999999728e-01 3.620138500000000192e+01 1.236571394299314369e-01
8.750586000000000197e-01 3.612414499999999862e+01 1.232981832460389449e-01
8.798015000000000141e-01 3.600193699999999808e+01 1.228634792717860497e-01
8.845442999999999500e-01 3.603276199999999818e+01 1.226898800779400167e-01
8.892872000000000554e-01 3.568833300000000008e+01 1.218793474665359478e-01
8.940301000000000498e-01 3.559557900000000075e+01 1.215005930999116524e-01
8.987728999999999857e-01 3.556170099999999934e+01 1.212228535667062151e-01
9.035157999999999801e-01 3.550526599999999178e+01 1.209065371643055498e-01
9.082586999999999744e-01 3.535541800000000023e+01 1.204344754875504853e-01
9.130015000000000214e-01 3.524722799999999978e+01 1.200351697412633117e-01
9.177444000000000157e-01 3.515911599999999737e+01 1.196711426822606866e-01
9.224873000000000101e-01 3.494059999999999633e+01 1.190850135371017277e-01
9.272300999999999460e-01 3.498403199999999913e+01 1.189476309984915242e-01
9.319730000000000514e-01 3.504765199999999936e+01 1.188458924532876104e-01
9.367159000000000457e-01 3.465171500000000293e+01 1.179647638285810374e-01
9.414586999999999817e-01 3.453776699999999522e+01 1.175624742737881590e-01
9.462015999999999760e-01 3.453849199999999797e+01 1.173578110144659209e-01
9.509444999999999704e-01 3.450489499999999765e+01 1.170969573989456836e-01
9.556873000000000173e-01 3.426458399999999926e+01 1.164857993335513819e-01
9.604302000000000117e-01 3.423709500000000361e+01 1.162360039918957366e-01
9.651731000000000060e-01 3.429288999999999987e+01 1.161298277965902292e-01
9.699159000000000530e-01 3.410588299999999862e+01 1.156139953641015794e-01
9.746588000000000473e-01 3.410075799999999191e+01 1.154072373287867020e-01
9.794017000000000417e-01 3.403245900000000290e+01 1.150931481612867263e-01
9.841444999999999776e-01 3.367228399999999766e+01 1.142873248773121631e-01
9.888873999999999720e-01 3.374039299999999741e+01 1.142092479465756788e-01
9.936302000000000190e-01 3.369450600000000406e+01 1.139386496533445758e-01
9.983731000000000133e-01 3.347141599999999784e+01 1.133678630835321943e-01
1.003115999999999897e+00 3.327796899999999880e+01 1.128495684725143305e-01
1.007859000000000060e+00 3.345655200000000207e+01 1.129627714342867073e-01
1.012602000000000002e+00 3.326084999999999070e+01 1.124440376563928812e-01
1.017344999999999944e+00 3.325963600000000042e+01 1.122532709374132187e-01
1.022086999999999968e+00 3.318243700000000018e+01 1.119366941367659629e-01
1.026829999999999909e+00 3.321260799999999591e+01 1.118028547622004903e-01
1.031573000000000073e+00 3.307625799999999572e+01 1.113891785794948880e-01
1.036316000000000015e+00 3.292266899999999907e+01 1.109463126542067773e-01
1.041058999999999957e+00 3.283258600000000627e+01 1.106127214144263793e-01
1.045801999999999898e+00 3.265311700000000172e+01 1.101301548328803559e-01
1.050545000000000062e+00 3.257144900000000121e+01 1.098134976470743346e-01
1.055287000000000086e+00 3.247163999999999362e+01 1.094656206874318194e-01
1.060030000000000028e+00 3.237452799999999797e+01 1.091249232512183920e-01
1.064772999999999969e+00 3.233611599999999697e+01 1.088846067990700828e-01
1.069515999999999911e+00 3.216078199999999754e+01 1.084146506563504059e-01
1.074259000000000075e+00 3.219459199999999299e+01 1.082964008518385590e-01
1.079002000000000017e+00 3.202723199999999792e+01 1.078417833785147578e-01
1.083744999999999958e+00 3.198289799999999516e+01 1.076189511991777481e-01
1.088487999999999900e+00 3.207817000000000007e+01 1.076319022614289772e-01
1.093229999999999924e+00 3.184571299999999994e+01 1.070235074914231144e-01
1.097973000000000088e+00 3.172288699999999650e+01 1.066480288954090305e-01
1.102716000000000030e+00 3.167303700000000433e+01 1.063968773503466136e-01
1.107458999999999971e+00 3.162509300000000323e+01 1.061498066637443227e-01
1.112201999999999913e+00 3.168311799999999678e+01 1.060796554063021119e-01
1.116945000000000077e+00 3.159052100000000252e+01 1.057592148374802282e-01
1.121688000000000018e+00 3.149610099999999946e+01 1.054370978812396026e-01
1.126430000000000042e+00 3.136435800000000285e+01 1.050535109200848999e-01
1.131172999999999984e+00 3.127119300000000024e+01 1.047340857323550561e-01
1.135915999999999926e+00 3.115454100000000182e+01 1.043772896400265715e-01
1.140659000000000090e+00 3.120382900000000248e+01 1.042996792738899031e-01
1.145402000000000031e+00 3.111006800000000538e+01 1.039835178670836247e-01
1.150144999999999973e+00 3.116593100000000049e+01 1.039168689193900735e-01
1.154887999999999915e+00 3.104847200000000385e+01 1.035626071407426407e-01
1.159631000000000078e+00 3.106614300000000384e+01 1.034350748413767063e-01
1.164373000000000102e+00 3.108849299999999261e+01 1.033162181590020212e-01
1.169116000000000044e+00 3.085787700000000200e+01 1.028528444453214730e-01
1.173858999999999986e+00 3.084305600000000069e+01 1.026454307112147912e-01
1.178601999999999927e+00 3.062890700000000521e+01 1.020859359190427335e-01
1.183345000000000091e+00 3.049606899999999854e+01 1.017122748104190288e-01
1.188088000000000033e+00 3.065889500000000112e+01 1.018302675668575630e-01
1.192830999999999975e+00 3.062714199999999920e+01 1.016258055359287316e-01
1.197572999999999999e+00 3.057496599999999987e+01 1.013886991696564682e-01
1.202315999999999940e+00 3.044714599999999649e+01 1.010273381097780004e-01
1.207059000000000104e+00 3.066481899999999428e+01 1.015656730704257160e-01
1.211802000000000046e+00 3.040780299999999414e+01 1.044510424015514527e-01
1.216544999999999987e+00 3.036307699999999699e+01 1.065466782513101174e-01
1.221287999999999929e+00 3.034552899999999909e+01 1.081170849867073569e-01
1.226031000000000093e+00 3.012021599999999921e+01 1.090636763935147330e-01
1.230774000000000035e+00 3.015393300000000210e+01 1.103277831847323115e-01
1.235516000000000059e+00 3.008696700000000490e+01 1.113077016151649695e-01
1.240259000000000000e+00 3.011725399999999553e+01 1.123945447685002208e-01
1.245001999999999942e+00 2.996273800000000165e+01 1.130770171388496836e-01
1.249745000000000106e+00 3.001224499999999651e+01 1.140986386035030414e-01
1.254488000000000048e+00 2.980613400000000368e+01 1.145955347475280106e-01
1.259230999999999989e+00 2.967500499999999874e+01 1.149256131099125333e-01
1.263973999999999931e+00 2.976728499999999755e+01 1.154000623186530045e-01
1.268715999999999955e+00 2.974043899999999852e+01 1.156277425584193441e-01
1.273458999999999897e+00 2.979830899999999616e+01 1.138436461539259481e-01
1.278202000000000060e+00 2.981029100000000653e+01 1.096582470209468696e-01
1.282945000000000002e+00 2.991869100000000259e+01 1.077621291444188223e-01
1.287687999999999944e+00 2.989453700000000325e+01 1.062015794401914848e-01
1.292431000000000108e+00 2.953896700000000308e+01 1.043487640618028650e-01
1.297174000000000049e+00 2.957260800000000245e+01 1.033684638846582571e-01
1.301916000000000073e+00 2.967924199999999857e+01 1.026369969170152635e-01
1.306659000000000015e+00 2.964013899999999779e+01 1.017453230168021000e-01
1.311401999999999957e+00 2.940426100000000176e+01 1.005915200779026880e-01
1.316144999999999898e+00 2.916527299999999556e+01 9.949409247810092616e-02
1.320888000000000062e+00 2.918782500000000368e+01 9.903696726832915409e-02
1.325631000000000004e+00 2.937671100000000024e+01 9.910104553016632623e-02
1.330373999999999945e+00 2.927187400000000395e+01 9.868269653264598318e-02
1.335117000000000109e+00 2.920870000000000033e+01 9.834572863127813425e-02
1.339858999999999911e+00 2.916123900000000191e+01 9.804278208079522661e-02
1.344602000000000075e+00 2.915655500000000444e+01 9.782012979158685728e-02
1.349345000000000017e+00 2.906225800000000348e+01 9.745466530009991302e-02
1.354087999999999958e+00 2.901953999999999922e+01 9.718210368497123830e-02
1.358830999999999900e+00 2.897540899999999553e+01 9.691162934641951721e-02
1.363574000000000064e+00 2.893393600000000632e+01 9.665106882863737370e-02
1.368317000000000005e+00 2.877086700000000263e+01 9.619250173204146881e-02
1.373059000000000029e+00 2.877809000000000950e+01 9.602314610487672208e-02
1.377801999999999971e+00 2.888501500000000277e+01 9.602189726992796381e-02
1.382544999999999913e+00 2.876646000000000214e+01 9.564904623239375847e-02
1.387288000000000077e+00 2.868089799999999556e+01 9.533537907482614315e-02
1.392031000000000018e+00 2.857230500000000006e+01 9.498647125052808726e-02
1.396773999999999960e+00 2.873643100000000317e+01 9.509196102643271975e-02
1.401516999999999902e+00 2.865851500000000129e+01 9.479901345237459753e-02
1.406260000000000066e+00 2.867797900000000055e+01 9.467004811637151629e-02
1.411002000000000089e+00 2.865760700000000227e+01 9.447772633764055239e-02
1.415745000000000031e+00 2.855781599999999543e+01 9.415550585228513181e-02
1.420487999999999973e+00 2.863992700000000013e+01 9.413556568836935201e-02
1.425230999999999915e+00 2.858352100000000107e+01 9.388982837784985713e-02
1.429974000000000078e+00 2.850711999999999691e+01 9.361357386551749649e-02
1.434717000000000020e+00 2.855214899999999645e+01 9.353740367776945674e-02
1.439459999999999962e+00 2.844197600000000392e+01 9.320872159221099684e-02
1.444201999999999986e+00 2.847511400000000137e+01 9.311665151086674641e-02
1.448944999999999927e+00 2.840284500000000278e+01 9.285411322609300744e-02
1.453688000000000091e+00 2.824598399999999998e+01 9.245407536160750450e-02
1.458431000000000033e+00 2.818491900000000072e+01 9.221220746081670860e-02
1.463173999999999975e+00 2.827541599999999633e+01 9.224425665533221574e-02
1.467916999999999916e+00 2.822937099999999688e+01 9.203212730523238627e-02
1.472660000000000080e+00 2.820142599999999788e+01 9.182236586584882621e-02
1.477402000000000104e+00 2.832334899999999678e+01 9.188337478902644517e-02
1.482145000000000046e+00 2.808448299999999875e+01 9.135996710095456441e-02
1.486887999999999987e+00 2.803118400000000321e+01 9.113958666021697297e-02
1.491630999999999929e+00 2.794578800000000030e+01 9.086735868427452123e-02
1.496374000000000093e+00 2.796660499999999772e+01 9.076866371244979304e-02
1.501117000000000035e+00 2.818670199999999681e+01 9.103982370353701226e-02
1.505859999999999976e+00 2.800355300000000014e+01 9.236663512131207399e-02
1.510602999999999918e+00 2.808266599999999613e+01 9.509871884727102986e-02
1.515344999999999942e+00 2.811508900000000111e+01 9.673028644756512251e-02
1.520088000000000106e+00 2.788946599999999876e+01 9.761070030917870510e-02
1.524831000000000047e+00 2.779025499999999482e+01 9.854269916393705586e-02
1.529573999999999989e+00 2.762160399999999782e+01 9.901660928991964927e-02
1.534316999999999931e+00 2.807886700000000246e+01 9.705766769015469753e-02
1.539060000000000095e+00 2.797964599999999535e+01 9.538244357901720649e-02
1.543803000000000036e+00 2.793736299999999773e+01 9.430511991601568667e-02
1.548545000000000060e+00 2.787101799999999940e+01 9.320940890695639247e-02
1.553288000000000002e+00 2.779254599999999797e+01 9.225208314725039105e-02
1.558030999999999944e+00 2.764606200000000058e+01 9.123373128808169585e-02
1.562774000000000107e+00 2.764631000000000682e+01 9.032094542200608256e-02
1.567517000000000049e+00 2.753231000000000250e+01 8.930507492989241125e-02
1.572259999999999991e+00 2.755061700000000613e+01 8.881108821533886810e-02
1.577002999999999933e+00 2.772141300000000186e+01 8.873579360850840370e-02
1.581746000000000096e+00 2.750514199999999931e+01 8.821837675247148902e-02
1.586487999999999898e+00 2.756798599999999766e+01 8.834228250906188407e-02
1.591231000000000062e+00 2.759867399999999904e+01 8.850462795698085805e-02
1.595974000000000004e+00 2.739384100000000188e+01 8.828435999514523680e-02
1.600716999999999945e+00 2.733490000000000464e+01 8.826607207452250026e-02
1.605460000000000109e+00 2.745282999999999873e+01 8.834136653690784213e-02
1.610203000000000051e+00 2.735762500000000230e+01 8.804067472922275095e-02
1.614945999999999993e+00 2.735705699999999752e+01 8.789610278038895164e-02
1.619688000000000017e+00 2.733215700000000226e+01 8.771533372512756166e-02
1.624430999999999958e+00 2.731132999999999811e+01 8.754338904060146587e-02
1.629173999999999900e+00 2.732440799999999825e+01 8.742780416488224460e-02
1.633917000000000064e+00 2.731907300000000305e+01 8.728546239518411576e-02
1.638660000000000005e+00 2.731423300000000154e+01 8.714580195492264980e-02
1.643402999999999947e+00 2.738950200000000024e+01 8.713550109130319132e-02
1.648146000000000111e+00 2.735486999999999824e+01 8.695129988557043221e-02
1.652889000000000053e+00 2.735812100000000058e+01 8.682941332692223346e-02
1.657631000000000077e+00 2.718478900000000209e+01 8.642910139152147619e-02
1.662374000000000018e+00 2.713029999999999831e+01 8.621848858482615563e-02
1.667116999999999960e+00 2.706584600000000052e+01 8.599346824521442167e-02
1.671859999999999902e+00 2.712575499999999806e+01 8.596759589615554642e-02
1.676603000000000065e+00 2.708342299999999980e+01 8.578096881382372974e-02
1.681346000000000007e+00 2.683721699999999899e+01 8.527176973746879163e-02
1.686088999999999949e+00 2.697065900000000127e+01 8.536562561767588320e-02
1.690830999999999973e+00 2.696832299999999805e+01 8.524565278227565213e-02
1.695573999999999915e+00 2.700911200000000534e+01 8.519471807521344919e-02
1.700317000000000078e+00 2.684313700000000225e+01 8.481810188749981660e-02
1.705060000000000020e+00 2.698791100000000398e+01 8.493258068932145466e-02
1.709802999999999962e+00 2.701249900000000181e+01 8.485828553261372253e-02
1.714545999999999903e+00 2.696271899999999988e+01 8.466842535102681033e-02
1.719289000000000067e+00 2.693289599999999950e+01 8.451034812319140055e-02
1.724031000000000091e+00 2.682657799999999426e+01 8.423290574037856082e-02
1.728774000000000033e+00 2.684519099999999980e+01 8.415268764141879687e-02
1.733516999999999975e+00 2.677769999999999939e+01 8.393869521654120924e-02
1.738259999999999916e+00 2.672735700000000492e+01 8.375189747601960444e-02
1.743003000000000080e+00 2.672433199999999687e+01 8.363963290311118848e-02
1.747746000000000022e+00 2.667111999999999483e+01 8.345010938496605357e-02
1.752488999999999963e+00 2.680830499999999716e+01 8.355872556725060796e-02
1.757231999999999905e+00 2.683709599999999540e+01 8.349817925381007588e-02
1.761973999999999929e+00 2.675441799999999759e+01 8.326450273931804147e-02
1.766717000000000093e+00 2.662306199999999734e+01 8.295622968938078101e-02
1.771460000000000035e+00 2.670293699999999859e+01 8.297750286873303849e-02
1.776202999999999976e+00 2.655215700000000112e+01 8.267757288578383990e-02
1.780945999999999918e+00 2.669838500000000181e+01 8.280498521787924004e-02
1.785689000000000082e+00 2.669679300000000310e+01 8.266116992753792803e-02
1.790432000000000023e+00 2.656848700000000463e+01 8.236171813581477652e-02
1.795174000000000047e+00 2.665160999999999802e+01 8.238994447584911673e-02
1.799916999999999989e+00 2.657343200000000394e+01 8.216875269634740797e-02
1.804659999999999931e+00 2.653978700000000046e+01 8.201766384112937902e-02
1.809403000000000095e+00 2.653933299999999917e+01 8.191839120685232012e-02
1.814146000000000036e+00 2.648042499999999677e+01 8.172929814256452152e-02
1.818888999999999978e+00 2.650551899999999961e+01 8.166999510933375950e-02
1.823631999999999920e+00 2.652413200000000160e+01 8.160140343702246279e-02
1.828375000000000083e+00 2.658164299999999614e+01 8.159315923689619554e-02
1.833117000000000107e+00 2.653348199999999935e+01 8.142281651157431965e-02
1.837860000000000049e+00 2.654670700000000494e+01 8.134696482985522004e-02
1.842602999999999991e+00 2.641562599999999605e+01 8.105053729300812360e-02
1.847345999999999933e+00 2.637901199999999946e+01 8.089982964766427587e-02
1.852089000000000096e+00 2.641483299999999801e+01 8.092696373142946320e-02
1.856832000000000038e+00 2.632485199999999992e+01 8.063413745162094359e-02
1.861574999999999980e+00 2.635336900000000426e+01 8.057869841379296239e-02
1.866317000000000004e+00 2.643543399999999721e+01 8.061099862966715490e-02
1.871059999999999945e+00 2.634362000000000492e+01 8.037840738004391195e-02
1.875803000000000109e+00 2.630366000000000071e+01 8.022483474187341868e-02
1.880546000000000051e+00 2.627166700000000077e+01 8.008430740776184553e-02
1.885288999999999993e+00 2.645432299999999870e+01 8.027077789884248804e-02
1.890031999999999934e+00 2.634605399999999875e+01 8.001530521126318241e-02
1.894775000000000098e+00 2.627292899999999776e+01 7.981313806804304911e-02
1.899516999999999900e+00 2.618860700000000108e+01 7.959515714843334866e-02
1.904260000000000064e+00 2.629445799999999878e+01 7.966601214300926548e-02
1.909003000000000005e+00 2.615567800000000176e+01 7.936650983914059210e-02
1.913745999999999947e+00 2.626403700000000185e+01 7.944119950150425880e-02
1.918489000000000111e+00 2.629203000000000046e+01 7.939494000969395116e-02
1.923232000000000053e+00 2.619227599999999967e+01 7.915620668898995516e-02
1.927974999999999994e+00 2.616765699999999839e+01 7.902881012703152908e-02
1.932717999999999936e+00 2.625062300000000093e+01 7.900394390256476607e-02
1.937459999999999960e+00 2.623908800000000241e+01 7.880245804308010082e-02
1.942202999999999902e+00 2.610954700000000273e+01 7.839341108800471081e-02
1.946946000000000065e+00 2.612365899999999641e+01 7.822401262164835334e-02
1.951689000000000007e+00 2.600896599999999736e+01 7.789812761449725620e-02
1.956431999999999949e+00 2.599257099999999809e+01 7.778959763612226797e-02
1.961174999999999891e+00 2.600372199999999978e+01 7.772453283641207744e-02
1.965918000000000054e+00 2.599343700000000013e+01 7.762852049962114254e-02
1.970660000000000078e+00 2.600272800000000117e+01 7.760580759404156481e-02
1.975403000000000020e+00 2.590889599999999859e+01 7.744476208596486055e-02
1.980145999999999962e+00 2.594837499999999864e+01 7.752514872086735398e-02
1.984888999999999903e+00 2.602917899999999918e+01 7.766634353673154689e-02
1.989632000000000067e+00 2.592352299999999943e+01 7.752892342598277642e-02
1.994375000000000009e+00 2.585928000000000182e+01 7.740447286402771243e-02
1.999117999999999951e+00 2.597991799999999785e+01 7.747339883010877226e-02
2.003861000000000114e+00 2.585389200000000187e+01 7.720304411042416826e-02
2.008602999999999916e+00 2.598713799999999807e+01 7.731917410513836075e-02
2.013345999999999858e+00 2.610662099999999697e+01 7.810201690436362199e-02
2.018088999999999800e+00 2.600932999999999851e+01 8.023117174074986813e-02
2.022832000000000185e+00 2.586639599999999817e+01 8.133461802455950462e-02
2.027575000000000127e+00 2.587777000000000527e+01 8.238137378785630183e-02
2.032318000000000069e+00 2.586751300000000242e+01 8.324811475850728282e-02
2.037061000000000011e+00 2.590257400000000487e+01 8.409743587719187286e-02
2.041802999999999813e+00 2.574777499999999719e+01 8.455636847420779090e-02
2.046546000000000198e+00 2.575585999999999487e+01 8.495626337680758922e-02
2.051289000000000140e+00 2.574813300000000282e+01 8.520446943118241412e-02
2.056032000000000082e+00 2.580199400000000054e+01 8.553525023267659344e-02
2.060775000000000023e+00 2.568385099999999710e+01 8.556481362082254960e-02
2.065517999999999965e+00 2.567631899999999945e+01 8.576366802994726812e-02
2.070260999999999907e+00 2.565771899999999661e+01 8.593262816886261535e-02
2.075003000000000153e+00 2.552263599999999855e+01 8.589538900555954148e-02
2.079746000000000095e+00 2.581610299999999825e+01 8.431181599616983935e-02
2.084489000000000036e+00 2.591296699999999831e+01 8.232398138885350936e-02
2.089231999999999978e+00 2.585207399999999822e+01 8.105133998651842253e-02
2.093974999999999920e+00 2.573695400000000788e+01 7.998413648589450253e-02
2.098717999999999861e+00 2.565365499999999699e+01 7.912534060233106237e-02
2.103460999999999803e+00 2.561943899999999985e+01 7.844453568110912323e-02
2.108204000000000189e+00 2.576759299999999797e+01 7.823377786795483735e-02
2.112945999999999991e+00 2.576136299999999935e+01 7.801624929289538435e-02
2.117688999999999933e+00 2.568988399999999928e+01 7.771952280929032841e-02
2.122431999999999874e+00 2.571927900000000022e+01 7.758792422421417756e-02
2.127174999999999816e+00 2.560843699999999856e+01 7.725645376201006886e-02
2.131918000000000202e+00 2.558155599999999907e+01 7.706076972469715070e-02
2.136661000000000143e+00 2.568994500000000158e+01 7.707594579667251256e-02
2.141404000000000085e+00 2.558549199999999857e+01 7.677733497407551733e-02
2.146145999999999887e+00 2.565801100000000545e+01 7.675035956292973471e-02
2.150888999999999829e+00 2.571238100000000415e+01 7.670041711830320741e-02
2.155632000000000215e+00 2.549833100000000030e+01 7.625465494791448806e-02
2.160375000000000156e+00 2.557430599999999998e+01 7.624527786506125893e-02
2.165118000000000098e+00 2.566215299999999999e+01 7.625683336422382774e-02
2.169861000000000040e+00 2.559056299999999951e+01 7.603449600920164642e-02
2.174603999999999981e+00 2.561837500000000389e+01 7.596260497206636098e-02
2.179346999999999923e+00 2.551824899999999730e+01 7.570303319938311015e-02
2.184089000000000169e+00 2.563761400000000279e+01 7.577149105715487443e-02
2.188832000000000111e+00 2.558394499999999638e+01 7.558600543574583996e-02
2.193575000000000053e+00 2.549459200000000081e+01 7.534996504512726789e-02
2.198317999999999994e+00 2.544583300000000037e+01 7.517530704875638459e-02
2.203060999999999936e+00 2.548590399999999789e+01 7.513385544666797977e-02
2.207803999999999878e+00 2.542097299999999649e+01 7.493955053021401913e-02
2.212546999999999819e+00 2.544238500000000158e+01 7.487372359837794755e-02
2.217289000000000065e+00 2.529116399999999842e+01 7.455480799975747197e-02
2.222032000000000007e+00 2.558939499999999967e+01 7.489793336485192632e-02
2.226774999999999949e+00 2.539536100000000118e+01 7.452000937385207247e-02
2.231517999999999891e+00 2.549110300000000251e+01 7.456791008448673819e-02
2.236260999999999832e+00 2.553812699999999580e+01 7.454480867211546458e-02
2.241004000000000218e+00 2.541856100000000040e+01 7.427984964824645153e-02
2.245747000000000160e+00 2.536851000000000056e+01 7.411761770994329535e-02
2.250490000000000101e+00 2.530717999999999535e+01 7.393982077975100320e-02
2.255231999999999903e+00 2.537702199999999664e+01 7.395404344862219204e-02
2.259974999999999845e+00 2.530626699999999829e+01 7.376442965004745278e-02
2.264717999999999787e+00 2.539866800000000069e+01 7.381342577259167315e-02
2.269461000000000173e+00 2.533347400000000249e+01 7.363360492808837532e-02
2.274204000000000114e+00 2.530681499999999673e+01 7.351032681803421065e-02
2.278947000000000056e+00 2.541339500000000129e+01 7.358137116428994928e-02
2.283689999999999998e+00 2.534323099999999940e+01 7.339688986421019634e-02
2.288431999999999800e+00 2.554714900000000100e+01 7.360928455465723386e-02
2.293175000000000185e+00 2.534488400000000041e+01 7.323545153990586309e-02
2.297918000000000127e+00 2.535115499999999855e+01 7.316348478642059616e-02
2.302661000000000069e+00 2.528542500000000004e+01 7.298833224774560480e-02
2.307404000000000011e+00 2.522073400000000021e+01 7.281566978113571120e-02
2.312146999999999952e+00 2.532595799999999642e+01 7.288785589131566156e-02
2.316889999999999894e+00 2.527415100000000692e+01 7.273449678276876218e-02
2.321632000000000140e+00 2.534091700000000102e+01 7.275256003114941028e-02
2.326375000000000082e+00 2.528430700000000186e+01 7.259371732394684362e-02
2.331118000000000023e+00 2.529037700000000299e+01 7.252492564031347289e-02
2.335860999999999965e+00 2.532590700000000083e+01 7.249912288434254282e-02
2.340603999999999907e+00 2.521834999999999738e+01 7.226886467677348658e-02
2.345346999999999849e+00 2.523709600000000108e+01 7.222038248491419177e-02
2.350089999999999790e+00 2.535144899999999879e+01 7.230825713332331151e-02
2.354833000000000176e+00 2.519071400000000338e+01 7.200366824009524214e-02
2.359574999999999978e+00 2.531700999999999979e+01 7.210971879667468776e-02
2.364317999999999920e+00 2.530202500000000043e+01 7.201418369270180808e-02
2.369060999999999861e+00 2.528943200000000147e+01 7.192250291068853774e-02
2.373803999999999803e+00 2.519311200000000284e+01 7.171222150630184033e-02
2.378547000000000189e+00 2.515418000000000376e+01 7.158402783610670617e-02
2.383290000000000131e+00 2.527320499999999726e+01 7.168076300730900907e-02
2.388033000000000072e+00 2.516187599999999946e+01 7.145057471818264117e-02
2.392774999999999874e+00 2.529292600000000135e+01 7.156452770460167145e-02
2.397517999999999816e+00 2.532731499999999869e+01 7.154179670045755779e-02
2.402261000000000202e+00 2.525395400000000024e+01 7.136722039785702021e-02
2.407004000000000143e+00 2.521476399999999884e+01 7.124075598594459269e-02
2.411747000000000085e+00 2.528754199999999841e+01 7.127295078260124928e-02
2.416490000000000027e+00 2.519196000000000168e+01 7.106844918013126289e-02
2.421232999999999969e+00 2.523360999999999876e+01 7.105746281436244038e-02
2.425975999999999910e+00 2.518359000000000236e+01 7.091724913898381222e-02
2.430718000000000156e+00 2.515567800000000176e+01 7.080886504635772183e-02
2.435461000000000098e+00 2.521896799999999672e+01 7.082945512864545490e-02
2.440204000000000040e+00 2.519000100000000231e+01 7.074529136431553789e-02
2.444946999999999981e+00 2.521745700000000312e+01 7.069042346507764529e-02
2.449689999999999923e+00 2.523236999999999952e+01 7.064315958626073144e-02
2.454432999999999865e+00 2.514683999999999742e+01 7.045594692804077463e-02
2.459175999999999807e+00 2.517953200000000180e+01 7.043454284475834937e-02
2.463918000000000053e+00 2.519263399999999820e+01 7.038550534632893874e-02
2.468660999999999994e+00 2.505073300000000103e+01 7.012041088662843147e-02
2.473403999999999936e+00 2.515862200000000115e+01 7.020460729617893081e-02
2.478146999999999878e+00 2.503971200000000152e+01 6.997264358372062842e-02
2.482889999999999819e+00 2.523610799999999799e+01 7.018039167689718583e-02
2.487633000000000205e+00 2.513879299999999972e+01 6.997920149102875020e-02
2.492376000000000147e+00 2.506715999999999767e+01 6.981396722687659151e-02
2.497117999999999949e+00 2.501446700000000334e+01 6.967559580218887771e-02
2.501860999999999891e+00 2.510367600000000010e+01 6.973471281235552044e-02
2.506603999999999832e+00 2.505208000000000013e+01 6.959843695335693470e-02
2.511347000000000218e+00 2.500959999999999894e+01 6.947364822525804728e-02
2.516090000000000160e+00 2.509310299999999927e+01 6.947173563956351994e-02
2.520833000000000101e+00 2.516328699999999685e+01 6.942632283636011870e-02
2.525576000000000043e+00 2.512060800000000071e+01 6.922633566590535859e-02
2.530318999999999985e+00 2.510365799999999936e+01 6.908964664810422762e-02
2.535060999999999787e+00 2.500986300000000284e+01 6.889754240684496656e-02
2.539804000000000173e+00 2.510063599999999795e+01 6.895990057927578465e-02
2.544547000000000114e+00 2.508256499999999889e+01 6.887353197503667812e-02
2.549290000000000056e+00 2.503336300000000136e+01 6.874404454441199186e-02
2.554032999999999998e+00 2.504973799999999784e+01 6.870532613346944095e-02
2.558775999999999939e+00 2.499311199999999644e+01 6.856633386387228635e-02
2.563518999999999881e+00 2.504262200000000149e+01 6.857573430847532792e-02
2.568261000000000127e+00 2.504906299999999675e+01 6.857869886613043864e-02
2.573004000000000069e+00 2.502468499999999807e+01 6.856115708861176827e-02
2.577747000000000011e+00 2.506406499999999582e+01 6.863018942320135707e-02
2.582489999999999952e+00 2.489100099999999927e+01 6.837415266229190935e-02
2.587232999999999894e+00 2.499679299999999671e+01 6.845883552451501042e-02
2.591975999999999836e+00 2.503583900000000284e+01 6.845156306904394417e-02
2.596719000000000221e+00 2.504905300000000068e+01 6.840906361868726027e-02
2.601462000000000163e+00 2.501097699999999691e+01 6.829673002507367918e-02
2.606203999999999965e+00 2.503201900000000180e+01 6.826546542908647208e-02
2.610946999999999907e+00 2.502850700000000117e+01 6.820074310885329560e-02
2.615689999999999849e+00 2.493352700000000510e+01 6.801158605132952284e-02
2.620432999999999790e+00 2.484562900000000241e+01 6.783223021247863915e-02
2.625176000000000176e+00 2.488811399999999452e+01 6.783115522055480073e-02
2.629919000000000118e+00 2.497913000000000494e+01 6.789616429104591844e-02
2.634662000000000059e+00 2.499640799999999530e+01 6.787513229446924534e-02
2.639403999999999861e+00 2.496969899999999853e+01 6.779196458387085067e-02
2.644146999999999803e+00 2.508622000000000085e+01 6.786886694207662496e-02
2.648890000000000189e+00 2.498169800000000151e+01 6.766506474036583507e-02
2.653633000000000131e+00 2.498507199999999528e+01 6.762135136593915019e-02
2.658376000000000072e+00 2.504578000000000060e+01 6.764715549193475730e-02
2.663119000000000014e+00 2.497737300000000005e+01 6.748520726559265048e-02
2.667861999999999956e+00 2.499037200000000070e+01 6.744473859670967186e-02
2.672604999999999897e+00 2.499139900000000480e+01 6.738852318781439477e-02
2.677347000000000143e+00 2.495979299999999768e+01 6.728873221182576914e-02
2.682090000000000085e+00 2.499903800000000231e+01 6.728426473794449358e-02
2.686833000000000027e+00 2.494018699999999811e+01 6.714840632221587280e-02
2.691575999999999969e+00 2.494950199999999896e+01 6.710387241305751371e-02
2.696318999999999910e+00 2.489596799999999988e+01 6.697535620575227611e-02
2.701061999999999852e+00 2.495372900000000271e+01 6.699658394812678386e-02
2.705804999999999794e+00 2.500382300000000058e+01 6.700736930363704325e-02
2.710547000000000040e+00 2.493937100000000129e+01 6.686462206784092588e-02
2.715289999999999981e+00 2.499532100000000057e+01 6.688373898177343846e-02
2.720032999999999923e+00 2.495458800000000110e+01 6.677358680206942065e-02
2.724775999999999865e+00 2.494120899999999708e+01 6.669984021056271639e-02
2.729518999999999807e+00 2.491612500000000097e+01 6.661068117813012668e-02
2.734262000000000192e+00 2.499194699999999969e+01 6.665658065747596950e-02
2.739005000000000134e+00 2.496609200000000328e+01 6.656704154896250780e-02
2.743746999999999936e+00 2.493763999999999825e+01 6.647385713648787386e-02
2.748489999999999878e+00 2.492972100000000069e+01 6.640851064797718972e-02
2.753232999999999819e+00 2.501800699999999722e+01 6.647128663763399170e-02
2.757976000000000205e+00 2.485740700000000203e+01 6.620305761026373803e-02
2.762719000000000147e+00 2.485120999999999825e+01 6.614050877521732152e-02
2.767462000000000089e+00 2.500123800000000074e+01 6.628532260248945485e-02
2.772205000000000030e+00 2.485798200000000335e+01 6.604126660073229849e-02
2.776947999999999972e+00 2.485472599999999943e+01 6.598303661645089913e-02
2.781690000000000218e+00 2.490380599999999589e+01 6.599448303730547083e-02
2.786433000000000160e+00 2.492294300000000007e+01 6.596599421173836297e-02
2.791176000000000101e+00 2.495410899999999899e+01 6.595366818078582383e-02
2.795919000000000043e+00 2.479311599999999771e+01 6.568754436559719190e-02
2.800661999999999985e+00 2.489349800000000101e+01 6.578206684584181341e-02
2.805404999999999927e+00 2.492243399999999909e+01 6.575758753403670998e-02
2.810147999999999868e+00 2.497410999999999959e+01 6.580409281393598264e-02
2.814890000000000114e+00 2.500371700000000175e+01 6.579866526809947935e-02
2.819633000000000056e+00 2.498246500000000125e+01 6.698949693372088787e-02
2.824375999999999998e+00 2.494708299999999923e+01 6.834725132797221658e-02
2.829118999999999939e+00 2.491379900000000447e+01 6.918431760851875834e-02
2.833861999999999881e+00 2.491191599999999795e+01 6.990409370657199584e-02
2.838604999999999823e+00 2.484511199999999675e+01 7.042105106195448161e-02
2.843348000000000209e+00 2.483477500000000049e+01 7.070314447657685686e-02
2.848091000000000150e+00 2.485732999999999748e+01 7.094985936872953702e-02
2.852832999999999952e+00 2.496966899999999967e+01 7.131767710479428035e-02
2.857575999999999894e+00 2.481534299999999504e+01 7.128782715818668403e-02
2.862318999999999836e+00 2.489546100000000095e+01 7.158096670132781114e-02
2.867062000000000221e+00 2.490325800000000100e+01 7.175984413733282885e-02
2.871805000000000163e+00 2.494761900000000310e+01 7.198222804842038802e-02
2.876548000000000105e+00 2.491874400000000378e+01 7.209083833251352103e-02
2.881291000000000047e+00 2.486033299999999713e+01 7.181162398887870613e-02
2.886032999999999848e+00 2.516252599999999973e+01 7.018692704343310051e-02
2.890775999999999790e+00 2.500085100000000438e+01 6.886137345934947862e-02
2.895519000000000176e+00 2.491292399999999674e+01 6.799754581201809811e-02
2.900262000000000118e+00 2.503125599999999906e+01 6.756943349171576352e-02
2.905005000000000059e+00 2.496768699999999797e+01 6.711999115697349361e-02
2.909748000000000001e+00 2.478589700000000207e+01 6.670005502100728734e-02
2.914490999999999943e+00 2.484679700000000224e+01 6.662555050480482854e-02
2.919233000000000189e+00 2.489695800000000148e+01 6.655072993774599488e-02
2.923976000000000131e+00 2.485379799999999761e+01 6.636243234506628008e-02
2.928719000000000072e+00 2.478193200000000118e+01 6.614538322587903973e-02
2.933462000000000014e+00 2.485346600000000095e+01 6.612648914020310964e-02
2.938204999999999956e+00 2.492931000000000097e+01 6.611912801904906711e-02
2.942947999999999897e+00 2.484082899999999938e+01 6.589922947651360996e-02
2.947690999999999839e+00 2.490604900000000299e+01 6.588747975914846511e-02
2.952433999999999781e+00 2.494444000000000017e+01 6.585136145396691676e-02
2.957176000000000027e+00 2.490122500000000016e+01 6.570960542085989287e-02
2.961918999999999969e+00 2.490321899999999999e+01 6.561114913160262518e-02
2.966661999999999910e+00 2.480672300000000163e+01 6.539917406704844061e-02
2.971404999999999852e+00 2.472994000000000270e+01 6.521557497285827842e-02
2.976147999999999794e+00 2.476836700000000135e+01 6.518595743559497946e-02
2.980891000000000179e+00 2.482225000000000392e+01 6.517850730035246176e-02
2.985634000000000121e+00 2.480448399999999864e+01 6.507881210163027341e-02
2.990375999999999923e+00 2.485840199999999811e+01 6.509150325416136751e-02
2.995118999999999865e+00 2.484312700000000262e+01 6.498410185687727991e-02
2.999861999999999806e+00 2.490991100000000102e+01 6.499623251903835497e-02
3.004605000000000192e+00 2.483485800000000054e+01 6.482754689556746719e-02
3.009348000000000134e+00 2.476601700000000150e+01 6.466853367996369673e-02
3.014091000000000076e+00 2.477199599999999435e+01 6.462729552774044983e-02
3.018834000000000017e+00 2.483622000000000085e+01 6.462393053496977291e-02
3.023576999999999959e+00 2.484595100000000301e+01 6.457021817034924727e-02
3.028319000000000205e+00 2.466136999999999802e+01 6.426463318810354819e-02
3.033062000000000147e+00 2.475090000000000146e+01 6.431646782702933607e-02
3.037805000000000089e+00 2.490180199999999644e+01 6.444822661062366009e-02
3.042548000000000030e+00 2.475407800000000336e+01 6.419399712214841902e-02
3.047290999999999972e+00 2.482736600000000138e+01 6.422645527210185667e-02
3.052033999999999914e+00 2.486881999999999948e+01 6.421806003478849889e-02
3.056776999999999855e+00 2.480960899999999825e+01 6.408052550431059258e-02
3.061519000000000101e+00 2.479983199999999854e+01 6.400734993300846720e-02
3.066262000000000043e+00 2.483120500000000419e+01 6.398808480835788126e-02
3.071004999999999985e+00 2.478881499999999960e+01 6.388702625081479902e-02
3.075747999999999927e+00 2.485408900000000543e+01 6.391511012522391177e-02
3.080490999999999868e+00 2.483391900000000163e+01 6.382413229678410294e-02
3.085233999999999810e+00 2.481952400000000125e+01 6.373861839517781791e-02
3.089977000000000196e+00 2.472697300000000098e+01 6.358029401593626173e-02
3.094720000000000137e+00 2.467748599999999826e+01 6.344278303959718923e-02
3.099461999999999939e+00 2.485261000000000209e+01 6.361025278599904964e-02
3.104204999999999881e+00 2.481182100000000190e+01 6.350188784775614992e-02
3.108947999999999823e+00 2.481749399999999994e+01 6.345308618008346779e-02
3.113691000000000209e+00 2.480578500000000020e+01 6.338311332478470395e-02
3.118434000000000150e+00 2.473204799999999892e+01 6.323391540029052460e-02
3.123177000000000092e+00 2.477724800000000016e+01 6.323701325729497169e-02
3.127920000000000034e+00 2.465687799999999896e+01 6.302897292078937785e-02
3.132661999999999836e+00 2.476899399999999929e+01 6.311841562318797061e-02
3.137405000000000221e+00 2.481990099999999444e+01 6.312974773667087702e-02
3.142148000000000163e+00 2.482955300000000065e+01 6.308842320902860457e-02
3.146891000000000105e+00 2.479797299999999893e+01 6.300327146300181702e-02
3.151634000000000047e+00 2.478673100000000673e+01 6.293856772133284150e-02
3.156376999999999988e+00 2.478528399999999721e+01 6.287445433778332537e-02
3.161119999999999930e+00 2.473183799999999977e+01 6.275494087158475787e-02
3.165862000000000176e+00 2.472474399999999761e+01 6.273772538981071956e-02
3.170605000000000118e+00 2.473764800000000008e+01 6.268617664532827316e-02
3.175348000000000059e+00 2.478110799999999969e+01 6.266228430534032112e-02
3.180091000000000001e+00 2.480471000000000359e+01 6.264093070352402814e-02
3.184833999999999943e+00 2.481795599999999880e+01 6.260669096862411798e-02
3.189576999999999884e+00 2.481106100000000225e+01 6.254744259723893363e-02
3.194319999999999826e+00 2.470938400000000357e+01 6.235078269607367135e-02
3.199063000000000212e+00 2.474854500000000002e+01 6.228582923752640221e-02
3.203805000000000014e+00 2.480628000000000100e+01 6.224298925298575591e-02
3.208547999999999956e+00 2.472987800000000291e+01 6.207051242729272333e-02
3.213290999999999897e+00 2.477489000000000274e+01 6.207792619104475496e-02
3.218033999999999839e+00 2.470424300000000528e+01 6.194074447729862321e-02
3.222776999999999781e+00 2.474781100000000222e+01 6.194683706527557426e-02
3.227520000000000167e+00 2.477587199999999967e+01 6.193342907147238174e-02
3.232263000000000108e+00 2.471556499999999801e+01 6.180999072150795970e-02
3.237004999999999910e+00 2.465591799999999978e+01 6.168754254885584765e-02
3.241747999999999852e+00 2.465661200000000264e+01 6.164062469745094919e-02
3.246490999999999794e+00 2.471964999999999790e+01 6.167198182343258672e-02
3.251234000000000179e+00 2.471268799999999999e+01 6.163325015535690149e-02
3.255977000000000121e+00 2.485350900000000252e+01 6.182439215438353258e-02
3.260720000000000063e+00 2.479388600000000054e+01 6.176782124142068259e-02
3.265463000000000005e+00 2.469838400000000078e+01 6.162653254718214457e-02
3.270205999999999946e+00 2.476613599999999948e+01 6.166411460925632498e-02
3.274948000000000192e+00 2.477894699999999517e+01 6.163289684582658190e-02
3.279691000000000134e+00 2.478183899999999795e+01 6.158956831031534712e-02
3.284434000000000076e+00 2.480786799999999914e+01 6.157552946853319525e-02
3.289177000000000017e+00 2.485216999999999743e+01 6.158388935934867858e-02
3.293919999999999959e+00 2.488132599999999783e+01 6.157339905321859014e-02
3.298662999999999901e+00 2.480914500000000089e+01 6.143790409646555928e-02
3.303405999999999842e+00 2.477630599999999816e+01 6.135130755605213565e-02
3.308148000000000089e+00 2.479620700000000255e+01 6.133016219777346484e-02
3.312891000000000030e+00 2.479181299999999766e+01 6.127884556536455918e-02
3.317633999999999972e+00 2.490732499999999661e+01 6.137585036915822745e-02
3.322376999999999914e+00 2.479995599999999811e+01 6.119874859101123027e-02
3.327119999999999855e+00 2.483671399999999707e+01 6.121402422726592712e-02
3.331862999999999797e+00 2.482626099999999880e+01 6.113991577794329613e-02
3.336606000000000183e+00 2.483088300000000004e+01 6.110078322839159609e-02
3.341347999999999985e+00 2.472966899999999768e+01 6.093144288015343163e-02
3.346090999999999926e+00 2.476029999999999731e+01 6.092443303630653423e-02
3.350833999999999868e+00 2.469468300000000127e+01 6.079893728781943230e-02
3.355576999999999810e+00 2.477893000000000256e+01 6.085815567810036464e-02
3.360320000000000196e+00 2.480429999999999779e+01 6.084518387431579745e-02
3.365063000000000137e+00 2.469605599999999868e+01 6.066811649640690973e-02
3.369806000000000079e+00 2.479286000000000101e+01 6.074279422173876203e-02
3.374549000000000021e+00 2.482089399999999912e+01 6.073293506736686387e-02
3.379290999999999823e+00 2.496011100000000127e+01 6.153650506283728921e-02
3.384034000000000209e+00 2.480162100000000081e+01 6.278023428376959536e-02
3.388777000000000150e+00 2.481969700000000145e+01 6.363325447563089599e-02
3.393520000000000092e+00 2.472234399999999965e+01 6.416266452562892353e-02
3.398263000000000034e+00 2.468310899999999819e+01 6.449957622086829878e-02
3.403005999999999975e+00 2.477602200000000110e+01 6.479504273183173124e-02
3.407748999999999917e+00 2.468243599999999915e+01 6.463935283502149354e-02
3.412491000000000163e+00 2.477364899999999892e+01 6.479420038422574468e-02
3.417234000000000105e+00 2.472239799999999832e+01 6.489938440288089971e-02
3.421977000000000046e+00 2.475541399999999825e+01 6.510003683827836340e-02
3.426719999999999988e+00 2.467334999999999923e+01 6.512446365412463689e-02
3.431462999999999930e+00 2.471126800000000046e+01 6.531031174418783225e-02
3.436205999999999872e+00 2.471056100000000200e+01 6.545073651752439381e-02
3.440948999999999813e+00 2.462631099999999762e+01 6.545765655919634496e-02
3.445692000000000199e+00 2.462945200000000412e+01 6.559080952102894213e-02
3.450434000000000001e+00 2.471639800000000164e+01 6.579817923722129647e-02
3.455176999999999943e+00 2.470203799999999816e+01 6.588688426341846038e-02
3.459919999999999884e+00 2.461632999999999782e+01 6.587577898771064533e-02
3.464662999999999826e+00 2.475272700000000015e+01 6.615783258014958090e-02
3.469406000000000212e+00 2.478550700000000262e+01 6.629821204287110470e-02
3.474149000000000154e+00 2.469899300000000153e+01 6.627555169993758211e-02
3.478892000000000095e+00 2.473586799999999997e+01 6.641570468009505568e-02
3.483633999999999897e+00 2.470618599999999887e+01 6.646342796224927185e-02
3.488376999999999839e+00 2.468766600000000011e+01 6.652361768122355690e-02
3.493119999999999781e+00 2.471089200000000119e+01 6.663739155621489774e-02
3.497863000000000167e+00 2.471444100000000077e+01 6.672284099016542736e-02
3.502606000000000108e+00 2.472261699999999962e+01 6.681244659658108764e-02
3.507349000000000050e+00 2.456560699999999997e+01 6.667594063430228035e-02
3.512091999999999992e+00 2.466262199999999893e+01 6.688212230895862476e-02
3.516833999999999794e+00 2.476841900000000152e+01 6.709829274835241164e-02
3.521577000000000179e+00 2.466033300000000139e+01 6.702277077339088840e-02
3.526320000000000121e+00 2.469673099999999977e+01 6.714165706811084378e-02
3.531063000000000063e+00 2.467485600000000190e+01 6.718001708549277418e-02
3.535806000000000004e+00 2.460645400000000294e+01 6.715339734114275649e-02
3.540548999999999946e+00 2.467220500000000172e+01 6.730778551402652465e-02
3.545291999999999888e+00 2.462522099999999980e+01 6.730767704694093356e-02
3.550034999999999830e+00 2.466889400000000165e+01 6.742978600899754427e-02
3.554777000000000076e+00 2.478623200000000182e+01 6.765132803542144024e-02
3.559520000000000017e+00 2.473125399999999985e+01 6.763641184756698232e-02
3.564262999999999959e+00 2.469511599999999873e+01 6.764607100744210455e-02
3.569005999999999901e+00 2.471960899999999484e+01 6.775079308775876219e-02
3.573748999999999842e+00 2.473593400000000031e+01 6.784964768027686166e-02
3.578491999999999784e+00 2.470330100000000328e+01 6.782829670366344321e-02
3.583235000000000170e+00 2.475025200000000325e+01 6.794798169724100556e-02
3.587976999999999972e+00 2.475976899999999858e+01 6.799196180178875004e-02
3.592719999999999914e+00 2.462527499999999492e+01 6.775405519736880933e-02
3.597462999999999855e+00 2.464271300000000053e+01 6.771763112558058795e-02
3.602205999999999797e+00 2.462948800000000205e+01 6.763952484344341876e-02
3.606949000000000183e+00 2.474431500000000028e+01 6.773751560052670984e-02
3.611692000000000125e+00 2.473988699999999952e+01 6.772214604146341299e-02
3.616435000000000066e+00 2.473929400000000101e+01 6.778875017359517474e-02
3.621178000000000008e+00 2.499182300000000367e+01 6.895769351929993685e-02
3.625919999999999810e+00 2.487879500000000021e+01 7.126149129766019830e-02
3.630663000000000196e+00 2.467770600000000059e+01 7.235500923277392304e-02
3.635406000000000137e+00 2.473399000000000214e+01 7.347119175773929312e-02
3.640149000000000079e+00 2.465498199999999684e+01 7.411430423851930738e-02
3.644892000000000021e+00 2.465151700000000545e+01 7.461582114250837894e-02
3.649634999999999962e+00 2.453103300000000075e+01 7.491335011829133861e-02
3.654377999999999904e+00 2.463575399999999860e+01 7.549038415109768363e-02
3.659120000000000150e+00 2.463741399999999970e+01 7.591425161987173931e-02
3.663863000000000092e+00 2.463121899999999798e+01 7.631059521386397704e-02
3.668606000000000034e+00 2.470094899999999782e+01 7.681184826250635200e-02
3.673348999999999975e+00 2.468660499999999658e+01 7.717247749823702430e-02
3.678091999999999917e+00 2.465132099999999937e+01 7.749064972223809744e-02
3.682834999999999859e+00 2.455236599999999925e+01 7.769987086614495164e-02
3.687577999999999800e+00 2.460512100000000046e+01 7.814174030294886164e-02
3.692321000000000186e+00 2.457934399999999897e+01 7.845361094237536526e-02
3.697062999999999988e+00 2.447142399999999895e+01 7.862741154774269270e-02
3.701805999999999930e+00 2.459682400000000158e+01 7.917139115187947496e-02
3.706548999999999872e+00 2.458434299999999695e+01 7.949040863498375853e-02
3.711291999999999813e+00 2.465887900000000243e+01 7.994625536745858518e-02
3.716035000000000199e+00 2.459663100000000213e+01 8.017707541417434802e-02
3.720778000000000141e+00 2.471390499999999690e+01 8.069772159267882272e-02
3.725521000000000083e+00 2.459064599999999956e+01 8.082249458060608571e-02
3.730262999999999884e+00 2.467130099999999970e+01 8.128011184157597768e-02
3.735005999999999826e+00 2.462952299999999894e+01 8.153328749453808699e-02
3.739749000000000212e+00 2.456858000000000075e+01 8.175257484265741059e-02
3.744492000000000154e+00 2.478637000000000157e+01 8.243425840780335689e-02
3.749235000000000095e+00 2.471404700000000076e+01 8.263156193884754752e-02
3.753978000000000037e+00 2.471076400000000106e+01 8.294293637830409127e-02
3.758720999999999979e+00 2.453479100000000201e+01 8.296142834123999832e-02
3.763462999999999781e+00 2.464409200000000055e+01 8.346028637450808585e-02
3.768206000000000166e+00 2.457138000000000133e+01 8.365006525948560923e-02
3.772949000000000108e+00 2.465352499999999836e+01 8.410230612639107983e-02
3.777692000000000050e+00 2.474843499999999707e+01 8.457632965350647680e-02
3.782434999999999992e+00 2.460259900000000144e+01 8.463803142568890325e-02
3.787177999999999933e+00 2.479005899999999585e+01 8.527156738490034027e-02
3.791920999999999875e+00 2.463334800000000158e+01 8.531233649297327581e-02
3.796663999999999817e+00 2.464113699999999696e+01 8.563605463725837419e-02
3.801406000000000063e+00 2.466016099999999867e+01 8.597987991462188728e-02
3.806149000000000004e+00 2.460591400000000206e+01 8.619518778053912589e-02
3.810891999999999946e+00 2.455536099999999777e+01 8.641602429119786544e-02
3.815634999999999888e+00 2.448683399999999821e+01 8.660445017748163998e-02
3.820377999999999830e+00 2.462973400000000268e+01 8.716704670548039435e-02
3.825121000000000215e+00 2.476592400000000183e+01 8.771898246532046362e-02
3.829864000000000157e+00 2.471340899999999863e+01 8.793728881292053878e-02
3.834605999999999959e+00 2.469752199999999931e+01 8.822048706978725952e-02
3.839348999999999901e+00 2.475098400000000254e+01 8.862889155360287319e-02
3.844091999999999842e+00 2.460038099999999872e+01 8.867022799897325558e-02
3.848834999999999784e+00 2.473986000000000018e+01 8.923722011752607819e-02
3.853578000000000170e+00 2.467923200000000250e+01 8.948833020259344684e-02
3.858321000000000112e+00 2.482018400000000113e+01 9.000784053982296973e-02
3.863064000000000053e+00 2.468137899999999973e+01 9.007087596420942921e-02
3.867806999999999995e+00 2.462452100000000144e+01 9.028253775219546862e-02
3.872548999999999797e+00 2.460706200000000266e+01 9.056574332143306483e-02
3.877292000000000183e+00 2.474737499999999812e+01 9.114101299606011675e-02
3.882035000000000124e+00 2.477411599999999936e+01 9.150914316539247861e-02
3.886778000000000066e+00 2.469717699999999994e+01 9.168600694669334916e-02
3.891521000000000008e+00 2.456284299999999732e+01 9.175500931219068845e-02
3.896263999999999950e+00 2.466574000000000311e+01 9.226749917258135480e-02
3.901006999999999891e+00 2.463288200000000217e+01 9.252700336962718652e-02
3.905749000000000137e+00 2.461347699999999961e+01 9.281386115891956945e-02
3.910492000000000079e+00 2.469574399999999770e+01 9.329301984111351698e-02
3.915235000000000021e+00 2.456511199999999917e+01 9.337021437498363441e-02
3.919977999999999962e+00 2.463240199999999902e+01 9.378284826729885171e-02
3.924720999999999904e+00 2.455972699999999875e+01 9.372781273182897999e-02
3.929463999999999846e+00 2.465773800000000193e+01 9.398666484290629786e-02
3.934206999999999788e+00 2.464409799999999962e+01 9.408429167144162497e-02
3.938949000000000034e+00 2.459634100000000245e+01 9.409590335099662917e-02
3.943691999999999975e+00 2.460346899999999692e+01 9.421138002374926379e-02
3.948434999999999917e+00 2.455158499999999933e+01 9.421283913309692892e-02
3.953177999999999859e+00 2.468390299999999726e+01 9.459383168564691746e-02
3.957920999999999800e+00 2.464171499999999781e+01 9.467990360827635565e-02
3.962664000000000186e+00 2.465620299999999787e+01 9.471589427984988818e-02
3.967407000000000128e+00 2.453541199999999733e+01 9.472705672985201608e-02
3.972150000000000070e+00 2.458889300000000233e+01 9.515022034705752918e-02
3.976891999999999872e+00 2.462298499999999990e+01 9.553736900762234419e-02
3.981634999999999813e+00 2.465541800000000094e+01 9.592318879427538802e-02
3.986378000000000199e+00 2.465478000000000236e+01 9.624652436996206095e-02
3.991121000000000141e+00 2.466547299999999865e+01 9.659313154843619798e-02
3.995864000000000082e+00 2.461236999999999853e+01 9.681668937341278425e-02
4.000606999999999580e+00 2.467396700000000109e+01 9.726701449965707846e-02
4.005349999999999966e+00 2.459737200000000357e+01 9.744703511336093305e-02
4.010092000000000212e+00 2.470424600000000126e+01 9.799163884316712536e-02
4.014834999999999710e+00 2.449898800000000421e+01 9.791723002501756534e-02
4.019578000000000095e+00 2.449633699999999692e+01 9.824734817347387239e-02
4.024320999999999593e+00 2.467768399999999929e+01 9.894808897505044665e-02
4.029063999999999979e+00 2.459004300000000143e+01 9.911241623805716605e-02
4.033807000000000365e+00 2.457473799999999997e+01 9.942276991042445222e-02
4.038549999999999862e+00 2.462616200000000077e+01 9.987090223497782637e-02
4.043293000000000248e+00 2.463462099999999921e+01 1.002337372127249243e-01
4.048034999999999606e+00 2.455383399999999838e+01 1.004166801719037216e-01
4.052777999999999992e+00 2.462852299999999417e+01 1.009190663780264174e-01
4.057521000000000377e+00 2.456606300000000331e+01 1.011425388174837237e-01
4.062263999999999875e+00 2.465899399999999986e+01 1.016882311092153907e-01
4.067007000000000261e+00 2.463363000000000014e+01 1.019926021573505925e-01
4.071749999999999758e+00 2.486620699999999928e+01 1.028334073045039238e-01
4.076493000000000144e+00 2.471822499999999678e+01 1.028879679123142210e-01
4.081235000000000390e+00 2.480768100000000231e+01 1.034384120393178758e-01
4.085977999999999888e+00 2.465559799999999768e+01 1.034874115084516016e-01
4.090721000000000274e+00 2.467228599999999616e+01 1.038907155688712225e-01
4.095463999999999771e+00 2.460697899999999905e+01 1.041236071643976413e-01
4.100207000000000157e+00 2.472932599999999681e+01 1.047556647617907954e-01
4.104949999999999655e+00 2.469203999999999866e+01 1.050539783186924259e-01
4.109693000000000040e+00 2.467295800000000128e+01 1.053914152312170061e-01
4.114436000000000426e+00 2.473067999999999955e+01 1.058961823427251731e-01
4.119177999999999784e+00 2.467599200000000081e+01 1.061635447061315823e-01
4.123921000000000170e+00 2.477322899999999706e+01 1.067597134693935024e-01
4.128663999999999668e+00 2.457673100000000233e+01 1.067249569817177307e-01
4.133407000000000053e+00 2.465632000000000090e+01 1.072905700321048761e-01
4.138150000000000439e+00 2.477574299999999852e+01 1.079458432197502454e-01
4.142892999999999937e+00 2.474444899999999947e+01 1.082767189037384947e-01
4.147636000000000323e+00 2.473269900000000376e+01 1.086524279148077810e-01
4.152377999999999680e+00 2.472740799999999695e+01 1.090466654813630615e-01
4.157121000000000066e+00 2.469575100000000134e+01 1.093845938502264470e-01
4.161863999999999564e+00 2.462347199999999603e+01 1.096350958720408997e-01
4.166606999999999950e+00 2.476477799999999974e+01 1.103639733586531529e-01
4.171350000000000335e+00 2.488044799999999768e+01 1.110402783797798387e-01
4.176092999999999833e+00 2.477549700000000144e+01 1.112341444493587100e-01
4.180836000000000219e+00 2.482777700000000110e+01 1.119307408764871059e-01
4.185577999999999577e+00 2.467753499999999889e+01 1.119009973580132877e-01
4.190320999999999962e+00 2.477839600000000075e+01 1.125214414725793366e-01
4.195064000000000348e+00 2.467926800000000043e+01 1.127314363303803663e-01
4.199806999999999846e+00 2.462726099999999718e+01 1.130504906548242261e-01
4.204550000000000232e+00 2.465011499999999955e+01 1.135458470173286577e-01
4.209292999999999729e+00 2.456989699999999743e+01 1.138071225789550611e-01
4.214036000000000115e+00 2.450310299999999941e+01 1.141006300692099656e-01
4.218778999999999613e+00 2.464401799999999909e+01 1.148828716735388750e-01
4.223520999999999859e+00 2.464745599999999826e+01 1.153493994981707738e-01
4.228264000000000244e+00 2.456542500000000118e+01 1.156196328023320480e-01
4.233006999999999742e+00 2.450414599999999865e+01 1.159401613892011157e-01
4.237750000000000128e+00 2.490768399999999616e+01 1.173647116551614911e-01
4.242492999999999626e+00 2.490710999999999942e+01 1.178416213668731782e-01
4.247236000000000011e+00 2.465987400000000207e+01 1.177346902813028173e-01
4.251979000000000397e+00 2.466479100000000102e+01 1.182361021817485980e-01
4.256720999999999755e+00 2.467998499999999851e+01 1.189624041674885585e-01
4.261464000000000141e+00 2.480612099999999742e+01 1.195958674748910378e-01
4.266206999999999638e+00 2.466561999999999699e+01 1.197166372968034853e-01
4.270950000000000024e+00 2.466948899999999867e+01 1.202309825256052678e-01
4.275693000000000410e+00 2.463928899999999800e+01 1.206650535721751349e-01
4.280435999999999908e+00 2.464672900000000055e+01 1.211981962102852278e-01
4.285179000000000293e+00 2.468371400000000193e+01 1.218090216762305333e-01
4.289921999999999791e+00 2.472307799999999745e+01 1.224313116663788836e-01
4.294664000000000037e+00 2.482363899999999646e+01 1.232129876511571381e-01
4.299407000000000423e+00 2.472271399999999986e+01 1.234977673945913956e-01
4.304149999999999920e+00 2.476189400000000163e+01 1.241381671721058649e-01
4.308893000000000306e+00 2.456622999999999735e+01 1.241944894803018312e-01
4.313635999999999804e+00 2.466095700000000335e+01 1.249861725602956497e-01
4.318379000000000190e+00 2.464551799999999915e+01 1.255064710259510830e-01
4.323121999999999687e+00 2.462768399999999858e+01 1.261150955857791023e-01
4.327863999999999933e+00 2.462696700000000050e+01 1.266590896283851519e-01
4.332607000000000319e+00 2.493465500000000290e+01 1.279667378742343486e-01
4.337349999999999817e+00 2.482462100000000049e+01 1.282720324342235263e-01
4.342093000000000202e+00 2.468320600000000198e+01 1.284985010603719169e-01
4.346835999999999700e+00 2.471790499999999824e+01 1.291881779419185028e-01
4.351579000000000086e+00 2.464453300000000269e+01 1.296015897397825023e-01
4.356321999999999584e+00 2.464239999999999853e+01 1.302090042026053385e-01
4.361063999999999830e+00 2.465059400000000167e+01 1.308515429531524332e-01
4.365807000000000215e+00 2.467207600000000056e+01 1.315375939959382845e-01
4.370549999999999713e+00 2.467290000000000205e+01 1.321749019616856313e-01
4.375293000000000099e+00 2.491397200000000112e+01 1.334660847059147004e-01
4.380035999999999596e+00 2.483708200000000232e+01 1.339757196660928407e-01
4.384778999999999982e+00 2.479460399999999964e+01 1.345765672338840035e-01
4.389522000000000368e+00 2.484864899999999821e+01 1.352797048485869513e-01
4.394264999999999866e+00 2.496591399999999794e+01 1.362642110729453404e-01
4.399007000000000112e+00 2.474871300000000218e+01 1.359361067728169781e-01
4.403749999999999609e+00 2.459037999999999968e+01 1.355937465714248946e-01
4.408492999999999995e+00 2.471986199999999911e+01 1.360424521263267628e-01
4.413236000000000381e+00 2.474145099999999786e+01 1.361927815856813218e-01
4.417978999999999878e+00 2.440773100000000184e+01 1.353619735786442957e-01
4.422722000000000264e+00 2.478135100000000079e+01 1.364865273063033679e-01
4.427464999999999762e+00 2.468258599999999703e+01 1.363019097207419927e-01
4.432207000000000008e+00 2.457190500000000100e+01 1.360859836543863444e-01
4.436950000000000394e+00 2.477019699999999958e+01 1.367979451846594863e-01
4.441692999999999891e+00 2.470413300000000234e+01 1.372335087705211509e-01
4.446436000000000277e+00 2.469354000000000227e+01 1.379074530191682357e-01
4.451178999999999775e+00 2.480997100000000444e+01 1.389447577527504196e-01
4.455922000000000160e+00 2.459697900000000104e+01 1.390660713686271421e-01
4.460664999999999658e+00 2.473869199999999680e+01 1.401984178161683192e-01
4.465408000000000044e+00 2.472641700000000142e+01 1.409055220864207369e-01
4.470150000000000290e+00 2.463148199999999832e+01 1.413852832750488175e-01
4.474892999999999788e+00 2.464175699999999836e+01 1.421770660583650536e-01
4.479636000000000173e+00 2.464321100000000087e+01 1.429533208917484477e-01
4.484378999999999671e+00 2.479259000000000057e+01 1.441731872194084718e-01
4.489122000000000057e+00 2.463923999999999737e+01 1.445224656615233527e-01
4.493865000000000443e+00 2.452964399999999756e+01 1.450065356820488260e-01
4.498607999999999940e+00 2.479187799999999697e+01 1.466020204338275845e-01
4.503350000000000186e+00 2.482118600000000441e+01 1.475234309871333582e-01
4.508092999999999684e+00 2.469849800000000073e+01 1.480046601435772158e-01
4.512836000000000070e+00 2.480555199999999871e+01 1.491867687049498459e-01
4.517578999999999567e+00 2.468379900000000049e+01 1.496929903299880626e-01
4.522321999999999953e+00 2.485336500000000015e+01 1.510955214470091623e-01
4.527065000000000339e+00 2.473420600000000036e+01 1.516357955299265925e-01
4.531807999999999836e+00 2.481355399999999989e+01 1.527979266485753052e-01
4.536551000000000222e+00 2.471041500000000113e+01 1.534110363141283073e-01
4.541292999999999580e+00 2.486192700000000144e+01 1.548314902525093628e-01
4.546035999999999966e+00 2.469259899999999774e+01 1.552678555383512071e-01
4.550779000000000352e+00 2.471418200000000098e+01 1.563155150999970266e-01
4.555521999999999849e+00 2.471353300000000175e+01 1.573119413053312987e-01
4.560265000000000235e+00 2.499575199999999953e+01 1.592267124196917183e-01
4.565007999999999733e+00 2.497584999999999766e+01 1.602050000554804954e-01
4.569751000000000118e+00 2.502038800000000407e+01 1.614049481943041209e-01
4.574493000000000364e+00 2.486056600000000216e+01 1.619650315624517611e-01
4.579235999999999862e+00 2.472813900000000231e+01 1.626247217493346220e-01
4.583979000000000248e+00 2.467508200000000329e+01 1.635617101819909214e-01
4.588721999999999746e+00 2.473729100000000258e+01 1.649030964899310114e-01
4.593465000000000131e+00 2.487679000000000329e+01 1.665275366287392589e-01
4.598207999999999629e+00 2.456506100000000004e+01 1.666552396055617780e-01
4.602951000000000015e+00 2.479125700000000165e+01 1.686263525616722991e-01
4.607693000000000261e+00 2.485819299999999998e+01 1.700846879114448484e-01
4.612435999999999758e+00 2.489040499999999767e+01 1.714516885597004159e-01
4.617179000000000144e+00 2.470663199999999904e+01 1.720952367333485888e-01
4.621921999999999642e+00 2.479012700000000180e+01 1.736956737691566777e-01
4.626665000000000028e+00 2.520358399999999932e+01 1.764874347544764799e-01
4.631408000000000413e+00 2.490389200000000258e+01 1.768029130288041872e-01
4.636150999999999911e+00 2.481597999999999971e+01 1.778874860042212180e-01
4.640894000000000297e+00 2.504357200000000105e+01 1.801381984441706163e-01
4.645635999999999655e+00 2.466816099999999778e+01 1.802369265424826894e-01
4.650379000000000040e+00 2.482338100000000125e+01 1.822990824628692441e-01
4.655122000000000426e+00 2.470618400000000037e+01 1.833972602774962268e-01
4.659864999999999924e+00 2.493989400000000245e+01 1.858345348731602065e-01
4.664608000000000310e+00 2.490598200000000162e+01 1.873195320201489489e-01
4.669350999999999807e+00 2.487158600000000064e+01 1.888384585260007298e-01
4.674094000000000193e+00 2.511669200000000046e+01 1.914682552654828340e-01
4.678836000000000439e+00 2.481847499999999940e+01 1.920612389278641141e-01
4.683578999999999937e+00 2.471358400000000088e+01 1.934297770146098661e-01
4.688322000000000322e+00 2.486984600000000256e+01 1.958679453787265379e-01
4.693064999999999820e+00 2.487403799999999521e+01 1.977652936186956312e-01
4.697808000000000206e+00 2.503196099999999547e+01 2.003278213642064320e-01
4.702550999999999704e+00 2.536697299999999444e+01 2.036731301137827965e-01
4.707294000000000089e+00 2.494612100000000154e+01 2.040256760778270395e-01
4.712036999999999587e+00 2.472106099999999884e+01 2.052027954411128619e-01
4.716778999999999833e+00 2.482880499999999557e+01 2.078166188784200674e-01
4.721522000000000219e+00 2.512606199999999745e+01 2.113038810148379909e-01
4.726264999999999716e+00 2.496976399999999785e+01 2.129597195657122466e-01
4.731008000000000102e+00 2.499946899999999772e+01 2.154753455529808404e-01
4.735750999999999600e+00 2.513205000000000311e+01 2.185236580698730613e-01
4.740493999999999986e+00 2.498702499999999915e+01 2.204424490253653612e-01
4.745237000000000371e+00 2.456173600000000334e+01 2.211721245046063822e-01
4.749978999999999729e+00 2.504436799999999863e+01 2.260727888091194071e-01
4.754722000000000115e+00 2.502875000000000227e+01 2.288383640372166350e-01
4.759464999999999613e+00 2.495520599999999689e+01 2.314391549906653078e-01
4.764207999999999998e+00 2.508665999999999840e+01 2.351032809695960124e-01
4.768951000000000384e+00 2.493983999999999668e+01 2.375803781843984497e-01
4.773693999999999882e+00 2.484892699999999621e+01 2.404412239047988287e-01
4.778437000000000268e+00 2.502020200000000116e+01 2.447088752798453615e-01
4.783178999999999625e+00 2.482405400000000029e+01 2.473191565066145403e-01
4.787922000000000011e+00 2.481102399999999975e+01 2.509845517553205840e-01
4.792665000000000397e+00 2.451257099999999767e+01 2.533445204452320354e-01
4.797407999999999895e+00 2.481714300000000151e+01 2.589966962455658162e-01
4.802151000000000280e+00 2.498051000000000244e+01 2.641409014817682754e-01
4.806893999999999778e+00 2.523495799999999889e+01 2.700159865387243840e-01
4.811637000000000164e+00 2.520370799999999889e+01 2.746112962193169027e-01
4.816379999999999661e+00 2.538618100000000055e+01 2.806401648030864004e-01
4.821121999999999908e+00 2.498209900000000516e+01 2.836720990721480762e-01
4.825865000000000293e+00 2.513147999999999982e+01 2.901190098358715219e-01
4.830607999999999791e+00 2.517238300000000351e+01 2.962955528093313973e-01
4.835351000000000177e+00 2.502677300000000216e+01 3.017335917588895300e-01
4.840093999999999674e+00 2.480583499999999830e+01 3.070784184862859756e-01
4.844837000000000060e+00 2.493159899999999851e+01 3.150128296260750749e-01
4.849579999999999558e+00 2.526512899999999817e+01 3.248363494658194628e-01
4.854321999999999804e+00 2.499887199999999865e+01 3.313831748923744547e-01
4.859065000000000190e+00 2.474133899999999997e+01 3.385474958053301120e-01
4.863807999999999687e+00 2.536982899999999930e+01 3.525673842564425176e-01
4.868551000000000073e+00 2.511187599999999875e+01 3.613287072467671890e-01
4.873293999999999571e+00 2.497339699999999851e+01 3.718572281951905700e-01
4.878036999999999956e+00 2.489287700000000214e+01 3.839467803459875594e-01
4.882780000000000342e+00 2.526648300000000091e+01 4.009771030044358975e-01
4.887522999999999840e+00 2.525247200000000447e+01 4.166971765581691800e-01
4.892265000000000086e+00 2.501514199999999732e+01 4.324916637491524329e-01
4.897007999999999583e+00 2.564695499999999839e+01 4.584020215255927289e-01
4.901750999999999969e+00 2.534210000000000207e+01 4.791562465342594779e-01
4.906494000000000355e+00 2.504004100000000221e+01 5.036523429800262575e-01
4.911236999999999853e+00 2.519676600000000377e+01 5.380016938013671979e-01
4.915980000000000238e+00 2.466687499999999744e+01 5.719005671713659478e-01
4.920722999999999736e+00 2.544588699999999903e+01 6.316311578848766706e-01
4.925464999999999982e+00 2.596354200000000034e+01 7.055288964517257844e-01
4.930208000000000368e+00 2.718431899999999857e+01 8.187267379294510539e-01
4.934950999999999866e+00 2.626459699999999842e+01 9.524669857741526746e-01
4.939694000000000251e+00 2.590453499999999210e+01 1.221486730089901496e+00
4.944436999999999749e+00 8.550385600000000252e+00 1.215837388957491161e+00