# copyC
# Sample c= 0.0 mg/ml
#
# Number of frames collected: 10
# Exposure time per frame: 0.5
# No significant radiation damage detected, merging 10 files
# Merged from: /data/visitor/mx1905/bm29/20170412/Poker/1d/Sxl_10gs_259_00001.dat
# Merged from: /data/visitor/mx1905/bm29/20170412/Poker/1d/Sxl_10gs_259_00002.dat
# Merged from: /data/visitor/mx1905/bm29/20170412/Poker/1d/Sxl_10gs_259_00003.dat
# Merged from: /data/visitor/mx1905/bm29/20170412/Poker/1d/Sxl_10gs_259_00004.dat
# Merged from: /data/visitor/mx1905/bm29/20170412/Poker/1d/Sxl_10gs_259_00005.dat
# Merged from: /data/visitor/mx1905/bm29/20170412/Poker/1d/Sxl_10gs_259_00006.dat
# Merged from: /data/visitor/mx1905/bm29/20170412/Poker/1d/Sxl_10gs_259_00007.dat
# Merged from: /data/visitor/mx1905/bm29/20170412/Poker/1d/Sxl_10gs_259_00008.dat
# Merged from: /data/visitor/mx1905/bm29/20170412/Poker/1d/Sxl_10gs_259_00009.dat
# Merged from: /data/visitor/mx1905/bm29/20170412/Poker/1d/Sxl_10gs_259_00010.dat
#
# Sample Information:
# Storage Temperature (degrees C): 20.0
# Measurement Temperature (degrees C): 20.03
# Concentration: 0.0
# Code: 
3.082862000000000102e-02 6.077065000000000055e+02 8.381315764152844849e+00
3.557148999999999728e-02 1.175602300000000014e+03 4.806687246704324679e+00
4.031434999999999880e-02 1.140876899999999750e+03 3.119229252425491428e+00
4.505722000000000199e-02 8.931766199999999571e+02 1.962499483392235344e+00
4.980007999999999657e-02 6.075230699999999615e+02 1.449303478695431746e+00
5.454294999999999977e-02 4.339191700000000083e+02 1.152301206027751324e+00
5.928581000000000129e-02 3.167284800000000473e+02 9.359173895610231053e-01
6.402868000000000448e-02 2.457215400000000614e+02 7.859820271414290627e-01
6.877154000000000600e-02 1.980524299999999869e+02 6.778142804440461244e-01
7.351441000000000225e-02 1.608433799999999678e+02 5.885948223098126375e-01
7.825727999999999851e-02 1.341748899999999480e+02 5.175041045688429930e-01
8.300014000000000003e-02 1.128093199999999854e+02 4.593461802358543844e-01
8.774300999999999628e-02 9.833709999999999241e+01 4.161237581026827614e-01
9.248586999999999780e-02 8.636730900000000588e+01 3.789788388650480178e-01
9.722873999999999406e-02 7.651261599999999419e+01 3.463485704461908288e-01
1.019715999999999956e-01 6.900592600000000232e+01 3.205547218202845494e-01
1.067145000000000038e-01 6.368619999999999948e+01 3.005926132176048315e-01
1.114572999999999953e-01 5.892957099999999571e+01 2.826044772217936596e-01
1.162002000000000035e-01 5.465794099999999389e+01 2.662226810480495254e-01
1.209430999999999978e-01 5.132528899999999794e+01 2.525650056961351586e-01
1.256858999999999893e-01 4.882581900000000985e+01 2.414194226027690515e-01
1.304288000000000114e-01 4.615021899999999988e+01 2.302168327297997585e-01
1.351717000000000057e-01 4.408048900000000714e+01 2.207837959776597914e-01
1.399144999999999972e-01 4.260228700000000401e+01 2.131130541786532828e-01
1.446573999999999915e-01 4.093571899999999175e+01 2.052752464136816113e-01
1.494003000000000136e-01 3.959166900000000311e+01 1.985022294768628015e-01
1.541431000000000051e-01 3.830880199999999292e+01 1.924021950665958380e-01
1.588859999999999995e-01 3.750699099999999930e+01 1.873659696075914982e-01
1.636287999999999909e-01 3.640936800000000062e+01 1.817936979076981152e-01
1.683717000000000130e-01 3.532766099999999199e+01 1.764364294636810437e-01
1.731146000000000074e-01 3.482362799999999936e+01 1.726615414359375933e-01
1.778573999999999988e-01 3.378216500000000622e+01 1.676718764017612329e-01
1.826002999999999932e-01 3.322727100000000178e+01 1.640319694461854216e-01
1.873431999999999875e-01 3.271528500000000150e+01 1.606185109853160708e-01
1.920860000000000067e-01 3.219581600000000776e+01 1.572820281756806549e-01
1.968289000000000011e-01 3.176757900000000134e+01 1.542572948374004715e-01
2.015717999999999954e-01 3.126014900000000196e+01 1.511470178169500023e-01
2.063145999999999869e-01 3.087257100000000065e+01 1.484064069132788322e-01
2.110575000000000090e-01 3.076386100000000212e+01 1.462597143062289162e-01
2.158004000000000033e-01 3.065546299999999746e+01 1.443279209014201869e-01
2.205431999999999948e-01 3.008760899999999694e+01 1.414011887564648462e-01
2.252860999999999891e-01 3.003848199999999835e+01 1.397600673896106094e-01
2.300290000000000112e-01 2.984020599999999490e+01 1.378199328507937749e-01
2.347718000000000027e-01 2.938898999999999617e+01 1.353436242241935206e-01
2.395146999999999970e-01 2.923751999999999995e+01 1.336132720831489928e-01
2.442575999999999914e-01 2.907204899999999270e+01 1.318967291615421311e-01
2.490004000000000106e-01 2.887028899999999609e+01 1.301399298551132455e-01
2.537433000000000050e-01 2.875688299999999842e+01 1.286193074041856177e-01
2.584861999999999993e-01 2.868703399999999348e+01 1.272505456098935450e-01
2.632289999999999908e-01 2.849356200000000428e+01 1.256541058941863520e-01
2.679718999999999851e-01 2.834313399999999916e+01 1.241870792636593085e-01
2.727146999999999766e-01 2.827384800000000453e+01 1.229247492881799519e-01
2.774576000000000264e-01 2.806245999999999796e+01 1.214228863381669188e-01
2.822005000000000208e-01 2.793357599999999863e+01 1.201573674343050929e-01
2.869433000000000122e-01 2.778554400000000513e+01 1.188199956792378442e-01
2.916862000000000066e-01 2.762439600000000084e+01 1.174782260499395575e-01
2.964291000000000009e-01 2.737153800000000459e+01 1.159765481144696686e-01
3.011718999999999924e-01 2.742229099999999420e+01 1.151456904156833855e-01
3.059147999999999867e-01 2.729266400000000203e+01 1.139595209055465352e-01
3.106576999999999811e-01 2.715903499999999937e+01 1.127840304447930153e-01
3.154004999999999725e-01 2.751011900000000310e+01 1.126363902634383851e-01
3.201434000000000224e-01 2.712418199999999757e+01 1.109996784851573215e-01
3.248863000000000167e-01 2.707876600000000167e+01 1.100779523697211493e-01
3.296291000000000082e-01 2.699403300000000172e+01 1.090901242904219054e-01
3.343720000000000026e-01 2.715412900000000107e+01 1.086179412018433432e-01
3.391148999999999969e-01 2.707231600000000071e+01 1.088126733023603299e-01
3.438576999999999884e-01 2.706682900000000203e+01 1.102076551618779154e-01
3.486005999999999827e-01 2.710036000000000200e+01 1.130830903164708329e-01
3.533434999999999770e-01 2.713073699999999988e+01 1.152219705959189044e-01
3.580863000000000240e-01 2.696056600000000003e+01 1.162879332039210289e-01
3.628292000000000184e-01 2.683883200000000357e+01 1.171693779046095313e-01
3.675720000000000098e-01 2.672998499999999922e+01 1.178940009416234169e-01
3.723149000000000042e-01 2.680289399999999844e+01 1.189235025568062404e-01
3.770577999999999985e-01 2.682601200000000219e+01 1.197709735902238587e-01
3.818005999999999900e-01 2.671437099999999276e+01 1.201591751186720652e-01
3.865434999999999843e-01 2.658465799999999746e+01 1.204585182600043380e-01
3.912863999999999787e-01 2.679992299999999616e+01 1.214302023669544123e-01
3.960292000000000256e-01 2.665969700000000486e+01 1.216097543946496051e-01
4.007721000000000200e-01 2.691726099999999633e+01 1.227181347000743938e-01
4.055150000000000143e-01 2.665520599999999973e+01 1.263282328162501633e-01
4.102578000000000058e-01 2.660446600000000217e+01 1.294990675301679606e-01
4.150007000000000001e-01 2.651977400000000173e+01 1.321238770981721655e-01
4.197435999999999945e-01 2.668533799999999445e+01 1.345769323781995652e-01
4.244863999999999860e-01 2.666111600000000337e+01 1.366940174671024133e-01
4.292292999999999803e-01 2.659236200000000139e+01 1.386031638880873551e-01
4.339721999999999746e-01 2.671010499999999865e+01 1.410366144907608810e-01
4.387150000000000216e-01 2.654725699999999478e+01 1.426573050771428319e-01
4.434579000000000160e-01 2.638449400000000722e+01 1.443085936684645465e-01
4.482008000000000103e-01 2.643217400000000339e+01 1.468777225892612948e-01
4.529436000000000018e-01 2.635776900000000111e+01 1.490613569004146655e-01
4.576864999999999961e-01 2.632256199999999779e+01 1.505173528971470442e-01
4.624293999999999905e-01 2.631642599999999987e+01 1.517534845165352531e-01
4.671721999999999819e-01 2.649678700000000120e+01 1.515203548296590874e-01
4.719150999999999763e-01 2.675164900000000401e+01 1.462549785108794020e-01
4.766579000000000232e-01 2.655466799999999949e+01 1.429719791096014103e-01
4.814008000000000176e-01 2.658654600000000556e+01 1.412404702973347470e-01
4.861437000000000119e-01 2.654520899999999983e+01 1.397414077596010884e-01
4.908865000000000034e-01 2.644175699999999551e+01 1.383317438984924264e-01
4.956293999999999977e-01 2.644989400000000046e+01 1.373793703242215392e-01
5.003722999999999921e-01 2.649896400000000085e+01 1.366420171475011547e-01
5.051151000000000391e-01 2.641055000000000064e+01 1.356398130527228241e-01
5.098580000000000334e-01 2.649681499999999801e+01 1.351548911994830404e-01
5.146009000000000277e-01 2.646463200000000171e+01 1.344205526013860785e-01
5.193436999999999637e-01 2.636578700000000097e+01 1.335555220574038970e-01
5.240865999999999580e-01 2.631029699999999849e+01 1.328401765496643738e-01
5.288294999999999524e-01 2.635320399999999808e+01 1.324040982224870544e-01
5.335722999999999994e-01 2.646491599999999877e+01 1.319043776357562980e-01
5.383151999999999937e-01 2.640120099999999681e+01 1.307948052070123379e-01
5.430580999999999881e-01 2.633526200000000017e+01 1.297213826553718086e-01
5.478009000000000350e-01 2.626583199999999607e+01 1.286766184287895520e-01
5.525438000000000294e-01 2.614759099999999847e+01 1.275460158684139367e-01
5.572867000000000237e-01 2.618479400000000012e+01 1.268184180905742864e-01
5.620294999999999597e-01 2.604482499999999590e+01 1.256903590712780405e-01
5.667723999999999540e-01 2.613815800000000422e+01 1.251501914041185104e-01
5.715152000000000010e-01 2.597969500000000309e+01 1.240295753633055692e-01
5.762580999999999953e-01 2.615426899999999932e+01 1.237186560851204070e-01
5.810009999999999897e-01 2.631926900000000202e+01 1.234323925668456834e-01
5.857438000000000367e-01 2.615567300000000017e+01 1.226802550961730576e-01
5.904867000000000310e-01 2.606210499999999541e+01 1.221662269816646135e-01
5.952296000000000253e-01 2.613145400000000151e+01 1.220334290128840121e-01
5.999723999999999613e-01 2.606671200000000255e+01 1.217194178665368109e-01
6.047152999999999556e-01 2.608313500000000573e+01 1.214499660936445152e-01
6.094581999999999500e-01 2.618304499999999990e+01 1.212921305573943648e-01
6.142009999999999970e-01 2.614961699999999922e+01 1.210442250008954418e-01
6.189438999999999913e-01 2.618881400000000070e+01 1.207414926110837727e-01
6.236867999999999856e-01 2.614105300000000653e+01 1.203530285860413968e-01
6.284296000000000326e-01 2.622300299999999851e+01 1.202672842497701094e-01
6.331725000000000270e-01 2.603689699999999974e+01 1.195657124182890330e-01
6.379154000000000213e-01 2.617930600000000396e+01 1.196202596873313928e-01
6.426581999999999573e-01 2.607019900000000234e+01 1.191029802112734820e-01
6.474010999999999516e-01 2.613339700000000221e+01 1.189819138383884783e-01
6.521439999999999459e-01 2.599158399999999958e+01 1.183929252185961650e-01
6.568867999999999929e-01 2.597332499999999911e+01 1.180884985452389235e-01
6.616296999999999873e-01 2.616485600000000389e+01 1.182626619259307954e-01
6.663725999999999816e-01 2.587680900000000150e+01 1.173532742614167707e-01
6.711154000000000286e-01 2.610994200000000021e+01 1.176220131698845900e-01
6.758583000000000229e-01 2.600742900000000191e+01 1.171351112542989570e-01
6.806010999999999589e-01 2.602740700000000018e+01 1.169271097541310089e-01
6.853439999999999532e-01 2.620196000000000325e+01 1.170674312713228665e-01
6.900868999999999476e-01 2.611486000000000018e+01 1.166212105531588134e-01
6.948296999999999946e-01 2.609561199999999914e+01 1.163285305440445311e-01
6.995725999999999889e-01 2.599927900000000136e+01 1.158674000595598941e-01
7.043154999999999832e-01 2.600952799999999598e+01 1.156464173693915187e-01
7.090583000000000302e-01 2.586576699999999818e+01 1.150824901266330746e-01
7.138012000000000246e-01 2.588784300000000371e+01 1.148891038633581829e-01
7.185441000000000189e-01 2.602964300000000009e+01 1.149632529175005358e-01
7.232868999999999549e-01 2.599876800000000188e+01 1.146573331097047455e-01
7.280297999999999492e-01 2.596297600000000472e+01 1.143402932143839645e-01
7.327727000000000546e-01 2.585455299999999923e+01 1.138647590906001206e-01
7.375154999999999905e-01 2.604020999999999475e+01 1.140386601154849550e-01
7.422583999999999849e-01 2.614695300000000344e+01 1.140393561441334358e-01
7.470012999999999792e-01 2.598734599999999517e+01 1.134584891150816482e-01
7.517441000000000262e-01 2.590512400000000071e+01 1.130476867814989850e-01
7.564870000000000205e-01 2.586871899999999869e+01 1.127403276796169196e-01
7.612299000000000149e-01 2.582861199999999968e+01 1.124269963127153132e-01
7.659726999999999508e-01 2.589994100000000188e+01 1.123558278375184905e-01
7.707155999999999452e-01 2.588160700000000247e+01 1.120903997857929796e-01
7.754585000000000505e-01 2.610394800000000259e+01 1.123476483859769115e-01
7.802012999999999865e-01 2.603266199999999841e+01 1.120830774919987782e-01
7.849441999999999808e-01 2.599112999999999829e+01 1.117333398295213415e-01
7.896870000000000278e-01 2.594790199999999913e+01 1.113475745106443648e-01
7.944299000000000222e-01 2.584110800000000197e+01 1.109008781080551148e-01
7.991728000000000165e-01 2.588429800000000114e+01 1.107776006346901376e-01
8.039155999999999525e-01 2.602145300000000105e+01 1.108543288914140695e-01
8.086584999999999468e-01 2.596827300000000349e+01 1.105250729417311950e-01
8.134014000000000522e-01 2.590045699999999940e+01 1.101677407081315119e-01
8.181441999999999881e-01 2.608259300000000280e+01 1.104258541674158767e-01
8.228870999999999825e-01 2.586971499999999580e+01 1.096848278358752704e-01
8.276299999999999768e-01 2.588151300000000177e+01 1.094946837816923590e-01
8.323728000000000238e-01 2.587674299999999761e+01 1.092762474392143385e-01
8.371157000000000181e-01 2.569488199999999978e+01 1.086860946717835563e-01
8.418586000000000125e-01 2.569594200000000228e+01 1.084827600383254376e-01
8.466013999999999484e-01 2.584167699999999712e+01 1.085837296447317579e-01
8.513443000000000538e-01 2.586848800000000281e+01 1.084366392233395426e-01
8.560872000000000481e-01 2.570737500000000253e+01 1.078971641531690367e-01
8.608299999999999841e-01 2.574086799999999897e+01 1.077662324300218827e-01
8.655728999999999784e-01 2.585913899999999899e+01 1.078118490374578436e-01
8.703157999999999728e-01 2.571585499999999769e+01 1.073141403518157039e-01
8.750586000000000197e-01 2.576920400000000200e+01 1.072280405658366104e-01
8.798015000000000141e-01 2.582352799999999959e+01 1.071439092217929129e-01
8.845442999999999500e-01 2.590871699999999578e+01 1.071230292619107932e-01
8.892872000000000554e-01 2.603344000000000236e+01 1.071846295148380923e-01
8.940301000000000498e-01 2.594637199999999666e+01 1.068116158130561211e-01
8.987728999999999857e-01 2.587152400000000085e+01 1.064643649884645660e-01
9.035157999999999801e-01 2.581948699999999874e+01 1.061639728678147182e-01
9.082586999999999744e-01 2.574001400000000217e+01 1.058100894759568672e-01
9.130015000000000214e-01 2.567746999999999957e+01 1.054926145768636248e-01
9.177444000000000157e-01 2.582650199999999785e+01 1.056095320766567980e-01
9.224873000000000101e-01 2.586545299999999514e+01 1.054998032776256062e-01
9.272300999999999460e-01 2.582787099999999469e+01 1.052361661250627300e-01
9.319730000000000514e-01 2.579534400000000716e+01 1.049845146497344200e-01
9.367159000000000457e-01 2.576328600000000080e+01 1.047346388770348524e-01
9.414586999999999817e-01 2.583165699999999987e+01 1.046881305005276097e-01
9.462015999999999760e-01 2.591087999999999880e+01 1.046649877988417854e-01
9.509444999999999704e-01 2.588185199999999853e+01 1.044245983415516832e-01
9.556873000000000173e-01 2.559525199999999856e+01 1.036644310016811010e-01
9.604302000000000117e-01 2.578233399999999875e+01 1.038611613228563879e-01
9.651731000000000060e-01 2.582033700000000209e+01 1.037581959101559204e-01
9.699159000000000530e-01 2.592294600000000315e+01 1.037857774068571548e-01
9.746588000000000473e-01 2.582988700000000293e+01 1.034218216390032363e-01
9.794017000000000417e-01 2.564919599999999988e+01 1.028819960915441090e-01
9.841444999999999776e-01 2.577647400000000033e+01 1.029610791591871466e-01
9.888873999999999720e-01 2.571324200000000104e+01 1.026606953710123699e-01
9.936302000000000190e-01 2.563901900000000111e+01 1.023391652245409789e-01
9.983731000000000133e-01 2.570779799999999682e+01 1.023022559944803955e-01
1.003115999999999897e+00 2.569906100000000038e+01 1.021127174192646841e-01
1.007859000000000060e+00 2.578891399999999834e+01 1.021200849591724635e-01
1.012602000000000002e+00 2.573457700000000159e+01 1.018422440005266189e-01
1.017344999999999944e+00 2.566735200000000106e+01 1.015384883527079146e-01
1.022086999999999968e+00 2.572309800000000024e+01 1.014798314227743636e-01
1.026829999999999909e+00 2.567408300000000310e+01 1.012158652381196788e-01
1.031573000000000073e+00 2.560327600000000103e+01 1.009095814891598913e-01
1.036316000000000015e+00 2.563512099999999805e+01 1.008051703449019537e-01
1.041058999999999957e+00 2.550370200000000054e+01 1.003816056005446822e-01
1.045801999999999898e+00 2.576267700000000360e+01 1.007254292199442763e-01
1.050545000000000062e+00 2.579571399999999670e+01 1.006260919035962542e-01
1.055287000000000086e+00 2.576973600000000175e+01 1.004108061739397567e-01
1.060030000000000028e+00 2.565166800000000080e+01 1.000184219998286189e-01
1.064772999999999969e+00 2.565310000000000201e+01 9.986017703773261700e-02
1.069515999999999911e+00 2.574159999999999826e+01 9.987165115126964143e-02
1.074259000000000075e+00 2.584284800000000359e+01 9.990619653813771761e-02
1.079002000000000017e+00 2.570340200000000053e+01 9.947688627316296495e-02
1.083744999999999958e+00 2.567481400000000491e+01 9.928490217914957838e-02
1.088487999999999900e+00 2.550463300000000189e+01 9.882025942308489408e-02
1.093229999999999924e+00 2.550007400000000146e+01 9.861073496733355204e-02
1.097973000000000088e+00 2.570057399999999959e+01 9.884113570574803997e-02
1.102716000000000030e+00 2.575151399999999668e+01 9.878373306586160640e-02
1.107458999999999971e+00 2.566741499999999832e+01 9.846780661452451955e-02
1.112201999999999913e+00 2.569999500000000126e+01 9.837498951501494338e-02
1.116945000000000077e+00 2.572283800000000298e+01 9.826509162392156604e-02
1.121688000000000018e+00 2.578425600000000628e+01 9.822954769583386314e-02
1.126430000000000042e+00 2.566693099999999816e+01 9.785412983799815501e-02
1.131172999999999984e+00 2.565141200000000410e+01 9.767229522203468850e-02
1.135915999999999926e+00 2.546597700000000231e+01 9.716846064017994888e-02
1.140659000000000090e+00 2.566864999999999597e+01 9.740478843408419130e-02
1.145402000000000031e+00 2.568430900000000250e+01 9.728538736425887401e-02
1.150144999999999973e+00 2.568150299999999930e+01 9.713057164002124322e-02
1.154887999999999915e+00 2.554189500000000024e+01 9.671844000433009458e-02
1.159631000000000078e+00 2.559597300000000430e+01 9.667399235351978315e-02
1.164373000000000102e+00 2.572519700000000142e+01 9.677151686945287268e-02
1.169116000000000044e+00 2.571001000000000047e+01 9.666841794979683100e-02
1.173858999999999986e+00 2.574074100000000342e+01 9.655424539968607278e-02
1.178601999999999927e+00 2.566791999999999874e+01 9.622661778548699529e-02
1.183345000000000091e+00 2.560904299999999623e+01 9.597275576849140233e-02
1.188088000000000033e+00 2.554849200000000309e+01 9.571526724486748017e-02
1.192830999999999975e+00 2.553197800000000228e+01 9.554165939193384749e-02
1.197572999999999999e+00 2.550300999999999974e+01 9.534597785781737111e-02
1.202315999999999940e+00 2.563151399999999924e+01 9.544492100846645177e-02
1.207059000000000104e+00 2.570117099999999866e+01 9.574220764775480397e-02
1.211802000000000046e+00 2.578182099999999721e+01 9.903224212818015348e-02
1.216544999999999987e+00 2.561866600000000105e+01 1.007731795711899608e-01
1.221287999999999929e+00 2.569006800000000368e+01 1.024305576663868400e-01
1.226031000000000093e+00 2.546370699999999587e+01 1.032551009042783352e-01
1.230774000000000035e+00 2.551897799999999705e+01 1.045067614610045298e-01
1.235516000000000059e+00 2.562659899999999880e+01 1.057745824503429494e-01
1.240259000000000000e+00 2.558227899999999977e+01 1.066613498311604902e-01
1.245001999999999942e+00 2.560423400000000171e+01 1.076314830647580462e-01
1.249745000000000106e+00 2.550424399999999636e+01 1.083022092490605603e-01
1.254488000000000048e+00 2.534467900000000284e+01 1.088072469144353571e-01
1.259230999999999989e+00 2.542706999999999695e+01 1.095391912190851469e-01
1.263973999999999931e+00 2.548919299999999666e+01 1.099548664708329265e-01
1.268715999999999955e+00 2.548008200000000301e+01 1.102018251664172721e-01
1.273458999999999897e+00 2.565871800000000036e+01 1.087752650624341094e-01
1.278202000000000060e+00 2.574028000000000205e+01 1.049215246568248328e-01
1.282945000000000002e+00 2.554446100000000186e+01 1.025279769909247796e-01
1.287687999999999944e+00 2.566613500000000414e+01 1.013246540945993007e-01
1.292431000000000108e+00 2.561451699999999931e+01 1.000535923413782280e-01
1.297174000000000049e+00 2.550370500000000007e+01 9.884276802256299066e-02
1.301916000000000073e+00 2.560563499999999948e+01 9.816234457445481565e-02
1.306659000000000015e+00 2.561180299999999832e+01 9.738550057734571275e-02
1.311401999999999957e+00 2.580794200000000416e+01 9.703593689929468358e-02
1.316144999999999898e+00 2.579183100000000195e+01 9.633961031230767191e-02
1.320888000000000062e+00 2.559467400000000126e+01 9.549289465071628125e-02
1.325631000000000004e+00 2.549381700000000350e+01 9.505913912159734414e-02
1.330373999999999945e+00 2.565175900000000553e+01 9.512056311256676666e-02
1.335117000000000109e+00 2.562261300000000119e+01 9.484424579296732438e-02
1.339858999999999911e+00 2.554058700000000215e+01 9.447738042399195235e-02
1.344602000000000075e+00 2.563434600000000074e+01 9.444325327271556325e-02
1.349345000000000017e+00 2.545083900000000199e+01 9.390498923335063863e-02
1.354087999999999958e+00 2.552750100000000444e+01 9.385228474132742416e-02
1.358830999999999900e+00 2.549100800000000078e+01 9.359542573222849604e-02
1.363574000000000064e+00 2.559459499999999821e+01 9.360021124336900811e-02
1.368317000000000005e+00 2.571893100000000487e+01 9.364635626390489798e-02
1.373059000000000029e+00 2.557121799999999823e+01 9.320091181413944770e-02
1.377801999999999971e+00 2.563618500000000111e+01 9.314523525019516303e-02
1.382544999999999913e+00 2.565049499999999938e+01 9.300055336487628166e-02
1.387288000000000077e+00 2.555161899999999875e+01 9.265460279868668880e-02
1.392031000000000018e+00 2.547553000000000267e+01 9.235292364489387784e-02
1.396773999999999960e+00 2.553422399999999826e+01 9.229727728757983196e-02
1.401516999999999902e+00 2.554857100000000258e+01 9.216369674438193438e-02
1.406260000000000066e+00 2.559131400000000411e+01 9.208401346213848648e-02
1.411002000000000089e+00 2.564297200000000387e+01 9.202245523843026465e-02
1.415745000000000031e+00 2.542874499999999927e+01 9.148412160584315500e-02
1.420487999999999973e+00 2.544447900000000473e+01 9.136177844139473092e-02
1.425230999999999915e+00 2.540429500000000118e+01 9.114109082026120023e-02
1.429974000000000078e+00 2.550746800000000292e+01 9.117912989635074128e-02
1.434717000000000020e+00 2.568652999999999764e+01 9.135202690119853530e-02
1.439459999999999962e+00 2.546804799999999958e+01 9.081850234882152262e-02
1.444201999999999986e+00 2.550776000000000110e+01 9.074664349281905129e-02
1.448944999999999927e+00 2.560518499999999875e+01 9.077874835660106057e-02
1.453688000000000091e+00 2.539468000000000103e+01 9.026488825202355626e-02
1.458431000000000033e+00 2.543510299999999447e+01 9.019791140895502823e-02
1.463173999999999975e+00 2.538385000000000247e+01 8.999399500354675341e-02
1.467916999999999916e+00 2.540812800000000138e+01 8.990317305283167248e-02
1.472660000000000080e+00 2.546773499999999757e+01 8.984797149289627805e-02
1.477402000000000104e+00 2.550485199999999608e+01 8.977921667552908602e-02
1.482145000000000046e+00 2.565343800000000130e+01 8.990729766544704182e-02
1.486887999999999987e+00 2.555472400000000022e+01 8.960286957218223380e-02
1.491630999999999929e+00 2.545960899999999683e+01 8.930502187509893608e-02
1.496374000000000093e+00 2.547072499999999806e+01 8.919418609807311382e-02
1.501117000000000035e+00 2.558472800000000191e+01 8.930988336909582992e-02
1.505859999999999976e+00 2.560912600000000339e+01 9.095057160944014507e-02
1.510602999999999918e+00 2.565089199999999892e+01 9.358509695357000724e-02
1.515344999999999942e+00 2.566652000000000200e+01 9.516480119521029957e-02
1.520088000000000106e+00 2.559992499999999893e+01 9.629346734287118348e-02
1.524831000000000047e+00 2.550214700000000079e+01 9.720002286504308975e-02
1.529573999999999989e+00 2.543598000000000070e+01 9.783794984244509330e-02
1.534316999999999931e+00 2.576719299999999890e+01 9.573565184253304827e-02
1.539060000000000095e+00 2.569856599999999958e+01 9.412424565112115227e-02
1.543803000000000036e+00 2.557080400000000253e+01 9.289973581801888591e-02
1.548545000000000060e+00 2.557018500000000216e+01 9.192853118155647207e-02
1.553288000000000002e+00 2.547101599999999877e+01 9.093580249356411627e-02
1.558030999999999944e+00 2.553785799999999639e+01 9.028826220396536650e-02
1.562774000000000107e+00 2.550730499999999878e+01 8.933094100741692523e-02
1.567517000000000049e+00 2.540915299999999988e+01 8.833837022506980940e-02
1.572259999999999991e+00 2.544038400000000166e+01 8.787443038771858284e-02
1.577002999999999933e+00 2.553899899999999690e+01 8.769859603192800557e-02
1.581746000000000096e+00 2.539767900000000367e+01 8.728683985335361495e-02
1.586487999999999898e+00 2.540878199999999865e+01 8.732885839961782026e-02
1.591231000000000062e+00 2.541433400000000020e+01 8.745029741479212748e-02
1.595974000000000004e+00 2.553390300000000224e+01 8.776384139153892150e-02
1.600716999999999945e+00 2.534418600000000055e+01 8.751325613478851129e-02
1.605460000000000109e+00 2.541668600000000211e+01 8.752457910042583944e-02
1.610203000000000051e+00 2.548111000000000104e+01 8.748893471554389234e-02
1.614945999999999993e+00 2.551931699999999736e+01 8.741160207048317976e-02
1.619688000000000017e+00 2.531270999999999916e+01 8.691762008537798345e-02
1.624430999999999958e+00 2.548452700000000348e+01 8.707435344822320178e-02
1.629173999999999900e+00 2.552520899999999671e+01 8.700787783337551873e-02
1.633917000000000064e+00 2.557836499999999802e+01 8.696511594650638277e-02
1.638660000000000005e+00 2.546363299999999796e+01 8.663871379436503817e-02
1.643402999999999947e+00 2.528889099999999601e+01 8.621199454959907471e-02
1.648146000000000111e+00 2.549152200000000335e+01 8.642845073956144375e-02
1.652889000000000053e+00 2.560877699999999635e+01 8.650037691252160377e-02
1.657631000000000077e+00 2.547036899999999804e+01 8.614195164672901195e-02
1.662374000000000018e+00 2.546358400000000088e+01 8.600682169897920504e-02
1.667116999999999960e+00 2.562046600000000041e+01 8.614853629067473206e-02
1.671859999999999902e+00 2.544891100000000250e+01 8.573894378305520203e-02
1.676603000000000065e+00 2.544846599999999981e+01 8.561888409152446089e-02
1.681346000000000007e+00 2.535010499999999567e+01 8.533486156857991722e-02
1.686088999999999949e+00 2.540036199999999411e+01 8.530153453031955046e-02
1.690830999999999973e+00 2.529704399999999964e+01 8.501189487690002933e-02
1.695573999999999915e+00 2.547467200000000531e+01 8.519455698309547076e-02
1.700317000000000078e+00 2.539651099999999673e+01 8.494913725581443309e-02
1.705060000000000020e+00 2.534745799999999605e+01 8.475320379592089781e-02
1.709802999999999962e+00 2.531423499999999649e+01 8.458514564422763005e-02
1.714545999999999903e+00 2.543803899999999629e+01 8.468013955174613638e-02
1.719289000000000067e+00 2.538594600000000057e+01 8.448223027555380737e-02
1.724031000000000091e+00 2.537883599999999973e+01 8.435963689238651364e-02
1.728774000000000033e+00 2.530408100000000005e+01 8.412589959962686603e-02
1.733516999999999975e+00 2.538421299999999903e+01 8.415059754768232370e-02
1.738259999999999916e+00 2.547004399999999791e+01 8.418429153766396333e-02
1.743003000000000080e+00 2.549926899999999819e+01 8.412438552778142564e-02
1.747746000000000022e+00 2.540819900000000331e+01 8.386737305352480465e-02
1.752488999999999963e+00 2.540960999999999714e+01 8.376371747689151381e-02
1.757231999999999905e+00 2.555678500000000142e+01 8.390003488149454236e-02
1.761973999999999929e+00 2.538539899999999960e+01 8.351300598293656674e-02
1.766717000000000093e+00 2.526670600000000277e+01 8.321360489361699642e-02
1.771460000000000035e+00 2.522846599999999739e+01 8.304735231087442826e-02
1.776202999999999976e+00 2.530527499999999819e+01 8.310796170144410522e-02
1.780945999999999918e+00 2.528394099999999867e+01 8.297287159983074423e-02
1.785689000000000082e+00 2.539823200000000014e+01 8.301827657903289304e-02
1.790432000000000023e+00 2.540193400000000423e+01 8.292307448204087883e-02
1.795174000000000047e+00 2.538115299999999763e+01 8.278813795827275057e-02
1.799916999999999989e+00 2.527898499999999871e+01 8.252059441851590516e-02
1.804659999999999931e+00 2.544407500000000155e+01 8.268981288670811114e-02
1.809403000000000095e+00 2.546146900000000102e+01 8.261867879328681219e-02
1.814146000000000036e+00 2.530383199999999633e+01 8.226377978343871189e-02
1.818888999999999978e+00 2.528365600000000057e+01 8.213238789655759320e-02
1.823631999999999920e+00 2.531273900000000410e+01 8.208176769495037495e-02
1.828375000000000083e+00 2.527794300000000050e+01 8.192821100214138508e-02
1.833117000000000107e+00 2.538027699999999953e+01 8.199676273774532398e-02
1.837860000000000049e+00 2.531487900000000124e+01 8.179436960611591312e-02
1.842602999999999991e+00 2.527884200000000448e+01 8.164016642856566919e-02
1.847345999999999933e+00 2.537365400000000193e+01 8.169768578722594321e-02
1.852089000000000096e+00 2.542949600000000032e+01 8.175948675808512867e-02
1.856832000000000038e+00 2.530478699999999748e+01 8.140242454994814358e-02
1.861574999999999980e+00 2.535175599999999818e+01 8.137780107347211689e-02
1.866317000000000004e+00 2.530453500000000489e+01 8.120812461170864860e-02
1.871059999999999945e+00 2.530601099999999803e+01 8.111721142064673429e-02
1.875803000000000109e+00 2.515489200000000025e+01 8.078146294359368762e-02
1.880546000000000051e+00 2.525318900000000255e+01 8.084653447909997959e-02
1.885288999999999993e+00 2.520468899999999834e+01 8.067704923833109165e-02
1.890031999999999934e+00 2.522142499999999998e+01 8.061203323447807545e-02
1.894775000000000098e+00 2.530923000000000300e+01 8.066027866084521381e-02
1.899516999999999900e+00 2.529900800000000061e+01 8.055306971945760952e-02
1.904260000000000064e+00 2.516795700000000124e+01 8.025369203613003100e-02
1.909003000000000005e+00 2.520065100000000058e+01 8.021580114449460008e-02
1.913745999999999947e+00 2.521110300000000137e+01 8.014206424666822648e-02
1.918489000000000111e+00 2.514469000000000420e+01 7.994727081761202059e-02
1.923232000000000053e+00 2.524659799999999876e+01 8.002013352783536593e-02
1.927974999999999994e+00 2.533848899999999915e+01 8.007431906678319500e-02
1.932717999999999936e+00 2.531288300000000291e+01 7.988215757010636020e-02
1.937459999999999960e+00 2.532192600000000127e+01 7.971007545637376346e-02
1.942202999999999902e+00 2.527889800000000520e+01 7.942522483729523575e-02
1.946946000000000065e+00 2.522565900000000028e+01 7.914875405617766146e-02
1.951689000000000007e+00 2.518186799999999792e+01 7.892414308748749163e-02
1.956431999999999949e+00 2.513483999999999696e+01 7.876530038537528366e-02
1.961174999999999891e+00 2.522489200000000409e+01 7.882334256055816002e-02
1.965918000000000054e+00 2.515695799999999593e+01 7.863544175729351993e-02
1.970660000000000078e+00 2.517518899999999960e+01 7.862683181006724364e-02
1.975403000000000020e+00 2.529320399999999580e+01 7.878979495894186669e-02
1.980145999999999962e+00 2.512177900000000363e+01 7.854392677727095595e-02
1.984888999999999903e+00 2.515894799999999876e+01 7.862284562600999060e-02
1.989632000000000067e+00 2.511360400000000226e+01 7.857261182140568012e-02
1.994375000000000009e+00 2.523903600000000225e+01 7.873976671796914517e-02
1.999117999999999951e+00 2.520938899999999450e+01 7.858038537570938287e-02
2.003861000000000114e+00 2.524573200000000028e+01 7.855339288468830838e-02
2.008602999999999916e+00 2.521361300000000227e+01 7.841961971746802540e-02
2.013345999999999858e+00 2.539798299999999998e+01 7.932063001907761757e-02
2.018088999999999800e+00 2.522743999999999431e+01 8.136072729571434958e-02
2.022832000000000185e+00 2.528337499999999949e+01 8.279895218775658317e-02
2.027575000000000127e+00 2.528483299999999900e+01 8.384851596937539786e-02
2.032318000000000069e+00 2.516866099999999662e+01 8.455260879250445227e-02
2.037061000000000011e+00 2.512878800000000368e+01 8.528971810121487029e-02
2.041802999999999813e+00 2.520533800000000113e+01 8.614351937548291038e-02
2.046546000000000198e+00 2.501918900000000079e+01 8.621718280544256319e-02
2.051289000000000140e+00 2.507889600000000030e+01 8.658507930124217933e-02
2.056032000000000082e+00 2.518731899999999868e+01 8.701809932414290849e-02
2.060775000000000023e+00 2.500425600000000159e+01 8.693051200299869996e-02
2.065517999999999965e+00 2.486290599999999884e+01 8.689853591682601686e-02
2.070260999999999907e+00 2.513586800000000210e+01 8.757819920514578471e-02
2.075003000000000153e+00 2.518351499999999987e+01 8.785473818412925517e-02
2.079746000000000095e+00 2.530504800000000643e+01 8.595011549193055933e-02
2.084489000000000036e+00 2.523871499999999912e+01 8.365675523429891292e-02
2.089231999999999978e+00 2.528666299999999723e+01 8.253862352817982473e-02
2.093974999999999920e+00 2.522763100000000236e+01 8.153857280280603359e-02
2.098717999999999861e+00 2.520767900000000239e+01 8.076200588652501788e-02
2.103460999999999803e+00 2.528341400000000050e+01 8.024082049868756783e-02
2.108204000000000189e+00 2.503293899999999894e+01 7.939861662592870295e-02
2.112945999999999991e+00 2.505928999999999718e+01 7.922914233209457646e-02
2.117688999999999933e+00 2.516003500000000059e+01 7.919620226261799012e-02
2.122431999999999874e+00 2.509200900000000090e+01 7.891005980719568991e-02
2.127174999999999816e+00 2.517258800000000107e+01 7.886913973401574185e-02
2.131918000000000202e+00 2.523613700000000293e+01 7.880983275492151052e-02
2.136661000000000143e+00 2.495389099999999871e+01 7.821788852589413310e-02
2.141404000000000085e+00 2.509119899999999959e+01 7.828843209281943771e-02
2.146145999999999887e+00 2.505988200000000532e+01 7.810121907205930247e-02
2.150888999999999829e+00 2.515974599999999839e+01 7.812306248777053930e-02
2.155632000000000215e+00 2.514541900000000041e+01 7.797215062533033314e-02
2.160375000000000156e+00 2.515289700000000295e+01 7.785827479459264677e-02
2.165118000000000098e+00 2.496435500000000118e+01 7.744471163494703880e-02
2.169861000000000040e+00 2.511145699999999792e+01 7.755438062507236108e-02
2.174603999999999981e+00 2.502228600000000114e+01 7.730130902239107371e-02
2.179346999999999923e+00 2.498246500000000125e+01 7.712681302113812143e-02
2.184089000000000169e+00 2.501413600000000059e+01 7.706542629728847793e-02
2.188832000000000111e+00 2.513933499999999555e+01 7.714976211543624063e-02
2.193575000000000053e+00 2.515185400000000016e+01 7.706260201103061480e-02
2.198317999999999994e+00 2.514832100000000281e+01 7.695226753166471700e-02
2.203060999999999936e+00 2.510109300000000232e+01 7.677703625955420441e-02
2.207803999999999878e+00 2.508789499999999961e+01 7.665602187152945057e-02
2.212546999999999819e+00 2.506009900000000101e+01 7.651414509622649074e-02
2.217289000000000065e+00 2.504341499999999954e+01 7.639031531427593891e-02
2.222032000000000007e+00 2.498714800000000125e+01 7.620748052689906016e-02
2.226774999999999949e+00 2.509964599999999990e+01 7.628324094945168610e-02
2.231517999999999891e+00 2.504691800000000157e+01 7.610873597956084591e-02
2.236260999999999832e+00 2.506846300000000127e+01 7.604775262073298903e-02
2.241004000000000218e+00 2.514644300000000143e+01 7.607355293784627548e-02
2.245747000000000160e+00 2.494673900000000089e+01 7.567986313519733943e-02
2.250490000000000101e+00 2.488880300000000290e+01 7.550195944387204372e-02
2.255231999999999903e+00 2.497850799999999793e+01 7.554843427694779567e-02
2.259974999999999845e+00 2.495219900000000024e+01 7.542009635116955768e-02
2.264717999999999787e+00 2.500553100000000128e+01 7.541316344327958499e-02
2.269461000000000173e+00 2.489637599999999651e+01 7.516165581034320309e-02
2.274204000000000114e+00 2.501442600000000027e+01 7.525315040525545895e-02
2.278947000000000056e+00 2.494823400000000291e+01 7.506822303777811733e-02
2.283689999999999998e+00 2.498470700000000022e+01 7.503841594934423931e-02
2.288431999999999800e+00 2.500982799999999884e+01 7.499224924627011235e-02
2.293175000000000185e+00 2.503541600000000145e+01 7.494683812655208999e-02
2.297918000000000127e+00 2.493791299999999822e+01 7.471810419853074092e-02
2.302661000000000069e+00 2.505416900000000169e+01 7.480977432009802697e-02
2.307404000000000011e+00 2.497078800000000598e+01 7.460387666663106931e-02
2.312146999999999952e+00 2.499003800000000197e+01 7.455125728670779217e-02
2.316889999999999894e+00 2.489594199999999802e+01 7.433036944053958428e-02
2.321632000000000140e+00 2.503067000000000064e+01 7.445147667562543314e-02
2.326375000000000082e+00 2.497061899999999923e+01 7.428281498057609511e-02
2.331118000000000023e+00 2.496579100000000295e+01 7.419627937134179452e-02
2.335860999999999965e+00 2.500043900000000008e+01 7.416937810890286698e-02
2.340603999999999907e+00 2.500785999999999731e+01 7.410213582677223354e-02
2.345346999999999849e+00 2.497194200000000208e+01 7.397175552677183463e-02
2.350089999999999790e+00 2.491478099999999785e+01 7.380992389597010317e-02
2.354833000000000176e+00 2.497762300000000124e+01 7.382601892532129895e-02
2.359574999999999978e+00 2.492799600000000027e+01 7.367685629958908855e-02
2.364317999999999920e+00 2.488721000000000316e+01 7.354086125915985928e-02
2.369060999999999861e+00 2.492479900000000015e+01 7.352088963705757929e-02
2.373803999999999803e+00 2.491730300000000042e+01 7.343498856126214058e-02
2.378547000000000189e+00 2.490509300000000081e+01 7.334236106663392929e-02
2.383290000000000131e+00 2.499858400000000103e+01 7.340579359420616734e-02
2.388033000000000072e+00 2.483516300000000143e+01 7.309170966655109680e-02
2.392774999999999874e+00 2.485853200000000385e+01 7.305256964749426429e-02
2.397517999999999816e+00 2.496152199999999866e+01 7.313082611310568748e-02
2.402261000000000202e+00 2.492644400000000005e+01 7.300702917413637305e-02
2.407004000000000143e+00 2.482397200000000126e+01 7.278405751233645027e-02
2.411747000000000085e+00 2.481284000000000134e+01 7.269590001936079848e-02
2.416490000000000027e+00 2.496117199999999769e+01 7.284130394199569980e-02
2.421232999999999969e+00 2.497556400000000210e+01 7.279088717768181227e-02
2.425975999999999910e+00 2.485921699999999746e+01 7.254979226272602333e-02
2.430718000000000156e+00 2.490600199999999731e+01 7.254731444598137846e-02
2.435461000000000098e+00 2.490895400000000137e+01 7.248158464138114432e-02
2.440204000000000040e+00 2.485891500000000320e+01 7.236430733389631609e-02
2.444946999999999981e+00 2.489707600000000198e+01 7.232424586965009727e-02
2.449689999999999923e+00 2.493490300000000204e+01 7.230938438309926497e-02
2.454432999999999865e+00 2.496305600000000169e+01 7.228102720209640675e-02
2.459175999999999807e+00 2.495915999999999713e+01 7.220647679815503373e-02
2.463918000000000053e+00 2.486962100000000220e+01 7.200784453894797099e-02
2.468660999999999994e+00 2.491097299999999848e+01 7.199957190239328342e-02
2.473403999999999936e+00 2.487959799999999433e+01 7.188592025097473304e-02
2.478146999999999878e+00 2.489769000000000432e+01 7.184429552912326156e-02
2.482889999999999819e+00 2.475567199999999701e+01 7.157164487356917904e-02
2.487633000000000205e+00 2.475054400000000143e+01 7.149702146128607272e-02
2.492376000000000147e+00 2.485758500000000026e+01 7.158455309102447484e-02
2.497117999999999949e+00 2.487927099999999569e+01 7.154908538473012114e-02
2.501860999999999891e+00 2.478978800000000149e+01 7.135369166793474605e-02
2.506603999999999832e+00 2.497235100000000330e+01 7.154958638183171737e-02
2.511347000000000218e+00 2.485198699999999761e+01 7.130931861159732488e-02
2.516090000000000160e+00 2.477031299999999447e+01 7.107164567440660274e-02
2.520833000000000101e+00 2.491846000000000316e+01 7.113792646316027812e-02
2.525576000000000043e+00 2.488221399999999761e+01 7.094155671973233213e-02
2.530318999999999985e+00 2.492209199999999925e+01 7.088215438796849344e-02
2.535060999999999787e+00 2.479328999999999894e+01 7.063414160777278794e-02
2.539804000000000173e+00 2.484410899999999600e+01 7.064242449892416120e-02
2.544547000000000114e+00 2.484807999999999950e+01 7.058492957176340510e-02
2.549290000000000056e+00 2.475388500000000036e+01 7.038779356657658137e-02
2.554032999999999998e+00 2.492142199999999974e+01 7.056274716652406742e-02
2.558775999999999939e+00 2.472184900000000241e+01 7.021677266213821600e-02
2.563518999999999881e+00 2.480548200000000136e+01 7.027544588624536070e-02
2.568261000000000127e+00 2.478203299999999487e+01 7.023629651872241586e-02
2.573004000000000069e+00 2.473589600000000388e+01 7.018695271975911032e-02
2.577747000000000011e+00 2.487155399999999617e+01 7.039474474677212545e-02
2.582489999999999952e+00 2.482550399999999868e+01 7.031037466278641790e-02
2.587232999999999894e+00 2.474712699999999899e+01 7.013741012237620365e-02
2.591975999999999836e+00 2.487499000000000393e+01 7.025603366364485680e-02
2.596719000000000221e+00 2.485314699999999988e+01 7.016296507925602610e-02
2.601462000000000163e+00 2.487939499999999882e+01 7.013817226410451466e-02
2.606203999999999965e+00 2.479956299999999914e+01 6.996413073157629892e-02
2.610946999999999907e+00 2.489155000000000229e+01 7.003215392268183348e-02
2.615689999999999849e+00 2.477713999999999572e+01 6.980982805151149384e-02
2.620432999999999790e+00 2.473309499999999872e+01 6.968669504674404602e-02
2.625176000000000176e+00 2.474969399999999808e+01 6.964944294336530839e-02
2.629919000000000118e+00 2.471769899999999964e+01 6.954397697833868131e-02
2.634662000000000059e+00 2.479425300000000121e+01 6.960605075361694927e-02
2.639403999999999861e+00 2.479764199999999974e+01 6.956266835563885975e-02
2.644146999999999803e+00 2.480190100000000442e+01 6.948550703860841005e-02
2.648890000000000189e+00 2.482592499999999802e+01 6.945523996910815678e-02
2.653633000000000131e+00 2.481840199999999896e+01 6.939563467220037640e-02
2.658376000000000072e+00 2.485283500000000245e+01 6.938573450208840310e-02
2.663119000000000014e+00 2.484243899999999883e+01 6.929980897929734207e-02
2.667861999999999956e+00 2.477799699999999561e+01 6.915038593016310797e-02
2.672604999999999897e+00 2.473214399999999813e+01 6.902736155825021924e-02
2.677347000000000143e+00 2.478876100000000093e+01 6.904770692015847755e-02
2.682090000000000085e+00 2.476719800000000049e+01 6.895900956979370000e-02
2.686833000000000027e+00 2.465864499999999992e+01 6.874957006690224359e-02
2.691575999999999969e+00 2.472357399999999927e+01 6.878146597852577426e-02
2.696318999999999910e+00 2.479299100000000067e+01 6.881989811167188442e-02
2.701061999999999852e+00 2.468284300000000187e+01 6.860927198182036058e-02
2.705804999999999794e+00 2.479325299999999999e+01 6.870461987079835853e-02
2.710547000000000040e+00 2.474711099999999675e+01 6.858299238711446089e-02
2.715289999999999981e+00 2.476874300000000417e+01 6.855559650013118289e-02
2.720032999999999923e+00 2.473706800000000072e+01 6.845460576963759147e-02
2.724775999999999865e+00 2.478437599999999819e+01 6.846290001973623363e-02
2.729518999999999807e+00 2.482901999999999632e+01 6.846721161786493981e-02
2.734262000000000192e+00 2.476905400000000057e+01 6.832789161068486550e-02
2.739005000000000134e+00 2.479048299999999827e+01 6.830094366745600998e-02
2.743746999999999936e+00 2.482685599999999937e+01 6.829430043515417881e-02
2.748489999999999878e+00 2.475020400000000365e+01 6.813254552962262622e-02
2.753232999999999819e+00 2.485780799999999857e+01 6.822423473191620291e-02
2.757976000000000205e+00 2.480032100000000383e+01 6.808930556194636718e-02
2.762719000000000147e+00 2.470611299999999844e+01 6.790407136056497706e-02
2.767462000000000089e+00 2.470535999999999532e+01 6.784721150464106953e-02
2.772205000000000030e+00 2.478062800000000010e+01 6.789510226786760194e-02
2.776947999999999972e+00 2.477148400000000450e+01 6.782723943260995925e-02
2.781690000000000218e+00 2.469504700000000241e+01 6.766730449500629740e-02
2.786433000000000160e+00 2.467985799999999941e+01 6.759137380674992701e-02
2.791176000000000101e+00 2.467438200000000137e+01 6.752906266247962752e-02
2.795919000000000043e+00 2.473326999999999742e+01 6.755497046364759839e-02
2.800661999999999985e+00 2.471002099999999757e+01 6.748396942362386297e-02
2.805404999999999927e+00 2.472668600000000083e+01 6.744232069598064816e-02
2.810147999999999868e+00 2.478870299999999460e+01 6.750468871024070672e-02
2.814890000000000114e+00 2.479548300000000438e+01 6.746839178942388993e-02
2.819633000000000056e+00 2.487399999999999878e+01 6.882741631739565380e-02
2.824375999999999998e+00 2.484128000000000114e+01 7.022589555411022644e-02
2.829118999999999939e+00 2.464571799999999868e+01 7.085293215424115498e-02
2.833861999999999881e+00 2.469142500000000240e+01 7.165921578870439179e-02
2.838604999999999823e+00 2.466341800000000006e+01 7.224517663352689190e-02
2.843348000000000209e+00 2.464260299999999759e+01 7.251901339186159201e-02
2.848091000000000150e+00 2.463542699999999996e+01 7.272853578284729781e-02
2.852832999999999952e+00 2.467486500000000049e+01 7.299914577267738180e-02
2.857575999999999894e+00 2.454250200000000248e+01 7.299870961926038793e-02
2.862318999999999836e+00 2.468568300000000093e+01 7.339376585743710713e-02
2.867062000000000221e+00 2.462046399999999835e+01 7.346865274114464106e-02
2.871805000000000163e+00 2.468365999999999616e+01 7.372494594073365770e-02
2.876548000000000105e+00 2.460384900000000030e+01 7.375956585299021928e-02
2.881291000000000047e+00 2.466825299999999999e+01 7.365635065332519493e-02
2.886032999999999848e+00 2.496458799999999911e+01 7.198494192350370080e-02
2.890775999999999790e+00 2.473191800000000029e+01 7.052253978285949465e-02
2.895519000000000176e+00 2.465072999999999936e+01 6.964585229584602244e-02
2.900262000000000118e+00 2.459004900000000049e+01 6.895863607262400774e-02
2.905005000000000059e+00 2.464881600000000006e+01 6.866892252748472980e-02
2.909748000000000001e+00 2.471893700000000393e+01 6.858642674155726593e-02
2.914490999999999943e+00 2.476803499999999758e+01 6.849373562783242497e-02
2.919233000000000189e+00 2.472466599999999914e+01 6.828792475197426048e-02
2.923976000000000131e+00 2.470463500000000323e+01 6.812618544722066904e-02
2.928719000000000072e+00 2.467373299999999858e+01 6.795932098689112799e-02
2.933462000000000014e+00 2.468938599999999894e+01 6.786371599758520001e-02
2.938204999999999956e+00 2.465475699999999648e+01 6.770513296517259583e-02
2.942947999999999897e+00 2.468448799999999821e+01 6.764085931690697051e-02
2.947690999999999839e+00 2.465834399999999960e+01 6.750444943302477685e-02
2.952433999999999781e+00 2.471349599999999924e+01 6.749092559066663388e-02
2.957176000000000027e+00 2.476916999999999547e+01 6.747989540682024223e-02
2.961918999999999969e+00 2.468025999999999698e+01 6.725482890582949735e-02
2.966661999999999910e+00 2.459268899999999647e+01 6.704886810127819174e-02
2.971404999999999852e+00 2.462498799999999832e+01 6.700813538151990933e-02
2.976147999999999794e+00 2.474754799999999832e+01 6.709212396509443843e-02
2.980891000000000179e+00 2.470093699999999615e+01 6.694843794289528915e-02
2.985634000000000121e+00 2.472776100000000454e+01 6.690621804919180682e-02
2.990375999999999923e+00 2.458783599999999936e+01 6.665733473820416310e-02
2.995118999999999865e+00 2.462346800000000258e+01 6.661605206857428019e-02
2.999861999999999806e+00 2.470837699999999870e+01 6.665370983471512190e-02
3.004605000000000192e+00 2.473162099999999697e+01 6.661240377058764983e-02
3.009348000000000134e+00 2.464029599999999931e+01 6.641801841817324137e-02
3.014091000000000076e+00 2.463041099999999872e+01 6.635473045923780122e-02
3.018834000000000017e+00 2.469177399999999878e+01 6.634782876208233926e-02
3.023576999999999959e+00 2.480961300000000236e+01 6.643768297786581400e-02
3.028319000000000205e+00 2.482784799999999947e+01 6.639451022458708884e-02
3.033062000000000147e+00 2.472516899999999751e+01 6.619036320237862980e-02
3.037805000000000089e+00 2.459099000000000146e+01 6.594525430092297580e-02
3.042548000000000030e+00 2.460028600000000054e+01 6.589309356385537886e-02
3.047290999999999972e+00 2.464125599999999849e+01 6.588409620830734670e-02
3.052033999999999914e+00 2.466205599999999976e+01 6.584829001747957711e-02
3.056776999999999855e+00 2.458060099999999792e+01 6.567698148504239053e-02
3.061519000000000101e+00 2.457805500000000265e+01 6.561143875165519057e-02
3.066262000000000043e+00 2.465883499999999628e+01 6.565776167322261159e-02
3.071004999999999985e+00 2.462895699999999977e+01 6.557038632127158706e-02
3.075747999999999927e+00 2.461277600000000376e+01 6.549136758581544648e-02
3.080490999999999868e+00 2.456509000000000142e+01 6.536129396362422295e-02
3.085233999999999810e+00 2.465462099999999879e+01 6.541142640471693526e-02
3.089977000000000196e+00 2.458329399999999865e+01 6.527648766418503445e-02
3.094720000000000137e+00 2.458690299999999951e+01 6.520546930879342340e-02
3.099461999999999939e+00 2.471182500000000104e+01 6.531208522379070014e-02
3.104204999999999881e+00 2.460946300000000164e+01 6.511906484517340776e-02
3.108947999999999823e+00 2.462254999999999683e+01 6.507871099074334642e-02
3.113691000000000209e+00 2.460326900000000094e+01 6.499692574046406213e-02
3.118434000000000150e+00 2.461939899999999781e+01 6.496197954603601110e-02
3.123177000000000092e+00 2.459118499999999941e+01 6.486849390375115654e-02
3.127920000000000034e+00 2.465503599999999906e+01 6.489688091622046462e-02
3.132661999999999836e+00 2.462693399999999855e+01 6.480467040068099704e-02
3.137405000000000221e+00 2.463803099999999802e+01 6.476449962911084990e-02
3.142148000000000163e+00 2.458201400000000092e+01 6.463591578010788319e-02
3.146891000000000105e+00 2.461683599999999927e+01 6.463551184505697544e-02
3.151634000000000047e+00 2.466830900000000071e+01 6.465114937807292517e-02
3.156376999999999988e+00 2.472658700000000209e+01 6.466348638238816893e-02
3.161119999999999930e+00 2.459137099999999876e+01 6.443328466448376701e-02
3.165862000000000176e+00 2.451163000000000025e+01 6.432041730483487041e-02
3.170605000000000118e+00 2.462412299999999732e+01 6.439809787739153579e-02
3.175348000000000059e+00 2.466127200000000386e+01 6.436567883827606917e-02
3.180091000000000001e+00 2.465905099999999806e+01 6.431003630468809518e-02
3.184833999999999943e+00 2.461211099999999519e+01 6.419663404423942010e-02
3.189576999999999884e+00 2.454864100000000349e+01 6.406192995047135796e-02
3.194319999999999826e+00 2.466627899999999940e+01 6.414505904114284340e-02
3.199063000000000212e+00 2.463267199999999946e+01 6.398376803852755257e-02
3.203805000000000014e+00 2.469411099999999948e+01 6.394480417150794072e-02
3.208547999999999956e+00 2.459454200000000057e+01 6.373714023531570905e-02
3.213290999999999897e+00 2.459829199999999716e+01 6.369187902588602235e-02
3.218033999999999839e+00 2.452362100000000211e+01 6.354514656244251991e-02
3.222776999999999781e+00 2.464042299999999841e+01 6.364629678134856028e-02
3.227520000000000167e+00 2.460469800000000262e+01 6.355063451442163891e-02
3.232263000000000108e+00 2.452615499999999926e+01 6.339984906732507031e-02
3.237004999999999910e+00 2.454917100000000119e+01 6.338041307227809673e-02
3.241747999999999852e+00 2.456509100000000245e+01 6.335188842967034994e-02
3.246490999999999794e+00 2.461547599999999747e+01 6.336820530155323761e-02
3.251234000000000179e+00 2.459248799999999946e+01 6.330767598872588664e-02
3.255977000000000121e+00 2.467178799999999939e+01 6.342581323341703325e-02
3.260720000000000063e+00 2.463182800000000228e+01 6.339244546084493726e-02
3.265463000000000005e+00 2.466100800000000248e+01 6.340730469746526377e-02
3.270205999999999946e+00 2.459680800000000289e+01 6.327649455623707286e-02
3.274948000000000192e+00 2.457957500000000195e+01 6.320588844933991424e-02
3.279691000000000134e+00 2.461828200000000066e+01 6.320753021858076248e-02
3.284434000000000076e+00 2.460439900000000080e+01 6.314219659550497632e-02
3.289177000000000017e+00 2.468102500000000177e+01 6.319276835027248795e-02
3.293919999999999959e+00 2.470856799999999609e+01 6.317995087193642445e-02
3.298662999999999901e+00 2.457269600000000054e+01 6.295888155326617719e-02
3.303405999999999842e+00 2.460113799999999884e+01 6.294822945863290387e-02
3.308148000000000089e+00 2.464179999999999637e+01 6.295314969555534934e-02
3.312891000000000030e+00 2.453842200000000062e+01 6.277383631063343516e-02
3.317633999999999972e+00 2.463397099999999895e+01 6.284923219926079330e-02
3.322376999999999914e+00 2.456642000000000081e+01 6.271750358685763971e-02
3.327119999999999855e+00 2.467312400000000139e+01 6.282270101719281130e-02
3.331862999999999797e+00 2.457888399999999862e+01 6.263975816586460355e-02
3.336606000000000183e+00 2.464063000000000159e+01 6.267218572611457650e-02
3.341347999999999985e+00 2.464546899999999852e+01 6.263251482931050940e-02
3.346090999999999926e+00 2.462166699999999864e+01 6.255626372710650085e-02
3.350833999999999868e+00 2.461839599999999706e+01 6.250613730517827482e-02
3.355576999999999810e+00 2.470466800000000163e+01 6.256997414771880983e-02
3.360320000000000196e+00 2.458903000000000105e+01 6.237813805068728040e-02
3.365063000000000137e+00 2.448989299999999858e+01 6.220698085388407655e-02
3.369806000000000079e+00 2.460348399999999813e+01 6.230593174964323133e-02
3.374549000000000021e+00 2.466094700000000017e+01 6.233358226239689437e-02
3.379290999999999823e+00 2.473865699999999990e+01 6.308073781650305745e-02
3.384034000000000209e+00 2.470491899999999674e+01 6.451688890136675347e-02
3.388777000000000150e+00 2.465221299999999616e+01 6.530010127280279353e-02
3.393520000000000092e+00 2.455189200000000227e+01 6.583864311406030512e-02
3.398263000000000034e+00 2.463699800000000195e+01 6.635136699712147756e-02
3.403005999999999975e+00 2.461027299999999940e+01 6.649417335210280888e-02
3.407748999999999917e+00 2.458558300000000330e+01 6.642644258925206602e-02
3.412491000000000163e+00 2.454659199999999686e+01 6.641046027389059525e-02
3.417234000000000105e+00 2.437325799999999987e+01 6.635184963607872188e-02
3.421977000000000046e+00 2.453293099999999782e+01 6.672984071332105360e-02
3.426719999999999988e+00 2.465348399999999884e+01 6.702983959346688059e-02
3.431462999999999930e+00 2.461498500000000078e+01 6.711707627254781539e-02
3.436205999999999872e+00 2.462074199999999990e+01 6.727027705919456924e-02
3.440948999999999813e+00 2.454406999999999783e+01 6.728727418694042950e-02
3.445692000000000199e+00 2.463439999999999941e+01 6.754406720262780273e-02
3.450434000000000001e+00 2.461460000000000292e+01 6.761104654024074900e-02
3.455176999999999943e+00 2.454958400000000296e+01 6.763231514575041015e-02
3.459919999999999884e+00 2.451563000000000159e+01 6.769145311340050986e-02
3.464662999999999826e+00 2.450218699999999927e+01 6.777515880621676203e-02
3.469406000000000212e+00 2.457634900000000044e+01 6.797698786960186534e-02
3.474149000000000154e+00 2.456811399999999779e+01 6.806125966131980343e-02
3.478892000000000095e+00 2.459395900000000168e+01 6.819027557263351857e-02
3.483633999999999897e+00 2.464152800000000099e+01 6.834585243043209135e-02
3.488376999999999839e+00 2.458780100000000246e+01 6.835884135767954228e-02
3.493119999999999781e+00 2.465988600000000375e+01 6.854400706333632631e-02
3.497863000000000167e+00 2.454444499999999962e+01 6.846610424264623629e-02
3.502606000000000108e+00 2.452156300000000044e+01 6.851481502667214341e-02
3.507349000000000050e+00 2.451732999999999763e+01 6.858705363112851949e-02
3.512091999999999992e+00 2.446258399999999966e+01 6.858701165717676074e-02
3.516833999999999794e+00 2.441744300000000223e+01 6.859813558383784371e-02
3.521577000000000179e+00 2.450450099999999765e+01 6.879309268252083165e-02
3.526320000000000121e+00 2.465205200000000474e+01 6.907130986246315385e-02
3.531063000000000063e+00 2.451015100000000047e+01 6.894212842100104488e-02
3.535806000000000004e+00 2.453746699999999947e+01 6.904910779479558891e-02
3.540548999999999946e+00 2.452588300000000032e+01 6.909896797980993877e-02
3.545291999999999888e+00 2.453378000000000014e+01 6.917606277385625335e-02
3.550034999999999830e+00 2.461188899999999791e+01 6.935042378826968001e-02
3.554777000000000076e+00 2.457413900000000595e+01 6.936014282537342202e-02
3.559520000000000017e+00 2.460179000000000116e+01 6.946093879340459187e-02
3.564262999999999959e+00 2.451969100000000168e+01 6.940571361475147971e-02
3.569005999999999901e+00 2.465786100000000047e+01 6.967400775218904330e-02
3.573748999999999842e+00 2.461893799999999999e+01 6.969773843435236871e-02
3.578491999999999784e+00 2.454641099999999909e+01 6.961883599190954452e-02
3.583235000000000170e+00 2.454304499999999933e+01 6.967069793977020975e-02
3.587976999999999972e+00 2.447248300000000043e+01 6.960207087927053338e-02
3.592719999999999914e+00 2.444786899999999719e+01 6.951297179102616797e-02
3.597462999999999855e+00 2.448358699999999999e+01 6.950165107841324574e-02
3.602205999999999797e+00 2.463366100000000003e+01 6.965271269389081144e-02
3.606949000000000183e+00 2.447215100000000376e+01 6.936283590016054101e-02
3.611692000000000125e+00 2.463598700000000008e+01 6.958519050712587417e-02
3.616435000000000066e+00 2.465884400000000198e+01 6.968688604851920598e-02
3.621178000000000008e+00 2.468639999999999901e+01 7.056863438136733169e-02
3.625919999999999810e+00 2.458300999999999803e+01 7.293872759520143856e-02
3.630663000000000196e+00 2.462526600000000343e+01 7.442285393303457730e-02
3.635406000000000137e+00 2.441029200000000543e+01 7.515474309370566430e-02
3.640149000000000079e+00 2.450220200000000048e+01 7.607683969123586742e-02
3.644892000000000021e+00 2.447221899999999906e+01 7.655020833717632311e-02
3.649634999999999962e+00 2.446803200000000089e+01 7.703728751306085365e-02
3.654377999999999904e+00 2.458960700000000088e+01 7.765769021765134283e-02
3.659120000000000150e+00 2.451322399999999746e+01 7.796946222163073092e-02
3.663863000000000092e+00 2.459004099999999582e+01 7.850941435775457555e-02
3.668606000000000034e+00 2.450208100000000400e+01 7.877222124372271206e-02
3.673348999999999975e+00 2.456108999999999654e+01 7.926019507869128122e-02
3.678091999999999917e+00 2.467391100000000037e+01 7.982660094261059824e-02
3.682834999999999859e+00 2.464114699999999658e+01 8.014993557951061165e-02
3.687577999999999800e+00 2.441828299999999530e+01 8.015441232648581882e-02
3.692321000000000186e+00 2.446204300000000131e+01 8.058857629070760586e-02
3.697062999999999988e+00 2.454476199999999864e+01 8.108188482885249349e-02
3.701805999999999930e+00 2.459523500000000240e+01 8.151844210512183830e-02
3.706548999999999872e+00 2.457943599999999762e+01 8.184105293784836588e-02
3.711291999999999813e+00 2.457422599999999946e+01 8.217721853752413264e-02
3.716035000000000199e+00 2.456233200000000139e+01 8.249865366887207396e-02
3.720778000000000141e+00 2.453378299999999967e+01 8.278915174382027453e-02
3.725521000000000083e+00 2.447902199999999695e+01 8.303185737313660553e-02
3.730262999999999884e+00 2.453035799999999966e+01 8.345285835153522236e-02
3.735005999999999826e+00 2.451106600000000313e+01 8.375039598085790016e-02
3.739749000000000212e+00 2.445234400000000008e+01 8.397932401639762734e-02
3.744492000000000154e+00 2.447008600000000200e+01 8.433702226285262615e-02
3.749235000000000095e+00 2.448873100000000136e+01 8.469497232215499050e-02
3.753978000000000037e+00 2.467290200000000056e+01 8.533895410459399478e-02
3.758720999999999979e+00 2.454710700000000045e+01 8.544457248119273485e-02
3.763462999999999781e+00 2.443983799999999817e+01 8.558011801787315798e-02
3.768206000000000166e+00 2.447839900000000313e+01 8.596910160528722922e-02
3.772949000000000108e+00 2.453468499999999963e+01 8.638888875231234832e-02
3.777692000000000050e+00 2.444351299999999938e+01 8.654773951161406909e-02
3.782434999999999992e+00 2.454353199999999902e+01 8.704483118976737155e-02
3.787177999999999933e+00 2.451796600000000126e+01 8.731872893047229467e-02
3.791920999999999875e+00 2.442431099999999589e+01 8.747038969651958762e-02
3.796663999999999817e+00 2.448403000000000063e+01 8.789551826050064076e-02
3.801406000000000063e+00 2.444346700000000183e+01 8.814116750718474502e-02
3.806149000000000004e+00 2.442576299999999634e+01 8.842730640480292448e-02
3.810891999999999946e+00 2.452864999999999895e+01 8.893210964397110785e-02
3.815634999999999888e+00 2.448245200000000210e+01 8.916632097377405475e-02
3.820377999999999830e+00 2.453560499999999678e+01 8.958190779773726742e-02
3.825121000000000215e+00 2.443901099999999715e+01 8.972357502862444989e-02
3.829864000000000157e+00 2.453994499999999945e+01 9.022827431921935648e-02
3.834605999999999959e+00 2.446148199999999662e+01 9.040309328368305308e-02
3.839348999999999901e+00 2.451906299999999916e+01 9.083025470268868418e-02
3.844091999999999842e+00 2.457108099999999951e+01 9.124708515935563147e-02
3.848834999999999784e+00 2.455752700000000033e+01 9.154588450934811328e-02
3.853578000000000170e+00 2.457603099999999685e+01 9.195100681124648845e-02
3.858321000000000112e+00 2.448607700000000165e+01 9.205297983679072704e-02
3.863064000000000053e+00 2.444594899999999882e+01 9.230042045037227527e-02
3.867806999999999995e+00 2.460113599999999678e+01 9.291747941520098197e-02
3.872548999999999797e+00 2.447050999999999732e+01 9.299426044008360370e-02
3.877292000000000183e+00 2.452529599999999732e+01 9.342366438120804084e-02
3.882035000000000124e+00 2.452381200000000305e+01 9.374749429909846887e-02
3.886778000000000066e+00 2.463896700000000095e+01 9.429533597788122834e-02
3.891521000000000008e+00 2.438142099999999957e+01 9.412828715774765320e-02
3.896263999999999950e+00 2.445145900000000339e+01 9.459184460982617004e-02
3.901006999999999891e+00 2.455221499999999679e+01 9.511654302369856873e-02
3.905749000000000137e+00 2.441022800000000004e+01 9.517256440833408992e-02
3.910492000000000079e+00 2.453672299999999851e+01 9.575161468694352862e-02
3.915235000000000021e+00 2.459141899999999836e+01 9.619251606144731126e-02
3.919977999999999962e+00 2.443530099999999905e+01 9.617870873330022774e-02
3.924720999999999904e+00 2.452157199999999548e+01 9.643426802691303090e-02
3.929463999999999846e+00 2.441070200000000412e+01 9.628971224181843980e-02
3.934206999999999788e+00 2.448374299999999693e+01 9.656056950255989535e-02
3.938949000000000034e+00 2.449626800000000060e+01 9.669099901684387321e-02
3.943691999999999975e+00 2.451451000000000136e+01 9.683141518034940609e-02
3.948434999999999917e+00 2.445317299999999960e+01 9.681405332578840728e-02
3.953177999999999859e+00 2.443983899999999920e+01 9.691815861539622434e-02
3.957920999999999800e+00 2.449220000000000397e+01 9.719327392491827755e-02
3.962664000000000186e+00 2.450241199999999964e+01 9.722212509976521644e-02
3.967407000000000128e+00 2.451602899999999963e+01 9.749956007629982657e-02
3.972150000000000070e+00 2.459485499999999902e+01 9.798565172959661229e-02
3.976891999999999872e+00 2.454054800000000114e+01 9.820743718823030100e-02
3.981634999999999813e+00 2.456415899999999652e+01 9.858659528425403606e-02
3.986378000000000199e+00 2.444210200000000199e+01 9.867427456162776445e-02
3.991121000000000141e+00 2.452706600000000137e+01 9.917996484122384993e-02
3.995864000000000082e+00 2.442503500000000116e+01 9.930966417586507833e-02
4.000606999999999580e+00 2.447666500000000056e+01 9.975202120925422133e-02
4.005349999999999966e+00 2.444497000000000142e+01 1.000274139646981919e-01
4.010092000000000212e+00 2.454600099999999685e+01 1.005756468170123236e-01
4.014834999999999710e+00 2.440719099999999742e+01 1.006336415329148332e-01
4.019578000000000095e+00 2.439133100000000098e+01 1.009458907550505324e-01
4.024320999999999593e+00 2.463449999999999918e+01 1.017950802900641216e-01
4.029063999999999979e+00 2.442800499999999886e+01 1.017168460965085230e-01
4.033807000000000365e+00 2.448033300000000168e+01 1.021761284103483713e-01
4.038549999999999862e+00 2.458289599999999808e+01 1.027437742320915504e-01
4.043293000000000248e+00 2.455415699999999646e+01 1.030391814355985786e-01
4.048034999999999606e+00 2.452115800000000334e+01 1.033276436224691980e-01
4.052777999999999992e+00 2.442674199999999729e+01 1.034872691821293322e-01
4.057521000000000377e+00 2.456906000000000034e+01 1.041503902534037518e-01
4.062263999999999875e+00 2.449129999999999896e+01 1.043491865555985082e-01
4.067007000000000261e+00 2.457516800000000501e+01 1.048943674305970603e-01
4.071749999999999758e+00 2.451209200000000266e+01 1.051281424250780916e-01
4.076493000000000144e+00 2.437378100000000103e+01 1.052007548626553435e-01
4.081235000000000390e+00 2.453997899999999888e+01 1.059316072124363572e-01
4.085977999999999888e+00 2.457549699999999504e+01 1.063850577703546463e-01
4.090721000000000274e+00 2.454680499999999910e+01 1.067013693241778416e-01
4.095463999999999771e+00 2.463032800000000222e+01 1.072644073132462683e-01
4.100207000000000157e+00 2.469713600000000397e+01 1.077940860399790174e-01
4.104949999999999655e+00 2.435571200000000047e+01 1.074322280010807373e-01
4.109693000000000040e+00 2.453933299999999562e+01 1.082246819673654548e-01
4.114436000000000426e+00 2.455110900000000029e+01 1.086418886927372068e-01
4.119177999999999784e+00 2.446389699999999578e+01 1.088430862132390986e-01
4.123921000000000170e+00 2.451837000000000089e+01 1.093608147761070681e-01
4.128663999999999668e+00 2.453602199999999911e+01 1.098008573189799969e-01
4.133407000000000053e+00 2.450549600000000083e+01 1.101357704212214683e-01
4.138150000000000439e+00 2.457444500000000076e+01 1.106966134332866697e-01
4.142892999999999937e+00 2.462191400000000030e+01 1.112134443264441719e-01
4.147636000000000323e+00 2.450708200000000403e+01 1.113653598850580656e-01
4.152377999999999680e+00 2.450159999999999627e+01 1.117689776586146405e-01
4.157121000000000066e+00 2.467267099999999758e+01 1.125776969576962883e-01
4.161863999999999564e+00 2.473595499999999703e+01 1.131459196726598559e-01
4.166606999999999950e+00 2.461502200000000329e+01 1.132952629392133953e-01
4.171350000000000335e+00 2.455305000000000248e+01 1.135809137856739620e-01
4.176092999999999833e+00 2.459648100000000426e+01 1.141204516402314351e-01
4.180836000000000219e+00 2.467090799999999717e+01 1.148874670865342729e-01
4.185577999999999577e+00 2.456504499999999780e+01 1.149585653205314612e-01
4.190320999999999962e+00 2.453161599999999964e+01 1.152821505153343307e-01
4.195064000000000348e+00 2.459415200000000112e+01 1.158764105872459177e-01
4.199806999999999846e+00 2.446673899999999691e+01 1.160253645217117907e-01
4.204550000000000232e+00 2.458792900000000259e+01 1.167674352751271183e-01
4.209292999999999729e+00 2.453505499999999984e+01 1.171011972277828661e-01
4.214036000000000115e+00 2.450711900000000298e+01 1.174959435285601594e-01
4.218778999999999613e+00 2.457855900000000204e+01 1.181348472670731564e-01
4.223520999999999859e+00 2.459728500000000651e+01 1.186512485415172485e-01
4.228264000000000244e+00 2.454143499999999989e+01 1.189922385396030846e-01
4.233006999999999742e+00 2.462785299999999822e+01 1.196815695372211302e-01
4.237750000000000128e+00 2.456921799999999934e+01 1.200232912371594629e-01
4.242492999999999626e+00 2.463375100000000018e+01 1.206708976317343029e-01
4.247236000000000011e+00 2.454178399999999982e+01 1.209379992976963580e-01
4.251979000000000397e+00 2.454933000000000121e+01 1.214595058571823066e-01
4.256720999999999755e+00 2.436744399999999899e+01 1.217145580649011960e-01
4.261464000000000141e+00 2.458974199999999755e+01 1.226066187564264498e-01
4.266206999999999638e+00 2.458055299999999832e+01 1.230567084115486154e-01
4.270950000000000024e+00 2.457438900000000004e+01 1.235594724225868440e-01
4.275693000000000410e+00 2.456653600000000282e+01 1.240621008339339582e-01
4.280435999999999908e+00 2.465828099999999878e+01 1.248241579320089195e-01
4.285179000000000293e+00 2.472012799999999899e+01 1.255160592989992829e-01
4.289921999999999791e+00 2.466523800000000222e+01 1.259169953990576241e-01
4.294664000000000037e+00 2.460362599999999844e+01 1.263058276751947706e-01
4.299407000000000423e+00 2.444305599999999856e+01 1.264412595102034076e-01
4.304149999999999920e+00 2.468845900000000171e+01 1.276321017154019022e-01
4.308893000000000306e+00 2.443975499999999812e+01 1.275504840718199584e-01
4.313635999999999804e+00 2.446844899999999967e+01 1.281918159316908223e-01
4.318379000000000190e+00 2.466039500000000118e+01 1.292698942955029240e-01
4.323121999999999687e+00 2.465793800000000147e+01 1.299374260264393732e-01
4.327863999999999933e+00 2.438006099999999776e+01 1.297622214506683747e-01
4.332607000000000319e+00 2.468786199999999909e+01 1.311104759984662860e-01
4.337349999999999817e+00 2.465527299999999755e+01 1.316272936312184449e-01
4.342093000000000202e+00 2.472990099999999813e+01 1.324370144277814965e-01
4.346835999999999700e+00 2.461771800000000354e+01 1.327518357223989587e-01
4.351579000000000086e+00 2.458816399999999902e+01 1.332943703214587994e-01
4.356321999999999584e+00 2.482630699999999990e+01 1.345723769850896978e-01
4.361063999999999830e+00 2.481242200000000153e+01 1.351759634561803258e-01
4.365807000000000215e+00 2.462708399999999642e+01 1.353172512058303523e-01
4.370549999999999713e+00 2.439285699999999935e+01 1.353225563923069752e-01
4.375293000000000099e+00 2.486301600000000178e+01 1.372859208958154553e-01
4.380035999999999596e+00 2.460423999999999722e+01 1.373030651177561956e-01
4.384778999999999982e+00 2.471446099999999646e+01 1.383460038085907173e-01
4.389522000000000368e+00 2.458309399999999911e+01 1.385476509742095685e-01
4.394264999999999866e+00 2.440690099999999774e+01 1.387280893110522662e-01
4.399007000000000112e+00 2.460389500000000140e+01 1.395597792504717494e-01
4.403749999999999609e+00 2.466770500000000510e+01 1.398369050357662347e-01
4.408492999999999995e+00 2.438775199999999543e+01 1.391351696159058848e-01
4.413236000000000381e+00 2.447525800000000018e+01 1.394779966098208535e-01
4.417978999999999878e+00 2.434049200000000113e+01 1.391867246727481466e-01
4.422722000000000264e+00 2.460620499999999922e+01 1.400389915636970073e-01
4.427464999999999762e+00 2.447500499999999946e+01 1.397550631622929695e-01
4.432207000000000008e+00 2.475377699999999948e+01 1.406415983999239894e-01
4.436950000000000394e+00 2.482035200000000330e+01 1.409998851244060325e-01
4.441692999999999891e+00 2.459296099999999896e+01 1.409881490575317919e-01
4.446436000000000277e+00 2.465783799999999815e+01 1.418973235334852756e-01
4.451178999999999775e+00 2.465549499999999838e+01 1.426218739396411805e-01
4.455922000000000160e+00 2.471388800000000074e+01 1.435327345241265706e-01
4.460664999999999658e+00 2.471849599999999825e+01 1.442997005583812886e-01
4.465408000000000044e+00 2.468751200000000168e+01 1.449726992638044887e-01
4.470150000000000290e+00 2.451097299999999990e+01 1.452245090848872655e-01
4.474892999999999788e+00 2.452584500000000034e+01 1.460514155581372764e-01
4.479636000000000173e+00 2.463660200000000344e+01 1.471755985688286694e-01
4.484378999999999671e+00 2.436206599999999867e+01 1.471568044936913400e-01
4.489122000000000057e+00 2.451410800000000378e+01 1.484325766837374661e-01
4.493865000000000443e+00 2.466505099999999828e+01 1.497211148216479881e-01
4.498607999999999940e+00 2.486736099999999894e+01 1.511815448622760849e-01
4.503350000000000186e+00 2.458130999999999844e+01 1.511654218389440474e-01
4.508092999999999684e+00 2.445811899999999639e+01 1.516530930213917383e-01
4.512836000000000070e+00 2.459948499999999783e+01 1.529744440330298993e-01
4.517578999999999567e+00 2.438179500000000033e+01 1.531887447499472588e-01
4.522321999999999953e+00 2.471713999999999700e+01 1.551521909125333498e-01
4.527065000000000339e+00 2.449822199999999839e+01 1.553886013181678127e-01
4.531807999999999836e+00 2.451541599999999832e+01 1.563839978365539340e-01
4.536551000000000222e+00 2.480681100000000328e+01 1.582712230857994673e-01
4.541292999999999580e+00 2.479464499999999916e+01 1.592100200650694020e-01
4.546035999999999966e+00 2.447168200000000127e+01 1.591584931381548884e-01
4.550779000000000352e+00 2.447263099999999980e+01 1.601653663326940980e-01
4.555521999999999849e+00 2.474931000000000125e+01 1.620973227901759683e-01
4.560265000000000235e+00 2.461252900000000210e+01 1.626900578878457404e-01
4.565007999999999733e+00 2.473251600000000039e+01 1.641533968457037362e-01
4.569751000000000118e+00 2.459156700000000484e+01 1.647640879381104539e-01
4.574493000000000364e+00 2.487476500000000357e+01 1.668189427022980509e-01
4.579235999999999862e+00 2.479608699999999999e+01 1.676805544396666181e-01
4.583979000000000248e+00 2.443399400000000199e+01 1.675903054270932446e-01
4.588721999999999746e+00 2.483156999999999570e+01 1.701196569541524040e-01
4.593465000000000131e+00 2.482470499999999802e+01 1.712892004594551154e-01
4.598207999999999629e+00 2.467800700000000091e+01 1.719947583557821791e-01
4.602951000000000015e+00 2.486682700000000423e+01 1.738944950146415480e-01
4.607693000000000261e+00 2.437737000000000265e+01 1.734299439183865643e-01
4.612435999999999758e+00 2.466746699999999848e+01 1.757469277465535107e-01
4.617179000000000144e+00 2.461638600000000210e+01 1.768781474251494568e-01
4.621921999999999642e+00 2.497270100000000426e+01 1.795074390163357569e-01
4.626665000000000028e+00 2.505141800000000174e+01 1.811746999419794890e-01
4.631408000000000413e+00 2.482157699999999778e+01 1.817477628590481453e-01
4.636150999999999911e+00 2.461749800000000121e+01 1.824320736550020527e-01
4.640894000000000297e+00 2.497264799999999951e+01 1.852206713093919321e-01
4.645635999999999655e+00 2.457437799999999939e+01 1.852322501364891960e-01
4.650379000000000040e+00 2.489397500000000107e+01 1.879755518434602091e-01
4.655122000000000426e+00 2.478234799999999893e+01 1.891303309996231197e-01
4.659864999999999924e+00 2.489426399999999973e+01 1.911739281718006500e-01
4.664608000000000310e+00 2.486238700000000179e+01 1.927093253720154054e-01
4.669350999999999807e+00 2.493747199999999964e+01 1.946995709301294342e-01
4.674094000000000193e+00 2.493436399999999864e+01 1.964331175373824068e-01
4.678836000000000439e+00 2.498050500000000085e+01 1.984047176661507816e-01
4.683578999999999937e+00 2.506917900000000188e+01 2.005973825366036967e-01
4.688322000000000322e+00 2.504260799999999421e+01 2.023796025168814183e-01
4.693064999999999820e+00 2.505909899999999979e+01 2.043900960617646978e-01
4.697808000000000206e+00 2.485892400000000180e+01 2.055580416217911155e-01
4.702550999999999704e+00 2.497408599999999623e+01 2.080865642996783949e-01
4.707294000000000089e+00 2.479492600000000024e+01 2.094424710400643597e-01
4.712036999999999587e+00 2.502255699999999905e+01 2.125769264230215061e-01
4.716778999999999833e+00 2.493957700000000344e+01 2.144604529438474128e-01
4.721522000000000219e+00 2.506059499999999929e+01 2.172907198567536613e-01
4.726264999999999716e+00 2.482327599999999990e+01 2.186348887789508200e-01
4.731008000000000102e+00 2.483154100000000142e+01 2.211231655387490280e-01
4.735750999999999600e+00 2.484070399999999523e+01 2.237000929610944711e-01
4.740493999999999986e+00 2.453659099999999782e+01 2.249286350379075261e-01
4.745237000000000371e+00 2.453455300000000250e+01 2.276092389695014151e-01
4.749978999999999729e+00 2.459856100000000012e+01 2.307003212914628398e-01
4.754722000000000115e+00 2.431089899999999915e+01 2.322256260597027888e-01
4.759464999999999613e+00 2.478767200000000059e+01 2.375060961614029742e-01
4.764207999999999998e+00 2.495595900000000000e+01 2.414485290842207643e-01
4.768951000000000384e+00 2.482049200000000155e+01 2.440443563722890230e-01
4.773693999999999882e+00 2.444930399999999793e+01 2.455772121583140455e-01
4.778437000000000268e+00 2.500046499999999838e+01 2.518706625982827796e-01
4.783178999999999625e+00 2.495337900000000531e+01 2.553205208107712787e-01
4.787922000000000011e+00 2.516843899999999934e+01 2.602870430976670368e-01
4.792665000000000397e+00 2.494932200000000222e+01 2.631760870236680705e-01
4.797407999999999895e+00 2.497406699999999802e+01 2.675240251191429164e-01
4.802151000000000280e+00 2.481826799999999977e+01 2.710947159457625655e-01
4.806893999999999778e+00 2.479034100000000507e+01 2.755683340077941801e-01
4.811637000000000164e+00 2.495293700000000214e+01 2.813497217991208776e-01
4.816379999999999661e+00 2.455138600000000082e+01 2.841767387200868633e-01
4.821121999999999908e+00 2.504953000000000074e+01 2.924837403581851958e-01
4.825865000000000293e+00 2.479554699999999912e+01 2.967243654530816732e-01
4.830607999999999791e+00 2.500010400000000033e+01 3.040422284654771823e-01
4.835351000000000177e+00 2.518847899999999740e+01 3.116897448268275972e-01
4.840093999999999674e+00 2.533200500000000233e+01 3.195267094411046171e-01
4.844837000000000060e+00 2.518492900000000390e+01 3.260045499816529024e-01
4.849579999999999558e+00 2.433409900000000192e+01 3.282545672287110472e-01
4.854321999999999804e+00 2.476030800000000198e+01 3.395841110641367733e-01
4.859065000000000190e+00 2.530032399999999981e+01 3.525088438178395345e-01
4.863807999999999687e+00 2.491344200000000342e+01 3.597494018560698503e-01
4.868551000000000073e+00 2.514578799999999603e+01 3.723024117910330721e-01
4.873293999999999571e+00 2.506387900000000002e+01 3.835845965665201640e-01
4.878036999999999956e+00 2.511966599999999517e+01 3.971369718899009915e-01
4.882780000000000342e+00 2.473842200000000346e+01 4.085379750462740378e-01
4.887522999999999840e+00 2.457325599999999710e+01 4.232523922074037936e-01
4.892265000000000086e+00 2.547363199999999850e+01 4.493874924883868860e-01
4.897007999999999583e+00 2.560722499999999968e+01 4.716399612624443405e-01
4.901750999999999969e+00 2.532812899999999701e+01 4.932388279017174137e-01
4.906494000000000355e+00 2.613736800000000216e+01 5.298403969190250695e-01
4.911236999999999853e+00 2.642468400000000628e+01 5.673050942578428124e-01
4.915980000000000238e+00 2.618725999999999843e+01 6.067462854331454603e-01
4.920722999999999736e+00 2.618405000000000271e+01 6.597390592240314211e-01
4.925464999999999982e+00 2.412538999999999945e+01 7.002768299466575197e-01
4.930208000000000368e+00 2.683562699999999879e+01 8.375984624482544216e-01
4.934950999999999866e+00 2.561273200000000116e+01 9.684880679130383196e-01
4.939694000000000251e+00 2.575588000000000122e+01 1.254123432718622144e+00
4.944436999999999749e+00 8.790994799999998222e+00 1.269413818303369634e+00