# 
# Sample c= 0.0 mg/ml
#
# Number of frames collected: 10
# Exposure time per frame: 0.5
# No significant radiation damage detected, merging 10 files
# Merged from: /data/visitor/mx1905/bm29/20170412/Poker/1d/plate1_059_00001.dat
# Merged from: /data/visitor/mx1905/bm29/20170412/Poker/1d/plate1_059_00002.dat
# Merged from: /data/visitor/mx1905/bm29/20170412/Poker/1d/plate1_059_00003.dat
# Merged from: /data/visitor/mx1905/bm29/20170412/Poker/1d/plate1_059_00004.dat
# Merged from: /data/visitor/mx1905/bm29/20170412/Poker/1d/plate1_059_00005.dat
# Merged from: /data/visitor/mx1905/bm29/20170412/Poker/1d/plate1_059_00006.dat
# Merged from: /data/visitor/mx1905/bm29/20170412/Poker/1d/plate1_059_00007.dat
# Merged from: /data/visitor/mx1905/bm29/20170412/Poker/1d/plate1_059_00008.dat
# Merged from: /data/visitor/mx1905/bm29/20170412/Poker/1d/plate1_059_00009.dat
# Merged from: /data/visitor/mx1905/bm29/20170412/Poker/1d/plate1_059_00010.dat
#
# Sample Information:
# Storage Temperature (degrees C): 20.0
# Measurement Temperature (degrees C): 20.0
# Concentration: 0.0
# Code: null
3.082862000000000102e-02 6.052409900000000107e+02 7.998868607800543096e+00
3.557148999999999728e-02 1.209545699999999897e+03 4.662574513769405016e+00
4.031434999999999880e-02 1.176843599999999924e+03 3.029605911165224263e+00
4.505722000000000199e-02 9.263786299999999301e+02 1.911322993902950795e+00
4.980007999999999657e-02 6.291773900000000594e+02 1.410468770234796887e+00
5.454294999999999977e-02 4.512355699999999956e+02 1.123730619087755178e+00
5.928581000000000129e-02 3.264131699999999796e+02 9.086086289931986082e-01
6.402868000000000448e-02 2.540817900000000122e+02 7.643226201025978828e-01
6.877154000000000600e-02 2.044376100000000065e+02 6.585667985121783641e-01
7.351441000000000225e-02 1.656644000000000005e+02 5.712528706752639795e-01
7.825727999999999851e-02 1.377606999999999857e+02 5.014639873662514180e-01
8.300014000000000003e-02 1.171738499999999732e+02 4.476946443999526015e-01
8.774300999999999628e-02 1.010213889999999708e+02 4.033381188484916891e-01
9.248586999999999780e-02 8.884926400000000513e+01 3.675919959574202034e-01
9.722873999999999406e-02 7.828146999999999878e+01 3.350236193816639174e-01
1.019715999999999956e-01 7.001286799999999744e+01 3.087784108364287627e-01
1.067145000000000038e-01 6.467475599999998792e+01 2.896824009268533229e-01
1.114572999999999953e-01 5.943180300000000216e+01 2.714068849252253002e-01
1.162002000000000035e-01 5.490578200000000209e+01 2.551681258261556673e-01
1.209430999999999978e-01 5.167936399999999963e+01 2.423622146642380459e-01
1.256858999999999893e-01 4.918798299999999557e+01 2.317265433326571034e-01
1.304288000000000114e-01 4.660231700000000643e+01 2.212345328395117772e-01
1.351717000000000057e-01 4.430380599999999447e+01 2.116720184816616168e-01
1.399144999999999972e-01 4.240004300000000370e+01 2.033178477132814577e-01
1.446573999999999915e-01 4.073609599999999631e+01 1.958275877953588873e-01
1.494003000000000136e-01 3.923422499999999502e+01 1.889708876714220331e-01
1.541431000000000051e-01 3.820562699999999978e+01 1.837483262618492541e-01
1.588859999999999995e-01 3.716399599999999737e+01 1.783588656842157172e-01
1.636287999999999909e-01 3.612130900000000366e+01 1.731621166936700429e-01
1.683717000000000130e-01 3.515454699999999377e+01 1.683140277257026696e-01
1.731146000000000074e-01 3.471427199999999402e+01 1.648586124491092653e-01
1.778573999999999988e-01 3.416143000000000285e+01 1.612439834104367475e-01
1.826002999999999932e-01 3.344603099999999785e+01 1.573810274148930155e-01
1.873431999999999875e-01 3.288101999999999947e+01 1.539897628543696606e-01
1.920860000000000067e-01 3.221736099999999681e+01 1.504607407180467704e-01
1.968289000000000011e-01 3.189766799999999236e+01 1.478196336555080148e-01
2.015717999999999954e-01 3.136884699999999881e+01 1.447946166840494153e-01
2.063145999999999869e-01 3.093755100000000269e+01 1.420718457514743016e-01
2.110575000000000090e-01 3.054744499999999974e+01 1.393768008373230116e-01
2.158004000000000033e-01 3.037735200000000191e+01 1.373948049935920790e-01
2.205431999999999948e-01 2.997351299999999696e+01 1.349668224762445301e-01
2.252860999999999891e-01 2.987407999999999930e+01 1.332877543138520915e-01
2.300290000000000112e-01 2.973192799999999991e+01 1.315593110947035904e-01
2.347718000000000027e-01 2.939059899999999814e+01 1.294340848391512533e-01
2.395146999999999970e-01 2.919000300000000081e+01 1.276719059922287736e-01
2.442575999999999914e-01 2.899111199999999755e+01 1.259585187232340475e-01
2.490004000000000106e-01 2.894512900000000144e+01 1.246153796399276786e-01
2.537433000000000050e-01 2.866139399999999426e+01 1.227955943353237628e-01
2.584861999999999993e-01 2.851823300000000216e+01 1.213325246109813599e-01
2.632289999999999908e-01 2.827809000000000239e+01 1.197091714684376251e-01
2.679718999999999851e-01 2.823398400000000308e+01 1.185325410022952386e-01
2.727146999999999766e-01 2.824097000000000435e+01 1.174858747457791230e-01
2.774576000000000264e-01 2.805135900000000149e+01 1.160949783690634202e-01
2.822005000000000208e-01 2.792673300000000225e+01 1.148936815550607032e-01
2.869433000000000122e-01 2.768393199999999865e+01 1.134208916420453850e-01
2.916862000000000066e-01 2.755560899999999691e+01 1.122057063291742596e-01
2.964291000000000009e-01 2.727997500000000031e+01 1.107239083719112616e-01
3.011718999999999924e-01 2.735929500000000303e+01 1.099884573918431807e-01
3.059147999999999867e-01 2.746515199999999979e+01 1.093244946687383506e-01
3.106576999999999811e-01 2.722801300000000424e+01 1.079934064823167700e-01
3.154004999999999725e-01 2.714955799999999542e+01 1.070071516531759526e-01
3.201434000000000224e-01 2.715093299999999843e+01 1.062025159857806766e-01
3.248863000000000167e-01 2.697900299999999874e+01 1.050746002885316888e-01
3.296291000000000082e-01 2.710262699999999469e+01 1.045336543985820876e-01
3.343720000000000026e-01 2.701950299999999672e+01 1.036147081171649997e-01
3.391148999999999969e-01 2.712134100000000814e+01 1.041528949381753943e-01
3.438576999999999884e-01 2.712919000000000125e+01 1.055140796634534556e-01
3.486005999999999827e-01 2.680302500000000165e+01 1.075476641214712786e-01
3.533434999999999770e-01 2.695510300000000115e+01 1.098307596289190835e-01
3.580863000000000240e-01 2.679246699999999848e+01 1.108601222647287166e-01
3.628292000000000184e-01 2.691258700000000204e+01 1.122041585060135072e-01
3.675720000000000098e-01 2.686395100000000369e+01 1.130254234601843766e-01
3.723149000000000042e-01 2.648336800000000224e+01 1.130478982395493326e-01
3.770577999999999985e-01 2.654321000000000552e+01 1.139329455242328037e-01
3.818005999999999900e-01 2.659489599999999854e+01 1.146522455954321895e-01
3.865434999999999843e-01 2.652857199999999693e+01 1.150741603723842016e-01
3.912863999999999787e-01 2.629736199999999968e+01 1.150309942327032153e-01
3.960292000000000256e-01 2.649226299999999767e+01 1.159309417677882037e-01
4.007721000000000200e-01 2.651384099999999577e+01 1.164738830875990949e-01
4.055150000000000143e-01 2.655732500000000229e+01 1.205870327624168625e-01
4.102578000000000058e-01 2.653233099999999922e+01 1.236733109795084412e-01
4.150007000000000001e-01 2.668959299999999502e+01 1.267553992961996112e-01
4.197435999999999945e-01 2.645464299999999724e+01 1.281398654713848395e-01
4.244863999999999860e-01 2.646818200000000232e+01 1.302480421349461182e-01
4.292292999999999803e-01 2.640655699999999939e+01 1.320838208963777682e-01
4.339721999999999746e-01 2.630757399999999890e+01 1.338546869661630390e-01
4.387150000000000216e-01 2.649720399999999998e+01 1.362959735198105427e-01
4.434579000000000160e-01 2.634166799999999853e+01 1.378917768586774839e-01
4.482008000000000103e-01 2.645325300000000013e+01 1.405166878274950737e-01
4.529436000000000018e-01 2.629520599999999675e+01 1.423796566806041219e-01
4.576864999999999961e-01 2.634540800000000260e+01 1.440038478447339954e-01
4.624293999999999905e-01 2.634171699999999916e+01 1.451931563529538505e-01
4.671721999999999819e-01 2.644372400000000312e+01 1.447553951797745653e-01
4.719150999999999763e-01 2.670031799999999933e+01 1.397308567711874339e-01
4.766579000000000232e-01 2.648178100000000157e+01 1.365378283322878361e-01
4.814008000000000176e-01 2.635022199999999515e+01 1.344681002260874336e-01
4.861437000000000119e-01 2.637842800000000310e+01 1.332157125207878712e-01
4.908865000000000034e-01 2.626703900000000047e+01 1.318503133436371433e-01
4.956293999999999977e-01 2.637818900000000255e+01 1.311991376046881541e-01
5.003722999999999921e-01 2.618586300000000122e+01 1.298979484053509048e-01
5.051151000000000391e-01 2.615649099999999905e+01 1.290883814721739409e-01
5.098580000000000334e-01 2.604201699999999775e+01 1.281359854958781797e-01
5.146009000000000277e-01 2.593136700000000161e+01 1.272461241822508415e-01
5.193436999999999637e-01 2.615724499999999964e+01 1.272143977442368734e-01
5.240865999999999580e-01 2.645007299999999617e+01 1.273734857227563078e-01
5.288294999999999524e-01 2.604394600000000537e+01 1.258742710164841572e-01
5.335722999999999994e-01 2.612595300000000265e+01 1.253310901122299259e-01
5.383151999999999937e-01 2.614341699999999946e+01 1.244682807694940524e-01
5.430580999999999881e-01 2.583491799999999827e+01 1.228698049101918099e-01
5.478009000000000350e-01 2.614720399999999856e+01 1.227766076315333771e-01
5.525438000000000294e-01 2.607187499999999858e+01 1.217968354332352732e-01
5.572867000000000237e-01 2.603460000000000107e+01 1.209294963432673009e-01
5.620294999999999597e-01 2.575629999999999953e+01 1.195313519595461588e-01
5.667723999999999540e-01 2.609019900000000192e+01 1.195725564816843695e-01
5.715152000000000010e-01 2.600073599999999985e+01 1.186588532629681281e-01
5.762580999999999953e-01 2.613081599999999938e+01 1.182604267100427764e-01
5.810009999999999897e-01 2.625191799999999986e+01 1.178885599746544444e-01
5.857438000000000367e-01 2.615663399999999683e+01 1.173225945736425385e-01
5.904867000000000310e-01 2.592218700000000098e+01 1.165148731042513902e-01
5.952296000000000253e-01 2.600913600000000159e+01 1.164284190847612727e-01
5.999723999999999613e-01 2.598933100000000351e+01 1.162287227821651586e-01
6.047152999999999556e-01 2.605401400000000223e+01 1.160790259142916864e-01
6.094581999999999500e-01 2.590596599999999938e+01 1.153775591282880236e-01
6.142009999999999970e-01 2.595397499999999624e+01 1.153220303685128512e-01
6.189438999999999913e-01 2.610876499999999822e+01 1.152897588990752509e-01
6.236867999999999856e-01 2.601179099999999877e+01 1.148099434744138253e-01
6.284296000000000326e-01 2.591154600000000485e+01 1.143278637918836438e-01
6.331725000000000270e-01 2.606697100000000589e+01 1.144079719732252753e-01
6.379154000000000213e-01 2.610587199999999797e+01 1.142335722631796918e-01
6.426581999999999573e-01 2.591097899999999754e+01 1.135510794978044080e-01
6.474010999999999516e-01 2.591915099999999939e+01 1.133162718175977635e-01
6.521439999999999459e-01 2.587409800000000359e+01 1.129642155082701410e-01
6.568867999999999929e-01 2.582109200000000016e+01 1.125978191717001975e-01
6.616296999999999873e-01 2.586080100000000215e+01 1.124367539783050624e-01
6.663725999999999816e-01 2.582895800000000008e+01 1.121223062948283333e-01
6.711154000000000286e-01 2.574820700000000073e+01 1.117012846205857335e-01
6.758583000000000229e-01 2.595893600000000134e+01 1.119130440366103985e-01
6.806010999999999589e-01 2.582326800000000233e+01 1.113792748486014395e-01
6.853439999999999532e-01 2.586908700000000039e+01 1.112394496581284586e-01
6.900868999999999476e-01 2.578206499999999934e+01 1.108131418239240162e-01
6.948296999999999946e-01 2.576379899999999878e+01 1.105366987859091044e-01
6.995725999999999889e-01 2.585438599999999809e+01 1.104960560683443671e-01
7.043154999999999832e-01 2.582520500000000041e+01 1.102013051667510846e-01
7.090583000000000302e-01 2.590667599999999737e+01 1.101416053008239943e-01
7.138012000000000246e-01 2.591511399999999909e+01 1.099274912126830123e-01
7.185441000000000189e-01 2.593061999999999756e+01 1.097313046955717269e-01
7.232868999999999549e-01 2.592046599999999756e+01 1.094827651777808414e-01
7.280297999999999492e-01 2.584961000000000197e+01 1.091058203681994215e-01
7.327727000000000546e-01 2.564822500000000360e+01 1.084546943122767920e-01
7.375154999999999905e-01 2.576869299999999541e+01 1.084863526816981505e-01
7.422583999999999849e-01 2.592348700000000150e+01 1.085900608268606654e-01
7.470012999999999792e-01 2.572606199999999532e+01 1.079547204980879915e-01
7.517441000000000262e-01 2.580303900000000183e+01 1.078954977722323544e-01
7.564870000000000205e-01 2.579633200000000670e+01 1.076638551330473259e-01
7.612299000000000149e-01 2.595342800000000238e+01 1.077746046351931719e-01
7.659726999999999508e-01 2.603840500000000091e+01 1.077338617004612031e-01
7.707155999999999452e-01 2.572187299999999865e+01 1.068618976563840556e-01
7.754585000000000505e-01 2.578920599999999652e+01 1.067895606345536097e-01
7.802012999999999865e-01 2.570811800000000247e+01 1.065160239643017370e-01
7.849441999999999808e-01 2.590110699999999611e+01 1.066665403836071641e-01
7.896870000000000278e-01 2.566312100000000029e+01 1.058968942922340756e-01
7.944299000000000222e-01 2.570394399999999990e+01 1.057738285428238695e-01
7.991728000000000165e-01 2.573489999999999966e+01 1.056316345664905371e-01
8.039155999999999525e-01 2.578822100000000361e+01 1.055349912419094316e-01
8.086584999999999468e-01 2.584475400000000178e+01 1.054445585563480031e-01
8.134014000000000522e-01 2.581697899999999635e+01 1.051846530313434169e-01
8.181441999999999881e-01 2.580806100000000214e+01 1.050442145575528619e-01
8.228870999999999825e-01 2.574540700000000015e+01 1.046404155949731407e-01
8.276299999999999768e-01 2.572642099999999843e+01 1.043967143198309688e-01
8.323728000000000238e-01 2.565107400000000482e+01 1.040454088333166160e-01
8.371157000000000181e-01 2.560557299999999969e+01 1.037569025040580017e-01
8.418586000000000125e-01 2.570351699999999795e+01 1.037585152997507060e-01
8.466013999999999484e-01 2.576328399999999874e+01 1.036821597132086270e-01
8.513443000000000538e-01 2.591783900000000429e+01 1.037979405905603836e-01
8.560872000000000481e-01 2.588717199999999963e+01 1.035434165499376363e-01
8.608299999999999841e-01 2.578771599999999964e+01 1.031517441254005407e-01
8.655728999999999784e-01 2.576856199999999575e+01 1.029208882296572397e-01
8.703157999999999728e-01 2.598526999999999632e+01 1.031618299194833055e-01
8.750586000000000197e-01 2.581923000000000457e+01 1.026427777827100679e-01
8.798015000000000141e-01 2.559183300000000116e+01 1.020022058711133883e-01
8.845442999999999500e-01 2.539101399999999842e+01 1.014141869360544596e-01
8.892872000000000554e-01 2.553388300000000299e+01 1.015135490688292286e-01
8.940301000000000498e-01 2.569747699999999924e+01 1.016539680482449193e-01
8.987728999999999857e-01 2.572792700000000110e+01 1.015300405550697144e-01
9.035157999999999801e-01 2.577716000000000207e+01 1.014424542320812445e-01
9.082586999999999744e-01 2.571284300000000300e+01 1.011338719219426474e-01
9.130015000000000214e-01 2.566933300000000528e+01 1.008677552534133631e-01
9.177444000000000157e-01 2.568511200000000372e+01 1.007186889819128711e-01
9.224873000000000101e-01 2.569823600000000141e+01 1.005639483718787919e-01
9.272300999999999460e-01 2.572535699999999537e+01 1.004385652421120600e-01
9.319730000000000514e-01 2.560181700000000049e+01 1.000205032781124326e-01
9.367159000000000457e-01 2.577054600000000306e+01 1.001729759391493807e-01
9.414586999999999817e-01 2.571415299999999959e+01 9.988639289146594713e-02
9.462015999999999760e-01 2.551584300000000027e+01 9.932629293823666550e-02
9.509444999999999704e-01 2.559740000000000393e+01 9.931206426304459156e-02
9.556873000000000173e-01 2.555563199999999568e+01 9.905865607169218878e-02
9.604302000000000117e-01 2.552213300000000373e+01 9.882104082189481498e-02
9.651731000000000060e-01 2.549678500000000270e+01 9.860139262354868095e-02
9.699159000000000530e-01 2.552272999999999570e+01 9.848226524755712696e-02
9.746588000000000473e-01 2.561536699999999911e+01 9.849183104853670434e-02
9.794017000000000417e-01 2.547124499999999969e+01 9.804523469357243060e-02
9.841444999999999776e-01 2.561944399999999789e+01 9.816241828098570821e-02
9.888873999999999720e-01 2.577144399999999536e+01 9.828657340622726224e-02
9.936302000000000190e-01 2.572519500000000292e+01 9.803238129932376199e-02
9.983731000000000133e-01 2.557463200000000114e+01 9.757899416924371849e-02
1.003115999999999897e+00 2.546301500000000217e+01 9.720198671320715023e-02
1.007859000000000060e+00 2.555610000000000070e+01 9.721669212764492973e-02
1.012602000000000002e+00 2.540065099999999987e+01 9.675892844866099129e-02
1.017344999999999944e+00 2.539893000000000001e+01 9.659328005685849372e-02
1.022086999999999968e+00 2.553669100000000114e+01 9.669402352474686102e-02
1.026829999999999909e+00 2.553422199999999975e+01 9.652981439664018448e-02
1.031573000000000073e+00 2.540958199999999678e+01 9.613518760261094420e-02
1.036316000000000015e+00 2.531138800000000089e+01 9.579046503706253879e-02
1.041058999999999957e+00 2.556404400000000265e+01 9.610946009663826062e-02
1.045801999999999898e+00 2.548077299999999923e+01 9.579640168579139914e-02
1.050545000000000062e+00 2.550628599999999935e+01 9.568845523852499702e-02
1.055287000000000086e+00 2.570194799999999802e+01 9.589751999757031853e-02
1.060030000000000028e+00 2.558662899999999851e+01 9.552733144403648124e-02
1.064772999999999969e+00 2.546307900000000046e+01 9.514296349205021708e-02
1.069515999999999911e+00 2.549541599999999875e+01 9.505049428229554731e-02
1.074259000000000075e+00 2.538385500000000405e+01 9.468913158681677156e-02
1.079002000000000017e+00 2.549791400000000152e+01 9.474976539860138769e-02
1.083744999999999958e+00 2.556140000000000256e+01 9.473731253440904887e-02
1.088487999999999900e+00 2.556959100000000262e+01 9.462308321083393037e-02
1.093229999999999924e+00 2.559134600000000148e+01 9.447114836324103926e-02
1.097973000000000088e+00 2.548685400000000101e+01 9.412895533119976232e-02
1.102716000000000030e+00 2.564270400000000194e+01 9.426813083864291065e-02
1.107458999999999971e+00 2.543770400000000009e+01 9.374349694596099958e-02
1.112201999999999913e+00 2.551693500000000014e+01 9.374140085494082897e-02
1.116945000000000077e+00 2.563540499999999867e+01 9.381211899441829760e-02
1.121688000000000018e+00 2.538727899999999948e+01 9.321201606090011305e-02
1.126430000000000042e+00 2.546767799999999937e+01 9.321498217205162473e-02
1.131172999999999984e+00 2.540247199999999950e+01 9.295069722992345407e-02
1.135915999999999926e+00 2.545612399999999553e+01 9.290524739625152795e-02
1.140659000000000090e+00 2.545880500000000168e+01 9.276769511769009102e-02
1.145402000000000031e+00 2.560451800000000233e+01 9.289042678959978649e-02
1.150144999999999973e+00 2.556627100000000041e+01 9.267832768948736089e-02
1.154887999999999915e+00 2.563333700000000093e+01 9.265822412730398416e-02
1.159631000000000078e+00 2.556332100000000196e+01 9.239140215740151985e-02
1.164373000000000102e+00 2.542153599999999614e+01 9.199583971891446554e-02
1.169116000000000044e+00 2.540023199999999903e+01 9.188637543357394688e-02
1.173858999999999986e+00 2.549041799999999824e+01 9.188577179824251873e-02
1.178601999999999927e+00 2.539859700000000231e+01 9.153849328257321338e-02
1.183345000000000091e+00 2.545469800000000049e+01 9.150274069503110119e-02
1.188088000000000033e+00 2.541407000000000238e+01 9.129242695200243118e-02
1.192830999999999975e+00 2.539132400000000089e+01 9.111547119424998065e-02
1.197572999999999999e+00 2.541529299999999836e+01 9.102339609467721693e-02
1.202315999999999940e+00 2.553899799999999942e+01 9.111009185260379728e-02
1.207059000000000104e+00 2.554830100000000215e+01 9.128654680580923497e-02
1.211802000000000046e+00 2.564908500000000302e+01 9.446141879037388278e-02
1.216544999999999987e+00 2.545218100000000305e+01 9.605678756106671157e-02
1.221287999999999929e+00 2.536517599999999817e+01 9.733404783142382555e-02
1.226031000000000093e+00 2.540062300000000306e+01 9.862161089500920408e-02
1.230774000000000035e+00 2.543550600000000017e+01 9.977738209526296198e-02
1.235516000000000059e+00 2.533205000000000240e+01 1.005703340975245136e-01
1.240259000000000000e+00 2.539496099999999856e+01 1.016272234759043186e-01
1.245001999999999942e+00 2.560497500000000315e+01 1.029306480263716128e-01
1.249745000000000106e+00 2.563955499999999432e+01 1.038449535003622692e-01
1.254488000000000048e+00 2.550453100000000362e+01 1.043812577572190425e-01
1.259230999999999989e+00 2.519277400000000000e+01 1.042697993277013069e-01
1.263973999999999931e+00 2.533584900000000317e+01 1.048342223237364312e-01
1.268715999999999955e+00 2.527704400000000362e+01 1.049663936503007766e-01
1.273458999999999897e+00 2.531484599999999574e+01 1.033235502877137002e-01
1.278202000000000060e+00 2.556071600000000288e+01 9.998702453805394241e-02
1.282945000000000002e+00 2.541973899999999986e+01 9.780897459064122335e-02
1.287687999999999944e+00 2.550433299999999548e+01 9.659194833730708196e-02
1.292431000000000108e+00 2.543088799999999949e+01 9.533877281744609911e-02
1.297174000000000049e+00 2.541208500000000114e+01 9.435444428358211177e-02
1.301916000000000073e+00 2.546197199999999583e+01 9.361005496752738964e-02
1.306659000000000015e+00 2.542680700000000016e+01 9.279384975998034024e-02
1.311401999999999957e+00 2.547908799999999729e+01 9.220338362395816278e-02
1.316144999999999898e+00 2.564564599999999928e+01 9.186916211591787673e-02
1.320888000000000062e+00 2.534561699999999718e+01 9.087549776235451238e-02
1.325631000000000004e+00 2.545531799999999834e+01 9.083736379707965658e-02
1.330373999999999945e+00 2.540221599999999924e+01 9.052120038864762408e-02
1.335117000000000109e+00 2.545337700000000325e+01 9.040054023049917675e-02
1.339858999999999911e+00 2.543164200000000363e+01 9.015687784175814568e-02
1.344602000000000075e+00 2.552599299999999261e+01 9.012601391619792790e-02
1.349345000000000017e+00 2.524251399999999990e+01 8.943411438325533924e-02
1.354087999999999958e+00 2.531392500000000112e+01 8.937571212566533529e-02
1.358830999999999900e+00 2.541222099999999884e+01 8.936787887587631374e-02
1.363574000000000064e+00 2.529979700000000520e+01 8.899393163504464022e-02
1.368317000000000005e+00 2.538252500000000111e+01 8.896729999352739893e-02
1.373059000000000029e+00 2.547183799999999820e+01 8.895565400621535668e-02
1.377801999999999971e+00 2.551268900000000173e+01 8.886089928085862122e-02
1.382544999999999913e+00 2.528047299999999353e+01 8.829352532735001979e-02
1.387288000000000077e+00 2.532227100000000064e+01 8.820800570659445561e-02
1.392031000000000018e+00 2.540890399999999971e+01 8.820249182680953148e-02
1.396773999999999960e+00 2.536116399999999871e+01 8.796520751193223631e-02
1.401516999999999902e+00 2.534808899999999809e+01 8.779071959007682391e-02
1.406260000000000066e+00 2.533256000000000441e+01 8.761462842363595960e-02
1.411002000000000089e+00 2.537327799999999556e+01 8.753805155265623195e-02
1.415745000000000031e+00 2.537464600000000203e+01 8.739416440358417637e-02
1.420487999999999973e+00 2.526472099999999799e+01 8.706106532264351605e-02
1.425230999999999915e+00 2.539662200000000070e+01 8.714597307348515010e-02
1.429974000000000078e+00 2.524857800000000196e+01 8.675195011898867437e-02
1.434717000000000020e+00 2.544292100000000545e+01 8.694565882281529712e-02
1.439459999999999962e+00 2.539260200000000367e+01 8.672193435986133569e-02
1.444201999999999986e+00 2.537949000000000055e+01 8.656360298556547983e-02
1.448944999999999927e+00 2.537849600000000194e+01 8.642754360491625154e-02
1.453688000000000091e+00 2.538943400000000139e+01 8.631235433012009184e-02
1.458431000000000033e+00 2.545494500000000215e+01 8.629085538483959039e-02
1.463173999999999975e+00 2.554111200000000181e+01 8.632836187276404782e-02
1.467916999999999916e+00 2.527565699999999893e+01 8.575094718744860622e-02
1.472660000000000080e+00 2.541647000000000034e+01 8.583601902869855693e-02
1.477402000000000104e+00 2.539147799999999933e+01 8.566578482169120989e-02
1.482145000000000046e+00 2.545270400000000421e+01 8.564232183993321368e-02
1.486887999999999987e+00 2.530146300000000181e+01 8.526252060569697311e-02
1.491630999999999929e+00 2.531567899999999938e+01 8.516153060215217452e-02
1.496374000000000093e+00 2.553131400000000184e+01 8.539879097944010067e-02
1.501117000000000035e+00 2.560826199999999631e+01 8.544727342975666495e-02
1.505859999999999976e+00 2.551781599999999983e+01 8.682178093563217014e-02
1.510602999999999918e+00 2.528443299999999638e+01 8.885479811748547840e-02
1.515344999999999942e+00 2.547769699999999915e+01 9.067165873853857971e-02
1.520088000000000106e+00 2.544923799999999758e+01 9.181505792074086403e-02
1.524831000000000047e+00 2.538431999999999888e+01 9.273842677104189580e-02
1.529573999999999989e+00 2.528635500000000036e+01 9.328789099756677750e-02
1.534316999999999931e+00 2.536621500000000395e+01 9.083787247759603223e-02
1.539060000000000095e+00 2.542429900000000131e+01 8.953040142069060292e-02
1.543803000000000036e+00 2.535678799999999811e+01 8.846847412115289855e-02
1.548545000000000060e+00 2.551068700000000078e+01 8.780984585732569403e-02
1.553288000000000002e+00 2.541924999999999812e+01 8.687450309968454409e-02
1.558030999999999944e+00 2.542195400000000660e+01 8.614737026429244993e-02
1.562774000000000107e+00 2.534812000000000154e+01 8.516110489043927922e-02
1.567517000000000049e+00 2.540427500000000549e+01 8.447087944059834819e-02
1.572259999999999991e+00 2.525629900000000205e+01 8.373070237081138567e-02
1.577002999999999933e+00 2.528442300000000387e+01 8.344807271959550632e-02
1.581746000000000096e+00 2.538322900000000715e+01 8.344963788315201692e-02
1.586487999999999898e+00 2.540978799999999893e+01 8.351512163731787675e-02
1.591231000000000062e+00 2.532823000000000135e+01 8.348782133164393826e-02
1.595974000000000004e+00 2.519297100000000000e+01 8.336728255320488556e-02
1.600716999999999945e+00 2.523015000000000185e+01 8.350147034927887790e-02
1.605460000000000109e+00 2.526935900000000146e+01 8.345760633240927040e-02
1.610203000000000051e+00 2.527559500000000270e+01 8.332849373540841820e-02
1.614945999999999993e+00 2.529294199999999648e+01 8.322097874487596747e-02
1.619688000000000017e+00 2.524002600000000385e+01 8.300071063663491677e-02
1.624430999999999958e+00 2.532171800000000061e+01 8.300371378819684787e-02
1.629173999999999900e+00 2.530846999999999980e+01 8.285256222630352219e-02
1.633917000000000064e+00 2.519294000000000011e+01 8.253666731427190817e-02
1.638660000000000005e+00 2.535820400000000063e+01 8.268182036431043214e-02
1.643402999999999947e+00 2.532488199999999878e+01 8.250411585475174447e-02
1.648146000000000111e+00 2.536021900000000073e+01 8.243932108452615981e-02
1.652889000000000053e+00 2.531858500000000234e+01 8.225118821091645382e-02
1.657631000000000077e+00 2.526976200000000006e+01 8.205341149672631951e-02
1.662374000000000018e+00 2.531596600000000308e+01 8.201050148881361412e-02
1.667116999999999960e+00 2.539223900000000000e+01 8.201705674955546421e-02
1.671859999999999902e+00 2.535926600000000164e+01 8.184849823634762767e-02
1.676603000000000065e+00 2.518756499999999932e+01 8.145746886594561198e-02
1.681346000000000007e+00 2.520545399999999958e+01 8.137340529428702118e-02
1.686088999999999949e+00 2.517719600000000213e+01 8.121565936698968424e-02
1.690830999999999973e+00 2.522884599999999722e+01 8.118814895419589062e-02
1.695573999999999915e+00 2.515969299999999720e+01 8.096718145171968861e-02
1.700317000000000078e+00 2.516885500000000064e+01 8.087274968936879194e-02
1.705060000000000020e+00 2.519355799999999945e+01 8.080401475904028241e-02
1.709802999999999962e+00 2.521795900000000046e+01 8.073570775393623666e-02
1.714545999999999903e+00 2.516125100000000003e+01 8.053879745981684657e-02
1.719289000000000067e+00 2.516636400000000151e+01 8.044102651578734220e-02
1.724031000000000091e+00 2.526791899999999913e+01 8.049751234626942309e-02
1.728774000000000033e+00 2.529201199999999972e+01 8.043142252213185406e-02
1.733516999999999975e+00 2.517015400000000369e+01 8.013415327845362091e-02
1.738259999999999916e+00 2.514174299999999818e+01 7.998574720596100807e-02
1.743003000000000080e+00 2.531454799999999850e+01 8.015711964565530590e-02
1.747746000000000022e+00 2.522101099999999718e+01 7.990724956753800234e-02
1.752488999999999963e+00 2.521449199999999990e+01 7.979601752939616266e-02
1.757231999999999905e+00 2.518348700000000306e+01 7.964649190025258063e-02
1.761973999999999929e+00 2.526602099999999851e+01 7.967635819563165245e-02
1.766717000000000093e+00 2.523266199999999770e+01 7.952441147778711861e-02
1.771460000000000035e+00 2.515554300000000154e+01 7.930423404460193448e-02
1.776202999999999976e+00 2.524372999999999934e+01 7.938038210749176482e-02
1.780945999999999918e+00 2.521278500000000378e+01 7.923610333690948859e-02
1.785689000000000082e+00 2.519287700000000285e+01 7.906961664525319344e-02
1.790432000000000023e+00 2.519602500000000234e+01 7.897812825010731841e-02
1.795174000000000047e+00 2.523646500000000259e+01 7.894512642866750862e-02
1.799916999999999989e+00 2.512019699999999744e+01 7.866707696614320955e-02
1.804659999999999931e+00 2.516264799999999724e+01 7.863861233975202869e-02
1.809403000000000095e+00 2.504366399999999970e+01 7.835825807955469624e-02
1.814146000000000036e+00 2.510799699999999746e+01 7.836465609362297524e-02
1.818888999999999978e+00 2.514543300000000414e+01 7.832902832221207146e-02
1.823631999999999920e+00 2.518370600000000081e+01 7.829526476593842710e-02
1.828375000000000083e+00 2.529284499999999625e+01 7.837192061082208505e-02
1.833117000000000107e+00 2.521368999999999971e+01 7.815662646389748280e-02
1.837860000000000049e+00 2.509152800000000028e+01 7.787497905660006881e-02
1.842602999999999991e+00 2.500358499999999751e+01 7.764706431779438978e-02
1.847345999999999933e+00 2.525950100000000020e+01 7.795240268669272055e-02
1.852089000000000096e+00 2.518184500000000270e+01 7.780577201760290051e-02
1.856832000000000038e+00 2.509636499999999515e+01 7.752477828266392257e-02
1.861574999999999980e+00 2.516130800000000178e+01 7.752954128191007210e-02
1.866317000000000004e+00 2.498022099999999668e+01 7.716095056041170908e-02
1.871059999999999945e+00 2.510050799999999782e+01 7.725766298592133541e-02
1.875803000000000109e+00 2.513821100000000186e+01 7.722654902794959253e-02
1.880546000000000051e+00 2.520529300000000461e+01 7.724109537176696016e-02
1.885288999999999993e+00 2.507492099999999624e+01 7.695338915814950442e-02
1.890031999999999934e+00 2.509854899999999844e+01 7.690216713085204492e-02
1.894775000000000098e+00 2.506583699999999837e+01 7.676444901155352052e-02
1.899516999999999900e+00 2.504995200000000111e+01 7.665370416396262432e-02
1.904260000000000064e+00 2.507142699999999991e+01 7.660018014250358220e-02
1.909003000000000005e+00 2.505106500000000125e+01 7.648323481810311020e-02
1.913745999999999947e+00 2.498995599999999939e+01 7.630382647167244237e-02
1.918489000000000111e+00 2.505243300000000062e+01 7.631405465355185769e-02
1.923232000000000053e+00 2.500819299999999856e+01 7.616191605734062842e-02
1.927974999999999994e+00 2.497082800000000091e+01 7.601835135384481246e-02
1.932717999999999936e+00 2.500595200000000062e+01 7.592763774647016961e-02
1.937459999999999960e+00 2.497144700000000128e+01 7.569820383837914946e-02
1.942202999999999902e+00 2.510267999999999944e+01 7.568998647315310080e-02
1.946946000000000065e+00 2.509313300000000169e+01 7.549170486693024262e-02
1.951689000000000007e+00 2.504462400000000599e+01 7.527008706808169247e-02
1.956431999999999949e+00 2.503002900000000253e+01 7.516695407358607584e-02
1.961174999999999891e+00 2.501175500000000085e+01 7.506035521666480637e-02
1.965918000000000054e+00 2.507202000000000197e+01 7.507279808126508802e-02
1.970660000000000078e+00 2.512242900000000390e+01 7.511278109309027506e-02
1.975403000000000020e+00 2.507214499999999902e+01 7.501744814790889393e-02
1.980145999999999962e+00 2.505050299999999908e+01 7.500574949882041209e-02
1.984888999999999903e+00 2.499795400000000001e+01 7.494688815788083658e-02
1.989632000000000067e+00 2.507041399999999953e+01 7.507510326522501276e-02
1.994375000000000009e+00 2.501972400000000363e+01 7.497180351610263638e-02
1.999117999999999951e+00 2.506798500000000018e+01 7.493623536766376436e-02
2.003861000000000114e+00 2.500352600000000081e+01 7.476025845152491078e-02
2.008602999999999916e+00 2.509174499999999597e+01 7.481220595151369390e-02
2.013345999999999858e+00 2.522683899999999468e+01 7.559909532045075431e-02
2.018088999999999800e+00 2.507303099999999674e+01 7.756762173242130742e-02
2.022832000000000185e+00 2.499047099999999588e+01 7.872155866616653563e-02
2.027575000000000127e+00 2.508801599999999965e+01 7.987246364353925432e-02
2.032318000000000069e+00 2.491751199999999500e+01 8.045409334746492225e-02
2.037061000000000011e+00 2.495105799999999974e+01 8.127454500176053975e-02
2.041802999999999813e+00 2.495136300000000062e+01 8.196388476417036661e-02
2.046546000000000198e+00 2.485128199999999765e+01 8.217321183288808784e-02
2.051289000000000140e+00 2.501792600000000277e+01 8.270157459737813299e-02
2.056032000000000082e+00 2.489502800000000349e+01 8.273213688341550520e-02
2.060775000000000023e+00 2.483866900000000300e+01 8.285687309989860083e-02
2.065517999999999965e+00 2.477071199999999962e+01 8.294780336877946580e-02
2.070260999999999907e+00 2.490271299999999854e+01 8.336255044212298460e-02
2.075003000000000153e+00 2.486296500000000265e+01 8.347997145661707752e-02
2.079746000000000095e+00 2.504773199999999989e+01 8.177605798835255180e-02
2.084489000000000036e+00 2.502040399999999920e+01 7.965513772532879788e-02
2.089231999999999978e+00 2.491671600000000097e+01 7.835316562201299906e-02
2.093974999999999920e+00 2.500240700000000160e+01 7.762733001016523804e-02
2.098717999999999861e+00 2.507784699999999845e+01 7.703434905609510275e-02
2.103460999999999803e+00 2.499445999999999657e+01 7.629534062778473014e-02
2.108204000000000189e+00 2.497224399999999633e+01 7.583774855286712357e-02
2.112945999999999991e+00 2.486749700000000374e+01 7.547727306698422123e-02
2.117688999999999933e+00 2.503028500000000278e+01 7.554069475080500695e-02
2.122431999999999874e+00 2.502901999999999916e+01 7.536762453497655723e-02
2.127174999999999816e+00 2.494627499999999642e+01 7.508351248756281460e-02
2.131918000000000202e+00 2.494329399999999808e+01 7.492817653272700051e-02
2.136661000000000143e+00 2.493243199999999860e+01 7.476823952367074588e-02
2.141404000000000085e+00 2.493097500000000366e+01 7.462854171560034944e-02
2.146145999999999887e+00 2.476481999999999672e+01 7.424798116702231721e-02
2.150888999999999829e+00 2.483867400000000103e+01 7.423161164490840735e-02
2.155632000000000215e+00 2.489228100000000055e+01 7.418933930932732068e-02
2.160375000000000156e+00 2.490001600000000082e+01 7.408145335492075101e-02
2.165118000000000098e+00 2.483764000000000038e+01 7.387305544339763108e-02
2.169861000000000040e+00 2.498265099999999705e+01 7.397573561540296549e-02
2.174603999999999981e+00 2.487801099999999721e+01 7.371066191774294785e-02
2.179346999999999923e+00 2.495768199999999837e+01 7.372061363678819590e-02
2.184089000000000169e+00 2.500762999999999892e+01 7.368890395458396747e-02
2.188832000000000111e+00 2.496386600000000300e+01 7.352118886250616492e-02
2.193575000000000053e+00 2.494755500000000126e+01 7.339582141170980512e-02
2.198317999999999994e+00 2.493033900000000358e+01 7.327059245866653081e-02
2.203060999999999936e+00 2.487391799999999975e+01 7.308972494554620558e-02
2.207803999999999878e+00 2.492063299999999870e+01 7.306221830451015142e-02
2.212546999999999819e+00 2.484264399999999995e+01 7.285309074766353754e-02
2.217289000000000065e+00 2.484130900000000253e+01 7.275739579401532819e-02
2.222032000000000007e+00 2.492541799999999697e+01 7.278808062325040074e-02
2.226774999999999949e+00 2.488854699999999909e+01 7.264307716125674441e-02
2.231517999999999891e+00 2.489710200000000029e+01 7.256563504594856773e-02
2.236260999999999832e+00 2.479719200000000257e+01 7.233072760891390285e-02
2.241004000000000218e+00 2.484271000000000384e+01 7.230931456448123906e-02
2.245747000000000160e+00 2.486737700000000473e+01 7.225829309979650561e-02
2.250490000000000101e+00 2.474263800000000302e+01 7.199103210769658423e-02
2.255231999999999903e+00 2.492935200000000151e+01 7.217666443737823234e-02
2.259974999999999845e+00 2.487484299999999848e+01 7.201318519969937548e-02
2.264717999999999787e+00 2.478619300000000436e+01 7.180145635674599347e-02
2.269461000000000173e+00 2.478902199999999922e+01 7.172287335857228940e-02
2.274204000000000114e+00 2.498262700000000081e+01 7.191969852203845825e-02
2.278947000000000056e+00 2.482956899999999933e+01 7.161766013171610989e-02
2.283689999999999998e+00 2.480202799999999996e+01 7.149726898920824580e-02
2.288431999999999800e+00 2.481242399999999648e+01 7.143236196026350737e-02
2.293175000000000185e+00 2.496065899999999971e+01 7.156532924159295095e-02
2.297918000000000127e+00 2.474702299999999866e+01 7.117971419215871065e-02
2.302661000000000069e+00 2.474876599999999982e+01 7.110417862750473272e-02
2.307404000000000011e+00 2.492270900000000111e+01 7.127582080687391852e-02
2.312146999999999952e+00 2.472250400000000070e+01 7.091158512049425267e-02
2.316889999999999894e+00 2.479414200000000079e+01 7.093730374746773371e-02
2.321632000000000140e+00 2.474786200000000136e+01 7.079536032427902192e-02
2.326375000000000082e+00 2.490482399999999785e+01 7.094381275409575305e-02
2.331118000000000023e+00 2.491938100000000134e+01 7.088884155940763931e-02
2.335860999999999965e+00 2.472080900000000270e+01 7.053114113836242427e-02
2.340603999999999907e+00 2.483639999999999759e+01 7.062137671543580741e-02
2.345346999999999849e+00 2.476929399999999504e+01 7.045233234324255189e-02
2.350089999999999790e+00 2.478691599999999795e+01 7.040390374775605531e-02
2.354833000000000176e+00 2.479948399999999964e+01 7.034846219730464534e-02
2.359574999999999978e+00 2.482882400000000089e+01 7.031768104434331368e-02
2.364317999999999920e+00 2.483627100000000354e+01 7.025589534021396687e-02
2.369060999999999861e+00 2.489996399999999355e+01 7.027375317011252953e-02
2.373803999999999803e+00 2.469919300000000106e+01 6.991864580297804665e-02
2.378547000000000189e+00 2.470642899999999997e+01 6.985784023836480450e-02
2.383290000000000131e+00 2.479365200000000158e+01 6.991043874065230868e-02
2.388033000000000072e+00 2.476968199999999598e+01 6.980623916728789791e-02
2.392774999999999874e+00 2.479171000000000191e+01 6.976694713981256013e-02
2.397517999999999816e+00 2.472399599999999964e+01 6.960213159338871081e-02
2.402261000000000202e+00 2.470847599999999744e+01 6.951149427234318279e-02
2.407004000000000143e+00 2.469129200000000068e+01 6.941802482563227961e-02
2.411747000000000085e+00 2.471255599999999930e+01 6.937931558025633993e-02
2.416490000000000027e+00 2.477202700000000135e+01 6.939458486137373150e-02
2.421232999999999969e+00 2.467339799999999883e+01 6.918836316147029819e-02
2.425975999999999910e+00 2.475038300000000291e+01 6.922818504383529414e-02
2.430718000000000156e+00 2.477371600000000029e+01 6.919331172115480988e-02
2.435461000000000098e+00 2.475992599999999655e+01 6.910731649525250764e-02
2.440204000000000040e+00 2.462628099999999876e+01 6.887823808535974146e-02
2.444946999999999981e+00 2.465916600000000614e+01 6.883321956113122586e-02
2.449689999999999923e+00 2.464536599999999922e+01 6.874764250718055913e-02
2.454432999999999865e+00 2.472773400000000521e+01 6.879661952412195747e-02
2.459175999999999807e+00 2.483622499999999889e+01 6.888162637889874707e-02
2.463918000000000053e+00 2.483479399999999870e+01 6.881365876825472350e-02
2.468660999999999994e+00 2.464987400000000051e+01 6.849210956555361329e-02
2.473403999999999936e+00 2.460536799999999857e+01 6.836537532522732330e-02
2.478146999999999878e+00 2.462279400000000251e+01 6.832515688653045816e-02
2.482889999999999819e+00 2.470973999999999648e+01 6.838117501870819015e-02
2.487633000000000205e+00 2.471405400000000085e+01 6.832298939549190375e-02
2.492376000000000147e+00 2.470802700000000129e+01 6.825086317509765355e-02
2.497117999999999949e+00 2.475794099999999887e+01 6.825599762847218976e-02
2.501860999999999891e+00 2.458415199999999601e+01 6.795272457135327626e-02
2.506603999999999832e+00 2.464371399999999923e+01 6.797189310512471994e-02
2.511347000000000218e+00 2.464319499999999863e+01 6.790674566275282931e-02
2.516090000000000160e+00 2.469200600000000279e+01 6.785906075622474831e-02
2.520833000000000101e+00 2.470679000000000158e+01 6.774030149571523551e-02
2.525576000000000043e+00 2.471651999999999916e+01 6.761591103102360112e-02
2.530318999999999985e+00 2.457614099999999979e+01 6.731326401069777365e-02
2.535060999999999787e+00 2.468015300000000067e+01 6.739389917977886557e-02
2.539804000000000173e+00 2.470820999999999756e+01 6.737107872017117360e-02
2.544547000000000114e+00 2.470787400000000034e+01 6.731039584585726820e-02
2.549290000000000056e+00 2.460421099999999939e+01 6.710885987606479697e-02
2.554032999999999998e+00 2.465049199999999630e+01 6.711219276710231330e-02
2.558775999999999939e+00 2.468436599999999359e+01 6.709812727146861888e-02
2.563518999999999881e+00 2.469805599999999757e+01 6.705949998875700147e-02
2.568261000000000127e+00 2.461344300000000018e+01 6.693892074283092075e-02
2.573004000000000069e+00 2.471641899999999836e+01 6.709433108204150564e-02
2.577747000000000011e+00 2.465906999999999982e+01 6.703113434530030834e-02
2.582489999999999952e+00 2.461420599999999936e+01 6.695194674172215421e-02
2.587232999999999894e+00 2.466633200000000059e+01 6.696353357030153386e-02
2.591975999999999836e+00 2.465302399999999849e+01 6.688621772646588526e-02
2.596719000000000221e+00 2.460182300000000311e+01 6.675744278918718799e-02
2.601462000000000163e+00 2.472157599999999888e+01 6.686078407928895684e-02
2.606203999999999965e+00 2.469097399999999709e+01 6.676085094108372142e-02
2.610946999999999907e+00 2.459787600000000296e+01 6.657626113642609034e-02
2.615689999999999849e+00 2.460212299999999885e+01 6.652365317666567024e-02
2.620432999999999790e+00 2.468430899999999895e+01 6.657648331577524503e-02
2.625176000000000176e+00 2.462720600000000104e+01 6.644158979585076952e-02
2.629919000000000118e+00 2.460788400000000209e+01 6.635781591085107567e-02
2.634662000000000059e+00 2.457074100000000172e+01 6.626431546133862427e-02
2.639403999999999861e+00 2.455518900000000571e+01 6.619746019593879260e-02
2.644146999999999803e+00 2.466918099999999825e+01 6.627170548213770496e-02
2.648890000000000189e+00 2.461731099999999728e+01 6.614121732685451782e-02
2.653633000000000131e+00 2.454220799999999869e+01 6.599326397676280598e-02
2.658376000000000072e+00 2.465683200000000141e+01 6.609211041873909454e-02
2.663119000000000014e+00 2.469102699999999828e+01 6.606994729552460865e-02
2.667861999999999956e+00 2.463834500000000105e+01 6.594263013105709781e-02
2.672604999999999897e+00 2.459648199999999818e+01 6.583035962318602163e-02
2.677347000000000143e+00 2.461113800000000040e+01 6.579404741854540106e-02
2.682090000000000085e+00 2.458988599999999991e+01 6.570973121845423426e-02
2.686833000000000027e+00 2.471595899999999801e+01 6.582235694577109886e-02
2.691575999999999969e+00 2.460182499999999806e+01 6.561442926382962670e-02
2.696318999999999910e+00 2.457651700000000261e+01 6.552537320890511330e-02
2.701061999999999852e+00 2.455549199999999743e+01 6.544226627892252290e-02
2.705804999999999794e+00 2.471007900000000035e+01 6.559273341489665898e-02
2.710547000000000040e+00 2.466689099999999968e+01 6.548027113002663491e-02
2.715289999999999981e+00 2.468927899999999198e+01 6.545517299166278558e-02
2.720032999999999923e+00 2.451204800000000006e+01 6.516539929068952686e-02
2.724775999999999865e+00 2.456354300000000279e+01 6.517949778747991751e-02
2.729518999999999807e+00 2.462236599999999953e+01 6.520303960722920178e-02
2.734262000000000192e+00 2.458205600000000146e+01 6.509560629068447679e-02
2.739005000000000134e+00 2.473955799999999527e+01 6.524984485954966884e-02
2.743746999999999936e+00 2.464241000000000170e+01 6.506742453979333374e-02
2.748489999999999878e+00 2.463072599999999923e+01 6.499830359880248709e-02
2.753232999999999819e+00 2.461905399999999844e+01 6.492948407706164438e-02
2.757976000000000205e+00 2.454576300000000089e+01 6.477957085850909180e-02
2.762719000000000147e+00 2.451655399999999929e+01 6.468781468805852308e-02
2.767462000000000089e+00 2.452774099999999891e+01 6.464939605446674842e-02
2.772205000000000030e+00 2.458824599999999805e+01 6.467626583382964089e-02
2.776947999999999972e+00 2.455320300000000344e+01 6.457737193081877769e-02
2.781690000000000218e+00 2.458832400000000007e+01 6.457095408145058224e-02
2.786433000000000160e+00 2.452486600000000294e+01 6.443500136400712175e-02
2.791176000000000101e+00 2.452266300000000143e+01 6.437986721614917529e-02
2.795919000000000043e+00 2.447225300000000203e+01 6.426167753295117246e-02
2.800661999999999985e+00 2.451010600000000039e+01 6.427406473378589891e-02
2.805404999999999927e+00 2.448292599999999908e+01 6.417719573440786029e-02
2.810147999999999868e+00 2.459105699999999928e+01 6.429760210714004220e-02
2.814890000000000114e+00 2.476458500000000384e+01 6.448054302438605001e-02
2.819633000000000056e+00 2.468767099999999814e+01 6.557339770132701584e-02
2.824375999999999998e+00 2.459559800000000251e+01 6.682491544436924835e-02
2.829118999999999939e+00 2.453529300000000291e+01 6.760546850866355761e-02
2.833861999999999881e+00 2.459988399999999586e+01 6.840121819042625784e-02
2.838604999999999823e+00 2.450042499999999990e+01 6.886000341707440575e-02
2.843348000000000209e+00 2.452478899999999840e+01 6.918471569430563461e-02
2.848091000000000150e+00 2.451620899999999992e+01 6.938253111017497754e-02
2.852832999999999952e+00 2.449492899999999906e+01 6.955498797925925569e-02
2.857575999999999894e+00 2.449869199999999836e+01 6.974698073658672226e-02
2.862318999999999836e+00 2.451660700000000048e+01 6.994651713920216340e-02
2.867062000000000221e+00 2.460082000000000235e+01 7.023069560479235085e-02
2.871805000000000163e+00 2.448644700000000185e+01 7.022182122099511481e-02
2.876548000000000105e+00 2.440771300000000110e+01 7.025533113937333651e-02
2.881291000000000047e+00 2.445057600000000164e+01 7.012690452360563487e-02
2.886032999999999848e+00 2.473635800000000273e+01 6.852444301714315233e-02
2.890775999999999790e+00 2.464496600000000370e+01 6.732273329630340808e-02
2.895519000000000176e+00 2.463145000000000095e+01 6.657716691238596551e-02
2.900262000000000118e+00 2.462948500000000251e+01 6.599870123308868020e-02
2.905005000000000059e+00 2.460636899999999727e+01 6.561235658873791621e-02
2.909748000000000001e+00 2.449424299999999732e+01 6.529114841542381364e-02
2.914490999999999943e+00 2.459956400000000443e+01 6.527828870646809611e-02
2.919233000000000189e+00 2.462017200000000017e+01 6.516659239948104088e-02
2.923976000000000131e+00 2.455950199999999839e+01 6.495844623774955917e-02
2.928719000000000072e+00 2.452175799999999839e+01 6.478984599464641947e-02
2.933462000000000014e+00 2.452764200000000372e+01 6.468576989742488847e-02
2.938204999999999956e+00 2.447833400000000381e+01 6.451512876825171716e-02
2.942947999999999897e+00 2.453553399999999840e+01 6.449015421918449786e-02
2.947690999999999839e+00 2.458865399999999823e+01 6.446391000715205599e-02
2.952433999999999781e+00 2.463191400000000186e+01 6.443559699615888925e-02
2.957176000000000027e+00 2.449410900000000169e+01 6.417238014501955301e-02
2.961918999999999969e+00 2.451424899999999951e+01 6.409995551003994096e-02
2.966661999999999910e+00 2.453497600000000034e+01 6.404427598324616278e-02
2.971404999999999852e+00 2.443692699999999718e+01 6.383540383079597258e-02
2.976147999999999794e+00 2.457671199999999700e+01 6.393900219372287974e-02
2.980891000000000179e+00 2.456944100000000120e+01 6.385294566823132567e-02
2.985634000000000121e+00 2.457549700000000215e+01 6.378587504236263306e-02
2.990375999999999923e+00 2.457684800000000180e+01 6.373083793696424082e-02
2.995118999999999865e+00 2.451209700000000069e+01 6.356128637320912489e-02
2.999861999999999806e+00 2.454749999999999943e+01 6.353385412340809002e-02
3.004605000000000192e+00 2.456682599999999894e+01 6.348959894976577423e-02
3.009348000000000134e+00 2.446193900000000099e+01 6.328607098544591913e-02
3.014091000000000076e+00 2.445535100000000028e+01 6.322995180819766803e-02
3.018834000000000017e+00 2.443742999999999910e+01 6.312145072083261144e-02
3.023576999999999959e+00 2.446712099999999879e+01 6.309501462148178752e-02
3.028319000000000205e+00 2.444707700000000017e+01 6.300498666488787980e-02
3.033062000000000147e+00 2.443949500000000086e+01 6.293185649495094958e-02
3.037805000000000089e+00 2.448608600000000024e+01 6.292949879217854536e-02
3.042548000000000030e+00 2.453482100000000443e+01 6.293051453169440368e-02
3.047290999999999972e+00 2.446743800000000135e+01 6.278300096237912631e-02
3.052033999999999914e+00 2.444455699999999965e+01 6.269320304030175095e-02
3.056776999999999855e+00 2.445209299999999786e+01 6.264318686137543279e-02
3.061519000000000101e+00 2.457691200000000009e+01 6.274350473199356848e-02
3.066262000000000043e+00 2.456503200000000220e+01 6.266974338220397678e-02
3.071004999999999985e+00 2.459402299999999997e+01 6.266116196869875310e-02
3.075747999999999927e+00 2.449320599999999715e+01 6.247794205214348556e-02
3.080490999999999868e+00 2.444612900000000266e+01 6.235425980050520595e-02
3.085233999999999810e+00 2.445357899999999773e+01 6.229818189956911473e-02
3.089977000000000196e+00 2.444367299999999688e+01 6.224714368984892582e-02
3.094720000000000137e+00 2.445374599999999887e+01 6.218757613236103321e-02
3.099461999999999939e+00 2.451764299999999963e+01 6.221266736434630934e-02
3.104204999999999881e+00 2.446201200000000142e+01 6.208710618867897824e-02
3.108947999999999823e+00 2.441435100000000347e+01 6.197198043123117867e-02
3.113691000000000209e+00 2.448902600000000263e+01 6.201283740770292818e-02
3.118434000000000150e+00 2.449413799999999952e+01 6.196555246654870258e-02
3.123177000000000092e+00 2.449828199999999967e+01 6.191719791276652923e-02
3.127920000000000034e+00 2.446225000000000094e+01 6.181859041658503695e-02
3.132661999999999836e+00 2.451087599999999611e+01 6.182724477751616599e-02
3.137405000000000221e+00 2.451440000000000197e+01 6.177943243083251768e-02
3.142148000000000163e+00 2.437265199999999865e+01 6.154816894814824080e-02
3.146891000000000105e+00 2.446308700000000158e+01 6.161825196898318424e-02
3.151634000000000047e+00 2.459797400000000067e+01 6.173838020529855142e-02
3.156376999999999988e+00 2.454061799999999849e+01 6.160532973418615665e-02
3.161119999999999930e+00 2.458765999999999963e+01 6.161360767948180495e-02
3.165862000000000176e+00 2.453671599999999842e+01 6.154177909650483669e-02
3.170605000000000118e+00 2.452901999999999916e+01 6.146566101004283939e-02
3.175348000000000059e+00 2.452734399999999937e+01 6.138615488919467456e-02
3.180091000000000001e+00 2.453898299999999466e+01 6.135053589549809006e-02
3.184833999999999943e+00 2.454756900000000286e+01 6.131140827929089376e-02
3.189576999999999884e+00 2.439392600000000044e+01 6.106969152959100533e-02
3.194319999999999826e+00 2.440213700000000330e+01 6.101322581863788397e-02
3.199063000000000212e+00 2.450871800000000178e+01 6.103422414710044791e-02
3.203805000000000014e+00 2.445870400000000089e+01 6.085904051727893810e-02
3.208547999999999956e+00 2.437226400000000126e+01 6.067652566864799313e-02
3.213290999999999897e+00 2.438989600000000024e+01 6.065064687036404723e-02
3.218033999999999839e+00 2.453492699999999971e+01 6.078288793311732718e-02
3.222776999999999781e+00 2.445882400000000345e+01 6.064096769769591194e-02
3.227520000000000167e+00 2.449660999999999689e+01 6.064046151072648161e-02
3.232263000000000108e+00 2.444339000000000084e+01 6.052759072481903729e-02
3.237004999999999910e+00 2.443710399999999794e+01 6.047293752082083529e-02
3.241747999999999852e+00 2.437600199999999973e+01 6.035046433448213593e-02
3.246490999999999794e+00 2.438188300000000197e+01 6.031129587886252530e-02
3.251234000000000179e+00 2.447393500000000088e+01 6.039565048472117503e-02
3.255977000000000121e+00 2.449178800000000322e+01 6.043318637645047481e-02
3.260720000000000063e+00 2.438521099999999819e+01 6.031874859962779029e-02
3.265463000000000005e+00 2.443072999999999340e+01 6.035326422715012878e-02
3.270205999999999946e+00 2.439788299999999666e+01 6.026677154641603418e-02
3.274948000000000192e+00 2.439357700000000051e+01 6.021557693444280768e-02
3.279691000000000134e+00 2.443928700000000021e+01 6.022605374722720534e-02
3.284434000000000076e+00 2.437564199999999914e+01 6.010216722829885005e-02
3.289177000000000017e+00 2.447870699999999644e+01 6.018356339908596808e-02
3.293919999999999959e+00 2.446636799999999923e+01 6.012285918024275200e-02
3.298662999999999901e+00 2.439572499999999877e+01 5.999097876721048994e-02
3.303405999999999842e+00 2.453912500000000207e+01 6.012222662678753243e-02
3.308148000000000089e+00 2.448124800000000079e+01 6.000632861029910059e-02
3.312891000000000030e+00 2.445654399999999740e+01 5.993105841723388172e-02
3.317633999999999972e+00 2.438683999999999941e+01 5.980129744636399070e-02
3.322376999999999914e+00 2.445964400000000083e+01 5.984692864519615407e-02
3.327119999999999855e+00 2.448518500000000131e+01 5.984881658179549285e-02
3.331862999999999797e+00 2.445645999999999987e+01 5.975377615354195843e-02
3.336606000000000183e+00 2.448597799999999935e+01 5.974576365704183101e-02
3.341347999999999985e+00 2.450501200000000068e+01 5.972529803789429492e-02
3.346090999999999926e+00 2.446191300000000268e+01 5.962884784082617129e-02
3.350833999999999868e+00 2.451262799999999586e+01 5.964676205600183412e-02
3.355576999999999810e+00 2.447576500000000266e+01 5.955851269813324661e-02
3.360320000000000196e+00 2.440788900000000083e+01 5.943284325192257217e-02
3.365063000000000137e+00 2.431716500000000281e+01 5.927912513334689798e-02
3.369806000000000079e+00 2.441667000000000343e+01 5.935720153090103673e-02
3.374549000000000021e+00 2.449176999999999893e+01 5.940526597729783864e-02
3.379290999999999823e+00 2.462175900000000084e+01 6.018215838081997227e-02
3.384034000000000209e+00 2.454821899999999957e+01 6.150216188344601737e-02
3.388777000000000150e+00 2.454646999999999935e+01 6.231297546087412320e-02
3.393520000000000092e+00 2.442621299999999707e+01 6.280071147781766949e-02
3.398263000000000034e+00 2.440694100000000333e+01 6.315559938402612317e-02
3.403005999999999975e+00 2.437693800000000266e+01 6.328691223540536259e-02
3.407748999999999917e+00 2.438372799999999785e+01 6.326311850737836862e-02
3.412491000000000163e+00 2.440630700000000175e+01 6.332732918065232808e-02
3.417234000000000105e+00 2.440707299999999691e+01 6.349688574709157207e-02
3.421977000000000046e+00 2.442650499999999880e+01 6.367597216179035624e-02
3.426719999999999988e+00 2.450001900000000177e+01 6.390156198438579072e-02
3.431462999999999930e+00 2.442510300000000001e+01 6.393671851080254265e-02
3.436205999999999872e+00 2.436507100000000392e+01 6.399631705867689369e-02
3.440948999999999813e+00 2.435380099999999715e+01 6.409776439753808730e-02
3.445692000000000199e+00 2.453336499999999987e+01 6.446049617319897507e-02
3.450434000000000001e+00 2.446105200000000224e+01 6.445502976465064537e-02
3.455176999999999943e+00 2.439209499999999764e+01 6.446971833335710111e-02
3.459919999999999884e+00 2.444863700000000506e+01 6.464561344938030141e-02
3.464662999999999826e+00 2.445007400000000075e+01 6.474518245708787978e-02
3.469406000000000212e+00 2.442459600000000108e+01 6.480616095162250456e-02
3.474149000000000154e+00 2.455716699999999975e+01 6.507325942785255335e-02
3.478892000000000095e+00 2.440988200000000319e+01 6.496648880584743324e-02
3.483633999999999897e+00 2.447083699999999595e+01 6.513328347359283177e-02
3.488376999999999839e+00 2.434396800000000027e+01 6.504743989616117161e-02
3.493119999999999781e+00 2.431087400000000187e+01 6.508375130950351528e-02
3.497863000000000167e+00 2.443039199999999767e+01 6.532263497685851517e-02
3.502606000000000108e+00 2.433099999999999952e+01 6.526643605741391796e-02
3.507349000000000050e+00 2.437514999999999787e+01 6.539998501363054884e-02
3.512091999999999992e+00 2.436595600000000061e+01 6.546078537083252491e-02
3.516833999999999794e+00 2.445152200000000065e+01 6.564697225058060970e-02
3.521577000000000179e+00 2.438260599999999911e+01 6.562376659443512616e-02
3.526320000000000121e+00 2.439052299999999818e+01 6.570234370309555039e-02
3.531063000000000063e+00 2.442785999999999902e+01 6.581931003942535774e-02
3.535806000000000004e+00 2.444411799999999602e+01 6.590649349369301357e-02
3.540548999999999946e+00 2.442881200000000064e+01 6.594918585482159590e-02
3.545291999999999888e+00 2.437425599999999903e+01 6.593827852407961598e-02
3.550034999999999830e+00 2.440400899999999496e+01 6.603994908543388276e-02
3.554777000000000076e+00 2.438790499999999994e+01 6.607810722088444666e-02
3.559520000000000017e+00 2.441026699999999749e+01 6.616735324190094192e-02
3.564262999999999959e+00 2.451328199999999669e+01 6.636473432170056364e-02
3.569005999999999901e+00 2.440051700000000068e+01 6.628138625800458761e-02
3.573748999999999842e+00 2.448307100000000247e+01 6.646849298272226869e-02
3.578491999999999784e+00 2.438524899999999818e+01 6.635832930026117071e-02
3.583235000000000170e+00 2.440222499999999783e+01 6.643530713270918986e-02
3.587976999999999972e+00 2.447141300000000186e+01 6.655963818852683733e-02
3.592719999999999914e+00 2.439451900000000251e+01 6.640348727108238980e-02
3.597462999999999855e+00 2.442610800000000637e+01 6.638712928134413160e-02
3.602205999999999797e+00 2.439631099999999719e+01 6.628787236339614419e-02
3.606949000000000183e+00 2.434852500000000219e+01 6.616460844890340032e-02
3.611692000000000125e+00 2.439461599999999919e+01 6.621820238449169227e-02
3.616435000000000066e+00 2.465301700000000196e+01 6.663447110901458970e-02
3.621178000000000008e+00 2.467277699999999996e+01 6.746701699220442050e-02
3.625919999999999810e+00 2.465478699999999890e+01 6.985385098887390842e-02
3.630663000000000196e+00 2.445602299999999829e+01 7.092638950706357803e-02
3.635406000000000137e+00 2.439071299999999809e+01 7.184246535754462704e-02
3.640149000000000079e+00 2.443247000000000213e+01 7.264943794134473554e-02
3.644892000000000021e+00 2.448164700000000238e+01 7.321977055232896381e-02
3.649634999999999962e+00 2.442407700000000403e+01 7.360534171579465046e-02
3.654377999999999904e+00 2.428842999999999819e+01 7.380870211702682260e-02
3.659120000000000150e+00 2.431103299999999834e+01 7.425499217143989583e-02
3.663863000000000092e+00 2.444265000000000043e+01 7.485396149998810311e-02
3.668606000000000034e+00 2.443591400000000036e+01 7.522892265053181260e-02
3.673348999999999975e+00 2.430420900000000017e+01 7.540007361346075243e-02
3.678091999999999917e+00 2.442194999999999894e+01 7.594839427471919424e-02
3.682834999999999859e+00 2.437510400000000033e+01 7.623345221441832353e-02
3.687577999999999800e+00 2.435439199999999715e+01 7.655236577810119181e-02
3.692321000000000186e+00 2.439514600000000399e+01 7.696235496293757361e-02
3.697062999999999988e+00 2.436456499999999892e+01 7.725450176434314753e-02
3.701805999999999930e+00 2.434297199999999961e+01 7.755582913970812675e-02
3.706548999999999872e+00 2.434451100000000423e+01 7.789041565096761766e-02
3.711291999999999813e+00 2.433414100000000246e+01 7.820196728308501100e-02
3.716035000000000199e+00 2.437064800000000631e+01 7.858583356124944352e-02
3.720778000000000141e+00 2.428730499999999992e+01 7.877331832608298889e-02
3.725521000000000083e+00 2.442909599999999770e+01 7.932317177127311270e-02
3.730262999999999884e+00 2.437361800000000045e+01 7.955126155053042492e-02
3.735005999999999826e+00 2.434469200000000200e+01 7.981919597800331279e-02
3.739749000000000212e+00 2.448520099999999999e+01 8.036422787575200899e-02
3.744492000000000154e+00 2.435006899999999774e+01 8.045446181186473311e-02
3.749235000000000095e+00 2.440704099999999954e+01 8.085935781405698131e-02
3.753978000000000037e+00 2.445952299999999724e+01 8.125702714958935036e-02
3.758720999999999979e+00 2.443788700000000347e+01 8.152975454395591792e-02
3.763462999999999781e+00 2.442539500000000174e+01 8.181687386743152768e-02
3.768206000000000166e+00 2.432827200000000190e+01 8.196062984423679865e-02
3.772949000000000108e+00 2.437500799999999757e+01 8.234536910886733341e-02
3.777692000000000050e+00 2.434956100000000134e+01 8.260744493398038124e-02
3.782434999999999992e+00 2.430550199999999705e+01 8.283727019914526035e-02
3.787177999999999933e+00 2.429558300000000060e+01 8.312417383387457614e-02
3.791920999999999875e+00 2.434895099999999957e+01 8.351989883717234053e-02
3.796663999999999817e+00 2.427882599999999869e+01 8.370259193953553944e-02
3.801406000000000063e+00 2.441181999999999874e+01 8.423581390218236320e-02
3.806149000000000004e+00 2.446568199999999749e+01 8.463313903483965506e-02
3.810891999999999946e+00 2.433440999999999832e+01 8.470911863550346921e-02
3.815634999999999888e+00 2.438063199999999853e+01 8.509313707031490592e-02
3.820377999999999830e+00 2.430983899999999664e+01 8.527317964322370103e-02
3.825121000000000215e+00 2.426680999999999955e+01 8.550071461986033516e-02
3.829864000000000157e+00 2.437438100000000318e+01 8.599477367303956510e-02
3.834605999999999959e+00 2.420510300000000115e+01 8.599941865669791241e-02
3.839348999999999901e+00 2.437776400000000265e+01 8.661133353411318292e-02
3.844091999999999842e+00 2.438282799999999639e+01 8.692552597414179849e-02
3.848834999999999784e+00 2.430034900000000420e+01 8.708664946688612907e-02
3.853578000000000170e+00 2.444105300000000014e+01 8.769197129620248665e-02
3.858321000000000112e+00 2.447851600000000261e+01 8.801749633024390229e-02
3.863064000000000053e+00 2.445658900000000102e+01 8.828684394465860508e-02
3.867806999999999995e+00 2.455192299999999861e+01 8.876898190256324317e-02
3.872548999999999797e+00 2.432404499999999814e+01 8.866477114016761696e-02
3.877292000000000183e+00 2.440541100000000796e+01 8.912327897488511730e-02
3.882035000000000124e+00 2.427349099999999993e+01 8.919293418784192407e-02
3.886778000000000066e+00 2.442967700000000164e+01 8.979177797843074238e-02
3.891521000000000008e+00 2.439776999999999774e+01 9.004598725296091011e-02
3.896263999999999950e+00 2.438931099999999930e+01 9.034412810101385971e-02
3.901006999999999891e+00 2.418003500000000017e+01 9.026896658058682077e-02
3.905749000000000137e+00 2.423351500000000058e+01 9.068451317392403621e-02
3.910492000000000079e+00 2.436227400000000287e+01 9.124222174885703029e-02
3.915235000000000021e+00 2.442222500000000096e+01 9.167276020703697681e-02
3.919977999999999962e+00 2.430593400000000059e+01 9.173307308481222500e-02
3.924720999999999904e+00 2.425789800000000085e+01 9.172388260181423003e-02
3.929463999999999846e+00 2.437435999999999936e+01 9.201424078274840490e-02
3.934206999999999788e+00 2.436449100000000101e+01 9.211668583755007467e-02
3.938949000000000034e+00 2.430767699999999465e+01 9.210974483757894404e-02
3.943691999999999975e+00 2.434187600000000273e+01 9.227435629797642314e-02
3.948434999999999917e+00 2.433696299999999724e+01 9.236392144212642041e-02
3.953177999999999859e+00 2.423148699999999778e+01 9.228791799218682979e-02
3.957920999999999800e+00 2.431615800000000149e+01 9.261220816720386328e-02
3.962664000000000186e+00 2.435547599999999946e+01 9.269542581622298993e-02
3.967407000000000128e+00 2.443394199999999827e+01 9.308363807991661132e-02
3.972150000000000070e+00 2.426976499999999959e+01 9.308334770483440990e-02
3.976891999999999872e+00 2.435373799999999989e+01 9.355872646878483911e-02
3.981634999999999813e+00 2.436100700000000074e+01 9.388853506492791934e-02
3.986378000000000199e+00 2.442012999999999678e+01 9.432084785006494831e-02
3.991121000000000141e+00 2.439614299999999858e+01 9.459340019161643909e-02
3.995864000000000082e+00 2.438329699999999534e+01 9.488967949969953630e-02
4.000606999999999580e+00 2.428531800000000018e+01 9.502048887937800115e-02
4.005349999999999966e+00 2.427323499999999967e+01 9.532053669487861036e-02
4.010092000000000212e+00 2.429832900000000251e+01 9.569503374523936901e-02
4.014834999999999710e+00 2.428300100000000228e+01 9.599201662322652540e-02
4.019578000000000095e+00 2.441273399999999683e+01 9.657777153460520014e-02
4.024320999999999593e+00 2.438723299999999838e+01 9.685796500316996849e-02
4.029063999999999979e+00 2.432285800000000009e+01 9.706305008975557591e-02
4.033807000000000365e+00 2.436308199999999857e+01 9.747790003619281884e-02
4.038549999999999862e+00 2.429562000000000310e+01 9.767939111530743457e-02
4.043293000000000248e+00 2.427140099999999734e+01 9.796862480857684852e-02
4.048034999999999606e+00 2.443835699999999989e+01 9.864634135252964287e-02
4.052777999999999992e+00 2.448688000000000287e+01 9.908760730121451976e-02
4.057521000000000377e+00 2.440910099999999971e+01 9.927520822859904615e-02
4.062263999999999875e+00 2.427702800000000138e+01 9.935257043446837910e-02
4.067007000000000261e+00 2.431500999999999735e+01 9.977922078295210773e-02
4.071749999999999758e+00 2.437780500000000217e+01 1.002592526122292604e-01
4.076493000000000144e+00 2.421605299999999872e+01 1.002784089726861394e-01
4.081235000000000390e+00 2.430519299999999561e+01 1.008178956597984011e-01
4.085977999999999888e+00 2.432802199999999715e+01 1.012235813922131716e-01
4.090721000000000274e+00 2.423358299999999943e+01 1.013863733835888847e-01
4.095463999999999771e+00 2.432052499999999995e+01 1.019307882320969749e-01
4.100207000000000157e+00 2.427002099999999984e+01 1.021894920369212922e-01
4.104949999999999655e+00 2.437570499999999996e+01 1.027805940937918522e-01
4.109693000000000040e+00 2.432387599999999850e+01 1.030410086865748837e-01
4.114436000000000426e+00 2.445719700000000074e+01 1.036966993375362939e-01
4.119177999999999784e+00 2.449898400000000009e+01 1.041624130607581578e-01
4.123921000000000170e+00 2.434455500000000328e+01 1.042115250611984900e-01
4.128663999999999668e+00 2.439603699999999975e+01 1.047038578040823537e-01
4.133407000000000053e+00 2.418631800000000354e+01 1.046360712292457862e-01
4.138150000000000439e+00 2.441520699999999522e+01 1.055170300566633523e-01
4.142892999999999937e+00 2.441717699999999880e+01 1.059116356290497468e-01
4.147636000000000323e+00 2.433904699999999721e+01 1.061339643932011911e-01
4.152377999999999680e+00 2.426939899999999994e+01 1.063779446271867074e-01
4.157121000000000066e+00 2.456395099999999587e+01 1.074217349601131744e-01
4.161863999999999564e+00 2.435030499999999876e+01 1.073558776554423277e-01
4.166606999999999950e+00 2.428469799999999879e+01 1.076157310285053292e-01
4.171350000000000335e+00 2.463359200000000016e+01 1.087964758219897438e-01
4.176092999999999833e+00 2.438454300000000075e+01 1.086635399177865863e-01
4.180836000000000219e+00 2.443880899999999912e+01 1.093503459649026455e-01
4.185577999999999577e+00 2.448928900000000297e+01 1.097666327520125662e-01
4.190320999999999962e+00 2.449035000000000295e+01 1.101528946016903376e-01
4.195064000000000348e+00 2.434842099999999832e+01 1.102585358043934038e-01
4.199806999999999846e+00 2.422832000000000363e+01 1.104142653490983450e-01
4.204550000000000232e+00 2.437152099999999422e+01 1.111736256998353961e-01
4.209292999999999729e+00 2.432488200000000234e+01 1.115043813695538039e-01
4.214036000000000115e+00 2.450716399999999950e+01 1.123628400548263989e-01
4.218778999999999613e+00 2.454704399999999964e+01 1.129013475079717610e-01
4.223520999999999859e+00 2.454862100000000069e+01 1.133550819404630927e-01
4.228264000000000244e+00 2.439957899999999924e+01 1.134641235071641441e-01
4.233006999999999742e+00 2.438318999999999548e+01 1.138828450819143467e-01
4.237750000000000128e+00 2.428884000000000043e+01 1.141226129881326434e-01
4.242492999999999626e+00 2.443826199999999815e+01 1.149398965342230544e-01
4.247236000000000011e+00 2.423453399999999647e+01 1.149278475358183060e-01
4.251979000000000397e+00 2.432782699999999920e+01 1.156277557592777921e-01
4.256720999999999755e+00 2.436445099999999897e+01 1.163896710686906227e-01
4.261464000000000141e+00 2.452895200000000031e+01 1.171050335402787079e-01
4.266206999999999638e+00 2.431438699999999642e+01 1.170415679783610025e-01
4.270950000000000024e+00 2.448195299999999719e+01 1.179389613419437460e-01
4.275693000000000410e+00 2.440279299999999907e+01 1.182459346307537934e-01
4.280435999999999908e+00 2.427154200000000372e+01 1.184306694466534804e-01
4.285179000000000293e+00 2.451865600000000001e+01 1.195420750786203301e-01
4.289921999999999791e+00 2.446203399999999917e+01 1.199187363779701532e-01
4.294664000000000037e+00 2.432096399999999647e+01 1.200917458241756164e-01
4.299407000000000423e+00 2.447928599999999832e+01 1.210069422355163765e-01
4.304149999999999920e+00 2.440934000000000026e+01 1.213640614913887861e-01
4.308893000000000306e+00 2.454022099999999895e+01 1.222281747594121670e-01
4.313635999999999804e+00 2.445783300000000082e+01 1.225645619300069072e-01
4.318379000000000190e+00 2.452555299999999860e+01 1.232839512912658197e-01
4.323121999999999687e+00 2.448355799999999860e+01 1.238203522947229213e-01
4.327863999999999933e+00 2.437630199999999903e+01 1.240833128621508241e-01
4.332607000000000319e+00 2.437128799999999984e+01 1.245756974510466020e-01
4.337349999999999817e+00 2.445672300000000021e+01 1.253687286279804303e-01
4.342093000000000202e+00 2.450925399999999854e+01 1.260843747771225876e-01
4.346835999999999700e+00 2.453282600000000002e+01 1.267328709598184722e-01
4.351579000000000086e+00 2.429767899999999514e+01 1.267158098508887609e-01
4.356321999999999584e+00 2.439105200000000195e+01 1.275597568568390683e-01
4.361063999999999830e+00 2.465242600000000195e+01 1.288528360580615817e-01
4.365807000000000215e+00 2.446572800000000214e+01 1.289806156754060573e-01
4.370549999999999713e+00 2.462022699999999986e+01 1.300119867645603000e-01
4.375293000000000099e+00 2.433520199999999889e+01 1.298868790872896306e-01
4.380035999999999596e+00 2.451492500000000518e+01 1.310657782360365176e-01
4.384778999999999982e+00 2.455399500000000046e+01 1.318717215778140162e-01
4.389522000000000368e+00 2.437175600000000486e+01 1.319237668261223351e-01
4.394264999999999866e+00 2.449627100000000013e+01 1.329096563075192750e-01
4.399007000000000112e+00 2.445350000000000179e+01 1.330540893457213547e-01
4.403749999999999609e+00 2.457354600000000033e+01 1.334716430491222350e-01
4.408492999999999995e+00 2.443001300000000242e+01 1.331716945067430713e-01
4.413236000000000381e+00 2.450588599999999673e+01 1.334677532611356909e-01
4.417978999999999878e+00 2.457674699999999746e+01 1.337501754507585683e-01
4.422722000000000264e+00 2.441591599999999929e+01 1.334020693762387189e-01
4.427464999999999762e+00 2.426432799999999901e+01 1.330727623262833448e-01
4.432207000000000008e+00 2.438070000000000448e+01 1.334796765591207968e-01
4.436950000000000394e+00 2.432728599999999730e+01 1.334936779878946322e-01
4.441692999999999891e+00 2.440456199999999853e+01 1.343106892922451001e-01
4.446436000000000277e+00 2.465061000000000391e+01 1.356777992342818873e-01
4.451178999999999775e+00 2.452522199999999941e+01 1.360298680179430342e-01
4.455922000000000160e+00 2.422750299999999868e+01 1.359046294383108866e-01
4.460664999999999658e+00 2.438605799999999846e+01 1.370641865748321586e-01
4.465408000000000044e+00 2.456473600000000346e+01 1.382935795713177707e-01
4.470150000000000290e+00 2.456628500000000059e+01 1.390361996178915982e-01
4.474892999999999788e+00 2.442135800000000501e+01 1.393724671622516009e-01
4.479636000000000173e+00 2.464725200000000171e+01 1.407758621555592060e-01
4.484378999999999671e+00 2.448762199999999822e+01 1.410899269981439885e-01
4.489122000000000057e+00 2.458376399999999862e+01 1.421493083400256763e-01
4.493865000000000443e+00 2.446279700000000190e+01 1.425915585676469921e-01
4.498607999999999940e+00 2.444959800000000172e+01 1.433572120011438467e-01
4.503350000000000186e+00 2.418988900000000086e+01 1.434055125458062740e-01
4.508092999999999684e+00 2.439391700000000185e+01 1.448372341932598339e-01
4.512836000000000070e+00 2.429694699999999941e+01 1.453884553124046852e-01
4.517578999999999567e+00 2.445673899999999890e+01 1.467211301515422561e-01
4.522321999999999953e+00 2.459333300000000122e+01 1.480019469097096085e-01
4.527065000000000339e+00 2.445211300000000065e+01 1.484600098811242330e-01
4.531807999999999836e+00 2.454675499999999744e+01 1.496471302061362640e-01
4.536551000000000222e+00 2.456317599999999857e+01 1.506112375135444381e-01
4.541292999999999580e+00 2.468117099999999908e+01 1.519054997016536512e-01
4.546035999999999966e+00 2.467575000000000074e+01 1.528382833735226209e-01
4.550779000000000352e+00 2.459374099999999785e+01 1.535464589512197109e-01
4.555521999999999849e+00 2.497317199999999815e+01 1.557149699236919926e-01
4.560265000000000235e+00 2.446496899999999997e+01 1.551152083632008072e-01
4.565007999999999733e+00 2.470745399999999847e+01 1.569018873630569355e-01
4.569751000000000118e+00 2.456303900000000340e+01 1.574741577765183531e-01
4.574493000000000364e+00 2.444831399999999988e+01 1.581572994807362575e-01
4.579235999999999862e+00 2.441975299999999649e+01 1.591331208555755161e-01
4.583979000000000248e+00 2.455322199999999810e+01 1.606591734482973599e-01
4.588721999999999746e+00 2.487651699999999977e+01 1.628345094355014289e-01
4.593465000000000131e+00 2.462348099999999818e+01 1.631404826200551217e-01
4.598207999999999629e+00 2.449067199999999644e+01 1.638550681390111841e-01
4.602951000000000015e+00 2.466049899999999795e+01 1.656057112532741127e-01
4.607693000000000261e+00 2.459018599999999921e+01 1.665749874565539135e-01
4.612435999999999758e+00 2.451366499999999959e+01 1.675438310142587650e-01
4.617179000000000144e+00 2.460225600000000057e+01 1.691020171814804351e-01
4.621921999999999642e+00 2.435383399999999909e+01 1.695243049385261602e-01
4.626665000000000028e+00 2.463470399999999572e+01 1.718122989334020245e-01
4.631408000000000413e+00 2.464849599999999796e+01 1.732005451073529434e-01
4.636150999999999911e+00 2.457532300000000092e+01 1.743122260071501839e-01
4.640894000000000297e+00 2.434580899999999914e+01 1.748915109716123184e-01
4.645635999999999655e+00 2.444582399999999822e+01 1.766755415577060118e-01
4.650379000000000040e+00 2.451831800000000072e+01 1.784016326479026249e-01
4.655122000000000426e+00 2.497382800000000103e+01 1.815647208382289435e-01
4.659864999999999924e+00 2.468616600000000005e+01 1.820560074003975404e-01
4.664608000000000310e+00 2.447322499999999934e+01 1.828420798170180550e-01
4.669350999999999807e+00 2.452178900000000183e+01 1.846350379767710825e-01
4.674094000000000193e+00 2.493291200000000174e+01 1.878457086597883907e-01
4.678836000000000439e+00 2.451885300000000001e+01 1.879754733556537605e-01
4.683578999999999937e+00 2.457569799999999915e+01 1.899361861231313731e-01
4.688322000000000322e+00 2.475627499999999870e+01 1.924282327152279093e-01
4.693064999999999820e+00 2.457852599999999654e+01 1.935769028595165364e-01
4.697808000000000206e+00 2.478613999999999606e+01 1.962891796768859165e-01
4.702550999999999704e+00 2.491649199999999809e+01 1.987658726625745609e-01
4.707294000000000089e+00 2.447459900000000133e+01 1.989938989274995240e-01
4.712036999999999587e+00 2.485994699999999824e+01 2.026277586435972500e-01
4.716778999999999833e+00 2.429405600000000121e+01 2.024192662672790188e-01
4.721522000000000219e+00 2.433155900000000216e+01 2.047527185355109969e-01
4.726264999999999716e+00 2.464169000000000054e+01 2.083167897581193473e-01
4.731008000000000102e+00 2.457986700000000013e+01 2.103881070711521861e-01
4.735750999999999600e+00 2.433134300000000039e+01 2.117221954924400629e-01
4.740493999999999986e+00 2.433155400000000412e+01 2.142010669830538006e-01
4.745237000000000371e+00 2.474003700000000094e+01 2.185748632003799430e-01
4.749978999999999729e+00 2.467628799999999956e+01 2.209693171717628246e-01
4.754722000000000115e+00 2.474862000000000251e+01 2.240699603780638705e-01
4.759464999999999613e+00 2.489402500000000273e+01 2.276158148420177052e-01
4.764207999999999998e+00 2.491334799999999916e+01 2.307022746310140315e-01
4.768951000000000384e+00 2.464991799999999955e+01 2.325784357815236236e-01
4.773693999999999882e+00 2.501219999999999999e+01 2.375361293053122047e-01
4.778437000000000268e+00 2.461762499999999676e+01 2.390157018103618580e-01
4.783178999999999625e+00 2.453004500000000121e+01 2.420858507493316714e-01
4.787922000000000011e+00 2.453920099999999849e+01 2.457840069060845123e-01
4.792665000000000397e+00 2.443232400000000126e+01 2.490566754215503553e-01
4.797407999999999895e+00 2.465672900000000212e+01 2.542058130329868937e-01
4.802151000000000280e+00 2.468475100000000211e+01 2.585525420688649656e-01
4.806893999999999778e+00 2.457951600000000170e+01 2.624060332324009148e-01
4.811637000000000164e+00 2.487648699999999735e+01 2.686448727039369988e-01
4.816379999999999661e+00 2.482353900000000024e+01 2.732630462435067242e-01
4.821121999999999908e+00 2.492210899999999896e+01 2.789928915266546849e-01
4.825865000000000293e+00 2.489917300000000111e+01 2.843533962009004989e-01
4.830607999999999791e+00 2.496099600000000152e+01 2.905312535736627177e-01
4.835351000000000177e+00 2.472447500000000176e+01 2.953138678237803294e-01
4.840093999999999674e+00 2.436996099999999998e+01 2.997086607948685755e-01
4.844837000000000060e+00 2.456781300000000101e+01 3.079181279776621039e-01
4.849579999999999558e+00 2.476542299999999841e+01 3.166834962633062189e-01
4.854321999999999804e+00 2.481072200000000549e+01 3.250787018824518038e-01
4.859065000000000190e+00 2.470696799999999982e+01 3.331315042592039588e-01
4.863807999999999687e+00 2.426139299999999821e+01 3.395001579487850196e-01
4.868551000000000073e+00 2.527467499999999845e+01 3.569477955905597244e-01
4.873293999999999571e+00 2.433764599999999945e+01 3.614724328493252870e-01
4.878036999999999956e+00 2.457268600000000447e+01 3.756285834516457367e-01
4.882780000000000342e+00 2.494448899999999725e+01 3.923128741863565194e-01
4.887522999999999840e+00 2.503078100000000106e+01 4.085117016806861789e-01
4.892265000000000086e+00 2.475723099999999732e+01 4.236679163146296334e-01
4.897007999999999583e+00 2.470250399999999757e+01 4.429944163286260173e-01
4.901750999999999969e+00 2.509241300000000052e+01 4.694898509906471062e-01
4.906494000000000355e+00 2.461871400000000065e+01 4.917511785615770181e-01
4.911236999999999853e+00 2.592397100000000165e+01 5.373546182124798731e-01
4.915980000000000238e+00 2.515248099999999809e+01 5.686582003552134168e-01
4.920722999999999736e+00 2.470542999999999978e+01 6.128433819186431819e-01
4.925464999999999982e+00 2.517376400000000558e+01 6.840778978466268700e-01
4.930208000000000368e+00 2.526754999999999995e+01 7.772509032829361120e-01
4.934950999999999866e+00 2.649261299999999864e+01 9.419478038671250664e-01
4.939694000000000251e+00 2.529132100000000349e+01 1.188466584722019048e+00
4.944436999999999749e+00 8.401262900000000755e+00 1.186744155540055745e+00