# copyC
# Sample c= 0.0 mg/ml
#
# Number of frames collected: 10
# Exposure time per frame: 0.5
# No significant radiation damage detected, merging 10 files
# Merged from: /data/visitor/mx1905/bm29/20170412/Poker/1d/Sxl_10gs_175_00001.dat
# Merged from: /data/visitor/mx1905/bm29/20170412/Poker/1d/Sxl_10gs_175_00002.dat
# Merged from: /data/visitor/mx1905/bm29/20170412/Poker/1d/Sxl_10gs_175_00003.dat
# Merged from: /data/visitor/mx1905/bm29/20170412/Poker/1d/Sxl_10gs_175_00004.dat
# Merged from: /data/visitor/mx1905/bm29/20170412/Poker/1d/Sxl_10gs_175_00005.dat
# Merged from: /data/visitor/mx1905/bm29/20170412/Poker/1d/Sxl_10gs_175_00006.dat
# Merged from: /data/visitor/mx1905/bm29/20170412/Poker/1d/Sxl_10gs_175_00007.dat
# Merged from: /data/visitor/mx1905/bm29/20170412/Poker/1d/Sxl_10gs_175_00008.dat
# Merged from: /data/visitor/mx1905/bm29/20170412/Poker/1d/Sxl_10gs_175_00009.dat
# Merged from: /data/visitor/mx1905/bm29/20170412/Poker/1d/Sxl_10gs_175_00010.dat
#
# Sample Information:
# Storage Temperature (degrees C): 20.0
# Measurement Temperature (degrees C): 20.03
# Concentration: 0.0
# Code: 
3.082862000000000102e-02 6.083676699999998618e+02 8.275054605256269014e+00
3.557148999999999728e-02 1.190725799999999708e+03 4.773579205973542905e+00
4.031434999999999880e-02 1.146414899999999761e+03 3.085469450432703375e+00
4.505722000000000199e-02 9.035245400000000018e+02 1.947750670858218403e+00
4.980007999999999657e-02 6.148147099999999909e+02 1.438708058350946395e+00
5.454294999999999977e-02 4.380779800000000250e+02 1.142509507775138822e+00
5.928581000000000129e-02 3.195824400000000196e+02 9.277007299902269022e-01
6.402868000000000448e-02 2.478480199999999911e+02 7.789438440453008150e-01
6.877154000000000600e-02 1.983644400000000019e+02 6.693835908546833524e-01
7.351441000000000225e-02 1.622583900000000199e+02 5.833657434422080401e-01
7.825727999999999851e-02 1.349708599999999876e+02 5.121778039768807300e-01
8.300014000000000003e-02 1.144520699999999778e+02 4.565641730262132159e-01
8.774300999999999628e-02 9.936561400000000788e+01 4.127662848730865308e-01
9.248586999999999780e-02 8.739595400000000325e+01 3.761909979990084585e-01
9.722873999999999406e-02 7.707335700000000145e+01 3.430216678065832747e-01
1.019715999999999956e-01 6.921052599999998733e+01 3.167873005429505673e-01
1.067145000000000038e-01 6.412947699999999429e+01 2.976506838981330394e-01
1.114572999999999953e-01 5.877737600000000384e+01 2.785093734951613609e-01
1.162002000000000035e-01 5.471413400000000138e+01 2.628394951641331856e-01
1.209430999999999978e-01 5.150793700000000541e+01 2.496703987435136551e-01
1.256858999999999893e-01 4.918927300000000002e+01 2.391140283034916547e-01
1.304288000000000114e-01 4.664389299999999849e+01 2.283863059798102169e-01
1.351717000000000057e-01 4.435428999999999178e+01 2.185416070983479675e-01
1.399144999999999972e-01 4.234944099999999878e+01 2.096717244195387408e-01
1.446573999999999915e-01 4.066923100000000346e+01 2.019020805594107792e-01
1.494003000000000136e-01 3.927013499999999624e+01 1.950819339193224644e-01
1.541431000000000051e-01 3.833935999999999922e+01 1.899353556260176545e-01
1.588859999999999995e-01 3.708923599999999254e+01 1.838573574668114774e-01
1.636287999999999909e-01 3.611277400000000171e+01 1.786591120876536709e-01
1.683717000000000130e-01 3.545234900000000522e+01 1.744117133873731296e-01
1.731146000000000074e-01 3.433228300000000388e+01 1.691735333362449911e-01
1.778573999999999988e-01 3.354936299999999960e+01 1.648849839788850968e-01
1.826002999999999932e-01 3.305214399999999841e+01 1.614371341053553732e-01
1.873431999999999875e-01 3.251943899999999132e+01 1.580208571544459151e-01
1.920860000000000067e-01 3.224690400000000068e+01 1.553265734494822525e-01
1.968289000000000011e-01 3.165948399999999907e+01 1.519595974126556892e-01
2.015717999999999954e-01 3.148773600000000172e+01 1.496914918170842435e-01
2.063145999999999869e-01 3.075056099999999759e+01 1.461554853327250159e-01
2.110575000000000090e-01 3.063325999999999638e+01 1.440201908908025352e-01
2.158004000000000033e-01 3.009286700000000181e+01 1.411075899159371927e-01
2.205431999999999948e-01 3.004388499999999951e+01 1.394311669921650121e-01
2.252860999999999891e-01 2.970313300000000112e+01 1.371411170954247305e-01
2.300290000000000112e-01 2.948115800000000064e+01 1.351779923522727356e-01
2.347718000000000027e-01 2.935333799999999727e+01 1.334740566299863207e-01
2.395146999999999970e-01 2.900597000000000136e+01 1.313244486160996538e-01
2.442575999999999914e-01 2.904092600000000246e+01 1.300840231940936786e-01
2.490004000000000106e-01 2.893325800000000214e+01 1.285600492193282318e-01
2.537433000000000050e-01 2.863164799999999488e+01 1.266428689627939475e-01
2.584861999999999993e-01 2.829780099999999976e+01 1.247141006505531474e-01
2.632289999999999908e-01 2.840039399999999503e+01 1.237907139101855208e-01
2.679718999999999851e-01 2.828460700000000116e+01 1.224193517270982801e-01
2.727146999999999766e-01 2.806439699999999604e+01 1.208501665333896052e-01
2.774576000000000264e-01 2.780712999999999369e+01 1.192718826170895835e-01
2.822005000000000208e-01 2.785772700000000057e+01 1.184083724532277448e-01
2.869433000000000122e-01 2.776380299999999579e+01 1.172039144724385806e-01
2.916862000000000066e-01 2.764559200000000061e+01 1.159702178928361943e-01
2.964291000000000009e-01 2.748715800000000087e+01 1.146853964774534884e-01
3.011718999999999924e-01 2.735716499999999840e+01 1.134890187680997614e-01
3.059147999999999867e-01 2.703602099999999808e+01 1.119236017056532140e-01
3.106576999999999811e-01 2.703103500000000281e+01 1.110309806790618359e-01
3.154004999999999725e-01 2.721941699999999997e+01 1.105590835397662064e-01
3.201434000000000224e-01 2.705911099999999436e+01 1.094013238760925405e-01
3.248863000000000167e-01 2.683536699999999797e+01 1.081339661854118922e-01
3.296291000000000082e-01 2.703662200000000126e+01 1.077333687919490302e-01
3.343720000000000026e-01 2.721121600000000029e+01 1.072951454671692006e-01
3.391148999999999969e-01 2.701266599999999585e+01 1.072563408019157755e-01
3.438576999999999884e-01 2.706487599999999816e+01 1.087473782355239116e-01
3.486005999999999827e-01 2.704026999999999958e+01 1.114649278601569787e-01
3.533434999999999770e-01 2.692157399999999967e+01 1.132602063746724896e-01
3.580863000000000240e-01 2.674497399999999558e+01 1.142914100658352083e-01
3.628292000000000184e-01 2.664730700000000141e+01 1.152077067953620054e-01
3.675720000000000098e-01 2.665290600000000154e+01 1.161681857361631376e-01
3.723149000000000042e-01 2.664025900000000391e+01 1.169954066432152551e-01
3.770577999999999985e-01 2.655080400000000651e+01 1.175803599647734510e-01
3.818005999999999900e-01 2.647674200000000155e+01 1.180427117893197153e-01
3.865434999999999843e-01 2.648985799999999813e+01 1.186544667633047945e-01
3.912863999999999787e-01 2.653237599999999929e+01 1.192258619412982085e-01
3.960292000000000256e-01 2.659044999999999703e+01 1.198467376744782459e-01
4.007721000000000200e-01 2.668479699999999610e+01 1.205723290446887724e-01
4.055150000000000143e-01 2.641577300000000861e+01 1.240976483360280991e-01
4.102578000000000058e-01 2.653887399999999985e+01 1.276300720292694035e-01
4.150007000000000001e-01 2.656112399999999951e+01 1.304794956201521250e-01
4.197435999999999945e-01 2.636008400000000051e+01 1.319867592134476297e-01
4.244863999999999860e-01 2.663628399999999985e+01 1.348248203405990053e-01
4.292292999999999803e-01 2.643714600000000203e+01 1.363718382009093399e-01
4.339721999999999746e-01 2.638908600000000249e+01 1.383339298012823126e-01
4.387150000000000216e-01 2.622342299999999682e+01 1.399108005929349252e-01
4.434579000000000160e-01 2.613587100000000163e+01 1.417289954318254330e-01
4.482008000000000103e-01 2.648226000000000369e+01 1.450740330388019250e-01
4.529436000000000018e-01 2.654606700000000075e+01 1.476159690177861472e-01
4.576864999999999961e-01 2.626678199999999919e+01 1.483708040955258045e-01
4.624293999999999905e-01 2.625303100000000001e+01 1.495675538267671745e-01
4.671721999999999819e-01 2.645345900000000228e+01 1.493957074977517452e-01
4.719150999999999763e-01 2.674978500000000281e+01 1.443171072166647140e-01
4.766579000000000232e-01 2.671614500000000092e+01 1.415108114037552933e-01
4.814008000000000176e-01 2.636895299999999764e+01 1.388025006687872986e-01
4.861437000000000119e-01 2.656691299999999956e+01 1.379511588192868232e-01
4.908865000000000034e-01 2.615211400000000097e+01 1.357539370423804792e-01
4.956293999999999977e-01 2.640967699999999851e+01 1.354607630486588665e-01
5.003722999999999921e-01 2.627883699999999934e+01 1.342751110650689528e-01
5.051151000000000391e-01 2.615771600000000063e+01 1.332051454170449789e-01
5.098580000000000334e-01 2.643477200000000238e+01 1.332125558260924547e-01
5.146009000000000277e-01 2.633309300000000164e+01 1.323141286265469285e-01
5.193436999999999637e-01 2.625435800000000341e+01 1.315117273064820569e-01
5.240865999999999580e-01 2.609375899999999859e+01 1.305440923460418623e-01
5.288294999999999524e-01 2.612127299999999508e+01 1.300781761765708311e-01
5.335722999999999994e-01 2.611343300000000411e+01 1.292940420016796543e-01
5.383151999999999937e-01 2.637860900000000086e+01 1.290111431199518488e-01
5.430580999999999881e-01 2.629043800000000175e+01 1.278981325311953077e-01
5.478009000000000350e-01 2.636408400000000185e+01 1.272134306404021087e-01
5.525438000000000294e-01 2.619242500000000362e+01 1.259683343664645128e-01
5.572867000000000237e-01 2.615278599999999898e+01 1.250660574095757704e-01
5.620294999999999597e-01 2.624343599999999554e+01 1.245013538661845220e-01
5.667723999999999540e-01 2.596507499999999524e+01 1.230867152052486924e-01
5.715152000000000010e-01 2.596578900000000090e+01 1.223578048864677054e-01
5.762580999999999953e-01 2.600117999999999796e+01 1.217258481593428837e-01
5.810009999999999897e-01 2.617617100000000008e+01 1.214696049920584164e-01
5.857438000000000367e-01 2.596104500000000215e+01 1.206077745386191918e-01
5.904867000000000310e-01 2.590134299999999712e+01 1.201793836506445112e-01
5.952296000000000253e-01 2.595121800000000079e+01 1.200046879194292260e-01
5.999723999999999613e-01 2.604626899999999523e+01 1.200637701433629745e-01
6.047152999999999556e-01 2.603958899999999943e+01 1.197448869484618178e-01
6.094581999999999500e-01 2.582869000000000170e+01 1.188765456708946316e-01
6.142009999999999970e-01 2.597996500000000353e+01 1.190565223635605685e-01
6.189438999999999913e-01 2.603864000000000445e+01 1.188038348359151258e-01
6.236867999999999856e-01 2.605225099999999472e+01 1.185606742797876423e-01
6.284296000000000326e-01 2.615887599999999935e+01 1.185327837608153023e-01
6.331725000000000270e-01 2.601539000000000357e+01 1.179369151646692815e-01
6.379154000000000213e-01 2.611465300000000411e+01 1.178936670848731438e-01
6.426581999999999573e-01 2.608004100000000136e+01 1.175511997854177537e-01
6.474010999999999516e-01 2.598663599999999718e+01 1.170793809117169071e-01
6.521439999999999459e-01 2.589405400000000057e+01 1.166089696827722622e-01
6.568867999999999929e-01 2.596425500000000142e+01 1.165075938450889081e-01
6.616296999999999873e-01 2.610735000000000383e+01 1.165714805343776861e-01
6.663725999999999816e-01 2.599370400000000103e+01 1.160636904941631659e-01
6.711154000000000286e-01 2.604189500000000024e+01 1.159163024515486307e-01
6.758583000000000229e-01 2.593241900000000300e+01 1.154202917445286136e-01
6.806010999999999589e-01 2.613854400000000311e+01 1.156279735478080439e-01
6.853439999999999532e-01 2.588358699999999857e+01 1.148164947995103935e-01
6.900868999999999476e-01 2.604042700000000110e+01 1.149159505564014416e-01
6.948296999999999946e-01 2.578530800000000411e+01 1.141067441023496248e-01
6.995725999999999889e-01 2.589509400000000028e+01 1.141068707022942635e-01
7.043154999999999832e-01 2.582784000000000191e+01 1.137188937427233287e-01
7.090583000000000302e-01 2.606173899999999932e+01 1.139910291340612558e-01
7.138012000000000246e-01 2.608985799999999955e+01 1.138123169758813863e-01
7.185441000000000189e-01 2.596477100000000249e+01 1.133025494122983090e-01
7.232868999999999549e-01 2.600173099999999948e+01 1.131484760647155224e-01
7.280297999999999492e-01 2.606561500000000109e+01 1.130520374787058052e-01
7.327727000000000546e-01 2.598927699999999774e+01 1.126523867410380297e-01
7.375154999999999905e-01 2.593616599999999650e+01 1.123066022636233924e-01
7.422583999999999849e-01 2.601396700000000095e+01 1.122457905172020293e-01
7.470012999999999792e-01 2.585876100000000477e+01 1.116817981291790690e-01
7.517441000000000262e-01 2.576940799999999854e+01 1.112611655470752969e-01
7.564870000000000205e-01 2.588629500000000050e+01 1.112882304190923738e-01
7.612299000000000149e-01 2.586671199999999970e+01 1.110230685870891437e-01
7.659726999999999508e-01 2.591429400000000172e+01 1.109017211668218428e-01
7.707155999999999452e-01 2.570314499999999924e+01 1.102270448971680306e-01
7.754585000000000505e-01 2.581299100000000024e+01 1.102433855821658842e-01
7.802012999999999865e-01 2.558147299999999902e+01 1.096393158082865915e-01
7.849441999999999808e-01 2.571685599999999994e+01 1.096735325379883941e-01
7.896870000000000278e-01 2.581066000000000216e+01 1.095851201889001814e-01
7.944299000000000222e-01 2.586696400000000295e+01 1.094900043587093974e-01
7.991728000000000165e-01 2.563574899999999701e+01 1.087875445334552105e-01
8.039155999999999525e-01 2.587036100000000260e+01 1.090713346343359785e-01
8.086584999999999468e-01 2.602444699999999855e+01 1.091822923468531020e-01
8.134014000000000522e-01 2.585715599999999625e+01 1.086209754636483782e-01
8.181441999999999881e-01 2.583138299999999887e+01 1.084405359424952253e-01
8.228870999999999825e-01 2.579890100000000075e+01 1.080870727568648687e-01
8.276299999999999768e-01 2.563334899999999905e+01 1.075283960078834145e-01
8.323728000000000238e-01 2.564845900000000256e+01 1.073554627410277656e-01
8.371157000000000181e-01 2.552561499999999839e+01 1.068960389714581349e-01
8.418586000000000125e-01 2.582797999999999661e+01 1.073238232284458860e-01
8.466013999999999484e-01 2.580087800000000087e+01 1.070642312330892382e-01
8.513443000000000538e-01 2.571539000000000286e+01 1.066865363971865044e-01
8.560872000000000481e-01 2.586238399999999871e+01 1.067918538144099205e-01
8.608299999999999841e-01 2.570124600000000470e+01 1.062602008441490692e-01
8.655728999999999784e-01 2.583725300000000402e+01 1.063420198844304415e-01
8.703157999999999728e-01 2.589175200000000387e+01 1.062575134279167000e-01
8.750586000000000197e-01 2.589993399999999468e+01 1.060790387422138048e-01
8.798015000000000141e-01 2.560774800000000440e+01 1.052853914827755200e-01
8.845442999999999500e-01 2.576804800000000384e+01 1.054200472597878191e-01
8.892872000000000554e-01 2.568208700000000277e+01 1.050520392485100596e-01
8.940301000000000498e-01 2.580445800000000034e+01 1.051115240513246507e-01
8.987728999999999857e-01 2.571270000000000167e+01 1.047344485589946778e-01
9.035157999999999801e-01 2.574566699999999742e+01 1.046111010794791296e-01
9.082586999999999744e-01 2.572533700000000323e+01 1.043820285073196741e-01
9.130015000000000214e-01 2.561286899999999989e+01 1.039675010737201449e-01
9.177444000000000157e-01 2.577499700000000260e+01 1.041099564199390037e-01
9.224873000000000101e-01 2.578357600000000360e+01 1.039407879947328583e-01
9.272300999999999460e-01 2.579005799999999837e+01 1.037694277535657489e-01
9.319730000000000514e-01 2.570300499999999744e+01 1.034115657352188966e-01
9.367159000000000457e-01 2.566711900000000313e+01 1.031574818197342480e-01
9.414586999999999817e-01 2.575942600000000127e+01 1.031601523616876015e-01
9.462015999999999760e-01 2.583186299999999846e+01 1.031242103615518657e-01
9.509444999999999704e-01 2.577241500000000229e+01 1.028265149636260062e-01
9.556873000000000173e-01 2.574284700000000115e+01 1.025889963168019198e-01
9.604302000000000117e-01 2.554647800000000046e+01 1.020187640422956787e-01
9.651731000000000060e-01 2.560959500000000233e+01 1.019683386051199736e-01
9.699159000000000530e-01 2.557850499999999982e+01 1.017315733203522088e-01
9.746588000000000473e-01 2.569194600000000150e+01 1.017822409548198304e-01
9.794017000000000417e-01 2.566245800000000443e+01 1.015486663531107309e-01
9.841444999999999776e-01 2.545383299999999593e+01 1.009626687051545790e-01
9.888873999999999720e-01 2.564808699999999675e+01 1.011756308720855035e-01
9.936302000000000190e-01 2.554902700000000237e+01 1.008093861308568817e-01
9.983731000000000133e-01 2.564056699999999722e+01 1.008182354498207839e-01
1.003115999999999897e+00 2.566483000000000203e+01 1.006961645241913061e-01
1.007859000000000060e+00 2.562497800000000581e+01 1.004497792944962081e-01
1.012602000000000002e+00 2.573220600000000147e+01 1.004917579720580739e-01
1.017344999999999944e+00 2.574700800000000100e+01 1.003520153317410957e-01
1.022086999999999968e+00 2.565064699999999931e+01 9.999769377447911833e-02
1.026829999999999909e+00 2.557088999999999501e+01 9.967739519895772726e-02
1.031573000000000073e+00 2.552329600000000553e+01 9.942043153210057549e-02
1.036316000000000015e+00 2.575232199999999949e+01 9.970023137414325831e-02
1.041058999999999957e+00 2.555180599999999913e+01 9.914843682694599036e-02
1.045801999999999898e+00 2.567033599999999893e+01 9.921606327762103050e-02
1.050545000000000062e+00 2.556219600000000014e+01 9.884588068644337144e-02
1.055287000000000086e+00 2.560421800000000303e+01 9.876514196361436959e-02
1.060030000000000028e+00 2.557879300000000100e+01 9.855634955474050496e-02
1.064772999999999969e+00 2.550057600000000235e+01 9.824713402758575298e-02
1.069515999999999911e+00 2.560025100000000364e+01 9.828086790099535563e-02
1.074259000000000075e+00 2.562922000000000367e+01 9.817763409942155406e-02
1.079002000000000017e+00 2.562450799999999873e+01 9.801159259533384627e-02
1.083744999999999958e+00 2.566038000000000352e+01 9.794531623598649872e-02
1.088487999999999900e+00 2.556750899999999760e+01 9.763439147888923475e-02
1.093229999999999924e+00 2.566133300000000261e+01 9.761484149557637935e-02
1.097973000000000088e+00 2.561508500000000055e+01 9.737264388237230894e-02
1.102716000000000030e+00 2.557747199999999665e+01 9.714836726123553257e-02
1.107458999999999971e+00 2.543471299999999502e+01 9.672508497858040011e-02
1.112201999999999913e+00 2.565309899999999743e+01 9.698629352709073337e-02
1.116945000000000077e+00 2.565044900000000183e+01 9.682997229184360510e-02
1.121688000000000018e+00 2.557495499999999566e+01 9.653721474408819003e-02
1.126430000000000042e+00 2.553082900000000421e+01 9.630453544378218822e-02
1.131172999999999984e+00 2.550287100000000251e+01 9.610207352855035245e-02
1.135915999999999926e+00 2.553236599999999612e+01 9.600927871647459144e-02
1.140659000000000090e+00 2.556934000000000040e+01 9.593148851316860015e-02
1.145402000000000031e+00 2.552243500000000154e+01 9.569681265024139460e-02
1.150144999999999973e+00 2.547533999999999565e+01 9.546144015454563481e-02
1.154887999999999915e+00 2.535587299999999544e+01 9.509212395238471338e-02
1.159631000000000078e+00 2.554369499999999604e+01 9.529898453185427221e-02
1.164373000000000102e+00 2.553452100000000513e+01 9.513821047236961648e-02
1.169116000000000044e+00 2.547090600000000293e+01 9.494632509396030984e-02
1.173858999999999986e+00 2.552468900000000218e+01 9.487757615113752430e-02
1.178601999999999927e+00 2.552381000000000100e+01 9.468801211351254854e-02
1.183345000000000091e+00 2.559015000000000128e+01 9.466946344737039998e-02
1.188088000000000033e+00 2.545546200000000425e+01 9.427825397964104126e-02
1.192830999999999975e+00 2.550631699999999924e+01 9.423164326607808006e-02
1.197572999999999999e+00 2.567446300000000292e+01 9.440169391908548313e-02
1.202315999999999940e+00 2.558992299999999886e+01 9.410714845462483935e-02
1.207059000000000104e+00 2.571330500000000185e+01 9.449920395051432387e-02
1.211802000000000046e+00 2.557219599999999815e+01 9.732548304972957198e-02
1.216544999999999987e+00 2.544308300000000145e+01 9.910012257462046115e-02
1.221287999999999929e+00 2.538174199999999914e+01 1.004684948827666152e-01
1.226031000000000093e+00 2.551870199999999755e+01 1.020005991596069084e-01
1.230774000000000035e+00 2.555262800000000212e+01 1.031936428530677297e-01
1.235516000000000059e+00 2.536521900000000329e+01 1.038430568387689601e-01
1.240259000000000000e+00 2.557924600000000126e+01 1.052455233642828059e-01
1.245001999999999942e+00 2.563712500000000460e+01 1.062772601693391383e-01
1.249745000000000106e+00 2.553055900000000022e+01 1.069260795508799183e-01
1.254488000000000048e+00 2.534189599999999842e+01 1.073635375708862361e-01
1.259230999999999989e+00 2.540530700000000053e+01 1.080454157805753601e-01
1.263973999999999931e+00 2.542984600000000128e+01 1.083753657496301093e-01
1.268715999999999955e+00 2.542583799999999883e+01 1.086296457571886975e-01
1.273458999999999897e+00 2.554930100000000337e+01 1.071087194857622410e-01
1.278202000000000060e+00 2.553386700000000076e+01 1.031190593604489891e-01
1.282945000000000002e+00 2.568413199999999819e+01 1.014493472949042630e-01
1.287687999999999944e+00 2.559025300000000058e+01 9.983775465065859722e-02
1.292431000000000108e+00 2.569882099999999880e+01 9.889377623039025123e-02
1.297174000000000049e+00 2.552915700000000498e+01 9.758512454470044672e-02
1.301916000000000073e+00 2.532619100000000145e+01 9.633511075913080146e-02
1.306659000000000015e+00 2.557843700000000098e+01 9.603593047265227001e-02
1.311401999999999957e+00 2.542979700000000065e+01 9.504950045947480053e-02
1.316144999999999898e+00 2.551728100000000410e+01 9.455920815333268559e-02
1.320888000000000062e+00 2.543528000000000233e+01 9.393707922276697819e-02
1.325631000000000004e+00 2.557811699999999533e+01 9.395789619485209188e-02
1.330373999999999945e+00 2.548217100000000102e+01 9.355274695784138173e-02
1.335117000000000109e+00 2.545021899999999704e+01 9.327550969994749530e-02
1.339858999999999911e+00 2.552998300000000143e+01 9.320954047576138213e-02
1.344602000000000075e+00 2.554418799999999834e+01 9.303117310704675513e-02
1.349345000000000017e+00 2.554885099999999909e+01 9.284228671640472330e-02
1.354087999999999958e+00 2.555310700000000423e+01 9.265849552679343570e-02
1.358830999999999900e+00 2.532973499999999945e+01 9.206600145352354658e-02
1.363574000000000064e+00 2.554099099999999822e+01 9.226654425960853501e-02
1.368317000000000005e+00 2.558041199999999904e+01 9.215968003103092165e-02
1.373059000000000029e+00 2.544702500000000001e+01 9.174570453851123297e-02
1.377801999999999971e+00 2.544141699999999773e+01 9.156444812143357814e-02
1.382544999999999913e+00 2.536946299999999965e+01 9.126744289328204973e-02
1.387288000000000077e+00 2.536512399999999801e+01 9.109587202038191278e-02
1.392031000000000018e+00 2.532130199999999931e+01 9.085621332051430077e-02
1.396773999999999960e+00 2.534535600000000244e+01 9.074002950095454156e-02
1.401516999999999902e+00 2.545322900000000033e+01 9.077590582896157001e-02
1.406260000000000066e+00 2.542255300000000062e+01 9.056702612327402480e-02
1.411002000000000089e+00 2.563814699999999647e+01 9.079773797877124797e-02
1.415745000000000031e+00 2.554164100000000204e+01 9.047532505321934093e-02
1.420487999999999973e+00 2.540721500000000077e+01 9.008836532623010207e-02
1.425230999999999915e+00 2.537577599999999478e+01 8.988615327663766752e-02
1.429974000000000078e+00 2.531370600000000337e+01 8.963181943528425455e-02
1.434717000000000020e+00 2.541798299999999955e+01 8.967239015521556722e-02
1.439459999999999962e+00 2.537300700000000475e+01 8.945097907755956979e-02
1.444201999999999986e+00 2.539765200000000078e+01 8.935393546913197871e-02
1.448944999999999927e+00 2.540640900000000357e+01 8.923069607682773685e-02
1.453688000000000091e+00 2.542936899999999767e+01 8.913285032275417019e-02
1.458431000000000033e+00 2.549941699999999756e+01 8.911837386611080880e-02
1.463173999999999975e+00 2.533749099999999999e+01 8.872349251278209559e-02
1.467916999999999916e+00 2.539886299999999864e+01 8.869893203323250819e-02
1.472660000000000080e+00 2.543259199999999964e+01 8.859942898845793446e-02
1.477402000000000104e+00 2.541304599999999780e+01 8.843326396972352177e-02
1.482145000000000046e+00 2.546295199999999781e+01 8.838920461335818268e-02
1.486887999999999987e+00 2.533053400000000011e+01 8.803001743313923488e-02
1.491630999999999929e+00 2.532583999999999946e+01 8.789296789355562078e-02
1.496374000000000093e+00 2.541405999999999921e+01 8.791755205850365629e-02
1.501117000000000035e+00 2.541535900000000225e+01 8.783750572932612355e-02
1.505859999999999976e+00 2.547670299999999699e+01 8.951632899151137912e-02
1.510602999999999918e+00 2.539980800000000016e+01 9.189520690249519674e-02
1.515344999999999942e+00 2.535789399999999816e+01 9.334081816478898008e-02
1.520088000000000106e+00 2.525343399999999860e+01 9.437568627845628610e-02
1.524831000000000047e+00 2.548273299999999963e+01 9.587895177434199723e-02
1.529573999999999989e+00 2.541477899999999934e+01 9.650478407371212985e-02
1.534316999999999931e+00 2.551847099999999813e+01 9.401344117828949742e-02
1.539060000000000095e+00 2.543494399999999800e+01 9.240271509977614206e-02
1.543803000000000036e+00 2.540902799999999928e+01 9.138158410292578082e-02
1.548545000000000060e+00 2.550214099999999817e+01 9.059289224709353439e-02
1.553288000000000002e+00 2.544722100000000253e+01 8.969219395879721168e-02
1.558030999999999944e+00 2.538618800000000064e+01 8.883005259509756113e-02
1.562774000000000107e+00 2.544652999999999921e+01 8.804536982118595090e-02
1.567517000000000049e+00 2.534600000000000009e+01 8.706264417287129520e-02
1.572259999999999991e+00 2.529285199999999989e+01 8.646141639004242818e-02
1.577002999999999933e+00 2.534116800000000325e+01 8.620385115440376556e-02
1.581746000000000096e+00 2.537008700000000161e+01 8.608653248116802936e-02
1.586487999999999898e+00 2.535159700000000171e+01 8.607778674315053058e-02
1.591231000000000062e+00 2.525132800000000088e+01 8.601744866155877633e-02
1.595974000000000004e+00 2.544970999999999961e+01 8.646105742173698649e-02
1.600716999999999945e+00 2.528708800000000423e+01 8.625945431457468504e-02
1.605460000000000109e+00 2.537742999999999682e+01 8.630121205456967037e-02
1.610203000000000051e+00 2.538187199999999777e+01 8.616445339476540288e-02
1.614945999999999993e+00 2.527850500000000267e+01 8.584853077041446068e-02
1.619688000000000017e+00 2.540481999999999729e+01 8.592485412964924463e-02
1.624430999999999958e+00 2.536165299999999689e+01 8.571625166631645365e-02
1.629173999999999900e+00 2.535525999999999769e+01 8.557174002927075973e-02
1.633917000000000064e+00 2.531249000000000038e+01 8.536871972338756775e-02
1.638660000000000005e+00 2.545929099999999679e+01 8.548648681727072374e-02
1.643402999999999947e+00 2.541170199999999824e+01 8.527899609821928961e-02
1.648146000000000111e+00 2.536049300000000173e+01 8.506677612431484681e-02
1.652889000000000053e+00 2.522144399999999820e+01 8.470930802570578178e-02
1.657631000000000077e+00 2.537329100000000182e+01 8.484142134470756824e-02
1.662374000000000018e+00 2.539533300000000082e+01 8.475639529036496644e-02
1.667116999999999960e+00 2.536901000000000295e+01 8.459200092438765028e-02
1.671859999999999902e+00 2.523382199999999642e+01 8.424770829709968267e-02
1.676603000000000065e+00 2.528834200000000365e+01 8.422122844224963489e-02
1.681346000000000007e+00 2.529821999999999704e+01 8.412089416384196938e-02
1.686088999999999949e+00 2.525706300000000226e+01 8.393647096161298282e-02
1.690830999999999973e+00 2.528847799999999779e+01 8.387430236226052493e-02
1.695573999999999915e+00 2.532722400000000107e+01 8.382509402894219863e-02
1.700317000000000078e+00 2.540943099999999788e+01 8.384777976408439026e-02
1.705060000000000020e+00 2.527349600000000152e+01 8.351115818171843397e-02
1.709802999999999962e+00 2.520447499999999863e+01 8.328614387765229110e-02
1.714545999999999903e+00 2.524266100000000179e+01 8.323955825118908858e-02
1.719289000000000067e+00 2.528194100000000333e+01 8.319477207152381482e-02
1.724031000000000091e+00 2.539944299999999799e+01 8.327869137694587920e-02
1.728774000000000033e+00 2.522859000000000052e+01 8.289033642048812545e-02
1.733516999999999975e+00 2.524531899999999496e+01 8.281103957715299502e-02
1.738259999999999916e+00 2.532871899999999954e+01 8.284099997439611784e-02
1.743003000000000080e+00 2.524238499999999519e+01 8.259347410717024496e-02
1.747746000000000022e+00 2.526296699999999973e+01 8.252218843488398625e-02
1.752488999999999963e+00 2.520700000000000074e+01 8.232662648823221851e-02
1.757231999999999905e+00 2.517175200000000146e+01 8.216533072266489490e-02
1.761973999999999929e+00 2.522780799999999957e+01 8.215311490476730205e-02
1.766717000000000093e+00 2.523006200000000021e+01 8.205432255240122097e-02
1.771460000000000035e+00 2.531731500000000068e+01 8.209409069990605823e-02
1.776202999999999976e+00 2.514291800000000165e+01 8.174621202760529171e-02
1.780945999999999918e+00 2.523274099999999720e+01 8.179341201121517746e-02
1.785689000000000082e+00 2.518135400000000246e+01 8.157058109082281072e-02
1.790432000000000023e+00 2.527506900000000201e+01 8.162260853516872805e-02
1.795174000000000047e+00 2.523848699999999923e+01 8.146412646537369573e-02
1.799916999999999989e+00 2.516599999999999682e+01 8.124793377020980700e-02
1.804659999999999931e+00 2.522063699999999997e+01 8.123806957714838073e-02
1.809403000000000095e+00 2.515668799999999905e+01 8.103740260857142386e-02
1.814146000000000036e+00 2.511129599999999940e+01 8.086724437946800348e-02
1.818888999999999978e+00 2.526472400000000107e+01 8.101656802421527970e-02
1.823631999999999920e+00 2.526192900000000208e+01 8.091578181521945357e-02
1.828375000000000083e+00 2.520159500000000108e+01 8.072336036497365641e-02
1.833117000000000107e+00 2.511929199999999796e+01 8.049621479582129424e-02
1.837860000000000049e+00 2.513897200000000254e+01 8.043257623243024734e-02
1.842602999999999991e+00 2.518706200000000095e+01 8.041487781777076349e-02
1.847345999999999933e+00 2.537366199999999594e+01 8.061803984943879953e-02
1.852089000000000096e+00 2.536659199999999714e+01 8.057918615235201698e-02
1.856832000000000038e+00 2.519165999999999528e+01 8.014690176770153385e-02
1.861574999999999980e+00 2.517363700000000293e+01 8.001976326186611976e-02
1.866317000000000004e+00 2.519963200000000114e+01 7.996866592017276565e-02
1.871059999999999945e+00 2.512111300000000114e+01 7.975235204206831963e-02
1.875803000000000109e+00 2.520529299999999395e+01 7.979369415899290052e-02
1.880546000000000051e+00 2.514128900000000044e+01 7.960134130336435354e-02
1.885288999999999993e+00 2.510659600000000324e+01 7.945591077513114442e-02
1.890031999999999934e+00 2.513937300000000263e+01 7.941730160480460488e-02
1.894775000000000098e+00 2.514725499999999769e+01 7.933916217665901160e-02
1.899516999999999900e+00 2.519568800000000053e+01 7.932605341223084028e-02
1.904260000000000064e+00 2.515400299999999945e+01 7.917116004190603851e-02
1.909003000000000005e+00 2.511427099999999513e+01 7.901995371847922445e-02
1.913745999999999947e+00 2.511177700000000002e+01 7.892713200730405720e-02
1.918489000000000111e+00 2.518138499999999880e+01 7.894830510988187777e-02
1.923232000000000053e+00 2.515390800000000127e+01 7.881760194270567843e-02
1.927974999999999994e+00 2.514289300000000082e+01 7.871057650438027797e-02
1.932717999999999936e+00 2.520667399999999958e+01 7.866104048808977844e-02
1.937459999999999960e+00 2.521205499999999944e+01 7.848588652411718491e-02
1.942202999999999902e+00 2.509800600000000159e+01 7.809473223754788418e-02
1.946946000000000065e+00 2.498889499999999586e+01 7.773544887468972209e-02
1.951689000000000007e+00 2.514957299999999663e+01 7.783120344449583061e-02
1.956431999999999949e+00 2.507868300000000161e+01 7.763753005912024663e-02
1.961174999999999891e+00 2.517535099999999915e+01 7.770525428186565720e-02
1.965918000000000054e+00 2.528918999999999784e+01 7.779992036512504983e-02
1.970660000000000078e+00 2.502766300000000044e+01 7.736005626209432884e-02
1.975403000000000020e+00 2.502530900000000358e+01 7.733570073862264249e-02
1.980145999999999962e+00 2.508463300000000018e+01 7.744857888196400586e-02
1.984888999999999903e+00 2.504335599999999928e+01 7.740536909167476665e-02
1.989632000000000067e+00 2.513988900000000015e+01 7.757477420055633455e-02
1.994375000000000009e+00 2.526733600000000024e+01 7.774274440741334169e-02
1.999117999999999951e+00 2.524522199999999827e+01 7.759703445082485884e-02
2.003861000000000114e+00 2.512901500000000254e+01 7.733600431300610700e-02
2.008602999999999916e+00 2.516875599999999835e+01 7.731444851044336208e-02
2.013345999999999858e+00 2.522832299999999961e+01 7.801051957848056939e-02
2.018088999999999800e+00 2.517896100000000104e+01 8.020834681864538740e-02
2.022832000000000185e+00 2.513119599999999920e+01 8.145840828150155422e-02
2.027575000000000127e+00 2.508257700000000057e+01 8.240886567441454980e-02
2.032318000000000069e+00 2.508190599999999648e+01 8.329134928430143026e-02
2.037061000000000011e+00 2.494294099999999759e+01 8.385089614995835938e-02
2.041802999999999813e+00 2.492165999999999926e+01 8.452545061279827243e-02
2.046546000000000198e+00 2.503926799999999986e+01 8.511192354186984665e-02
2.051289000000000140e+00 2.490110200000000162e+01 8.513758170428087357e-02
2.056032000000000082e+00 2.500596299999999772e+01 8.555845262589137357e-02
2.060775000000000023e+00 2.511116299999999768e+01 8.596483471985215397e-02
2.065517999999999965e+00 2.501508000000000109e+01 8.601213647608865753e-02
2.070260999999999907e+00 2.500356099999999770e+01 8.619301965565076551e-02
2.075003000000000153e+00 2.493568400000000196e+01 8.626605362311179359e-02
2.079746000000000095e+00 2.518660500000000368e+01 8.461557510142149463e-02
2.084489000000000036e+00 2.519164400000000015e+01 8.247424450887318181e-02
2.089231999999999978e+00 2.519734000000000052e+01 8.130397572041234144e-02
2.093974999999999920e+00 2.514358799999999761e+01 8.032699781776050929e-02
2.098717999999999861e+00 2.501099100000000064e+01 7.938319297276344444e-02
2.103460999999999803e+00 2.492284599999999983e+01 7.861380395936264087e-02
2.108204000000000189e+00 2.516855000000000331e+01 7.856137379314850899e-02
2.112945999999999991e+00 2.499543099999999995e+01 7.808250425727583655e-02
2.117688999999999933e+00 2.490919899999999743e+01 7.775909046137371994e-02
2.122431999999999874e+00 2.492233099999999979e+01 7.760346744624559145e-02
2.127174999999999816e+00 2.504685100000000020e+01 7.763224524273466820e-02
2.131918000000000202e+00 2.506108899999999906e+01 7.749819248693029516e-02
2.136661000000000143e+00 2.491458499999999887e+01 7.712332339332958475e-02
2.141404000000000085e+00 2.492794800000000421e+01 7.700197213389861628e-02
2.146145999999999887e+00 2.502819500000000019e+01 7.702037009457887717e-02
2.150888999999999829e+00 2.497497700000000265e+01 7.680708081882881011e-02
2.155632000000000215e+00 2.488963499999999840e+01 7.654942251607257941e-02
2.160375000000000156e+00 2.503743800000000164e+01 7.665294989350833477e-02
2.165118000000000098e+00 2.498617499999999936e+01 7.645475600226973867e-02
2.169861000000000040e+00 2.497264299999999793e+01 7.631772277004666982e-02
2.174603999999999981e+00 2.493428000000000111e+01 7.614552451580788861e-02
2.179346999999999923e+00 2.501142100000000212e+01 7.615157623734850056e-02
2.184089000000000169e+00 2.505370699999999928e+01 7.610702570792265975e-02
2.188832000000000111e+00 2.499278100000000080e+01 7.590795074841436008e-02
2.193575000000000053e+00 2.502919999999999945e+01 7.585859069734159077e-02
2.198317999999999994e+00 2.494829700000000372e+01 7.563268261522329561e-02
2.203060999999999936e+00 2.492087500000000233e+01 7.548994777445537652e-02
2.207803999999999878e+00 2.493112599999999546e+01 7.540638352303669079e-02
2.212546999999999819e+00 2.500994200000000234e+01 7.542745421829508135e-02
2.217289000000000065e+00 2.489364899999999992e+01 7.515495533760498115e-02
2.222032000000000007e+00 2.503306299999999851e+01 7.526953087517483654e-02
2.226774999999999949e+00 2.502845299999999895e+01 7.516832115585328489e-02
2.231517999999999891e+00 2.513440299999999894e+01 7.523410060487131790e-02
2.236260999999999832e+00 2.496389899999999784e+01 7.488613791326001468e-02
2.241004000000000218e+00 2.510678499999999858e+01 7.500908927265881321e-02
2.245747000000000160e+00 2.498562100000000186e+01 7.473795768533483819e-02
2.250490000000000101e+00 2.486664400000000086e+01 7.447101677598003122e-02
2.255231999999999903e+00 2.483712399999999931e+01 7.433877271443348200e-02
2.259974999999999845e+00 2.487086300000000350e+01 7.430191825966472874e-02
2.264717999999999787e+00 2.487202699999999567e+01 7.421773019786173653e-02
2.269461000000000173e+00 2.490579699999999974e+01 7.418256643298545838e-02
2.274204000000000114e+00 2.497454000000000462e+01 7.419953538024683104e-02
2.278947000000000056e+00 2.487471700000000041e+01 7.396704898737951894e-02
2.283689999999999998e+00 2.491841600000000057e+01 7.394852122580004850e-02
2.288431999999999800e+00 2.495370199999999983e+01 7.391820521955941303e-02
2.293175000000000185e+00 2.495360799999999912e+01 7.383557201879321907e-02
2.297918000000000127e+00 2.494416100000000114e+01 7.373992915914280577e-02
2.302661000000000069e+00 2.486149999999999949e+01 7.353673149818532040e-02
2.307404000000000011e+00 2.484181600000000145e+01 7.342763772519854404e-02
2.312146999999999952e+00 2.483768900000000102e+01 7.334145198173130931e-02
2.316889999999999894e+00 2.483298899999999776e+01 7.325512206885809174e-02
2.321632000000000140e+00 2.483359000000000094e+01 7.317778085122218779e-02
2.326375000000000082e+00 2.497025299999999959e+01 7.330065843715047325e-02
2.331118000000000023e+00 2.483861599999999470e+01 7.302907524999066591e-02
2.335860999999999965e+00 2.480765199999999737e+01 7.290640773166787159e-02
2.340603999999999907e+00 2.484172099999999972e+01 7.287969278105733972e-02
2.345346999999999849e+00 2.490510499999999894e+01 7.289642516737702971e-02
2.350089999999999790e+00 2.488153900000000007e+01 7.278588078879859313e-02
2.354833000000000176e+00 2.491243399999999752e+01 7.275539181391713073e-02
2.359574999999999978e+00 2.486547099999999944e+01 7.261194146649777026e-02
2.364317999999999920e+00 2.491769000000000034e+01 7.261345024341289700e-02
2.369060999999999861e+00 2.494612299999999649e+01 7.258039361303574022e-02
2.373803999999999803e+00 2.486803899999999956e+01 7.239282144028716393e-02
2.378547000000000189e+00 2.477871400000000079e+01 7.218932950825489303e-02
2.383290000000000131e+00 2.476844700000000188e+01 7.210152845272838062e-02
2.388033000000000072e+00 2.485209500000000205e+01 7.215033039587552544e-02
2.392774999999999874e+00 2.480180600000000268e+01 7.200487727712615027e-02
2.397517999999999816e+00 2.478997700000000037e+01 7.191598395543094546e-02
2.402261000000000202e+00 2.486959099999999978e+01 7.196001502134222183e-02
2.407004000000000143e+00 2.479906899999999936e+01 7.178610036695265428e-02
2.411747000000000085e+00 2.486779200000000145e+01 7.181460958483587564e-02
2.416490000000000027e+00 2.484280500000000202e+01 7.170823303282894412e-02
2.421232999999999969e+00 2.481718200000000252e+01 7.160097369303507209e-02
2.425975999999999910e+00 2.489462400000000031e+01 7.164210862709584349e-02
2.430718000000000156e+00 2.480596899999999749e+01 7.144472131914994528e-02
2.435461000000000098e+00 2.490540099999999413e+01 7.151866642612891845e-02
2.440204000000000040e+00 2.473870000000000147e+01 7.123528812093973817e-02
2.444946999999999981e+00 2.473529900000000126e+01 7.113623401649823985e-02
2.449689999999999923e+00 2.475168500000000193e+01 7.109119676914013586e-02
2.454432999999999865e+00 2.480915599999999799e+01 7.110563993783122760e-02
2.459175999999999807e+00 2.476162099999999811e+01 7.096973195353142860e-02
2.463918000000000053e+00 2.492924199999999857e+01 7.114139194701071811e-02
2.468660999999999994e+00 2.482714999999999606e+01 7.092832279265313955e-02
2.473403999999999936e+00 2.474721899999999408e+01 7.074692857147227287e-02
2.478146999999999878e+00 2.481146500000000188e+01 7.077207540802728236e-02
2.482889999999999819e+00 2.470629599999999471e+01 7.055537610760996559e-02
2.487633000000000205e+00 2.483626200000000139e+01 7.067429975518753349e-02
2.492376000000000147e+00 2.476154799999999767e+01 7.050202916364536887e-02
2.497117999999999949e+00 2.470910699999999949e+01 7.036162218802946566e-02
2.501860999999999891e+00 2.492600299999999791e+01 7.060395304472336098e-02
2.506603999999999832e+00 2.485033199999999809e+01 7.043138868041506906e-02
2.511347000000000218e+00 2.476747600000000205e+01 7.024723303022048504e-02
2.516090000000000160e+00 2.476392300000000191e+01 7.012350642695786007e-02
2.520833000000000101e+00 2.479962700000000453e+01 7.003016990202508285e-02
2.525576000000000043e+00 2.476039200000000307e+01 6.983244078044029135e-02
2.530318999999999985e+00 2.472586400000000140e+01 6.966959064624178577e-02
2.535060999999999787e+00 2.473513200000000012e+01 6.961880003305787046e-02
2.539804000000000173e+00 2.475509500000000074e+01 6.958386591134901877e-02
2.544547000000000114e+00 2.473947899999999933e+01 6.949980006823111567e-02
2.549290000000000056e+00 2.484347299999999947e+01 6.958320548891089308e-02
2.554032999999999998e+00 2.485963400000000334e+01 6.954383421666439358e-02
2.558775999999999939e+00 2.476003000000000043e+01 6.934233029830769168e-02
2.563518999999999881e+00 2.468700299999999714e+01 6.918081174127693744e-02
2.568261000000000127e+00 2.473167199999999966e+01 6.923770106235258015e-02
2.573004000000000069e+00 2.476171000000000078e+01 6.929561799669226030e-02
2.577747000000000011e+00 2.477763499999999652e+01 6.933319421733863397e-02
2.582489999999999952e+00 2.479060100000000233e+01 6.933251502555852486e-02
2.587232999999999894e+00 2.477707900000000052e+01 6.925231755948965673e-02
2.591975999999999836e+00 2.477845399999999998e+01 6.919294485772374548e-02
2.596719000000000221e+00 2.473310700000000040e+01 6.906840800947637582e-02
2.601462000000000163e+00 2.473236700000000354e+01 6.900642165878403955e-02
2.606203999999999965e+00 2.474082299999999890e+01 6.895770085423383322e-02
2.610946999999999907e+00 2.474105899999999991e+01 6.889746266039845080e-02
2.615689999999999849e+00 2.472247899999999987e+01 6.881121755774052828e-02
2.620432999999999790e+00 2.469711799999999968e+01 6.871584851978326802e-02
2.625176000000000176e+00 2.477552799999999777e+01 6.876495244238593763e-02
2.629919000000000118e+00 2.476614300000000313e+01 6.869220570453826724e-02
2.634662000000000059e+00 2.473066999999999638e+01 6.859807068811848985e-02
2.639403999999999861e+00 2.466447500000000304e+01 6.845879528522905155e-02
2.644146999999999803e+00 2.457996399999999682e+01 6.825991219004387545e-02
2.648890000000000189e+00 2.472781799999999919e+01 6.840194869310010917e-02
2.653633000000000131e+00 2.482677500000000137e+01 6.849004188686849681e-02
2.658376000000000072e+00 2.465191099999999835e+01 6.819134420294045706e-02
2.663119000000000014e+00 2.471561299999999761e+01 6.820915847523703612e-02
2.667861999999999956e+00 2.460370699999999999e+01 6.799612543598053394e-02
2.672604999999999897e+00 2.463922900000000027e+01 6.798709862083981981e-02
2.677347000000000143e+00 2.465332899999999938e+01 6.794877833991055938e-02
2.682090000000000085e+00 2.462563400000000158e+01 6.785285858038481166e-02
2.686833000000000027e+00 2.468398599999999732e+01 6.787585554299260804e-02
2.691575999999999969e+00 2.465161900000000017e+01 6.777381995960017613e-02
2.696318999999999910e+00 2.470992299999999986e+01 6.779655187782561432e-02
2.701061999999999852e+00 2.469663399999999953e+01 6.772137380618396818e-02
2.705804999999999794e+00 2.461617999999999995e+01 6.755421086787113949e-02
2.710547000000000040e+00 2.464450599999999980e+01 6.753613680135397979e-02
2.715289999999999981e+00 2.464352499999999679e+01 6.747841752301175777e-02
2.720032999999999923e+00 2.472488399999999942e+01 6.753322751029303128e-02
2.724775999999999865e+00 2.470607199999999892e+01 6.745132199210925050e-02
2.729518999999999807e+00 2.463843999999999923e+01 6.730284209180695254e-02
2.734262000000000192e+00 2.469445999999999941e+01 6.732337428745754915e-02
2.739005000000000134e+00 2.463665499999999753e+01 6.718881151253607020e-02
2.743746999999999936e+00 2.470637199999999822e+01 6.722800932047520717e-02
2.748489999999999878e+00 2.461920800000000398e+01 6.705396704215195458e-02
2.753232999999999819e+00 2.469457399999999936e+01 6.710129331921330098e-02
2.757976000000000205e+00 2.467255700000000473e+01 6.701626504735772039e-02
2.762719000000000147e+00 2.468936699999999718e+01 6.698409017957472622e-02
2.767462000000000089e+00 2.462270699999999835e+01 6.683851317245918799e-02
2.772205000000000030e+00 2.466896299999999798e+01 6.684680252635948061e-02
2.776947999999999972e+00 2.458897699999999986e+01 6.668376008208445893e-02
2.781690000000000218e+00 2.464980099999999652e+01 6.671194828149226708e-02
2.786433000000000160e+00 2.472393000000000285e+01 6.675769859190174016e-02
2.791176000000000101e+00 2.453494500000000045e+01 6.644798171649383967e-02
2.795919000000000043e+00 2.467279800000000378e+01 6.658070329768377149e-02
2.800661999999999985e+00 2.455586200000000119e+01 6.638413710381493860e-02
2.805404999999999927e+00 2.461867000000000161e+01 6.640563053145494277e-02
2.810147999999999868e+00 2.474437699999999651e+01 6.655310856871149428e-02
2.814890000000000114e+00 2.477179899999999790e+01 6.654515992232268307e-02
2.819633000000000056e+00 2.481064399999999992e+01 6.783136290408516011e-02
2.824375999999999998e+00 2.475794899999999998e+01 6.918155467055361885e-02
2.829118999999999939e+00 2.466505199999999931e+01 6.994409598389703109e-02
2.833861999999999881e+00 2.468537399999999948e+01 7.070342215151753651e-02
2.838604999999999823e+00 2.456095299999999781e+01 7.114208830537235850e-02
2.843348000000000209e+00 2.459740300000000346e+01 7.149498091475234296e-02
2.848091000000000150e+00 2.463388200000000339e+01 7.176509563699333405e-02
2.852832999999999952e+00 2.457433300000000287e+01 7.188752768847807284e-02
2.857575999999999894e+00 2.457345400000000168e+01 7.207933302418523258e-02
2.862318999999999836e+00 2.462093499999999935e+01 7.232903857734111763e-02
2.867062000000000221e+00 2.463376500000000036e+01 7.251731128076799315e-02
2.871805000000000163e+00 2.454564400000000290e+01 7.254728648536483415e-02
2.876548000000000105e+00 2.464786199999999994e+01 7.284982206471406208e-02
2.881291000000000047e+00 2.461525800000000075e+01 7.260484036609060610e-02
2.886032999999999848e+00 2.471352900000000119e+01 7.067552851120038893e-02
2.890775999999999790e+00 2.468352800000000258e+01 6.952239387712709495e-02
2.895519000000000176e+00 2.463651899999999983e+01 6.870580187525140992e-02
2.900262000000000118e+00 2.460956499999999991e+01 6.807434830314793017e-02
2.905005000000000059e+00 2.463053299999999979e+01 6.773639928726357673e-02
2.909748000000000001e+00 2.470880499999999813e+01 6.766606296168191370e-02
2.914490999999999943e+00 2.463430699999999973e+01 6.740607534342360485e-02
2.919233000000000189e+00 2.467598299999999867e+01 6.731927477462379406e-02
2.923976000000000131e+00 2.479607999999999990e+01 6.735038161731528306e-02
2.928719000000000072e+00 2.454010700000000256e+01 6.687948576032563819e-02
2.933462000000000014e+00 2.459497799999999756e+01 6.683867833782695944e-02
2.938204999999999956e+00 2.466492899999999722e+01 6.682427842078730862e-02
2.942947999999999897e+00 2.462804399999999561e+01 6.667077534462832744e-02
2.947690999999999839e+00 2.468907999999999703e+01 6.665400643796065561e-02
2.952433999999999781e+00 2.461290100000000081e+01 6.646338839386538300e-02
2.957176000000000027e+00 2.460692400000000291e+01 6.636976398750864259e-02
2.961918999999999969e+00 2.465701199999999815e+01 6.633485822195521464e-02
2.966661999999999910e+00 2.464841600000000454e+01 6.623764613386333433e-02
2.971404999999999852e+00 2.455185699999999827e+01 6.602437115423895331e-02
2.976147999999999794e+00 2.452575399999999917e+01 6.590806416212435792e-02
2.980891000000000179e+00 2.462514600000000087e+01 6.596217299194365169e-02
2.985634000000000121e+00 2.457364999999999711e+01 6.581597216756582269e-02
2.990375999999999923e+00 2.459374700000000047e+01 6.578426661209578474e-02
2.995118999999999865e+00 2.455189800000000133e+01 6.563997897751035204e-02
2.999861999999999806e+00 2.473495000000000132e+01 6.580822186407865593e-02
3.004605000000000192e+00 2.464840199999999726e+01 6.562141054018497122e-02
3.009348000000000134e+00 2.458109300000000275e+01 6.546160293346167669e-02
3.014091000000000076e+00 2.452543000000000006e+01 6.533815211768848052e-02
3.018834000000000017e+00 2.449293300000000073e+01 6.520689165253547304e-02
3.023576999999999959e+00 2.456396699999999811e+01 6.523434729158558709e-02
3.028319000000000205e+00 2.460985400000000212e+01 6.522887059196794124e-02
3.033062000000000147e+00 2.464236000000000359e+01 6.520622680381682468e-02
3.037805000000000089e+00 2.465870799999999718e+01 6.516331712199893711e-02
3.042548000000000030e+00 2.454967500000000058e+01 6.495547153438423205e-02
3.047290999999999972e+00 2.453884099999999790e+01 6.487810250805506329e-02
3.052033999999999914e+00 2.463222200000000228e+01 6.493868444911862770e-02
3.056776999999999855e+00 2.453226799999999841e+01 6.474536720139519030e-02
3.061519000000000101e+00 2.461062299999999681e+01 6.478720018141084780e-02
3.066262000000000043e+00 2.456682799999999389e+01 6.466913389735787221e-02
3.071004999999999985e+00 2.465425800000000578e+01 6.473703419172367746e-02
3.075747999999999927e+00 2.461945499999999498e+01 6.463470957762168512e-02
3.080490999999999868e+00 2.466206799999999788e+01 6.462480417087003437e-02
3.085233999999999810e+00 2.465242800000000045e+01 6.454440904776803656e-02
3.089977000000000196e+00 2.468895599999999746e+01 6.455234855618499634e-02
3.094720000000000137e+00 2.465229199999999565e+01 6.442919013298320507e-02
3.099461999999999939e+00 2.450908100000000189e+01 6.418396363656034276e-02
3.104204999999999881e+00 2.444010499999999553e+01 6.403689890304964383e-02
3.108947999999999823e+00 2.466098699999999866e+01 6.426900657048076337e-02
3.113691000000000209e+00 2.450399800000000283e+01 6.400849205620141869e-02
3.118434000000000150e+00 2.451054700000000253e+01 6.396153095550950740e-02
3.123177000000000092e+00 2.443762399999999602e+01 6.381100941699871520e-02
3.127920000000000034e+00 2.458842000000000283e+01 6.395277236902947859e-02
3.132661999999999836e+00 2.453522999999999854e+01 6.382906544090474754e-02
3.137405000000000221e+00 2.445834600000000236e+01 6.367516901439997101e-02
3.142148000000000163e+00 2.461071799999999854e+01 6.381889238871511771e-02
3.146891000000000105e+00 2.449693199999999749e+01 6.362583540562119500e-02
3.151634000000000047e+00 2.449381900000000201e+01 6.357082338489096485e-02
3.156376999999999988e+00 2.457508199999999832e+01 6.361319605894676099e-02
3.161119999999999930e+00 2.460894700000000057e+01 6.360452854071711737e-02
3.165862000000000176e+00 2.450884099999999677e+01 6.346680731075102222e-02
3.170605000000000118e+00 2.452662300000000073e+01 6.342120708099854842e-02
3.175348000000000059e+00 2.453994200000000347e+01 6.335864001846394644e-02
3.180091000000000001e+00 2.460250099999999662e+01 6.338751037351995909e-02
3.184833999999999943e+00 2.460255599999999987e+01 6.333618561926823709e-02
3.189576999999999884e+00 2.454566099999999906e+01 6.321163338363991469e-02
3.194319999999999826e+00 2.450528900000000121e+01 6.309050232422150351e-02
3.199063000000000212e+00 2.454328999999999894e+01 6.302346788172323577e-02
3.203805000000000014e+00 2.449177399999999949e+01 6.284072023864939460e-02
3.208547999999999956e+00 2.456754499999999908e+01 6.286054769904650397e-02
3.213290999999999897e+00 2.466075200000000223e+01 6.292993045491310222e-02
3.218033999999999839e+00 2.455007200000000012e+01 6.273919747643255662e-02
3.222776999999999781e+00 2.460248200000000196e+01 6.275692011417545457e-02
3.227520000000000167e+00 2.455948500000000223e+01 6.265308871550387404e-02
3.232263000000000108e+00 2.454252599999999518e+01 6.258288860654163954e-02
3.237004999999999910e+00 2.444957399999999836e+01 6.241592072485192821e-02
3.241747999999999852e+00 2.451510699999999687e+01 6.245092594771674277e-02
3.246490999999999794e+00 2.447984899999999797e+01 6.235806100489334897e-02
3.251234000000000179e+00 2.457624799999999965e+01 6.245035725198696402e-02
3.255977000000000121e+00 2.447560599999999909e+01 6.233837579033960768e-02
3.260720000000000063e+00 2.450705299999999554e+01 6.239610190692684855e-02
3.265463000000000005e+00 2.456832600000000255e+01 6.245154809715288552e-02
3.270205999999999946e+00 2.457759699999999725e+01 6.241603861513400631e-02
3.274948000000000192e+00 2.459827399999999997e+01 6.239457590624525318e-02
3.279691000000000134e+00 2.455802399999999963e+01 6.229599152442635152e-02
3.284434000000000076e+00 2.467876700000000056e+01 6.240176804989342602e-02
3.289177000000000017e+00 2.468615300000000090e+01 6.236408089983287717e-02
3.293919999999999959e+00 2.453519500000000164e+01 6.212600434758781820e-02
3.298662999999999901e+00 2.455256399999999672e+01 6.210146846890578221e-02
3.303405999999999842e+00 2.465170699999999826e+01 6.218022254311093150e-02
3.308148000000000089e+00 2.456979199999999963e+01 6.203032656077751839e-02
3.312891000000000030e+00 2.451737999999999928e+01 6.191784738770315932e-02
3.317633999999999972e+00 2.448714100000000116e+01 6.183374225282099734e-02
3.322376999999999914e+00 2.451395799999999880e+01 6.182264814919123663e-02
3.327119999999999855e+00 2.456773899999999955e+01 6.185984643675977029e-02
3.331862999999999797e+00 2.453030800000000156e+01 6.175070785690314062e-02
3.336606000000000183e+00 2.452497799999999728e+01 6.169873376393797404e-02
3.341347999999999985e+00 2.442505600000000143e+01 6.152784568804274545e-02
3.346090999999999926e+00 2.447606900000000252e+01 6.154691205800174453e-02
3.350833999999999868e+00 2.451514099999999985e+01 6.155060436268355861e-02
3.355576999999999810e+00 2.454749599999999887e+01 6.154653452717464418e-02
3.360320000000000196e+00 2.454903699999999844e+01 6.150387899336675485e-02
3.365063000000000137e+00 2.457467100000000215e+01 6.149125466934546314e-02
3.369806000000000079e+00 2.448318900000000298e+01 6.133209882524239681e-02
3.374549000000000021e+00 2.459821699999999822e+01 6.143138040748717665e-02
3.379290999999999823e+00 2.474196199999999735e+01 6.225139769298436432e-02
3.384034000000000209e+00 2.453411099999999934e+01 6.344393642779111442e-02
3.388777000000000150e+00 2.461586099999999888e+01 6.438957389199123638e-02
3.393520000000000092e+00 2.455975099999999856e+01 6.497901951879853089e-02
3.398263000000000034e+00 2.453902099999999820e+01 6.534428265231320698e-02
3.403005999999999975e+00 2.449412399999999934e+01 6.546049139038905007e-02
3.407748999999999917e+00 2.436880099999999771e+01 6.525906359746896923e-02
3.412491000000000163e+00 2.431374399999999980e+01 6.522133764075142837e-02
3.417234000000000105e+00 2.450446000000000168e+01 6.565097005251940843e-02
3.421977000000000046e+00 2.444022700000000015e+01 6.572351785629934606e-02
3.426719999999999988e+00 2.446608400000000216e+01 6.589227586304406692e-02
3.431462999999999930e+00 2.452980899999999664e+01 6.611552810465028129e-02
3.436205999999999872e+00 2.449084400000000272e+01 6.620597125861080179e-02
3.440948999999999813e+00 2.450215999999999639e+01 6.634140529376507389e-02
3.445692000000000199e+00 2.460027199999999681e+01 6.660522896623582989e-02
3.450434000000000001e+00 2.452426700000000181e+01 6.659489789641845348e-02
3.455176999999999943e+00 2.444669499999999829e+01 6.659860852632508432e-02
3.459919999999999884e+00 2.444325900000000118e+01 6.669838770846862885e-02
3.464662999999999826e+00 2.444537500000000207e+01 6.680194774326195239e-02
3.469406000000000212e+00 2.444912500000000222e+01 6.690469329806990328e-02
3.474149000000000154e+00 2.444564700000000101e+01 6.699425558441483852e-02
3.478892000000000095e+00 2.443441600000000236e+01 6.707055635903358404e-02
3.483633999999999897e+00 2.452682799999999830e+01 6.728573278983591976e-02
3.488376999999999839e+00 2.458675300000000163e+01 6.745419093328522409e-02
3.493119999999999781e+00 2.462303400000000053e+01 6.758764076009607380e-02
3.497863000000000167e+00 2.451332000000000022e+01 6.751859521602178449e-02
3.502606000000000108e+00 2.454933500000000279e+01 6.764760775665093484e-02
3.507349000000000050e+00 2.446704299999999677e+01 6.761139145525849048e-02
3.512091999999999992e+00 2.441074700000000419e+01 6.760898174141140304e-02
3.516833999999999794e+00 2.446240200000000087e+01 6.775391533799578203e-02
3.521577000000000179e+00 2.442564000000000135e+01 6.777473756394561399e-02
3.526320000000000121e+00 2.440362600000000270e+01 6.781431509974866767e-02
3.531063000000000063e+00 2.450793300000000130e+01 6.802809381639911279e-02
3.535806000000000004e+00 2.442529900000000254e+01 6.798074414818214284e-02
3.540548999999999946e+00 2.442410399999999981e+01 6.804422793590578222e-02
3.545291999999999888e+00 2.447146699999999697e+01 6.817518869280450589e-02
3.550034999999999830e+00 2.453716099999999756e+01 6.833008346427654756e-02
3.554777000000000076e+00 2.449710999999999927e+01 6.833626583825092027e-02
3.559520000000000017e+00 2.438771600000000106e+01 6.824414993458559342e-02
3.564262999999999959e+00 2.440790100000000251e+01 6.833198627927991597e-02
3.569005999999999901e+00 2.454232899999999873e+01 6.859200405847316884e-02
3.573748999999999842e+00 2.455982300000000151e+01 6.869399479319135415e-02
3.578491999999999784e+00 2.448209300000000255e+01 6.860868117339889716e-02
3.583235000000000170e+00 2.456777999999999906e+01 6.878468428319708949e-02
3.587976999999999972e+00 2.451875000000000426e+01 6.874724431820375403e-02
3.592719999999999914e+00 2.444783299999999926e+01 6.859408586913305628e-02
3.597462999999999855e+00 2.447273500000000013e+01 6.856806875467982842e-02
3.602205999999999797e+00 2.444359399999999738e+01 6.846658096920789360e-02
3.606949000000000183e+00 2.445667600000000164e+01 6.842459329981581684e-02
3.611692000000000125e+00 2.450155100000000274e+01 6.847801248463189494e-02
3.616435000000000066e+00 2.457313100000000006e+01 6.864655732569185931e-02
3.621178000000000008e+00 2.466345500000000257e+01 6.960379799721996830e-02
3.625919999999999810e+00 2.450480099999999695e+01 7.186024295258888750e-02
3.630663000000000196e+00 2.447875799999999913e+01 7.322062797408732115e-02
3.635406000000000137e+00 2.453799599999999970e+01 7.435532246138133738e-02
3.640149000000000079e+00 2.452216999999999558e+01 7.510195969453725695e-02
3.644892000000000021e+00 2.441699300000000150e+01 7.545326839681432141e-02
3.649634999999999962e+00 2.449400800000000089e+01 7.605937388088335194e-02
3.654377999999999904e+00 2.432362900000000039e+01 7.621577764238714192e-02
3.659120000000000150e+00 2.442724100000000220e+01 7.680426768624970535e-02
3.663863000000000092e+00 2.441308800000000190e+01 7.719262330384749071e-02
3.668606000000000034e+00 2.454340799999999945e+01 7.779674493653830625e-02
3.673348999999999975e+00 2.435527600000000348e+01 7.788434607681635202e-02
3.678091999999999917e+00 2.445894200000000041e+01 7.842766825357425087e-02
3.682834999999999859e+00 2.448948499999999839e+01 7.884693723253363706e-02
3.687577999999999800e+00 2.449467900000000142e+01 7.921872834652736450e-02
3.692321000000000186e+00 2.452371700000000132e+01 7.962393023472277842e-02
3.697062999999999988e+00 2.441761100000000084e+01 7.980294488541636588e-02
3.701805999999999930e+00 2.443284600000000495e+01 8.017495783993465464e-02
3.706548999999999872e+00 2.433349899999999977e+01 8.035439702364892411e-02
3.711291999999999813e+00 2.433128799999999359e+01 8.068929404617380952e-02
3.716035000000000199e+00 2.434460200000000185e+01 8.104671970096198608e-02
3.720778000000000141e+00 2.433685100000000290e+01 8.136639391183131398e-02
3.725521000000000083e+00 2.438050000000000139e+01 8.176957841176571429e-02
3.730262999999999884e+00 2.442367700000000141e+01 8.217060924084110263e-02
3.735005999999999826e+00 2.442799999999999727e+01 8.250351709496389629e-02
3.739749000000000212e+00 2.445236300000000185e+01 8.286949895882320116e-02
3.744492000000000154e+00 2.448813699999999827e+01 8.325304719298147471e-02
3.749235000000000095e+00 2.433687999999999718e+01 8.331626628880640928e-02
3.753978000000000037e+00 2.449688400000000144e+01 8.391013424179226410e-02
3.758720999999999979e+00 2.449586000000000041e+01 8.422748455879291996e-02
3.763462999999999781e+00 2.448853799999999836e+01 8.453313424192374081e-02
3.768206000000000166e+00 2.451078499999999849e+01 8.488907722163552272e-02
3.772949000000000108e+00 2.443773900000000054e+01 8.507870418438681637e-02
3.777692000000000050e+00 2.441933200000000070e+01 8.536189281866000955e-02
3.782434999999999992e+00 2.445548099999999891e+01 8.574041173514737602e-02
3.787177999999999933e+00 2.441616099999999889e+01 8.598570135903119138e-02
3.791920999999999875e+00 2.434584600000000165e+01 8.617586980890126758e-02
3.796663999999999817e+00 2.455958600000000303e+01 8.686782140578466760e-02
3.801406000000000063e+00 2.438400599999999940e+01 8.687072391930494852e-02
3.806149000000000004e+00 2.448336099999999860e+01 8.736176199853286362e-02
3.810891999999999946e+00 2.443783400000000228e+01 8.759424546867676520e-02
3.815634999999999888e+00 2.437854600000000005e+01 8.780091838375268798e-02
3.820377999999999830e+00 2.446194699999999855e+01 8.826533922532557586e-02
3.825121000000000215e+00 2.451388399999999734e+01 8.867360485278018289e-02
3.829864000000000157e+00 2.444894499999999837e+01 8.887059887293660698e-02
3.834605999999999959e+00 2.439095300000000321e+01 8.907950310792320248e-02
3.839348999999999901e+00 2.445970299999999753e+01 8.952132743201587917e-02
3.844091999999999842e+00 2.445233599999999896e+01 8.982315409535004957e-02
3.848834999999999784e+00 2.450563999999999965e+01 9.024075883166818302e-02
3.853578000000000170e+00 2.438813100000000489e+01 9.038846213991086342e-02
3.858321000000000112e+00 2.443362100000000225e+01 9.073915294208670379e-02
3.863064000000000053e+00 2.433018700000000223e+01 9.086447361889739283e-02
3.867806999999999995e+00 2.455483000000000260e+01 9.160317250906979680e-02
3.872548999999999797e+00 2.436034400000000488e+01 9.155836235707637272e-02
3.877292000000000183e+00 2.441744400000000326e+01 9.198601043296637803e-02
3.882035000000000124e+00 2.451484800000000064e+01 9.249175025468217570e-02
3.886778000000000066e+00 2.449618500000000054e+01 9.277921885808103342e-02
3.891521000000000008e+00 2.438463000000000136e+01 9.289027867642178637e-02
3.896263999999999950e+00 2.443002899999999755e+01 9.330096535496831822e-02
3.901006999999999891e+00 2.454404300000000205e+01 9.384387595572286911e-02
3.905749000000000137e+00 2.429259600000000319e+01 9.368807820905869499e-02
3.910492000000000079e+00 2.437233400000000216e+01 9.416921711339114320e-02
3.915235000000000021e+00 2.441331999999999880e+01 9.457686345907015402e-02
3.919977999999999962e+00 2.452569300000000041e+01 9.508328995314528631e-02
3.924720999999999904e+00 2.434739599999999982e+01 9.482094538214486112e-02
3.929463999999999846e+00 2.443862699999999677e+01 9.507153310539595559e-02
3.934206999999999788e+00 2.442342899999999872e+01 9.516714026222758416e-02
3.938949000000000034e+00 2.436197500000000460e+01 9.515116909761697772e-02
3.943691999999999975e+00 2.443561899999999909e+01 9.539789852342765719e-02
3.948434999999999917e+00 2.448584499999999764e+01 9.559841072316159483e-02
3.953177999999999859e+00 2.433518300000000423e+01 9.543220629441090397e-02
3.957920999999999800e+00 2.445917399999999731e+01 9.584392172675479382e-02
3.962664000000000186e+00 2.448974899999999977e+01 9.591231898897503716e-02
3.967407000000000128e+00 2.443395600000000201e+01 9.604990693011523917e-02
3.972150000000000070e+00 2.445368899999999712e+01 9.641279613472736321e-02
3.976891999999999872e+00 2.462149600000000049e+01 9.706952899798268475e-02
3.981634999999999813e+00 2.445945999999999998e+01 9.707621471235217125e-02
3.986378000000000199e+00 2.460984300000000147e+01 9.770386587677787338e-02
3.991121000000000141e+00 2.434763900000000092e+01 9.751086464014560584e-02
3.995864000000000082e+00 2.419739899999999722e+01 9.753953912973394036e-02
4.000606999999999580e+00 2.425690700000000533e+01 9.799097766313538682e-02
4.005349999999999966e+00 2.440503400000000056e+01 9.862479969465033636e-02
4.010092000000000212e+00 2.445376900000000120e+01 9.905983813218402489e-02
4.014834999999999710e+00 2.446839200000000147e+01 9.942810673383607745e-02
4.019578000000000095e+00 2.436546500000000037e+01 9.955903254068913799e-02
4.024320999999999593e+00 2.429456799999999816e+01 9.975442583593321921e-02
4.029063999999999979e+00 2.434617799999999832e+01 1.002042397067289814e-01
4.033807000000000365e+00 2.433635600000000210e+01 1.005290142262421638e-01
4.038549999999999862e+00 2.439291300000000007e+01 1.009935314462634404e-01
4.043293000000000248e+00 2.436829399999999879e+01 1.012918367816405124e-01
4.048034999999999606e+00 2.434313099999999963e+01 1.015912455875672277e-01
4.052777999999999992e+00 2.438852099999999723e+01 1.020395215854474624e-01
4.057521000000000377e+00 2.430745200000000494e+01 1.022252375060835883e-01
4.062263999999999875e+00 2.440619899999999376e+01 1.027911383774292170e-01
4.067007000000000261e+00 2.447140399999999971e+01 1.032891380022459005e-01
4.071749999999999758e+00 2.451299700000000570e+01 1.037406293506546034e-01
4.076493000000000144e+00 2.437736100000000050e+01 1.038179469337151828e-01
4.081235000000000390e+00 2.438216900000000109e+01 1.041949551093324378e-01
4.085977999999999888e+00 2.433550800000000081e+01 1.044652559791297286e-01
4.090721000000000274e+00 2.447779200000000088e+01 1.051429102557961404e-01
4.095463999999999771e+00 2.462066199999999938e+01 1.058258952726004731e-01
4.100207000000000157e+00 2.443051200000000023e+01 1.057936659512439814e-01
4.104949999999999655e+00 2.454115599999999731e+01 1.064150756108888929e-01
4.109693000000000040e+00 2.444612899999999911e+01 1.065914500650854413e-01
4.114436000000000426e+00 2.459537900000000121e+01 1.073028524762836833e-01
4.119177999999999784e+00 2.460151700000000119e+01 1.077063197565402558e-01
4.123921000000000170e+00 2.435008000000000195e+01 1.075445593490405305e-01
4.128663999999999668e+00 2.454514299999999949e+01 1.083698638789557522e-01
4.133407000000000053e+00 2.445994500000000116e+01 1.085793089585189025e-01
4.138150000000000439e+00 2.443737999999999744e+01 1.089287218860934547e-01
4.142892999999999937e+00 2.447908200000000178e+01 1.094249828096477140e-01
4.147636000000000323e+00 2.441618300000000374e+01 1.096895133444173026e-01
4.152377999999999680e+00 2.466619100000000131e+01 1.106615454051776692e-01
4.157121000000000066e+00 2.433620700000000170e+01 1.103300576905989761e-01
4.161863999999999564e+00 2.467098100000000116e+01 1.115040338198753228e-01
4.166606999999999950e+00 2.451656499999999994e+01 1.115741577337601848e-01
4.171350000000000335e+00 2.457603299999999891e+01 1.121321207435166806e-01
4.176092999999999833e+00 2.460400600000000182e+01 1.126295960944644348e-01
4.180836000000000219e+00 2.442102099999999609e+01 1.127937679904311014e-01
4.185577999999999577e+00 2.456125899999999973e+01 1.134305137466321278e-01
4.190320999999999962e+00 2.449662000000000006e+01 1.136775073537663328e-01
4.195064000000000348e+00 2.457001100000000093e+01 1.142889100259605328e-01
4.199806999999999846e+00 2.453892599999999646e+01 1.146608376229713289e-01
4.204550000000000232e+00 2.449457299999999904e+01 1.150054556593342603e-01
4.209292999999999729e+00 2.452680600000000055e+01 1.155342690600983657e-01
4.214036000000000115e+00 2.451211800000000096e+01 1.159552461855887923e-01
4.218778999999999613e+00 2.448923699999999570e+01 1.163617304619297965e-01
4.223520999999999859e+00 2.449230699999999317e+01 1.168330781847512767e-01
4.228264000000000244e+00 2.449207299999999776e+01 1.173016343013114221e-01
4.233006999999999742e+00 2.448816799999999816e+01 1.177645227349183588e-01
4.237750000000000128e+00 2.426403099999999924e+01 1.176992767647987853e-01
4.242492999999999626e+00 2.445488900000000143e+01 1.186429888461395799e-01
4.247236000000000011e+00 2.443121899999999869e+01 1.190702821648143284e-01
4.251979000000000397e+00 2.468754600000000110e+01 1.201913550492771376e-01
4.256720999999999755e+00 2.462182100000000062e+01 1.207316041524736788e-01
4.261464000000000141e+00 2.441878799999999927e+01 1.205651866259025012e-01
4.266206999999999638e+00 2.441538399999999953e+01 1.210215083280393455e-01
4.270950000000000024e+00 2.447829300000000075e+01 1.216881546538277348e-01
4.275693000000000410e+00 2.429755399999999810e+01 1.217505560707777823e-01
4.280435999999999908e+00 2.445487999999999573e+01 1.226653191068795834e-01
4.285179000000000293e+00 2.453458800000000295e+01 1.233915708412499368e-01
4.289921999999999791e+00 2.463017599999999874e+01 1.241648549572740290e-01
4.294664000000000037e+00 2.439144599999999485e+01 1.240980286511264435e-01
4.299407000000000423e+00 2.425341600000000142e+01 1.242855548581543734e-01
4.304149999999999920e+00 2.420968099999999978e+01 1.247182696689671105e-01
4.308893000000000306e+00 2.438947100000000034e+01 1.257351001745248553e-01
4.313635999999999804e+00 2.439428500000000355e+01 1.263059222099482404e-01
4.318379000000000190e+00 2.439498199999999883e+01 1.268736462598304970e-01
4.323121999999999687e+00 2.443252700000000033e+01 1.276329424735060392e-01
4.327863999999999933e+00 2.453126400000000018e+01 1.284439315564624151e-01
4.332607000000000319e+00 2.444271400000000227e+01 1.287338246240610218e-01
4.337349999999999817e+00 2.454399500000000245e+01 1.295941705003971212e-01
4.342093000000000202e+00 2.471560900000000061e+01 1.306487560652859758e-01
4.346835999999999700e+00 2.444303799999999782e+01 1.305318651898657867e-01
4.351579000000000086e+00 2.453577100000000044e+01 1.313929935108170133e-01
4.356321999999999584e+00 2.461695299999999875e+01 1.322329930528451658e-01
4.361063999999999830e+00 2.450063700000000111e+01 1.325488243581088854e-01
4.365807000000000215e+00 2.449608900000000133e+01 1.331732295397186905e-01
4.370549999999999713e+00 2.472277400000000469e+01 1.344340809484562693e-01
4.375293000000000099e+00 2.464440499999999545e+01 1.348745153601157432e-01
4.380035999999999596e+00 2.470121400000000023e+01 1.357553842260324495e-01
4.384778999999999982e+00 2.451508899999999969e+01 1.359660999862965791e-01
4.389522000000000368e+00 2.438589900000000199e+01 1.361672222277516275e-01
4.394264999999999866e+00 2.453614800000000074e+01 1.372565705477464537e-01
4.399007000000000112e+00 2.456209799999999532e+01 1.375981958718122122e-01
4.403749999999999609e+00 2.437509399999999715e+01 1.371679222040375623e-01
4.408492999999999995e+00 2.449423900000000032e+01 1.375957925447849617e-01
4.413236000000000381e+00 2.438472000000000151e+01 1.373798155196384596e-01
4.417978999999999878e+00 2.462015699999999896e+01 1.381343891512211430e-01
4.422722000000000264e+00 2.443706200000000095e+01 1.377128834527804879e-01
4.427464999999999762e+00 2.436316899999999919e+01 1.375928801181067473e-01
4.432207000000000008e+00 2.451603599999999616e+01 1.381151737194335483e-01
4.436950000000000394e+00 2.464663300000000135e+01 1.386486277708272319e-01
4.441692999999999891e+00 2.431147500000000150e+01 1.383261237488718209e-01
4.446436000000000277e+00 2.459943600000000075e+01 1.398562332149050069e-01
4.451178999999999775e+00 2.458513800000000060e+01 1.405359091090650492e-01
4.455922000000000160e+00 2.469574199999999919e+01 1.415838479312640508e-01
4.460664999999999658e+00 2.451173600000000263e+01 1.417958886021488119e-01
4.465408000000000044e+00 2.456559700000000035e+01 1.427033571510081811e-01
4.470150000000000290e+00 2.466783199999999709e+01 1.437632212647229901e-01
4.474892999999999788e+00 2.439904200000000145e+01 1.437483329611456695e-01
4.479636000000000173e+00 2.461866500000000002e+01 1.451776383751960386e-01
4.484378999999999671e+00 2.479325899999999905e+01 1.464915697550958074e-01
4.489122000000000057e+00 2.454129200000000210e+01 1.465522755892299522e-01
4.493865000000000443e+00 2.461722600000000227e+01 1.475991261093316798e-01
4.498607999999999940e+00 2.460159200000000013e+01 1.483847314780136206e-01
4.503350000000000186e+00 2.464391799999999932e+01 1.493573861478915688e-01
4.508092999999999684e+00 2.446505699999999450e+01 1.496702322512706573e-01
4.512836000000000070e+00 2.461255699999999891e+01 1.509927679393447131e-01
4.517578999999999567e+00 2.435550900000000496e+01 1.510830990951648745e-01
4.522321999999999953e+00 2.459744000000000597e+01 1.527309405319337843e-01
4.527065000000000339e+00 2.459169799999999739e+01 1.536278342003378483e-01
4.531807999999999836e+00 2.496240900000000096e+01 1.557181719811824017e-01
4.536551000000000222e+00 2.459424399999999622e+01 1.555089743750575348e-01
4.541292999999999580e+00 2.462877999999999901e+01 1.565797683996904555e-01
4.546035999999999966e+00 2.455786900000000017e+01 1.573315857389786798e-01
4.550779000000000352e+00 2.466080800000000295e+01 1.586551359360726665e-01
4.555521999999999849e+00 2.449019799999999947e+01 1.591156262987457048e-01
4.560265000000000235e+00 2.458195400000000319e+01 1.604403407035422113e-01
4.565007999999999733e+00 2.458307299999999884e+01 1.614937116330016631e-01
4.569751000000000118e+00 2.459500200000000092e+01 1.625981603970186318e-01
4.574493000000000364e+00 2.472333700000000078e+01 1.641121994526446026e-01
4.579235999999999862e+00 2.455271600000000376e+01 1.646507388174110187e-01
4.583979000000000248e+00 2.479228799999999922e+01 1.665837316300175508e-01
4.588721999999999746e+00 2.480636999999999759e+01 1.677860652148768228e-01
4.593465000000000131e+00 2.462534699999999788e+01 1.683454545285220649e-01
4.598207999999999629e+00 2.458424600000000027e+01 1.693992477175857991e-01
4.602951000000000015e+00 2.454966100000000040e+01 1.704986494885211701e-01
4.607693000000000261e+00 2.456602900000000389e+01 1.717989840147103597e-01
4.612435999999999758e+00 2.468688899999999720e+01 1.734927191603287400e-01
4.617179000000000144e+00 2.477062099999999845e+01 1.750866340379182151e-01
4.621921999999999642e+00 2.437276900000000168e+01 1.749945486838444253e-01
4.626665000000000028e+00 2.453494000000000241e+01 1.769283099517010849e-01
4.631408000000000413e+00 2.475649200000000150e+01 1.791106527196643372e-01
4.636150999999999911e+00 2.481048800000000298e+01 1.807257006337570915e-01
4.640894000000000297e+00 2.466552300000000031e+01 1.816455912310510623e-01
4.645635999999999655e+00 2.457945500000000294e+01 1.828031626996062253e-01
4.650379000000000040e+00 2.446649500000000188e+01 1.838921826155201222e-01
4.655122000000000426e+00 2.456282699999999863e+01 1.858026848970205369e-01
4.659864999999999924e+00 2.448379100000000363e+01 1.870858186829103265e-01
4.664608000000000310e+00 2.441790300000000258e+01 1.884548670854825636e-01
4.669350999999999807e+00 2.474323700000000059e+01 1.913774768927495873e-01
4.674094000000000193e+00 2.459356599999999915e+01 1.925082212528760883e-01
4.678836000000000439e+00 2.437134700000000009e+01 1.933812351760206272e-01
4.683578999999999937e+00 2.455906799999999635e+01 1.959224510942697006e-01
4.688322000000000322e+00 2.457852499999999907e+01 1.978459938593248313e-01
4.693064999999999820e+00 2.459629899999999481e+01 1.998178268197474960e-01
4.697808000000000206e+00 2.480350100000000069e+01 2.026152345273407873e-01
4.702550999999999704e+00 2.467400500000000108e+01 2.040994495069756165e-01
4.707294000000000089e+00 2.466826999999999970e+01 2.061455946415428619e-01
4.712036999999999587e+00 2.471459499999999565e+01 2.084723821276348033e-01
4.716778999999999833e+00 2.495473000000000141e+01 2.116904763206613749e-01
4.721522000000000219e+00 2.481508199999999675e+01 2.133661187851698116e-01
4.726264999999999716e+00 2.458970800000000168e+01 2.147282668449535803e-01
4.731008000000000102e+00 2.509180900000000136e+01 2.193417233317603576e-01
4.735750999999999600e+00 2.488308199999999815e+01 2.209320898008268197e-01
4.740493999999999986e+00 2.505295999999999879e+01 2.242791908843176640e-01
4.745237000000000371e+00 2.480174799999999991e+01 2.258208590354969514e-01
4.749978999999999729e+00 2.477292199999999411e+01 2.284566877086661452e-01
4.754722000000000115e+00 2.506672300000000320e+01 2.326915197790196677e-01
4.759464999999999613e+00 2.500101300000000037e+01 2.353738972092319914e-01
4.764207999999999998e+00 2.479079300000000075e+01 2.374681142532262257e-01
4.768951000000000384e+00 2.536233000000000359e+01 2.434337472075655262e-01
4.773693999999999882e+00 2.490829699999999747e+01 2.445958876405169846e-01
4.778437000000000268e+00 2.481289900000000159e+01 2.476081354569366899e-01
4.783178999999999625e+00 2.495883100000000354e+01 2.519737766932128586e-01
4.787922000000000011e+00 2.475055599999999956e+01 2.547060472399269582e-01
4.792665000000000397e+00 2.472349799999999576e+01 2.585203319283856382e-01
4.797407999999999895e+00 2.475787400000000105e+01 2.628436885542523305e-01
4.802151000000000280e+00 2.466231200000000356e+01 2.666703628738204546e-01
4.806893999999999778e+00 2.516176700000000466e+01 2.739560139433274144e-01
4.811637000000000164e+00 2.493392200000000258e+01 2.775256652789984679e-01
4.816379999999999661e+00 2.516458500000000242e+01 2.839017297617059121e-01
4.821121999999999908e+00 2.475009500000000529e+01 2.868881144167802488e-01
4.825865000000000293e+00 2.524360499999999519e+01 2.954371945721306902e-01
4.830607999999999791e+00 2.468870899999999935e+01 2.981499588843263826e-01
4.835351000000000177e+00 2.466519100000000009e+01 3.043588296185878450e-01
4.840093999999999674e+00 2.452197800000000427e+01 3.102222130204349559e-01
4.844837000000000060e+00 2.492755000000000010e+01 3.200483765134408687e-01
4.849579999999999558e+00 2.508127499999999799e+01 3.288523730019444757e-01
4.854321999999999804e+00 2.507907800000000265e+01 3.372471247926214777e-01
4.859065000000000190e+00 2.502098699999999809e+01 3.459255237294582286e-01
4.863807999999999687e+00 2.519626099999999980e+01 3.570045111052099762e-01
4.868551000000000073e+00 2.485401299999999836e+01 3.652446655310519485e-01
4.873293999999999571e+00 2.575883400000000023e+01 3.837269011304393906e-01
4.878036999999999956e+00 2.504974899999999849e+01 3.913428930256048210e-01
4.882780000000000342e+00 2.516596299999999786e+01 4.066082081719207264e-01
4.887522999999999840e+00 2.537074799999999897e+01 4.243828077499723905e-01
4.892265000000000086e+00 2.497230499999999864e+01 4.390635949203030575e-01
4.897007999999999583e+00 2.490419999999999945e+01 4.589729989571935675e-01
4.901750999999999969e+00 2.462509499999999463e+01 4.799178225561955280e-01
4.906494000000000355e+00 2.516240499999999969e+01 5.129938535924577492e-01
4.911236999999999853e+00 2.553517399999999427e+01 5.503053894275704572e-01
4.915980000000000238e+00 2.588319299999999856e+01 5.952419173771030803e-01
4.920722999999999736e+00 2.511262699999999981e+01 6.375632836308016138e-01
4.925464999999999982e+00 2.550283499999999748e+01 7.104772150482800974e-01
4.930208000000000368e+00 2.568728700000000487e+01 8.086493223119894935e-01
4.934950999999999866e+00 2.530560799999999944e+01 9.499375791657891366e-01
4.939694000000000251e+00 2.396425200000000189e+01 1.193729723260269715e+00
4.944436999999999749e+00 7.949359300000000239e+00 1.191174753280583865e+00