# copyC
# Sample c= 0.0 mg/ml
#
# Number of frames collected: 10
# Exposure time per frame: 0.5
# No significant radiation damage detected, merging 10 files
# Merged from: /data/visitor/mx1905/bm29/20170412/Poker/1d/Sxl_10gs_179_00001.dat
# Merged from: /data/visitor/mx1905/bm29/20170412/Poker/1d/Sxl_10gs_179_00002.dat
# Merged from: /data/visitor/mx1905/bm29/20170412/Poker/1d/Sxl_10gs_179_00003.dat
# Merged from: /data/visitor/mx1905/bm29/20170412/Poker/1d/Sxl_10gs_179_00004.dat
# Merged from: /data/visitor/mx1905/bm29/20170412/Poker/1d/Sxl_10gs_179_00005.dat
# Merged from: /data/visitor/mx1905/bm29/20170412/Poker/1d/Sxl_10gs_179_00006.dat
# Merged from: /data/visitor/mx1905/bm29/20170412/Poker/1d/Sxl_10gs_179_00007.dat
# Merged from: /data/visitor/mx1905/bm29/20170412/Poker/1d/Sxl_10gs_179_00008.dat
# Merged from: /data/visitor/mx1905/bm29/20170412/Poker/1d/Sxl_10gs_179_00009.dat
# Merged from: /data/visitor/mx1905/bm29/20170412/Poker/1d/Sxl_10gs_179_00010.dat
#
# Sample Information:
# Storage Temperature (degrees C): 20.0
# Measurement Temperature (degrees C): 20.03
# Concentration: 0.0
# Code: 
3.082862000000000102e-02 6.121895999999999276e+02 8.313711048810091597e+00
3.557148999999999728e-02 1.186628199999999879e+03 4.772649706629222166e+00
4.031434999999999880e-02 1.154241199999999935e+03 3.100721036567891442e+00
4.505722000000000199e-02 9.028766499999999269e+02 1.950031170475723830e+00
4.980007999999999657e-02 6.156695799999999963e+02 1.441910732762503589e+00
5.454294999999999977e-02 4.411863100000000486e+02 1.148309906693876892e+00
5.928581000000000129e-02 3.202379700000000184e+02 9.300727184888663013e-01
6.402868000000000448e-02 2.502639300000000162e+02 7.839289561336408863e-01
6.877154000000000600e-02 1.993808499999999810e+02 6.721231212620571993e-01
7.351441000000000225e-02 1.624264900000000011e+02 5.845609224970910178e-01
7.825727999999999851e-02 1.351396000000000015e+02 5.132819353837517751e-01
8.300014000000000003e-02 1.137142000000000337e+02 4.557865547472522150e-01
8.774300999999999628e-02 9.873140499999999520e+01 4.120766179236332039e-01
9.248586999999999780e-02 8.676001699999999062e+01 3.753933491991433558e-01
9.722873999999999406e-02 7.738955599999999890e+01 3.442504555649273934e-01
1.019715999999999956e-01 6.940281699999999887e+01 3.177123622967732430e-01
1.067145000000000038e-01 6.421841599999999062e+01 2.983128227228724061e-01
1.114572999999999953e-01 5.888018300000000238e+01 2.791795045711412682e-01
1.162002000000000035e-01 5.448392900000000338e+01 2.626872771779286131e-01
1.209430999999999978e-01 5.124501500000000220e+01 2.494133292330688589e-01
1.256858999999999893e-01 4.878838899999999512e+01 2.385020527511243493e-01
1.304288000000000114e-01 4.673611400000000771e+01 2.289618023996470020e-01
1.351717000000000057e-01 4.450131499999999818e+01 2.192384969264889460e-01
1.399144999999999972e-01 4.256507700000000938e+01 2.105264275514834582e-01
1.446573999999999915e-01 4.060503599999999835e+01 2.020513836281538911e-01
1.494003000000000136e-01 3.919397700000000384e+01 1.951909270775050442e-01
1.541431000000000051e-01 3.840252800000000377e+01 1.903825615790879222e-01
1.588859999999999995e-01 3.671451400000000120e+01 1.832061684736720208e-01
1.636287999999999909e-01 3.620874700000000246e+01 1.791701242121274962e-01
1.683717000000000130e-01 3.537238200000000177e+01 1.744814809035096226e-01
1.731146000000000074e-01 3.458898699999999593e+01 1.700646178721784973e-01
1.778573999999999988e-01 3.379689000000000476e+01 1.657453727664244814e-01
1.826002999999999932e-01 3.348138899999999296e+01 1.627306421656161128e-01
1.873431999999999875e-01 3.263086399999999543e+01 1.585335158709804126e-01
1.920860000000000067e-01 3.216379300000000541e+01 1.553636604062169357e-01
1.968289000000000011e-01 3.166805699999999746e+01 1.522127046653698468e-01
2.015717999999999954e-01 3.134601600000000232e+01 1.495828476528686113e-01
2.063145999999999869e-01 3.084175499999999914e+01 1.465960374321206017e-01
2.110575000000000090e-01 3.069238199999999850e+01 1.443796486676183211e-01
2.158004000000000033e-01 3.030017799999999895e+01 1.418095677665265897e-01
2.205431999999999948e-01 3.021747900000000442e+01 1.400473268807116700e-01
2.252860999999999891e-01 2.983441600000000449e+01 1.376541640410340051e-01
2.300290000000000112e-01 2.952194399999999774e+01 1.354784017545590247e-01
2.347718000000000027e-01 2.933417300000000338e+01 1.336345835260094594e-01
2.395146999999999970e-01 2.912560700000000224e+01 1.317963056784096643e-01
2.442575999999999914e-01 2.904921499999999668e+01 1.303016383935416966e-01
2.490004000000000106e-01 2.874983999999999895e+01 1.283480473605161654e-01
2.537433000000000050e-01 2.872310699999999173e+01 1.270391016788583183e-01
2.584861999999999993e-01 2.819045300000000154e+01 1.246678296631532901e-01
2.632289999999999908e-01 2.810252200000000045e+01 1.233282499019981160e-01
2.679718999999999851e-01 2.814933499999999711e+01 1.223131146564222782e-01
2.727146999999999766e-01 2.802843399999999718e+01 1.209575062023047903e-01
2.774576000000000264e-01 2.795404999999999518e+01 1.197695800659975551e-01
2.822005000000000208e-01 2.786658699999999911e+01 1.186084307122217130e-01
2.869433000000000122e-01 2.774161000000000143e+01 1.173363073309314497e-01
2.916862000000000066e-01 2.760927600000000126e+01 1.160713288562313233e-01
2.964291000000000009e-01 2.752175899999999586e+01 1.149330895679329528e-01
3.011718999999999924e-01 2.747442900000000421e+01 1.139059762750361526e-01
3.059147999999999867e-01 2.741367799999999733e+01 1.128749904792018255e-01
3.106576999999999811e-01 2.733812999999999960e+01 1.118307754298779877e-01
3.154004999999999725e-01 2.715690999999999278e+01 1.106010393039446038e-01
3.201434000000000224e-01 2.706880600000000214e+01 1.095883599579964562e-01
3.248863000000000167e-01 2.708602799999999888e+01 1.088040376256828035e-01
3.296291000000000082e-01 2.702163699999999835e+01 1.078683173835042197e-01
3.343720000000000026e-01 2.714652799999999999e+01 1.073315449245285935e-01
3.391148999999999969e-01 2.711523299999999992e+01 1.076241967970372471e-01
3.438576999999999884e-01 2.705987399999999710e+01 1.089036576615051155e-01
3.486005999999999827e-01 2.701508499999999913e+01 1.115834680972508652e-01
3.533434999999999770e-01 2.680429700000000182e+01 1.131861441854028483e-01
3.580863000000000240e-01 2.675134199999999396e+01 1.144799469599047381e-01
3.628292000000000184e-01 2.672229499999999547e+01 1.155462035378224811e-01
3.675720000000000098e-01 2.685421000000000191e+01 1.167844514483683122e-01
3.723149000000000042e-01 2.663544600000000173e+01 1.171637840596658070e-01
3.770577999999999985e-01 2.658772900000000305e+01 1.178421509838470244e-01
3.818005999999999900e-01 2.654574699999999865e+01 1.183772819658577974e-01
3.865434999999999843e-01 2.665700000000000003e+01 1.192103757700742339e-01
3.912863999999999787e-01 2.651445200000000568e+01 1.193679525847762823e-01
3.960292000000000256e-01 2.658367099999999894e+01 1.200148060416634521e-01
4.007721000000000200e-01 2.657329199999999858e+01 1.205042711158857555e-01
4.055150000000000143e-01 2.645244900000000143e+01 1.243738019865204547e-01
4.102578000000000058e-01 2.654849399999999804e+01 1.278485384940207248e-01
4.150007000000000001e-01 2.652739799999999804e+01 1.305961149262458154e-01
4.197435999999999945e-01 2.639451900000000251e+01 1.322750151817277398e-01
4.244863999999999860e-01 2.632112600000000313e+01 1.342298483488292560e-01
4.292292999999999803e-01 2.627820200000000028e+01 1.361692796837098707e-01
4.339721999999999746e-01 2.626770099999999886e+01 1.382265841876315904e-01
4.387150000000000216e-01 2.627579100000000523e+01 1.402647252613133111e-01
4.434579000000000160e-01 2.606337500000000063e+01 1.417488775501086762e-01
4.482008000000000103e-01 2.651432799999999901e+01 1.453838902831689484e-01
4.529436000000000018e-01 2.646821699999999922e+01 1.476248650883207614e-01
4.576864999999999961e-01 2.637236399999999747e+01 1.488961899833548264e-01
4.624293999999999905e-01 2.634125799999999984e+01 1.500479472074160159e-01
4.671721999999999819e-01 2.638535499999999701e+01 1.494316311882196435e-01
4.719150999999999763e-01 2.649286699999999684e+01 1.438421634265349969e-01
4.766579000000000232e-01 2.656292200000000392e+01 1.413203917382201413e-01
4.814008000000000176e-01 2.646752500000000197e+01 1.392744246907241801e-01
4.861437000000000119e-01 2.637289700000000181e+01 1.376567419944842441e-01
4.908865000000000034e-01 2.636565799999999626e+01 1.365156742908143206e-01
4.956293999999999977e-01 2.613156200000000240e+01 1.349518021394156830e-01
5.003722999999999921e-01 2.637800199999999862e+01 1.347340253012604960e-01
5.051151000000000391e-01 2.637989599999999513e+01 1.339743124635566218e-01
5.098580000000000334e-01 2.629007500000000164e+01 1.330507433621488655e-01
5.146009000000000277e-01 2.632110300000000436e+01 1.324864589764414569e-01
5.193436999999999637e-01 2.604915599999999998e+01 1.311972591071067229e-01
5.240865999999999580e-01 2.622517799999999966e+01 1.310727142938037104e-01
5.288294999999999524e-01 2.624569500000000133e+01 1.305870963462121837e-01
5.335722999999999994e-01 2.615599800000000030e+01 1.295973340955006159e-01
5.383151999999999937e-01 2.620885900000000035e+01 1.287920743229792053e-01
5.430580999999999881e-01 2.627210400000000234e+01 1.280491146693467086e-01
5.478009000000000350e-01 2.644564599999999999e+01 1.276049997426934590e-01
5.525438000000000294e-01 2.617537100000000194e+01 1.261199978839438463e-01
5.572867000000000237e-01 2.625772999999999868e+01 1.255084447242316159e-01
5.620294999999999597e-01 2.626355699999999871e+01 1.247396397622796416e-01
5.667723999999999540e-01 2.627044899999999572e+01 1.239978277653092792e-01
5.715152000000000010e-01 2.603264499999999515e+01 1.227026432567245029e-01
5.762580999999999953e-01 2.604901600000000528e+01 1.220242354673947566e-01
5.810009999999999897e-01 2.631984499999999727e+01 1.219889277339193667e-01
5.857438000000000367e-01 2.608491400000000482e+01 1.210801353919568335e-01
5.904867000000000310e-01 2.611281399999999664e+01 1.208536652742017575e-01
5.952296000000000253e-01 2.607226899999999858e+01 1.204683390123467285e-01
5.999723999999999613e-01 2.616414500000000132e+01 1.205192771613520647e-01
6.047152999999999556e-01 2.612634299999999854e+01 1.201277273574331839e-01
6.094581999999999500e-01 2.587163899999999828e+01 1.191573904902070991e-01
6.142009999999999970e-01 2.625134600000000162e+01 1.198598330049128746e-01
6.189438999999999913e-01 2.593965100000000490e+01 1.187591988534290321e-01
6.236867999999999856e-01 2.591392200000000301e+01 1.184264052476397683e-01
6.284296000000000326e-01 2.599198900000000023e+01 1.183348385061060437e-01
6.331725000000000270e-01 2.597513500000000164e+01 1.180259448089283347e-01
6.379154000000000213e-01 2.589395800000000492e+01 1.175740201279058122e-01
6.426581999999999573e-01 2.599284599999999656e+01 1.175340897764954873e-01
6.474010999999999516e-01 2.586687599999999776e+01 1.169880200578217455e-01
6.521439999999999459e-01 2.595554800000000029e+01 1.169259686449430208e-01
6.568867999999999929e-01 2.611531000000000446e+01 1.170247773255574247e-01
6.616296999999999873e-01 2.589851900000000384e+01 1.162819533649392112e-01
6.663725999999999816e-01 2.599889600000000911e+01 1.162528682001119640e-01
6.711154000000000286e-01 2.592792899999999889e+01 1.158393356681567815e-01
6.758583000000000229e-01 2.588082100000000452e+01 1.154818692959886234e-01
6.806010999999999589e-01 2.591856999999999900e+01 1.153165900658361387e-01
6.853439999999999532e-01 2.583413999999999788e+01 1.148822346595782529e-01
6.900868999999999476e-01 2.586668999999999841e+01 1.147071400467372798e-01
6.948296999999999946e-01 2.592294600000000315e+01 1.145858770175072622e-01
6.995725999999999889e-01 2.605497799999999842e+01 1.146337471093573646e-01
7.043154999999999832e-01 2.602405699999999911e+01 1.143246741698540764e-01
7.090583000000000302e-01 2.619169399999999470e+01 1.144497422598976383e-01
7.138012000000000246e-01 2.606515699999999924e+01 1.139324570150595795e-01
7.185441000000000189e-01 2.594865699999999720e+01 1.134406975445805543e-01
7.232868999999999549e-01 2.598641699999999943e+01 1.132883206009189514e-01
7.280297999999999492e-01 2.583636700000000275e+01 1.127260182697579494e-01
7.327727000000000546e-01 2.596889399999999881e+01 1.127805265060063677e-01
7.375154999999999905e-01 2.594477100000000291e+01 1.124971010454002690e-01
7.422583999999999849e-01 2.595079100000000238e+01 1.122809743095627838e-01
7.470012999999999792e-01 2.582302299999999562e+01 1.117753284036445971e-01
7.517441000000000262e-01 2.592687300000000050e+01 1.117713012356758712e-01
7.564870000000000205e-01 2.579711800000000110e+01 1.112663723800726839e-01
7.612299000000000149e-01 2.586992500000000206e+01 1.111998493375665475e-01
7.659726999999999508e-01 2.593621100000000368e+01 1.111183910938589869e-01
7.707155999999999452e-01 2.576604800000000139e+01 1.105307501193206338e-01
7.754585000000000505e-01 2.568482999999999805e+01 1.101376147702736452e-01
7.802012999999999865e-01 2.587395399999999768e+01 1.104329841180061444e-01
7.849441999999999808e-01 2.592274699999999754e+01 1.102801039343389577e-01
7.896870000000000278e-01 2.584588999999999714e+01 1.098276965470163236e-01
7.944299000000000222e-01 2.581701400000000035e+01 1.095516409008701342e-01
7.991728000000000165e-01 2.575488599999999906e+01 1.092069006912461393e-01
8.039155999999999525e-01 2.574478300000000175e+01 1.089727615791418885e-01
8.086584999999999468e-01 2.597114099999999937e+01 1.092373416000013975e-01
8.134014000000000522e-01 2.586301999999999524e+01 1.087994829479354691e-01
8.181441999999999881e-01 2.577179799999999688e+01 1.084811429620420320e-01
8.228870999999999825e-01 2.596876100000000065e+01 1.086082285384970259e-01
8.276299999999999768e-01 2.601249900000000181e+01 1.084864705564468068e-01
8.323728000000000238e-01 2.586372300000000024e+01 1.079699859846235260e-01
8.371157000000000181e-01 2.579511999999999716e+01 1.076232387786977968e-01
8.418586000000000125e-01 2.583132100000000264e+01 1.074950078906197481e-01
8.466013999999999484e-01 2.598352399999999918e+01 1.076068732451217480e-01
8.513443000000000538e-01 2.569879099999999994e+01 1.068152725314156781e-01
8.560872000000000481e-01 2.576960900000000265e+01 1.067632088090260528e-01
8.608299999999999841e-01 2.581389599999999973e+01 1.066557651921432870e-01
8.655728999999999784e-01 2.574324999999999974e+01 1.063108464794439573e-01
8.703157999999999728e-01 2.589584599999999881e+01 1.064285204996729267e-01
8.750586000000000197e-01 2.569497600000000403e+01 1.058201291267658606e-01
8.798015000000000141e-01 2.573087100000000049e+01 1.056996620997333186e-01
8.845442999999999500e-01 2.567881799999999970e+01 1.053983351596314427e-01
8.892872000000000554e-01 2.574306100000000086e+01 1.053375786932379682e-01
8.940301000000000498e-01 2.573255000000000337e+01 1.051255088114811526e-01
8.987728999999999857e-01 2.585679499999999820e+01 1.051881947535492079e-01
9.035157999999999801e-01 2.589593599999999896e+01 1.050764866698606220e-01
9.082586999999999744e-01 2.567470600000000402e+01 1.044387924008526730e-01
9.130015000000000214e-01 2.575464099999999945e+01 1.044143611661556836e-01
9.177444000000000157e-01 2.573223100000000230e+01 1.041826828059884413e-01
9.224873000000000101e-01 2.572823100000000451e+01 1.039879347884354460e-01
9.272300999999999460e-01 2.579296699999999731e+01 1.039340113943000993e-01
9.319730000000000514e-01 2.574779199999999690e+01 1.036599736127435945e-01
9.367159000000000457e-01 2.567247599999999963e+01 1.033261379423197901e-01
9.414586999999999817e-01 2.568166599999999988e+01 1.031619221415285559e-01
9.462015999999999760e-01 2.556247599999999665e+01 1.027420504881832591e-01
9.509444999999999704e-01 2.566358699999999970e+01 1.027662048153170915e-01
9.556873000000000173e-01 2.566136999999999802e+01 1.025832536592128086e-01
9.604302000000000117e-01 2.567274400000000156e+01 1.024270315719541802e-01
9.651731000000000060e-01 2.556008699999999934e+01 1.020255479739756305e-01
9.699159000000000530e-01 2.577483999999999398e+01 1.022774618391104895e-01
9.746588000000000473e-01 2.572978400000000221e+01 1.020129593825916670e-01
9.794017000000000417e-01 2.565535600000000116e+01 1.016899404744461555e-01
9.841444999999999776e-01 2.560327499999999645e+01 1.014134923702132429e-01
9.888873999999999720e-01 2.564260299999999759e+01 1.013195897244486554e-01
9.936302000000000190e-01 2.551555100000000564e+01 1.008974244778299695e-01
9.983731000000000133e-01 2.559030100000000374e+01 1.008734702012451939e-01
1.003115999999999897e+00 2.575284399999999962e+01 1.010230021422656027e-01
1.007859000000000060e+00 2.553720200000000062e+01 1.004310064330135033e-01
1.012602000000000002e+00 2.547222299999999606e+01 1.001358416144109836e-01
1.017344999999999944e+00 2.561416999999999433e+01 1.002459294651373983e-01
1.022086999999999968e+00 2.558937300000000192e+01 1.000309723836572545e-01
1.026829999999999909e+00 2.559869800000000239e+01 9.988413440307923608e-02
1.031573000000000073e+00 2.558702900000000113e+01 9.969677107622644530e-02
1.036316000000000015e+00 2.571381800000000339e+01 9.977805318571965343e-02
1.041058999999999957e+00 2.567857199999999551e+01 9.954611419325067045e-02
1.045801999999999898e+00 2.573340000000000671e+01 9.948991778043290990e-02
1.050545000000000062e+00 2.571867100000000050e+01 9.929967612410675604e-02
1.055287000000000086e+00 2.552772399999999919e+01 9.876838620714069317e-02
1.060030000000000028e+00 2.564730200000000337e+01 9.883926042496474218e-02
1.064772999999999969e+00 2.564207099999999784e+01 9.867005700917477751e-02
1.069515999999999911e+00 2.551344699999999932e+01 9.826418386171280328e-02
1.074259000000000075e+00 2.560770499999999927e+01 9.828656091545220908e-02
1.079002000000000017e+00 2.549433100000000252e+01 9.791186145341583547e-02
1.083744999999999958e+00 2.551563099999999551e+01 9.781813141974139703e-02
1.088487999999999900e+00 2.543964300000000023e+01 9.753896069687845172e-02
1.093229999999999924e+00 2.564569699999999486e+01 9.773438439149448320e-02
1.097973000000000088e+00 2.547730199999999812e+01 9.725891585697785113e-02
1.102716000000000030e+00 2.564000399999999757e+01 9.741586076006565620e-02
1.107458999999999971e+00 2.550606099999999898e+01 9.700887538259991838e-02
1.112201999999999913e+00 2.546892600000000328e+01 9.678537179814468427e-02
1.116945000000000077e+00 2.545722699999999961e+01 9.661213079351836652e-02
1.121688000000000018e+00 2.551267400000000052e+01 9.656717195006023213e-02
1.126430000000000042e+00 2.543575999999999837e+01 9.627225306748719846e-02
1.131172999999999984e+00 2.549942300000000017e+01 9.624259677097350696e-02
1.135915999999999926e+00 2.547829699999999775e+01 9.605434364526936608e-02
1.140659000000000090e+00 2.558713300000000146e+01 9.611166633825728167e-02
1.145402000000000031e+00 2.555699999999999505e+01 9.590809123804153180e-02
1.150144999999999973e+00 2.547782800000000236e+01 9.561222605949984410e-02
1.154887999999999915e+00 2.550483300000000142e+01 9.551693364506159967e-02
1.159631000000000078e+00 2.542051000000000016e+01 9.521436756364240472e-02
1.164373000000000102e+00 2.563677999999999813e+01 9.547435005722584855e-02
1.169116000000000044e+00 2.549665499999999696e+01 9.513963915107992442e-02
1.173858999999999986e+00 2.553704400000000163e+01 9.504577909665426483e-02
1.178601999999999927e+00 2.554287599999999969e+01 9.486836508152915459e-02
1.183345000000000091e+00 2.548519300000000243e+01 9.461971599687403478e-02
1.188088000000000033e+00 2.566298499999999905e+01 9.480660245936775588e-02
1.192830999999999975e+00 2.559263499999999425e+01 9.453538781136934521e-02
1.197572999999999999e+00 2.554254999999999853e+01 9.430293605801412515e-02
1.202315999999999940e+00 2.545092099999999746e+01 9.399478821421430874e-02
1.207059000000000104e+00 2.556688300000000069e+01 9.437394147012934109e-02
1.211802000000000046e+00 2.558205299999999838e+01 9.749310118995190011e-02
1.216544999999999987e+00 2.551110399999999956e+01 9.938435186000257882e-02
1.221287999999999929e+00 2.562256299999999598e+01 1.010985122577849615e-01
1.226031000000000093e+00 2.557102799999999831e+01 1.022613525238939003e-01
1.230774000000000035e+00 2.524876399999999776e+01 1.027352162823113868e-01
1.235516000000000059e+00 2.537162499999999810e+01 1.040151503848271153e-01
1.240259000000000000e+00 2.569857299999999256e+01 1.056521598776485049e-01
1.245001999999999942e+00 2.550785000000000124e+01 1.061712677583756675e-01
1.249745000000000106e+00 2.533187499999999659e+01 1.066722330921097833e-01
1.254488000000000048e+00 2.534198699999999960e+01 1.075280283781005625e-01
1.259230999999999989e+00 2.508304700000000054e+01 1.075221526802425942e-01
1.263973999999999931e+00 2.538768799999999715e+01 1.084511931483324032e-01
1.268715999999999955e+00 2.526592899999999986e+01 1.084531760832613961e-01
1.273458999999999897e+00 2.552790600000000154e+01 1.072276305737047408e-01
1.278202000000000060e+00 2.561583699999999908e+01 1.034424112524843509e-01
1.282945000000000002e+00 2.548276200000000102e+01 1.012054863177979935e-01
1.287687999999999944e+00 2.555689100000000025e+01 9.992531049387086417e-02
1.292431000000000108e+00 2.548760499999999851e+01 9.863719197278073003e-02
1.297174000000000049e+00 2.555813800000000313e+01 9.778993620157701294e-02
1.301916000000000073e+00 2.551365999999999801e+01 9.683894453499738986e-02
1.306659000000000015e+00 2.545542400000000072e+01 9.595132116265622790e-02
1.311401999999999957e+00 2.552356800000000092e+01 9.537032695884029021e-02
1.316144999999999898e+00 2.558592799999999912e+01 9.483120320167882922e-02
1.320888000000000062e+00 2.560164800000000085e+01 9.438794922804236154e-02
1.325631000000000004e+00 2.550498499999999780e+01 9.396702216750726921e-02
1.330373999999999945e+00 2.541597099999999543e+01 9.357406681421781558e-02
1.335117000000000109e+00 2.550118800000000263e+01 9.351171592666771004e-02
1.339858999999999911e+00 2.541733599999999882e+01 9.314602791685214211e-02
1.344602000000000075e+00 2.542491100000000159e+01 9.295573459573433506e-02
1.349345000000000017e+00 2.553360199999999836e+01 9.295663408572622799e-02
1.354087999999999958e+00 2.535676799999999531e+01 9.244301685251624101e-02
1.358830999999999900e+00 2.554933800000000232e+01 9.260563169516203286e-02
1.363574000000000064e+00 2.553074099999999902e+01 9.238918478650409716e-02
1.368317000000000005e+00 2.546335800000000305e+01 9.208923138182607826e-02
1.373059000000000029e+00 2.533102500000000035e+01 9.167639650730716183e-02
1.377801999999999971e+00 2.547291799999999995e+01 9.176129734353040412e-02
1.382544999999999913e+00 2.558367799999999903e+01 9.179211428168435050e-02
1.387288000000000077e+00 2.547237700000000160e+01 9.142787760623780069e-02
1.392031000000000018e+00 2.536822699999999742e+01 9.107951429085300865e-02
1.396773999999999960e+00 2.540958900000000398e+01 9.099398787642895559e-02
1.401516999999999902e+00 2.547744300000000095e+01 9.095803063170453118e-02
1.406260000000000066e+00 2.549092100000000016e+01 9.082750958445519329e-02
1.411002000000000089e+00 2.543990600000000057e+01 9.058445196945777433e-02
1.415745000000000031e+00 2.553892899999999955e+01 9.060899052611115501e-02
1.420487999999999973e+00 2.552485300000000024e+01 9.043482351459530832e-02
1.425230999999999915e+00 2.546357099999999818e+01 9.017923653175823062e-02
1.429974000000000078e+00 2.536686800000000375e+01 8.986317104293226055e-02
1.434717000000000020e+00 2.539538599999999491e+01 8.976958986770519622e-02
1.439459999999999962e+00 2.531413299999999822e+01 8.948383159582741497e-02
1.444201999999999986e+00 2.536304200000000009e+01 8.942967606165640182e-02
1.448944999999999927e+00 2.525102199999999897e+01 8.909352680926824197e-02
1.453688000000000091e+00 2.539508999999999972e+01 8.920901716783737057e-02
1.458431000000000033e+00 2.542490700000000103e+01 8.912427902797530332e-02
1.463173999999999975e+00 2.542387399999999786e+01 8.901065161933542635e-02
1.467916999999999916e+00 2.545603399999999894e+01 8.893459134937203858e-02
1.472660000000000080e+00 2.543665599999999927e+01 8.874209466863230977e-02
1.477402000000000104e+00 2.536940899999999743e+01 8.849243020314054298e-02
1.482145000000000046e+00 2.546104400000000112e+01 8.852117480435853225e-02
1.486887999999999987e+00 2.535788599999999704e+01 8.821229544234579500e-02
1.491630999999999929e+00 2.539695999999999998e+01 8.815094248830128432e-02
1.496374000000000093e+00 2.536461700000000263e+01 8.796639977290704460e-02
1.501117000000000035e+00 2.552525999999999939e+01 8.816180549460859994e-02
1.505859999999999976e+00 2.540200699999999756e+01 8.952175240846384219e-02
1.510602999999999918e+00 2.529299899999999823e+01 9.184212685649054131e-02
1.515344999999999942e+00 2.555472599999999517e+01 9.384579766284209534e-02
1.520088000000000106e+00 2.540437000000000012e+01 9.480213525088029836e-02
1.524831000000000047e+00 2.531366200000000077e+01 9.570658598592887700e-02
1.529573999999999989e+00 2.544592600000000360e+01 9.671163886714514990e-02
1.534316999999999931e+00 2.565927399999999992e+01 9.441663615460518799e-02
1.539060000000000095e+00 2.559568399999999855e+01 9.283610593520873200e-02
1.543803000000000036e+00 2.545052300000000045e+01 9.159611496939976116e-02
1.548545000000000060e+00 2.544577400000000011e+01 9.063113686698628935e-02
1.553288000000000002e+00 2.550788999999999618e+01 8.993646109024470980e-02
1.558030999999999944e+00 2.542991299999999910e+01 8.904259193305864850e-02
1.562774000000000107e+00 2.553050199999999847e+01 8.832543129300869655e-02
1.567517000000000049e+00 2.537660399999999683e+01 8.724845345717194278e-02
1.572259999999999991e+00 2.541261300000000034e+01 8.679850598808139250e-02
1.577002999999999933e+00 2.550986400000000032e+01 8.662264877797146156e-02
1.581746000000000096e+00 2.538855200000000423e+01 8.624965111703467024e-02
1.586487999999999898e+00 2.529734499999999997e+01 8.611716185523764222e-02
1.591231000000000062e+00 2.524484400000000051e+01 8.613796514534924342e-02
1.595974000000000004e+00 2.542693299999999823e+01 8.655465023543680581e-02
1.600716999999999945e+00 2.537695000000000078e+01 8.654482518799549995e-02
1.605460000000000109e+00 2.537437999999999860e+01 8.642796740688803159e-02
1.610203000000000051e+00 2.547051100000000190e+01 8.644682519147998956e-02
1.614945999999999993e+00 2.536104300000000222e+01 8.612013722879975630e-02
1.619688000000000017e+00 2.532710399999999851e+01 8.592456668391758312e-02
1.624430999999999958e+00 2.531625700000000023e+01 8.577052325102547947e-02
1.629173999999999900e+00 2.533344599999999858e+01 8.566580384125803416e-02
1.633917000000000064e+00 2.535388799999999776e+01 8.556917429991772739e-02
1.638660000000000005e+00 2.542899700000000252e+01 8.556631341084937337e-02
1.643402999999999947e+00 2.529753099999999932e+01 8.521742839851012552e-02
1.648146000000000111e+00 2.538846499999999651e+01 8.524394362383465318e-02
1.652889000000000053e+00 2.544546199999999914e+01 8.521481996609861498e-02
1.657631000000000077e+00 2.535753300000000010e+01 8.494488917361715796e-02
1.662374000000000018e+00 2.535643699999999967e+01 8.482104307484435168e-02
1.667116999999999960e+00 2.523055199999999587e+01 8.448989809157778086e-02
1.671859999999999902e+00 2.522073600000000226e+01 8.435467614670155712e-02
1.676603000000000065e+00 2.531115700000000146e+01 8.438815118258012615e-02
1.681346000000000007e+00 2.536985499999999760e+01 8.436879383787763975e-02
1.686088999999999949e+00 2.536644099999999824e+01 8.424675742303913695e-02
1.690830999999999973e+00 2.529824199999999834e+01 8.401889871116557940e-02
1.695573999999999915e+00 2.542828000000000088e+01 8.412061781101823343e-02
1.700317000000000078e+00 2.516363300000000081e+01 8.356891208882463729e-02
1.705060000000000020e+00 2.534559899999999999e+01 8.375810162381487622e-02
1.709802999999999962e+00 2.535756599999999850e+01 8.366659034884174617e-02
1.714545999999999903e+00 2.525831499999999963e+01 8.339282391119214044e-02
1.719289000000000067e+00 2.523252300000000403e+01 8.324065050640942764e-02
1.724031000000000091e+00 2.530392499999999956e+01 8.324908715587517327e-02
1.728774000000000033e+00 2.526913900000000268e+01 8.308383620258033564e-02
1.733516999999999975e+00 2.533552800000000360e+01 8.308582179184062499e-02
1.738259999999999916e+00 2.526042299999999940e+01 8.285580641083399589e-02
1.743003000000000080e+00 2.533754000000000062e+01 8.287562225814235073e-02
1.747746000000000022e+00 2.536137899999999945e+01 8.280921167040958264e-02
1.752488999999999963e+00 2.534198199999999801e+01 8.267302118462588334e-02
1.757231999999999905e+00 2.521208899999999886e+01 8.235696776061270097e-02
1.761973999999999929e+00 2.534012299999999840e+01 8.246178653548684456e-02
1.766717000000000093e+00 2.521735399999999672e+01 8.215920863230914695e-02
1.771460000000000035e+00 2.520950700000000211e+01 8.204449739385084872e-02
1.776202999999999976e+00 2.528226099999999832e+01 8.209789111006446372e-02
1.780945999999999918e+00 2.521664999999999779e+01 8.189244292336442244e-02
1.785689000000000082e+00 2.525713900000000223e+01 8.181831926860207160e-02
1.790432000000000023e+00 2.542092099999999988e+01 8.198300104153603829e-02
1.795174000000000047e+00 2.527902999999999878e+01 8.165432705369936317e-02
1.799916999999999989e+00 2.525972300000000104e+01 8.152361915984777940e-02
1.804659999999999931e+00 2.522873799999999989e+01 8.137541890677367495e-02
1.809403000000000095e+00 2.520461599999999791e+01 8.123873192568555057e-02
1.814146000000000036e+00 2.516277099999999578e+01 8.107387511514975442e-02
1.818888999999999978e+00 2.516624099999999942e+01 8.098226683615863952e-02
1.823631999999999920e+00 2.537079800000000063e+01 8.121395535242449670e-02
1.828375000000000083e+00 2.531471499999999608e+01 8.102811252294600530e-02
1.833117000000000107e+00 2.529164000000000101e+01 8.089533811617205528e-02
1.837860000000000049e+00 2.512505999999999773e+01 8.053328746928936632e-02
1.842602999999999991e+00 2.513750200000000135e+01 8.045868619313703562e-02
1.847345999999999933e+00 2.526223300000000194e+01 8.056390261281475007e-02
1.852089000000000096e+00 2.522167199999999809e+01 8.047159342335094556e-02
1.856832000000000038e+00 2.526294400000000095e+01 8.038311915543897013e-02
1.861574999999999980e+00 2.513551899999999506e+01 8.008141187519859927e-02
1.866317000000000004e+00 2.531588199999999844e+01 8.027561546569418616e-02
1.871059999999999945e+00 2.520811300000000088e+01 8.001258839062888595e-02
1.875803000000000109e+00 2.523397299999999888e+01 7.996129321681834379e-02
1.880546000000000051e+00 2.524524599999999808e+01 7.988774690300071146e-02
1.885288999999999993e+00 2.515125400000000155e+01 7.964811939113942973e-02
1.890031999999999934e+00 2.501674500000000023e+01 7.934455831383145641e-02
1.894775000000000098e+00 2.515540399999999721e+01 7.947339968890912432e-02
1.899516999999999900e+00 2.508634699999999640e+01 7.927486005670902891e-02
1.904260000000000064e+00 2.519045699999999854e+01 7.934980169400676631e-02
1.909003000000000005e+00 2.522526699999999877e+01 7.931567324065338931e-02
1.913745999999999947e+00 2.517891499999999994e+01 7.915349543307800828e-02
1.918489000000000111e+00 2.519403900000000363e+01 7.908894039028402378e-02
1.923232000000000053e+00 2.510318399999999883e+01 7.885851597207875485e-02
1.927974999999999994e+00 2.518965099999999779e+01 7.890434878938865082e-02
1.932717999999999936e+00 2.515106000000000108e+01 7.869432920565115619e-02
1.937459999999999960e+00 2.518389499999999970e+01 7.856212479409782623e-02
1.942202999999999902e+00 2.512588799999999978e+01 7.825763605479787999e-02
1.946946000000000065e+00 2.518965999999999994e+01 7.816645077991196677e-02
1.951689000000000007e+00 2.515235999999999805e+01 7.795462777461963089e-02
1.956431999999999949e+00 2.520343399999999789e+01 7.794950270803721604e-02
1.961174999999999891e+00 2.523196900000000298e+01 7.791150550482835169e-02
1.965918000000000054e+00 2.517607200000000134e+01 7.774452496901052001e-02
1.970660000000000078e+00 2.508284100000000194e+01 7.756386776038762254e-02
1.975403000000000020e+00 2.503504699999999872e+01 7.746906907744341431e-02
1.980145999999999962e+00 2.512216900000000308e+01 7.762510021593273246e-02
1.984888999999999903e+00 2.513930900000000079e+01 7.767215403846219890e-02
1.989632000000000067e+00 2.505866100000000074e+01 7.756787827495541243e-02
1.994375000000000009e+00 2.518542000000000058e+01 7.773540948823708108e-02
1.999117999999999951e+00 2.511682599999999610e+01 7.751788823206873236e-02
2.003861000000000114e+00 2.512234600000000029e+01 7.744402903024028006e-02
2.008602999999999916e+00 2.525828800000000030e+01 7.757038236729789371e-02
2.013345999999999858e+00 2.535370700000000355e+01 7.832368015571153363e-02
2.018088999999999800e+00 2.522499099999999927e+01 8.040444776565534857e-02
2.022832000000000185e+00 2.510920999999999736e+01 8.154745912661412466e-02
2.027575000000000127e+00 2.508537000000000106e+01 8.253953681361739236e-02
2.032318000000000069e+00 2.512984700000000160e+01 8.349848446253441137e-02
2.037061000000000011e+00 2.520379600000000053e+01 8.441725092537720465e-02
2.041802999999999813e+00 2.495675400000000010e+01 8.471443111028779949e-02
2.046546000000000198e+00 2.498580799999999869e+01 8.515112525369525343e-02
2.051289000000000140e+00 2.510722799999999921e+01 8.561996524708240242e-02
2.056032000000000082e+00 2.503468300000000113e+01 8.573855585078396513e-02
2.060775000000000023e+00 2.492911500000000302e+01 8.578377247304119768e-02
2.065517999999999965e+00 2.498920700000000039e+01 8.609926020300871785e-02
2.070260999999999907e+00 2.501177299999999804e+01 8.633910442642835081e-02
2.075003000000000153e+00 2.494866200000000234e+01 8.642058853671617802e-02
2.079746000000000095e+00 2.520656199999999814e+01 8.477858424391976344e-02
2.084489000000000036e+00 2.510226300000000066e+01 8.245380748514952174e-02
2.089231999999999978e+00 2.519591699999999790e+01 8.142609984573864756e-02
2.093974999999999920e+00 2.517953500000000133e+01 8.050728097081219503e-02
2.098717999999999861e+00 2.505600300000000047e+01 7.957611777212432458e-02
2.103460999999999803e+00 2.493511900000000026e+01 7.875344920722965325e-02
2.108204000000000189e+00 2.494434299999999993e+01 7.833027196806226222e-02
2.112945999999999991e+00 2.502680099999999896e+01 7.825100740945001299e-02
2.117688999999999933e+00 2.516866900000000129e+01 7.828253889061020931e-02
2.122431999999999874e+00 2.500708599999999748e+01 7.785428605019442672e-02
2.127174999999999816e+00 2.499167500000000075e+01 7.766526287085044611e-02
2.131918000000000202e+00 2.499007099999999681e+01 7.750671796631050658e-02
2.136661000000000143e+00 2.505090100000000319e+01 7.745232240989936845e-02
2.141404000000000085e+00 2.493651600000000101e+01 7.713303276417114718e-02
2.146145999999999887e+00 2.494892899999999969e+01 7.701599822836355247e-02
2.150888999999999829e+00 2.506199200000000005e+01 7.705851573285135703e-02
2.155632000000000215e+00 2.493284799999999990e+01 7.673312815672314602e-02
2.160375000000000156e+00 2.498562499999999886e+01 7.669072815522226527e-02
2.165118000000000098e+00 2.501328300000000127e+01 7.661325978992343522e-02
2.169861000000000040e+00 2.494207499999999911e+01 7.638773498189614652e-02
2.174603999999999981e+00 2.510261299999999807e+01 7.651898746591070943e-02
2.179346999999999923e+00 2.497242599999999868e+01 7.620870601107723741e-02
2.184089000000000169e+00 2.511374600000000257e+01 7.631483076810299804e-02
2.188832000000000111e+00 2.498574099999999731e+01 7.601344337008683616e-02
2.193575000000000053e+00 2.505133599999999916e+01 7.600825841448678732e-02
2.198317999999999994e+00 2.497640599999999722e+01 7.579119142302817580e-02
2.203060999999999936e+00 2.498775099999999583e+01 7.570685671900069524e-02
2.207803999999999878e+00 2.505867100000000036e+01 7.571467789339263177e-02
2.212546999999999819e+00 2.499601299999999782e+01 7.552173359830996469e-02
2.217289000000000065e+00 2.490381800000000112e+01 7.528537921229193353e-02
2.222032000000000007e+00 2.505486400000000202e+01 7.541743830472896759e-02
2.226774999999999949e+00 2.500586099999999945e+01 7.524934972861027638e-02
2.231517999999999891e+00 2.504276899999999983e+01 7.521166443636319310e-02
2.236260999999999832e+00 2.501415800000000189e+01 7.507620362220175647e-02
2.241004000000000218e+00 2.495900500000000122e+01 7.490234943800026801e-02
2.245747000000000160e+00 2.496636700000000175e+01 7.482344441119573308e-02
2.250490000000000101e+00 2.504765199999999936e+01 7.485602290253737245e-02
2.255231999999999903e+00 2.500313500000000388e+01 7.470089949409176866e-02
2.259974999999999845e+00 2.494478599999999702e+01 7.452618079489850555e-02
2.264717999999999787e+00 2.493780699999999939e+01 7.442950737653111770e-02
2.269461000000000173e+00 2.505252500000000282e+01 7.451447284552108197e-02
2.274204000000000114e+00 2.488273799999999980e+01 7.417634085227849117e-02
2.278947000000000056e+00 2.496735500000000485e+01 7.421802664200187472e-02
2.283689999999999998e+00 2.495985900000000157e+01 7.412326438134184126e-02
2.288431999999999800e+00 2.494368000000000407e+01 7.401647370602978948e-02
2.293175000000000185e+00 2.480286199999999752e+01 7.372482067888194712e-02
2.297918000000000127e+00 2.492160499999999956e+01 7.381937117363909784e-02
2.302661000000000069e+00 2.501649000000000100e+01 7.387860108677682391e-02
2.307404000000000011e+00 2.492749100000000340e+01 7.366684204600533470e-02
2.312146999999999952e+00 2.486939900000000492e+01 7.350059958204083199e-02
2.316889999999999894e+00 2.483996099999999885e+01 7.337762086515750570e-02
2.321632000000000140e+00 2.482755900000000082e+01 7.328083668541593432e-02
2.326375000000000082e+00 2.474519000000000091e+01 7.308115464508001258e-02
2.331118000000000023e+00 2.484808600000000212e+01 7.315472366090791656e-02
2.335860999999999965e+00 2.491576700000000244e+01 7.317697692373606455e-02
2.340603999999999907e+00 2.491405199999999809e+01 7.309737131347952832e-02
2.345346999999999849e+00 2.487174200000000468e+01 7.295900428371812629e-02
2.350089999999999790e+00 2.482793799999999962e+01 7.281873165587614272e-02
2.354833000000000176e+00 2.484295800000000298e+01 7.276486324690784047e-02
2.359574999999999978e+00 2.482620800000000116e+01 7.266561740873740682e-02
2.364317999999999920e+00 2.480255100000000112e+01 7.255618233763061475e-02
2.369060999999999861e+00 2.478791400000000067e+01 7.246048698734021409e-02
2.373803999999999803e+00 2.478332599999999886e+01 7.238010866513049091e-02
2.378547000000000189e+00 2.490584600000000037e+01 7.248501399336002016e-02
2.383290000000000131e+00 2.484110899999999944e+01 7.231780549316951801e-02
2.388033000000000072e+00 2.481771299999999769e+01 7.221074972065863462e-02
2.392774999999999874e+00 2.484525000000000006e+01 7.217814995890169116e-02
2.397517999999999816e+00 2.476907899999999785e+01 7.199554097337972081e-02
2.402261000000000202e+00 2.488567600000000013e+01 7.209344637500900155e-02
2.407004000000000143e+00 2.489177399999999807e+01 7.203024476645764063e-02
2.411747000000000085e+00 2.488468400000000003e+01 7.194901771151361591e-02
2.416490000000000027e+00 2.494204300000000529e+01 7.196110802935429263e-02
2.421232999999999969e+00 2.482717900000000100e+01 7.172480983652866626e-02
2.425975999999999910e+00 2.476652400000000398e+01 7.156688601728525279e-02
2.430718000000000156e+00 2.480922999999999945e+01 7.155872265022203416e-02
2.435461000000000098e+00 2.494577099999999703e+01 7.168614821448840435e-02
2.440204000000000040e+00 2.476322499999999849e+01 7.137951418842033990e-02
2.444946999999999981e+00 2.469380799999999709e+01 7.118532082572431863e-02
2.449689999999999923e+00 2.479549300000000045e+01 7.126290902423573770e-02
2.454432999999999865e+00 2.479970900000000000e+01 7.120079556619784977e-02
2.459175999999999807e+00 2.479779899999999770e+01 7.113018165110575330e-02
2.463918000000000053e+00 2.476541500000000084e+01 7.101573175060367504e-02
2.468660999999999994e+00 2.484081800000000229e+01 7.105642254673606717e-02
2.473403999999999936e+00 2.482447499999999962e+01 7.096576454128215861e-02
2.478146999999999878e+00 2.479705500000000029e+01 7.085975581630168940e-02
2.482889999999999819e+00 2.485410800000000009e+01 7.087438719903685347e-02
2.487633000000000205e+00 2.486766099999999824e+01 7.082721552372858720e-02
2.492376000000000147e+00 2.476400399999999991e+01 7.061340734649758366e-02
2.497117999999999949e+00 2.482854900000000242e+01 7.063931181220199640e-02
2.501860999999999891e+00 2.475558699999999845e+01 7.046978789236491014e-02
2.506603999999999832e+00 2.481665900000000136e+01 7.049129545756553650e-02
2.511347000000000218e+00 2.469393399999999872e+01 7.025023541702191121e-02
2.516090000000000160e+00 2.465284300000000073e+01 7.007300977268209052e-02
2.520833000000000101e+00 2.480524299999999727e+01 7.014533226298454160e-02
2.525576000000000043e+00 2.481765099999999791e+01 7.002006426979126563e-02
2.530318999999999985e+00 2.477071600000000018e+01 6.983942800319387079e-02
2.535060999999999787e+00 2.485473099999999747e+01 6.989374952822749454e-02
2.539804000000000173e+00 2.474863799999999969e+01 6.968123980505872006e-02
2.544547000000000114e+00 2.467886700000000033e+01 6.952083976628806172e-02
2.549290000000000056e+00 2.477269000000000077e+01 6.959036868359155803e-02
2.554032999999999998e+00 2.467571600000000132e+01 6.939219747423408524e-02
2.558775999999999939e+00 2.466244000000000369e+01 6.931144471222842884e-02
2.563518999999999881e+00 2.474024700000000010e+01 6.936143729127157431e-02
2.568261000000000127e+00 2.466051399999999916e+01 6.924372526412700402e-02
2.573004000000000069e+00 2.480981200000000086e+01 6.946899347108247136e-02
2.577747000000000011e+00 2.466712399999999761e+01 6.928436671443710670e-02
2.582489999999999952e+00 2.468996599999999830e+01 6.929747969399897845e-02
2.587232999999999894e+00 2.472457199999999844e+01 6.928474099606926617e-02
2.591975999999999836e+00 2.473898000000000508e+01 6.924361332459189056e-02
2.596719000000000221e+00 2.488993700000000331e+01 6.939301128156855070e-02
2.601462000000000163e+00 2.465177899999999767e+01 6.899935311252634873e-02
2.606203999999999965e+00 2.476887400000000383e+01 6.910248924379858160e-02
2.610946999999999907e+00 2.472051499999999891e+01 6.897423315681806832e-02
2.615689999999999849e+00 2.472412100000000379e+01 6.891899604298368232e-02
2.620432999999999790e+00 2.481229300000000393e+01 6.898126955338745869e-02
2.625176000000000176e+00 2.471297700000000219e+01 6.878315017560113209e-02
2.629919000000000118e+00 2.481598899999999830e+01 6.886650392169911539e-02
2.634662000000000059e+00 2.475114099999999695e+01 6.873141812246492954e-02
2.639403999999999861e+00 2.474655800000000028e+01 6.867746093638946170e-02
2.644146999999999803e+00 2.475063000000000102e+01 6.860125380194884159e-02
2.648890000000000189e+00 2.477674100000000124e+01 6.857430975149658714e-02
2.653633000000000131e+00 2.468673199999999923e+01 6.840100491613554379e-02
2.658376000000000072e+00 2.464856499999999784e+01 6.829108974829732615e-02
2.663119000000000014e+00 2.462610300000000052e+01 6.818974831761223654e-02
2.667861999999999956e+00 2.466556999999999888e+01 6.818574223165865811e-02
2.672604999999999897e+00 2.467617299999999858e+01 6.814218101474958655e-02
2.677347000000000143e+00 2.467732099999999917e+01 6.808583397403825122e-02
2.682090000000000085e+00 2.472721700000000311e+01 6.809681332414314892e-02
2.686833000000000027e+00 2.475592699999999979e+01 6.807879789543216931e-02
2.691575999999999969e+00 2.473125299999999882e+01 6.798694744474928497e-02
2.696318999999999910e+00 2.471310299999999671e+01 6.790477374762543539e-02
2.701061999999999852e+00 2.472055999999999898e+01 6.785789845318303259e-02
2.705804999999999794e+00 2.476731499999999997e+01 6.786489602153679412e-02
2.710547000000000040e+00 2.467963700000000316e+01 6.768760572963561373e-02
2.715289999999999981e+00 2.470876799999999918e+01 6.767108196289903232e-02
2.720032999999999923e+00 2.468649199999999766e+01 6.758412396397840693e-02
2.724775999999999865e+00 2.472252399999999994e+01 6.757699080534143588e-02
2.729518999999999807e+00 2.476173000000000002e+01 6.757419614182472167e-02
2.734262000000000192e+00 2.462191700000000338e+01 6.732712267020402042e-02
2.739005000000000134e+00 2.463627499999999770e+01 6.729104660050845566e-02
2.743746999999999936e+00 2.469026000000000209e+01 6.730888880358076864e-02
2.748489999999999878e+00 2.481472399999999823e+01 6.742273857431334283e-02
2.753232999999999819e+00 2.459575699999999898e+01 6.706936503473996669e-02
2.757976000000000205e+00 2.469040199999999885e+01 6.714298802069282313e-02
2.762719000000000147e+00 2.464326799999999906e+01 6.702388811923253031e-02
2.767462000000000089e+00 2.476033899999999832e+01 6.712774097724724665e-02
2.772205000000000030e+00 2.461135499999999965e+01 6.687080845902118598e-02
2.776947999999999972e+00 2.462581399999999832e+01 6.683583414715342508e-02
2.781690000000000218e+00 2.469528199999999885e+01 6.687555384466134512e-02
2.786433000000000160e+00 2.462065499999999929e+01 6.671993866321146438e-02
2.791176000000000101e+00 2.465566800000000214e+01 6.671323861536179733e-02
2.795919000000000043e+00 2.460425400000000096e+01 6.658981690862199321e-02
2.800661999999999985e+00 2.464844000000000079e+01 6.661087689996732231e-02
2.805404999999999927e+00 2.464888099999999937e+01 6.654797961722429267e-02
2.810147999999999868e+00 2.463668099999999939e+01 6.650968930682130131e-02
2.814890000000000114e+00 2.471602600000000294e+01 6.657172024929579324e-02
2.819633000000000056e+00 2.479274399999999901e+01 6.791066116167475408e-02
2.824375999999999998e+00 2.466320799999999736e+01 6.915466997473922184e-02
2.829118999999999939e+00 2.468431899999999857e+01 7.007835811201629239e-02
2.833861999999999881e+00 2.474340700000000126e+01 7.089487021081145035e-02
2.838604999999999823e+00 2.472145099999999474e+01 7.148341476362682356e-02
2.843348000000000209e+00 2.461756199999999950e+01 7.163376845957149242e-02
2.848091000000000150e+00 2.462583699999999709e+01 7.186306070079398478e-02
2.852832999999999952e+00 2.459767800000000193e+01 7.203179345695204239e-02
2.857575999999999894e+00 2.469032399999999683e+01 7.236116036340765889e-02
2.862318999999999836e+00 2.456158300000000239e+01 7.235229315150279450e-02
2.867062000000000221e+00 2.452988500000000016e+01 7.247494161680712033e-02
2.871805000000000163e+00 2.461070699999999789e+01 7.275448093901640267e-02
2.876548000000000105e+00 2.469020200000000287e+01 7.302410379587823130e-02
2.881291000000000047e+00 2.462871600000000072e+01 7.273592040875470621e-02
2.886032999999999848e+00 2.471131500000000258e+01 7.078038479355844292e-02
2.890775999999999790e+00 2.460901000000000494e+01 6.952349832719079137e-02
2.895519000000000176e+00 2.464432299999999998e+01 6.882180126831395628e-02
2.900262000000000118e+00 2.471255599999999930e+01 6.832103012910664686e-02
2.905005000000000059e+00 2.472231499999999826e+01 6.796630710010806431e-02
2.909748000000000001e+00 2.466984799999999822e+01 6.771623681860282351e-02
2.914490999999999943e+00 2.464501299999999873e+01 6.752372586267660348e-02
2.919233000000000189e+00 2.463091200000000214e+01 6.736063993556475060e-02
2.923976000000000131e+00 2.469939099999999854e+01 6.732181522907562665e-02
2.928719000000000072e+00 2.461168899999999837e+01 6.707955653550043418e-02
2.933462000000000014e+00 2.453936200000000056e+01 6.686529369286879632e-02
2.938204999999999956e+00 2.457522499999999965e+01 6.680473158965688496e-02
2.942947999999999897e+00 2.468575799999999987e+01 6.685099901784864740e-02
2.947690999999999839e+00 2.473114699999999999e+01 6.681275116261566061e-02
2.952433999999999781e+00 2.467507799999999563e+01 6.664898729173084069e-02
2.957176000000000027e+00 2.463142099999999601e+01 6.650429214904554631e-02
2.961918999999999969e+00 2.463523400000000407e+01 6.640701115624840500e-02
2.966661999999999910e+00 2.457525499999999852e+01 6.624048333378161624e-02
2.971404999999999852e+00 2.470613199999999665e+01 6.633275894198356615e-02
2.976147999999999794e+00 2.462124899999999883e+01 6.613722511398781312e-02
2.980891000000000179e+00 2.451244399999999501e+01 6.591202758430739217e-02
2.985634000000000121e+00 2.450358999999999554e+01 6.582271718047576214e-02
2.990375999999999923e+00 2.470045800000000469e+01 6.602773013139706659e-02
2.995118999999999865e+00 2.461076200000000114e+01 6.581919796878567264e-02
2.999861999999999806e+00 2.468221199999999982e+01 6.583854574011185901e-02
3.004605000000000192e+00 2.470080799999999854e+01 6.579169260862423319e-02
3.009348000000000134e+00 2.462320899999999924e+01 6.561786045077895591e-02
3.014091000000000076e+00 2.442845500000000314e+01 6.530861582795947917e-02
3.018834000000000017e+00 2.464969900000000180e+01 6.551526420256274796e-02
3.023576999999999959e+00 2.462088099999999713e+01 6.540990132396241885e-02
3.028319000000000205e+00 2.461243999999999943e+01 6.533211628504698165e-02
3.033062000000000147e+00 2.477326300000000003e+01 6.547920217729137626e-02
3.037805000000000089e+00 2.462781400000000076e+01 6.522200854399839987e-02
3.042548000000000030e+00 2.457919300000000362e+01 6.509398413548136975e-02
3.047290999999999972e+00 2.462793599999999827e+01 6.509512923906748960e-02
3.052033999999999914e+00 2.458030999999999722e+01 6.496959478939437482e-02
3.056776999999999855e+00 2.462566400000000399e+01 6.496779387735665545e-02
3.061519000000000101e+00 2.458349799999999874e+01 6.485061505512804136e-02
3.066262000000000043e+00 2.457861300000000782e+01 6.478369738780197229e-02
3.071004999999999985e+00 2.461559500000000256e+01 6.478537299605983957e-02
3.075747999999999927e+00 2.460986100000000221e+01 6.472106947606628968e-02
3.080490999999999868e+00 2.459422800000000109e+01 6.463463983313205707e-02
3.085233999999999810e+00 2.454109000000000407e+01 6.449681893993765291e-02
3.089977000000000196e+00 2.466252499999999870e+01 6.461629932218959649e-02
3.094720000000000137e+00 2.458730899999999764e+01 6.444274238658997955e-02
3.099461999999999939e+00 2.448729499999999959e+01 6.425373660842691181e-02
3.104204999999999881e+00 2.451678299999999666e+01 6.423546901511811846e-02
3.108947999999999823e+00 2.453141899999999964e+01 6.419792232236491702e-02
3.113691000000000209e+00 2.463355399999999662e+01 6.427562884323653747e-02
3.118434000000000150e+00 2.455763000000000318e+01 6.412090377891363491e-02
3.123177000000000092e+00 2.458849599999999924e+01 6.410576029830783451e-02
3.127920000000000034e+00 2.457823999999999742e+01 6.403732152729688099e-02
3.132661999999999836e+00 2.446185299999999785e+01 6.383115934467742392e-02
3.137405000000000221e+00 2.453854799999999869e+01 6.387708686641556388e-02
3.142148000000000163e+00 2.448608599999999313e+01 6.375465475868487275e-02
3.146891000000000105e+00 2.450228500000000054e+01 6.373006559710181484e-02
3.151634000000000047e+00 2.459143999999999863e+01 6.379486739647241555e-02
3.156376999999999988e+00 2.457601800000000125e+01 6.371171446804660410e-02
3.161119999999999930e+00 2.451259900000000158e+01 6.357705510690865591e-02
3.165862000000000176e+00 2.454989100000000235e+01 6.361699495621826739e-02
3.170605000000000118e+00 2.459454500000000010e+01 6.360617231368981273e-02
3.175348000000000059e+00 2.462133500000000197e+01 6.356080026722681076e-02
3.180091000000000001e+00 2.461367500000000064e+01 6.349896956983239193e-02
3.184833999999999943e+00 2.457817599999999558e+01 6.340150552370976689e-02
3.189576999999999884e+00 2.454438999999999638e+01 6.330655197046115845e-02
3.194319999999999826e+00 2.453335900000000080e+01 6.322306854239359564e-02
3.199063000000000212e+00 2.447163499999999914e+01 6.302779838073911678e-02
3.203805000000000014e+00 2.445238900000000370e+01 6.288607133918924785e-02
3.208547999999999956e+00 2.454933099999999868e+01 6.293340442611776442e-02
3.213290999999999897e+00 2.460636000000000223e+01 6.295672628233459078e-02
3.218033999999999839e+00 2.453045399999999887e+01 6.281012214540662719e-02
3.222776999999999781e+00 2.463883600000000129e+01 6.289929530406361546e-02
3.227520000000000167e+00 2.453115200000000229e+01 6.271281655797161791e-02
3.232263000000000108e+00 2.447244400000000297e+01 6.258905354592286807e-02
3.237004999999999910e+00 2.450804600000000022e+01 6.258611174286672629e-02
3.241747999999999852e+00 2.454793100000000194e+01 6.258845774397145401e-02
3.246490999999999794e+00 2.446596600000000166e+01 6.243589244856199288e-02
3.251234000000000179e+00 2.447949600000000459e+01 6.242274308521374854e-02
3.255977000000000121e+00 2.456622500000000286e+01 6.254918049200884622e-02
3.260720000000000063e+00 2.461330799999999641e+01 6.262690271923801455e-02
3.265463000000000005e+00 2.462878400000000312e+01 6.262403172989264299e-02
3.270205999999999946e+00 2.455061200000000099e+01 6.247730416264613007e-02
3.274948000000000192e+00 2.454880399999999696e+01 6.242712727324476601e-02
3.279691000000000134e+00 2.455102899999999977e+01 6.238232570033117735e-02
3.284434000000000076e+00 2.455263199999999912e+01 6.233739332401298794e-02
3.289177000000000017e+00 2.451412200000000041e+01 6.224145053036923836e-02
3.293919999999999959e+00 2.438158100000000061e+01 6.202607213331826769e-02
3.298662999999999901e+00 2.445657399999999981e+01 6.207472742879181771e-02
3.303405999999999842e+00 2.461140500000000131e+01 6.222439711887291919e-02
3.308148000000000089e+00 2.459016100000000193e+01 6.215114521960717064e-02
3.312891000000000030e+00 2.447773900000000324e+01 6.196259629497137544e-02
3.317633999999999972e+00 2.452925000000000111e+01 6.198159831217890658e-02
3.322376999999999914e+00 2.459222199999999958e+01 6.201597788002137512e-02
3.327119999999999855e+00 2.452513499999999880e+01 6.190091660544050356e-02
3.331862999999999797e+00 2.456949499999999986e+01 6.189462222113969320e-02
3.336606000000000183e+00 2.448699600000000132e+01 6.174516098793571967e-02
3.341347999999999985e+00 2.455540799999999990e+01 6.178618152287289333e-02
3.346090999999999926e+00 2.445830600000000032e+01 6.161861895542287970e-02
3.350833999999999868e+00 2.450694100000000120e+01 6.163449858617817828e-02
3.355576999999999810e+00 2.452622999999999465e+01 6.161392762389441419e-02
3.360320000000000196e+00 2.450704700000000003e+01 6.154514406640543278e-02
3.365063000000000137e+00 2.452976899999999816e+01 6.152900409183379576e-02
3.369806000000000079e+00 2.450776499999999913e+01 6.145677726133221691e-02
3.374549000000000021e+00 2.453828599999999938e+01 6.145039072409060055e-02
3.379290999999999823e+00 2.469349000000000061e+01 6.228541710216044247e-02
3.384034000000000209e+00 2.462060999999999567e+01 6.365295819924161880e-02
3.388777000000000150e+00 2.470818000000000225e+01 6.460900374238562338e-02
3.393520000000000092e+00 2.455327199999999621e+01 6.506975826641743510e-02
3.398263000000000034e+00 2.454726600000000047e+01 6.545539707941432084e-02
3.403005999999999975e+00 2.452244800000000069e+01 6.559851647536474317e-02
3.407748999999999917e+00 2.444086499999999873e+01 6.545548834783146419e-02
3.412491000000000163e+00 2.447861999999999938e+01 6.554220153507281377e-02
3.417234000000000105e+00 2.440574600000000061e+01 6.561873432169047782e-02
3.421977000000000046e+00 2.439319100000000162e+01 6.576047149961897209e-02
3.426719999999999988e+00 2.440212499999999807e+01 6.590678423517870588e-02
3.431462999999999930e+00 2.440769900000000092e+01 6.605176990361651124e-02
3.436205999999999872e+00 2.453513899999999737e+01 6.636725495666594143e-02
3.440948999999999813e+00 2.448411100000000573e+01 6.641848273808503844e-02
3.445692000000000199e+00 2.445101500000000172e+01 6.650461743759676636e-02
3.450434000000000001e+00 2.440242300000000242e+01 6.653096460497096021e-02
3.455176999999999943e+00 2.453255500000000566e+01 6.681751322184102670e-02
3.459919999999999884e+00 2.448741099999999804e+01 6.686079442470377332e-02
3.464662999999999826e+00 2.448381499999999988e+01 6.695683807627866857e-02
3.469406000000000212e+00 2.446303800000000450e+01 6.702622355239776231e-02
3.474149000000000154e+00 2.448743800000000093e+01 6.715408791219563966e-02
3.478892000000000095e+00 2.440451999999999799e+01 6.713192354285701935e-02
3.483633999999999897e+00 2.445188499999999721e+01 6.728570606784325947e-02
3.488376999999999839e+00 2.451185500000000062e+01 6.745441981037789136e-02
3.493119999999999781e+00 2.445617999999999981e+01 6.746133142168038443e-02
3.497863000000000167e+00 2.454562999999999917e+01 6.766629293818304802e-02
3.502606000000000108e+00 2.452647699999999986e+01 6.771958227013438747e-02
3.507349000000000050e+00 2.440986500000000348e+01 6.763553599331714739e-02
3.512091999999999992e+00 2.453551500000000019e+01 6.788516913733366742e-02
3.516833999999999794e+00 2.445377500000000026e+01 6.784558338393148480e-02
3.521577000000000179e+00 2.461602299999999488e+01 6.814242118636525125e-02
3.526320000000000121e+00 2.448104899999999873e+01 6.802574063609304056e-02
3.531063000000000063e+00 2.442349599999999654e+01 6.801466824302240810e-02
3.535806000000000004e+00 2.453032900000000183e+01 6.823092729962711156e-02
3.540548999999999946e+00 2.448863399999999757e+01 6.823832591473064091e-02
3.545291999999999888e+00 2.449049400000000531e+01 6.830605332041589373e-02
3.550034999999999830e+00 2.441088599999999786e+01 6.825833122192484503e-02
3.554777000000000076e+00 2.439636700000000147e+01 6.829999093736177640e-02
3.559520000000000017e+00 2.440704399999999907e+01 6.837582606758473014e-02
3.564262999999999959e+00 2.441998799999999648e+01 6.845358878024949967e-02
3.569005999999999901e+00 2.447358899999999693e+01 6.860068659332281549e-02
3.573748999999999842e+00 2.458258500000000168e+01 6.883115811008774787e-02
3.578491999999999784e+00 2.456679999999999708e+01 6.883241133377429599e-02
3.583235000000000170e+00 2.448246299999999920e+01 6.877013129894839205e-02
3.587976999999999972e+00 2.442238299999999995e+01 6.871680816124466074e-02
3.592719999999999914e+00 2.445402100000000090e+01 6.870783500470306615e-02
3.597462999999999855e+00 2.442285299999999992e+01 6.860292491450784014e-02
3.602205999999999797e+00 2.449818800000000607e+01 6.864790659369883474e-02
3.606949000000000183e+00 2.445705899999999744e+01 6.852988555705898099e-02
3.611692000000000125e+00 2.448161200000000193e+01 6.855488474190879478e-02
3.616435000000000066e+00 2.451795299999999855e+01 6.867415856652339667e-02
3.621178000000000008e+00 2.477034000000000091e+01 6.986133538854663594e-02
3.625919999999999810e+00 2.458831599999999895e+01 7.209290650168918846e-02
3.630663000000000196e+00 2.455681900000000084e+01 7.344943651989781219e-02
3.635406000000000137e+00 2.450737799999999922e+01 7.442274897516283627e-02
3.640149000000000079e+00 2.446167999999999765e+01 7.512414129529201845e-02
3.644892000000000021e+00 2.444074499999999972e+01 7.560559436980110459e-02
3.649634999999999962e+00 2.450129000000000090e+01 7.618736780203658188e-02
3.654377999999999904e+00 2.450049900000000136e+01 7.660944082697510038e-02
3.659120000000000150e+00 2.450281900000000235e+01 7.704083695001631704e-02
3.663863000000000092e+00 2.449697799999999503e+01 7.744341559378110917e-02
3.668606000000000034e+00 2.444763300000000328e+01 7.776365712022037524e-02
3.673348999999999975e+00 2.447694399999999604e+01 7.819816544348978660e-02
3.678091999999999917e+00 2.440776899999999472e+01 7.846561370012854197e-02
3.682834999999999859e+00 2.458965799999999646e+01 7.912908969183456154e-02
3.687577999999999800e+00 2.447022399999999820e+01 7.930014039327924757e-02
3.692321000000000186e+00 2.443691500000000261e+01 7.960422524542840050e-02
3.697062999999999988e+00 2.439194400000000229e+01 7.988307544190070830e-02
3.701805999999999930e+00 2.441380200000000400e+01 8.026628447054465210e-02
3.706548999999999872e+00 2.456854299999999824e+01 8.086505237560845383e-02
3.711291999999999813e+00 2.438779100000000000e+01 8.090661786580934101e-02
3.716035000000000199e+00 2.435311099999999840e+01 8.118499416867565321e-02
3.720778000000000141e+00 2.449675699999999878e+01 8.175810980443652676e-02
3.725521000000000083e+00 2.444888999999999868e+01 8.200935610986284652e-02
3.730262999999999884e+00 2.465573099999999940e+01 8.268630561081562191e-02
3.735005999999999826e+00 2.440461499999999972e+01 8.259020825845217462e-02
3.739749000000000212e+00 2.430690900000000099e+01 8.274917269014538113e-02
3.744492000000000154e+00 2.435930799999999863e+01 8.316073775202213747e-02
3.749235000000000095e+00 2.454688000000000159e+01 8.380276051306903562e-02
3.753978000000000037e+00 2.452359700000000231e+01 8.408445539054588969e-02
3.758720999999999979e+00 2.442958199999999636e+01 8.424198631367792178e-02
3.763462999999999781e+00 2.453533799999999943e+01 8.474362880300854994e-02
3.768206000000000166e+00 2.449854200000000048e+01 8.499766848671909403e-02
3.772949000000000108e+00 2.452578899999999962e+01 8.536205926613649186e-02
3.777692000000000050e+00 2.437054799999999943e+01 8.540703799306119393e-02
3.782434999999999992e+00 2.447577399999999770e+01 8.590699256935840911e-02
3.787177999999999933e+00 2.444923299999999955e+01 8.617564485896929416e-02
3.791920999999999875e+00 2.442933000000000021e+01 8.645544926204766500e-02
3.796663999999999817e+00 2.444352799999999704e+01 8.679498820195610809e-02
3.801406000000000063e+00 2.443946000000000396e+01 8.710242969825296444e-02
3.806149000000000004e+00 2.439981900000000081e+01 8.734587092629622629e-02
3.810891999999999946e+00 2.445447700000000424e+01 8.775819867600746782e-02
3.815634999999999888e+00 2.446189700000000045e+01 8.808559240743063512e-02
3.820377999999999830e+00 2.458251700000000284e+01 8.861786762484977209e-02
3.825121000000000215e+00 2.450920499999999791e+01 8.880064845615205649e-02
3.829864000000000157e+00 2.426345400000000296e+01 8.866847500076224797e-02
3.834605999999999959e+00 2.437365600000000043e+01 8.918439259153812526e-02
3.839348999999999901e+00 2.454542899999999861e+01 8.981519884752690863e-02
3.844091999999999842e+00 2.442617300000000213e+01 8.991258316517994342e-02
3.848834999999999784e+00 2.447269999999999968e+01 9.031785456628828312e-02
3.853578000000000170e+00 2.453101699999999852e+01 9.079139150038398332e-02
3.858321000000000112e+00 2.447105299999999772e+01 9.094751118167995751e-02
3.863064000000000053e+00 2.441261300000000034e+01 9.115746243973829599e-02
3.867806999999999995e+00 2.443610699999999980e+01 9.152141209750261353e-02
3.872548999999999797e+00 2.444889400000000279e+01 9.186506265099915469e-02
3.877292000000000183e+00 2.428537400000000090e+01 9.187721351448464857e-02
3.882035000000000124e+00 2.435191599999999923e+01 9.232461566061242464e-02
3.886778000000000066e+00 2.430654699999999835e+01 9.256063149275127466e-02
3.891521000000000008e+00 2.438284499999999966e+01 9.302914078390168984e-02
3.896263999999999950e+00 2.442825000000000202e+01 9.344028500658642378e-02
3.901006999999999891e+00 2.436057299999999870e+01 9.363561948202404894e-02
3.905749000000000137e+00 2.444761700000000104e+01 9.413051980293160592e-02
3.910492000000000079e+00 2.438375600000000176e+01 9.433534405353913299e-02
3.915235000000000021e+00 2.441852499999999893e+01 9.473165241653971891e-02
3.919977999999999962e+00 2.446581199999999967e+01 9.511239670845908489e-02
3.924720999999999904e+00 2.430228000000000321e+01 9.487827029798656664e-02
3.929463999999999846e+00 2.435332000000000363e+01 9.505056737716982562e-02
3.934206999999999788e+00 2.428230500000000092e+01 9.503709622793880818e-02
3.938949000000000034e+00 2.441368899999999798e+01 9.539778807164397967e-02
3.943691999999999975e+00 2.428567400000000021e+01 9.525033892200070185e-02
3.948434999999999917e+00 2.444274499999999861e+01 9.566028621024713630e-02
3.953177999999999859e+00 2.442114199999999613e+01 9.574714388578178803e-02
3.957920999999999800e+00 2.445065299999999908e+01 9.597390942698645622e-02
3.962664000000000186e+00 2.446247500000000130e+01 9.600565389079646073e-02
3.967407000000000128e+00 2.441285300000000191e+01 9.615540704750358270e-02
3.972150000000000070e+00 2.448924099999999981e+01 9.663049656469845095e-02
3.976891999999999872e+00 2.443319599999999880e+01 9.684558169330234612e-02
3.981634999999999813e+00 2.429123700000000241e+01 9.688982425324188519e-02
3.986378000000000199e+00 2.453194899999999734e+01 9.769818997286643103e-02
3.991121000000000141e+00 2.442271599999999765e+01 9.781013628539733662e-02
3.995864000000000082e+00 2.433834499999999679e+01 9.797280909406037852e-02
4.000606999999999580e+00 2.438538600000000045e+01 9.840036532402154923e-02
4.005349999999999966e+00 2.428702900000000042e+01 9.853663277754776129e-02
4.010092000000000212e+00 2.428930700000000087e+01 9.887734854183792554e-02
4.014834999999999710e+00 2.440671400000000091e+01 9.945474955502377201e-02
4.019578000000000095e+00 2.443112700000000004e+01 9.984532019407819925e-02
4.024320999999999593e+00 2.440996000000000166e+01 1.001439760478497198e-01
4.029063999999999979e+00 2.441140499999999847e+01 1.004917700185353480e-01
4.033807000000000365e+00 2.457384099999999805e+01 1.011728393021447125e-01
4.038549999999999862e+00 2.442497599999999736e+01 1.012146860962879202e-01
4.043293000000000248e+00 2.441669399999999612e+01 1.015477062855375257e-01
4.048034999999999606e+00 2.455134199999999822e+01 1.021809711778861596e-01
4.052777999999999992e+00 2.429557900000000004e+01 1.020010596487183480e-01
4.057521000000000377e+00 2.441449300000000022e+01 1.026066816260812475e-01
4.062263999999999875e+00 2.445184599999999975e+01 1.030447851337024379e-01
4.067007000000000261e+00 2.455407700000000304e+01 1.036220654074078151e-01
4.071749999999999758e+00 2.452932399999999902e+01 1.039341229463442290e-01
4.076493000000000144e+00 2.447779999999999845e+01 1.041909075637831306e-01
4.081235000000000390e+00 2.450873400000000046e+01 1.046251474518870295e-01
4.085977999999999888e+00 2.435443599999999975e+01 1.046659399722937589e-01
4.090721000000000274e+00 2.437112699999999776e+01 1.050745316463033152e-01
4.095463999999999771e+00 2.449229599999999962e+01 1.057112489825004359e-01
4.100207000000000157e+00 2.452694799999999731e+01 1.061647145554887317e-01
4.104949999999999655e+00 2.446052000000000604e+01 1.064028702917369645e-01
4.109693000000000040e+00 2.435485399999999956e+01 1.065551061855568860e-01
4.114436000000000426e+00 2.443407599999999746e+01 1.071138890251450981e-01
4.119177999999999784e+00 2.448124499999999770e+01 1.076071009909689985e-01
4.123921000000000170e+00 2.443691700000000111e+01 1.079008621880284124e-01
4.128663999999999668e+00 2.464351799999999670e+01 1.087532193582277235e-01
4.133407000000000053e+00 2.459316199999999952e+01 1.090413511247820127e-01
4.138150000000000439e+00 2.448817199999999872e+01 1.092087478336941642e-01
4.142892999999999937e+00 2.454872500000000102e+01 1.097480775542820225e-01
4.147636000000000323e+00 2.454112199999999788e+01 1.101380852810861233e-01
4.152377999999999680e+00 2.452686899999999781e+01 1.105174763254576781e-01
4.157121000000000066e+00 2.468033699999999797e+01 1.112772576026107851e-01
4.161863999999999564e+00 2.451760699999999815e+01 1.113269330059469542e-01
4.166606999999999950e+00 2.450343000000000160e+01 1.117148094524392093e-01
4.171350000000000335e+00 2.440661899999999918e+01 1.119158326645895152e-01
4.176092999999999833e+00 2.444419700000000617e+01 1.124350408761303211e-01
4.180836000000000219e+00 2.446960999999999942e+01 1.130786182182697275e-01
4.185577999999999577e+00 2.450983699999999743e+01 1.134852161710453722e-01
4.190320999999999962e+00 2.451132099999999880e+01 1.138855554027432548e-01
4.195064000000000348e+00 2.435269200000000112e+01 1.139564372809377668e-01
4.199806999999999846e+00 2.464637800000000212e+01 1.150874077778402949e-01
4.204550000000000232e+00 2.442983199999999755e+01 1.150292677619830783e-01
4.209292999999999729e+00 2.443225799999999737e+01 1.154880524324840979e-01
4.214036000000000115e+00 2.438016699999999659e+01 1.158193945741243375e-01
4.218778999999999613e+00 2.444331599999999938e+01 1.164303093176909804e-01
4.223520999999999859e+00 2.448432800000000142e+01 1.169924784050273836e-01
4.228264000000000244e+00 2.435925200000000501e+01 1.171619648080472614e-01
4.233006999999999742e+00 2.438918400000000020e+01 1.177061133966642997e-01
4.237750000000000128e+00 2.456853900000000124e+01 1.186166142925703382e-01
4.242492999999999626e+00 2.465564400000000234e+01 1.193114405371563658e-01
4.247236000000000011e+00 2.460117699999999985e+01 1.196666784194313493e-01
4.251979000000000397e+00 2.455305899999999752e+01 1.200468550361899200e-01
4.256720999999999755e+00 2.464214099999999874e+01 1.209658270273518132e-01
4.261464000000000141e+00 2.449795900000000159e+01 1.209450911852614219e-01
4.266206999999999638e+00 2.454151099999999985e+01 1.215196413477389326e-01
4.270950000000000024e+00 2.469866599999999934e+01 1.224217705866436079e-01
4.275693000000000410e+00 2.454834400000000016e+01 1.225646105978332595e-01
4.280435999999999908e+00 2.443262800000000112e+01 1.227971352117418202e-01
4.285179000000000293e+00 2.451719200000000143e+01 1.235366066228970050e-01
4.289921999999999791e+00 2.457942699999999903e+01 1.242266709793114626e-01
4.294664000000000037e+00 2.446616900000000072e+01 1.244784418443306145e-01
4.299407000000000423e+00 2.443589799999999812e+01 1.249429785922626379e-01
4.304149999999999920e+00 2.461512700000000109e+01 1.259508713317101236e-01
4.308893000000000306e+00 2.454506100000000046e+01 1.263284885191728879e-01
4.313635999999999804e+00 2.440608999999999895e+01 1.265297396016916709e-01
4.318379000000000190e+00 2.457911999999999964e+01 1.275465317314042057e-01
4.323121999999999687e+00 2.465460300000000160e+01 1.284075149119517090e-01
4.327863999999999933e+00 2.437539500000000459e+01 1.282308227813648283e-01
4.332607000000000319e+00 2.451338000000000150e+01 1.291168240084130114e-01
4.337349999999999817e+00 2.443147700000000100e+01 1.294948120686875148e-01
4.342093000000000202e+00 2.476165899999999453e+01 1.309706918606773629e-01
4.346835999999999700e+00 2.475891700000000029e+01 1.315740745917595433e-01
4.351579000000000086e+00 2.482368399999999653e+01 1.323637323170686331e-01
4.356321999999999584e+00 2.463884900000000044e+01 1.324940876079491459e-01
4.361063999999999830e+00 2.461697799999999958e+01 1.330665500561493686e-01
4.365807000000000215e+00 2.459527399999999986e+01 1.336467737610500528e-01
4.370549999999999713e+00 2.472087200000000351e+01 1.346346440123926680e-01
4.375293000000000099e+00 2.447889899999999841e+01 1.346268159702943279e-01
4.380035999999999596e+00 2.476327799999999968e+01 1.361337670779689257e-01
4.384778999999999982e+00 2.445866900000000044e+01 1.360172125387033581e-01
4.389522000000000368e+00 2.452139399999999725e+01 1.367539407810038354e-01
4.394264999999999866e+00 2.452357500000000101e+01 1.374314109546347640e-01
4.399007000000000112e+00 2.463065999999999889e+01 1.380013716525973488e-01
4.403749999999999609e+00 2.473945699999999803e+01 1.384006396536952566e-01
4.408492999999999995e+00 2.445212500000000233e+01 1.376881020309627113e-01
4.413236000000000381e+00 2.447708800000000195e+01 1.378506999399926880e-01
4.417978999999999878e+00 2.453687000000000040e+01 1.381115912263829459e-01
4.422722000000000264e+00 2.461538999999999788e+01 1.384258101023010112e-01
4.427464999999999762e+00 2.449182400000000115e+01 1.381667388700200116e-01
4.432207000000000008e+00 2.456588899999999853e+01 1.384668549247002889e-01
4.436950000000000394e+00 2.451713099999999912e+01 1.384957906351218238e-01
4.441692999999999891e+00 2.432042200000000065e+01 1.385633150738874164e-01
4.446436000000000277e+00 2.441672600000000060e+01 1.395491106333849041e-01
4.451178999999999775e+00 2.462042100000000033e+01 1.408519795212744008e-01
4.455922000000000160e+00 2.435627099999999956e+01 1.408224910537791141e-01
4.460664999999999658e+00 2.445966999999999913e+01 1.418618261761482313e-01
4.465408000000000044e+00 2.451321600000000345e+01 1.427689395083338864e-01
4.470150000000000290e+00 2.468267899999999671e+01 1.440262929700518169e-01
4.474892999999999788e+00 2.454002000000000194e+01 1.443835283148625082e-01
4.479636000000000173e+00 2.452640399999999943e+01 1.451270437013598147e-01
4.484378999999999671e+00 2.462005699999999564e+01 1.462022710921831170e-01
4.489122000000000057e+00 2.466918399999999423e+01 1.471583976630341517e-01
4.493865000000000443e+00 2.456930499999999995e+01 1.476809342532430791e-01
4.498607999999999940e+00 2.451216600000000057e+01 1.483412809984297476e-01
4.503350000000000186e+00 2.456524700000000294e+01 1.493469751069565477e-01
4.508092999999999684e+00 2.437540200000000112e+01 1.496245368628467964e-01
4.512836000000000070e+00 2.474062400000000039e+01 1.516169345560211545e-01
4.517578999999999567e+00 2.471931600000000273e+01 1.524400880841574879e-01
4.522321999999999953e+00 2.472567000000000093e+01 1.533627821720462137e-01
4.527065000000000339e+00 2.475714599999999876e+01 1.543793738231500345e-01
4.531807999999999836e+00 2.479241400000000084e+01 1.554244206181753518e-01
4.536551000000000222e+00 2.459391100000000208e+01 1.557458532371597537e-01
4.541292999999999580e+00 2.472057999999999822e+01 1.571112701652141175e-01
4.546035999999999966e+00 2.464964700000000164e+01 1.578666703793615844e-01
4.550779000000000352e+00 2.472720600000000246e+01 1.591119026165195571e-01
4.555521999999999849e+00 2.430932399999999660e+01 1.587696990424454502e-01
4.560265000000000235e+00 2.456601200000000418e+01 1.606338406772785388e-01
4.565007999999999733e+00 2.429947700000000310e+01 1.608053568245433329e-01
4.569751000000000118e+00 2.456526300000000163e+01 1.627481326211591139e-01
4.574493000000000364e+00 2.478258500000000097e+01 1.645602876802547410e-01
4.579235999999999862e+00 2.454739900000000219e+01 1.648843587994273663e-01
4.583979000000000248e+00 2.461273999999999518e+01 1.662332300239230121e-01
4.588721999999999746e+00 2.468967500000000115e+01 1.676470292695486364e-01
4.593465000000000131e+00 2.469479899999999972e+01 1.688406686726092176e-01
4.598207999999999629e+00 2.491101200000000304e+01 1.707820000768939250e-01
4.602951000000000015e+00 2.500630100000000056e+01 1.723402646827603690e-01
4.607693000000000261e+00 2.472365599999999830e+01 1.726127057702050993e-01
4.612435999999999758e+00 2.451956799999999959e+01 1.731682167797624627e-01
4.617179000000000144e+00 2.465453799999999873e+01 1.749433999534263651e-01
4.621921999999999642e+00 2.480461499999999830e+01 1.768079225008381827e-01
4.626665000000000028e+00 2.479996600000000129e+01 1.781532295324078641e-01
4.631408000000000413e+00 2.454802500000000265e+01 1.786280281363800959e-01
4.636150999999999911e+00 2.460375599999999707e+01 1.802465496236294040e-01
4.640894000000000297e+00 2.465403500000000037e+01 1.818811327893698759e-01
4.645635999999999655e+00 2.478046900000000008e+01 1.838297159966671424e-01
4.650379000000000040e+00 2.471801200000000165e+01 1.851174146664708031e-01
4.655122000000000426e+00 2.482877999999999830e+01 1.870913084203483234e-01
4.659864999999999924e+00 2.464212600000000108e+01 1.879768173786204033e-01
4.664608000000000310e+00 2.504081700000000055e+01 1.911358182448760767e-01
4.669350999999999807e+00 2.450143100000000373e+01 1.907310000024560748e-01
4.674094000000000193e+00 2.471931299999999609e+01 1.932947737567073943e-01
4.678836000000000439e+00 2.485250700000000279e+01 1.955797519003598106e-01
4.683578999999999937e+00 2.477933099999999556e+01 1.971000496209671105e-01
4.688322000000000322e+00 2.445515800000000439e+01 1.976505821345788394e-01
4.693064999999999820e+00 2.475145100000000298e+01 2.007535515732974951e-01
4.697808000000000206e+00 2.459184200000000331e+01 2.020577340935726662e-01
4.702550999999999704e+00 2.446031500000000136e+01 2.035244961268606045e-01
4.707294000000000089e+00 2.433419300000000263e+01 2.050584144339029913e-01
4.712036999999999587e+00 2.462927600000000083e+01 2.084307272065040184e-01
4.716778999999999833e+00 2.495016700000000043e+01 2.119952412192604163e-01
4.721522000000000219e+00 2.447858500000000248e+01 2.122389222123284291e-01
4.726264999999999716e+00 2.464826599999999956e+01 2.153129758330619148e-01
4.731008000000000102e+00 2.464055099999999854e+01 2.176927218382297968e-01
4.735750999999999600e+00 2.471250900000000073e+01 2.205103848143086798e-01
4.740493999999999986e+00 2.481481300000000090e+01 2.235527823630697186e-01
4.745237000000000371e+00 2.471806200000000331e+01 2.257845978101900852e-01
4.749978999999999729e+00 2.475437500000000313e+01 2.287207012521748073e-01
4.754722000000000115e+00 2.486004100000000250e+01 2.320847147601696192e-01
4.759464999999999613e+00 2.484378299999999840e+01 2.349911463091288455e-01
4.764207999999999998e+00 2.487797400000000181e+01 2.382488835894384649e-01
4.768951000000000384e+00 2.475049800000000033e+01 2.408475188006858336e-01
4.773693999999999882e+00 2.479237100000000282e+01 2.443996382258715738e-01
4.778437000000000268e+00 2.507498299999999958e+01 2.492934265705165076e-01
4.783178999999999625e+00 2.480437300000000533e+01 2.515771884255804114e-01
4.787922000000000011e+00 2.501346099999999950e+01 2.564471519831553747e-01
4.792665000000000397e+00 2.479013199999999628e+01 2.592645745354237308e-01
4.797407999999999895e+00 2.436692699999999689e+01 2.611591178091672294e-01
4.802151000000000280e+00 2.432470500000000158e+01 2.652439692420772155e-01
4.806893999999999778e+00 2.494152299999999656e+01 2.731719210060766789e-01
4.811637000000000164e+00 2.464152299999999940e+01 2.763158702218329044e-01
4.816379999999999661e+00 2.483281399999999906e+01 2.824554766343796985e-01
4.821121999999999908e+00 2.469003599999999921e+01 2.869780957974258362e-01
4.825865000000000293e+00 2.495179500000000417e+01 2.941742002119994148e-01
4.830607999999999791e+00 2.522416899999999984e+01 3.018268076759654250e-01
4.835351000000000177e+00 2.513896099999999834e+01 3.077382177453988343e-01
4.840093999999999674e+00 2.535075499999999948e+01 3.159037575388509156e-01
4.844837000000000060e+00 2.452634200000000320e+01 3.179481121755287076e-01
4.849579999999999558e+00 2.464274400000000043e+01 3.264629064682081361e-01
4.854321999999999804e+00 2.525600700000000032e+01 3.389522836106728110e-01
4.859065000000000190e+00 2.533490799999999510e+01 3.486212244973762031e-01
4.863807999999999687e+00 2.493511600000000072e+01 3.556929980494555332e-01
4.868551000000000073e+00 2.536341099999999926e+01 3.695331414816809268e-01
4.873293999999999571e+00 2.544350800000000135e+01 3.819547670604989120e-01
4.878036999999999956e+00 2.450236699999999956e+01 3.876357565301993824e-01
4.882780000000000342e+00 2.445615800000000206e+01 4.014459151113385360e-01
4.887522999999999840e+00 2.483575699999999742e+01 4.205263745966595357e-01
4.892265000000000086e+00 2.501206399999999874e+01 4.400852698358239112e-01
4.897007999999999583e+00 2.546926999999999452e+01 4.648612869406528736e-01
4.901750999999999969e+00 2.507408900000000429e+01 4.850149738325096327e-01
4.906494000000000355e+00 2.514958600000000644e+01 5.136483713839069543e-01
4.911236999999999853e+00 2.419572199999999995e+01 5.364973518280589104e-01
4.915980000000000238e+00 2.557917700000000494e+01 5.926417089458773102e-01
4.920722999999999736e+00 2.601679299999999628e+01 6.499311181910049084e-01
4.925464999999999982e+00 2.522828699999999813e+01 7.077226963252061243e-01
4.930208000000000368e+00 2.459678899999999757e+01 7.925128214127579174e-01
4.934950999999999866e+00 2.645511599999999675e+01 9.727629159984255702e-01
4.939694000000000251e+00 2.307197400000000087e+01 1.173088921781503258e+00
4.944436999999999749e+00 7.494531000000002052e+00 1.158361949573551986e+00