# [69] Sgs_R09_0.6
# Sample c= 1.0 mg/ml
#
# Number of frames collected: 10
# Exposure time per frame: 0.5
# No significant radiation damage detected, merging 10 files
# Merged from: /data/visitor/mx1905/bm29/20170412/Poker/1d/Sxl_10gs_204_00001.dat
# Merged from: /data/visitor/mx1905/bm29/20170412/Poker/1d/Sxl_10gs_204_00002.dat
# Merged from: /data/visitor/mx1905/bm29/20170412/Poker/1d/Sxl_10gs_204_00003.dat
# Merged from: /data/visitor/mx1905/bm29/20170412/Poker/1d/Sxl_10gs_204_00004.dat
# Merged from: /data/visitor/mx1905/bm29/20170412/Poker/1d/Sxl_10gs_204_00005.dat
# Merged from: /data/visitor/mx1905/bm29/20170412/Poker/1d/Sxl_10gs_204_00006.dat
# Merged from: /data/visitor/mx1905/bm29/20170412/Poker/1d/Sxl_10gs_204_00007.dat
# Merged from: /data/visitor/mx1905/bm29/20170412/Poker/1d/Sxl_10gs_204_00008.dat
# Merged from: /data/visitor/mx1905/bm29/20170412/Poker/1d/Sxl_10gs_204_00009.dat
# Merged from: /data/visitor/mx1905/bm29/20170412/Poker/1d/Sxl_10gs_204_00010.dat
#
# Sample Information:
# Storage Temperature (degrees C): 20.0
# Measurement Temperature (degrees C): 20.03
# Concentration: 1.0
# Code: 
3.082862000000000102e-02 6.265372199999999339e+02 8.441737345606769694e+00
3.557148999999999728e-02 1.541826499999999896e+03 5.460362225378824874e+00
4.031434999999999880e-02 2.282338099999999940e+03 4.376229056649583171e+00
4.505722000000000199e-02 1.231693129999999883e+03 2.286018417904722266e+00
4.980007999999999657e-02 7.938241100000000188e+02 1.643346761684167490e+00
5.454294999999999977e-02 5.608459599999999909e+02 1.299490899612717687e+00
5.928581000000000129e-02 4.109835999999999103e+02 1.057540051283085036e+00
6.402868000000000448e-02 3.252656900000000064e+02 8.970180988213393158e-01
6.877154000000000600e-02 2.669597999999999729e+02 7.806112568526090145e-01
7.351441000000000225e-02 2.244812300000000107e+02 6.897576303186141455e-01
7.825727999999999851e-02 1.921079799999999693e+02 6.142465620615064070e-01
8.300014000000000003e-02 1.696939500000000010e+02 5.588468403965526354e-01
8.774300999999999628e-02 1.530541200000000117e+02 5.149658808668201582e-01
9.248586999999999780e-02 1.391272000000000162e+02 4.771319843274814398e-01
9.722873999999999406e-02 1.289759500000000116e+02 4.460603221101379079e-01
1.019715999999999956e-01 1.201122500000000173e+02 4.195126903132252449e-01
1.067145000000000038e-01 1.146198899999999838e+02 4.000168301376455515e-01
1.114572999999999953e-01 1.086448099999999783e+02 3.806357906656703260e-01
1.162002000000000035e-01 1.041629400000000061e+02 3.645588080452589752e-01
1.209430999999999978e-01 1.007934170000000051e+02 3.510883351247375272e-01
1.256858999999999893e-01 9.749862299999999493e+01 3.384071618142263649e-01
1.304288000000000114e-01 9.488619300000000578e+01 3.274496777462149177e-01
1.351717000000000057e-01 9.209240900000000352e+01 3.165546888829230410e-01
1.399144999999999972e-01 9.045666700000001015e+01 3.080397001161009340e-01
1.446573999999999915e-01 8.851016499999998643e+01 2.994158835707926847e-01
1.494003000000000136e-01 8.694265099999999791e+01 2.917916216017922282e-01
1.541431000000000051e-01 8.598287500000000705e+01 2.859300600613906007e-01
1.588859999999999995e-01 8.453157299999999452e+01 2.790211462049853042e-01
1.636287999999999909e-01 8.308026900000000126e+01 2.724044809489858388e-01
1.683717000000000130e-01 8.216546200000000510e+01 2.669121541449446244e-01
1.731146000000000074e-01 8.097896500000000231e+01 2.611787117544908110e-01
1.778573999999999988e-01 8.015622500000000628e+01 2.561993761390332081e-01
1.826002999999999932e-01 7.932818199999999820e+01 2.514130790246380531e-01
1.873431999999999875e-01 7.810586000000000695e+01 2.461813551549544010e-01
1.920860000000000067e-01 7.741030300000001318e+01 2.419199901501771222e-01
1.968289000000000011e-01 7.738617600000000607e+01 2.388242400834597046e-01
2.015717999999999954e-01 7.678974199999998973e+01 2.349896293568507488e-01
2.063145999999999869e-01 7.609625900000000343e+01 2.311218625618682021e-01
2.110575000000000090e-01 7.540069099999999480e+01 2.271354673416789149e-01
2.158004000000000033e-01 7.480835000000000434e+01 2.236476953999705641e-01
2.205431999999999948e-01 7.447991499999999121e+01 2.206845335244158046e-01
2.252860999999999891e-01 7.390564499999999271e+01 2.174583072149893770e-01
2.300290000000000112e-01 7.358642000000000394e+01 2.146857285183924324e-01
2.347718000000000027e-01 7.331363499999997657e+01 2.120464685440844599e-01
2.395146999999999970e-01 7.277111199999998803e+01 2.090989799553340800e-01
2.442575999999999914e-01 7.241635199999998918e+01 2.064941348292989587e-01
2.490004000000000106e-01 7.230884399999999346e+01 2.043026141613586977e-01
2.537433000000000050e-01 7.173934099999999603e+01 2.015148219110036165e-01
2.584861999999999993e-01 7.126183699999998566e+01 1.989475153539807251e-01
2.632289999999999908e-01 7.111574500000000398e+01 1.969152882126461446e-01
2.679718999999999851e-01 7.065254400000000601e+01 1.944954779475158158e-01
2.727146999999999766e-01 7.049795900000000870e+01 1.925432736013421298e-01
2.774576000000000264e-01 6.975952599999999393e+01 1.899033323782468585e-01
2.822005000000000208e-01 6.970873800000001097e+01 1.882884789070361498e-01
2.869433000000000122e-01 6.929356400000000349e+01 1.861314125919784068e-01
2.916862000000000066e-01 6.903323000000000320e+01 1.842184666384355796e-01
2.964291000000000009e-01 6.857796700000000101e+01 1.820982704882448955e-01
3.011718999999999924e-01 6.822494799999999771e+01 1.801608814934279601e-01
3.059147999999999867e-01 6.803983999999999810e+01 1.784852432168477776e-01
3.106576999999999811e-01 6.777790400000000659e+01 1.767370644258538237e-01
3.154004999999999725e-01 6.741595800000000338e+01 1.749069077076411405e-01
3.201434000000000224e-01 6.719391800000001069e+01 1.733011654667893642e-01
3.248863000000000167e-01 6.676014599999999177e+01 1.714500162240062131e-01
3.296291000000000082e-01 6.658092300000001273e+01 1.699494088510401513e-01
3.343720000000000026e-01 6.670238000000000511e+01 1.688681092291214880e-01
3.391148999999999969e-01 6.617003699999999355e+01 1.687487680293595638e-01
3.438576999999999884e-01 6.631821399999999755e+01 1.711206986711814870e-01
3.486005999999999827e-01 6.609904600000000130e+01 1.751866112389471319e-01
3.533434999999999770e-01 6.556861100000000420e+01 1.776828900426639379e-01
3.580863000000000240e-01 6.523273199999998440e+01 1.794304141033971622e-01
3.628292000000000184e-01 6.490268600000000276e+01 1.807410663516401672e-01
3.675720000000000098e-01 6.474332099999999457e+01 1.820048569127274696e-01
3.723149000000000042e-01 6.413124300000001199e+01 1.824756239673274716e-01
3.770577999999999985e-01 6.373063299999999742e+01 1.831221432628380996e-01
3.818005999999999900e-01 6.384350799999998571e+01 1.842620831935854464e-01
3.865434999999999843e-01 6.375292399999998594e+01 1.850398219292195834e-01
3.912863999999999787e-01 6.322017599999999504e+01 1.850039130591085712e-01
3.960292000000000256e-01 6.311330500000000399e+01 1.856070085378232482e-01
4.007721000000000200e-01 6.301049400000000844e+01 1.862485047532427829e-01
4.055150000000000143e-01 6.287537600000000282e+01 1.924610595443945749e-01
4.102578000000000058e-01 6.257477800000000201e+01 1.970072388393726004e-01
4.150007000000000001e-01 6.199276999999999305e+01 2.003825912032986545e-01
4.197435999999999945e-01 6.152157699999999352e+01 2.026941290104040116e-01
4.244863999999999860e-01 6.106551700000001404e+01 2.052113771990941582e-01
4.292292999999999803e-01 6.122966000000000264e+01 2.086261328818065641e-01
4.339721999999999746e-01 6.129585399999999851e+01 2.119349936798986533e-01
4.387150000000000216e-01 6.068415100000000706e+01 2.139512946461537557e-01
4.434579000000000160e-01 5.993638500000000846e+01 2.157527438560158939e-01
4.482008000000000103e-01 5.999105300000000085e+01 2.194956381837017134e-01
4.529436000000000018e-01 5.994822100000000376e+01 2.229934114217146379e-01
4.576864999999999961e-01 5.986029800000000023e+01 2.251567450494783296e-01
4.624293999999999905e-01 5.942189899999999625e+01 2.261994615877792048e-01
4.671721999999999819e-01 5.911499100000001050e+01 2.245000216538640125e-01
4.719150999999999763e-01 5.942460200000000725e+01 2.162277719896898431e-01
4.766579000000000232e-01 5.890600000000000591e+01 2.112288609048112442e-01
4.814008000000000176e-01 5.878150499999999568e+01 2.083251484237416684e-01
4.861437000000000119e-01 5.828947799999999546e+01 2.054093310878855883e-01
4.908865000000000034e-01 5.802136500000000296e+01 2.032656096954093550e-01
4.956293999999999977e-01 5.759206100000000106e+01 2.010869320625930379e-01
5.003722999999999921e-01 5.751065299999999070e+01 1.996811105149816079e-01
5.051151000000000391e-01 5.718183300000000457e+01 1.979796540174297848e-01
5.098580000000000334e-01 5.688216299999999137e+01 1.964337456121969250e-01
5.146009000000000277e-01 5.660409599999999131e+01 1.950068560452311306e-01
5.193436999999999637e-01 5.636942299999999761e+01 1.937118477680345729e-01
5.240865999999999580e-01 5.583596299999999246e+01 1.919626191862920939e-01
5.288294999999999524e-01 5.552081300000001107e+01 1.906363824486244363e-01
5.335722999999999994e-01 5.532967099999999760e+01 1.891890904580607602e-01
5.383151999999999937e-01 5.506563400000000286e+01 1.873751952766488649e-01
5.430580999999999881e-01 5.486097999999999786e+01 1.857238271652727479e-01
5.478009000000000350e-01 5.469233499999999992e+01 1.841875886684042896e-01
5.525438000000000294e-01 5.434303199999999379e+01 1.823963211635681592e-01
5.572867000000000237e-01 5.428646799999999928e+01 1.811326569297850297e-01
5.620294999999999597e-01 5.365677600000000069e+01 1.789561110876949079e-01
5.667723999999999540e-01 5.381797999999999860e+01 1.781355689702730227e-01
5.715152000000000010e-01 5.340334400000001835e+01 1.763947247538548146e-01
5.762580999999999953e-01 5.336426500000000317e+01 1.753001095671899434e-01
5.810009999999999897e-01 5.298496400000000506e+01 1.737247007806002885e-01
5.857438000000000367e-01 5.266116100000000699e+01 1.726752625457885215e-01
5.904867000000000310e-01 5.261209999999999809e+01 1.721798884940209662e-01
5.952296000000000253e-01 5.204068599999999378e+01 1.708290486432954558e-01
5.999723999999999613e-01 5.184054400000000129e+01 1.702726335185193451e-01
6.047152999999999556e-01 5.153324699999999581e+01 1.693379821083179082e-01
6.094581999999999500e-01 5.141765999999999792e+01 1.686055010280720357e-01
6.142009999999999970e-01 5.122281999999999869e+01 1.680491129312957910e-01
6.189438999999999913e-01 5.097797599999999818e+01 1.671026010230693415e-01
6.236867999999999856e-01 5.061739099999999780e+01 1.661263344781940265e-01
6.284296000000000326e-01 5.045296899999999596e+01 1.654789570364343931e-01
6.331725000000000270e-01 5.057259100000000274e+01 1.652961732179595855e-01
6.379154000000000213e-01 5.024714600000000075e+01 1.643896728894375936e-01
6.426581999999999573e-01 4.980610400000000482e+01 1.632995149083021347e-01
6.474010999999999516e-01 4.964111299999999716e+01 1.626660217949215670e-01
6.521439999999999459e-01 4.942359700000000089e+01 1.619458024663572582e-01
6.568867999999999929e-01 4.942634400000000028e+01 1.615905952713712346e-01
6.616296999999999873e-01 4.919803900000000851e+01 1.608627745614755189e-01
6.663725999999999816e-01 4.871222799999999609e+01 1.597172469090126223e-01
6.711154000000000286e-01 4.859322600000000136e+01 1.591719841383655853e-01
6.758583000000000229e-01 4.824546299999999377e+01 1.582557573125559225e-01
6.806010999999999589e-01 4.775805199999999218e+01 1.571144739040903904e-01
6.853439999999999532e-01 4.764398699999999565e+01 1.565908398976894045e-01
6.900868999999999476e-01 4.765154800000000535e+01 1.562662549450961891e-01
6.948296999999999946e-01 4.749226399999999870e+01 1.556707613118680777e-01
6.995725999999999889e-01 4.712001300000000015e+01 1.547307066519357788e-01
7.043154999999999832e-01 4.699396800000000951e+01 1.541984251521895388e-01
7.090583000000000302e-01 4.702552000000000731e+01 1.539240268808180490e-01
7.138012000000000246e-01 4.647369799999999884e+01 1.526959501109931283e-01
7.185441000000000189e-01 4.629205199999999820e+01 1.520797381210537702e-01
7.232868999999999549e-01 4.607267699999999877e+01 1.514050087603174277e-01
7.280297999999999492e-01 4.601083300000000520e+01 1.509888872874073362e-01
7.327727000000000546e-01 4.578011199999999548e+01 1.502976475881372675e-01
7.375154999999999905e-01 4.557556099999999333e+01 1.496542364468914643e-01
7.422583999999999849e-01 4.532461500000000143e+01 1.489376473089366049e-01
7.470012999999999792e-01 4.516296600000000439e+01 1.483680403982269302e-01
7.517441000000000262e-01 4.515092400000000339e+01 1.480455204679601289e-01
7.564870000000000205e-01 4.481690400000000096e+01 1.471993470666140558e-01
7.612299000000000149e-01 4.463971899999999948e+01 1.466135097727136460e-01
7.659726999999999508e-01 4.428044899999999018e+01 1.457287480507206134e-01
7.707155999999999452e-01 4.438295899999999961e+01 1.456041965057223164e-01
7.754585000000000505e-01 4.425280199999999553e+01 1.451023476983363536e-01
7.802012999999999865e-01 4.371617099999998857e+01 1.440771421398908125e-01
7.849441999999999808e-01 4.374278499999999781e+01 1.437860014147472332e-01
7.896870000000000278e-01 4.357702099999998779e+01 1.431368225079685808e-01
7.944299000000000222e-01 4.330314099999999655e+01 1.424072565640087107e-01
7.991728000000000165e-01 4.304487399999999298e+01 1.417057817606268144e-01
8.039155999999999525e-01 4.309768799999999089e+01 1.415164423889796741e-01
8.086584999999999468e-01 4.269498599999999300e+01 1.405790058807843412e-01
8.134014000000000522e-01 4.256418699999999689e+01 1.400928135646029582e-01
8.181441999999999881e-01 4.237452199999999891e+01 1.396177527057615997e-01
8.228870999999999825e-01 4.202957299999999918e+01 1.386823476219280760e-01
8.276299999999999768e-01 4.198913699999999949e+01 1.383437316311172949e-01
8.323728000000000238e-01 4.165850799999999765e+01 1.375358384753192220e-01
8.371157000000000181e-01 4.175043300000000102e+01 1.374276937427660328e-01
8.418586000000000125e-01 4.134936500000000592e+01 1.365073922935091388e-01
8.466013999999999484e-01 4.135065900000000028e+01 1.362507305756736065e-01
8.513443000000000538e-01 4.114948199999999900e+01 1.356643688960645910e-01
8.560872000000000481e-01 4.122252299999999536e+01 1.355319458740348038e-01
8.608299999999999841e-01 4.102601199999999437e+01 1.349565595153559006e-01
8.655728999999999784e-01 4.106069600000000719e+01 1.347614413782948495e-01
8.703157999999999728e-01 4.069828700000000055e+01 1.339175816696157317e-01
8.750586000000000197e-01 4.046677499999999839e+01 1.332908188423144735e-01
8.798015000000000141e-01 4.023805500000000279e+01 1.326695766062724879e-01
8.845442999999999500e-01 3.998686999999999614e+01 1.320114533264413192e-01
8.892872000000000554e-01 3.999661899999999548e+01 1.317866829747854074e-01
8.940301000000000498e-01 3.995409500000000236e+01 1.314782512541435300e-01
8.987728999999999857e-01 3.960669500000000198e+01 1.306684039445102363e-01
9.035157999999999801e-01 3.940380499999999842e+01 1.300963943515072996e-01
9.082586999999999744e-01 3.942387399999999786e+01 1.298958856308397580e-01
9.130015000000000214e-01 3.908327099999999632e+01 1.291024468331239683e-01
9.177444000000000157e-01 3.884985899999999504e+01 1.284866771495134508e-01
9.224873000000000101e-01 3.884479400000000027e+01 1.282481859471832908e-01
9.272300999999999460e-01 3.861885299999999432e+01 1.276478406743968286e-01
9.319730000000000514e-01 3.854044600000000997e+01 1.272934377801428485e-01
9.367159000000000457e-01 3.844636799999999965e+01 1.269142337038442481e-01
9.414586999999999817e-01 3.849021399999999460e+01 1.267621135063493609e-01
9.462015999999999760e-01 3.845339500000000044e+01 1.264796453297881429e-01
9.509444999999999704e-01 3.803673799999999972e+01 1.255740272339013752e-01
9.556873000000000173e-01 3.781339599999999734e+01 1.249873174925644204e-01
9.604302000000000117e-01 3.765419900000000553e+01 1.245064368410633560e-01
9.651731000000000060e-01 3.758607299999999896e+01 1.241789736053777321e-01
9.699159000000000530e-01 3.752519199999998989e+01 1.238654422958889584e-01
9.746588000000000473e-01 3.734876100000000321e+01 1.233622070562054168e-01
9.794017000000000417e-01 3.726187900000000042e+01 1.230064667976635412e-01
9.841444999999999776e-01 3.697330899999999332e+01 1.223203448622239842e-01
9.888873999999999720e-01 3.690546999999999400e+01 1.220012705685211418e-01
9.936302000000000190e-01 3.697084199999999754e+01 1.219028595382159186e-01
9.983731000000000133e-01 3.686068300000000164e+01 1.215143117126365607e-01
1.003115999999999897e+00 3.665774199999999894e+01 1.209754277030004876e-01
1.007859000000000060e+00 3.656998899999999963e+01 1.206285528521883615e-01
1.012602000000000002e+00 3.653921599999999614e+01 1.203766271870482518e-01
1.017344999999999944e+00 3.622177399999999636e+01 1.196515083192297296e-01
1.022086999999999968e+00 3.614887200000000433e+01 1.193324644932777651e-01
1.026829999999999909e+00 3.599124100000000226e+01 1.188755883215149439e-01
1.031573000000000073e+00 3.600665599999999955e+01 1.187050091777545890e-01
1.036316000000000015e+00 3.578489500000000589e+01 1.181430094426953320e-01
1.041058999999999957e+00 3.583270499999999714e+01 1.180280849667705023e-01
1.045801999999999898e+00 3.564003199999999083e+01 1.175184556172846478e-01
1.050545000000000062e+00 3.526661800000000824e+01 1.167110594979983151e-01
1.055287000000000086e+00 3.520693899999999843e+01 1.164213456438899785e-01
1.060030000000000028e+00 3.516840799999999945e+01 1.161693957630980378e-01
1.064772999999999969e+00 3.516058600000000922e+01 1.159693893036830847e-01
1.069515999999999911e+00 3.510463099999999770e+01 1.156909993789888569e-01
1.074259000000000075e+00 3.483089500000000527e+01 1.150529253394875634e-01
1.079002000000000017e+00 3.481105100000000618e+01 1.148361262584004922e-01
1.083744999999999958e+00 3.480128999999999451e+01 1.146622172821313568e-01
1.088487999999999900e+00 3.475674100000001232e+01 1.144323372776493708e-01
1.093229999999999924e+00 3.455596099999999637e+01 1.138696613803316798e-01
1.097973000000000088e+00 3.442926100000000389e+01 1.134810343608803340e-01
1.102716000000000030e+00 3.427706700000000239e+01 1.130521713764410519e-01
1.107458999999999971e+00 3.425585499999999683e+01 1.128401486685111504e-01
1.112201999999999913e+00 3.410268200000000149e+01 1.124100991721340009e-01
1.116945000000000077e+00 3.396757800000000316e+01 1.120121098557522038e-01
1.121688000000000018e+00 3.386857400000000240e+01 1.116750778317118636e-01
1.126430000000000042e+00 3.385011699999999735e+01 1.114718439612591150e-01
1.131172999999999984e+00 3.383787499999999682e+01 1.112782403758093147e-01
1.135915999999999926e+00 3.370136100000000567e+01 1.108821927267773788e-01
1.140659000000000090e+00 3.353210499999999428e+01 1.104338293614089972e-01
1.145402000000000031e+00 3.351138100000000009e+01 1.102308131369119371e-01
1.150144999999999973e+00 3.338964500000000157e+01 1.098612524063129203e-01
1.154887999999999915e+00 3.324560099999999352e+01 1.094567859260923148e-01
1.159631000000000078e+00 3.332779299999999978e+01 1.094259314312905351e-01
1.164373000000000102e+00 3.308089800000000480e+01 1.088554632819157125e-01
1.169116000000000044e+00 3.300687800000000038e+01 1.086497233110337995e-01
1.173858999999999986e+00 3.298425000000000296e+01 1.084195060008797534e-01
1.178601999999999927e+00 3.284409499999999582e+01 1.079746250227524573e-01
1.183345000000000091e+00 3.271401100000000639e+01 1.075997205369563225e-01
1.188088000000000033e+00 3.286356700000000330e+01 1.076834300460344646e-01
1.192830999999999975e+00 3.277263000000000659e+01 1.073740255675393884e-01
1.197572999999999999e+00 3.261609200000000186e+01 1.069585872331113990e-01
1.202315999999999940e+00 3.251110500000000059e+01 1.066288250628379536e-01
1.207059000000000104e+00 3.263947799999999688e+01 1.070265442033540709e-01
1.211802000000000046e+00 3.242754200000000253e+01 1.101716890366341017e-01
1.216544999999999987e+00 3.225915499999999980e+01 1.121725325690710318e-01
1.221287999999999929e+00 3.218545899999999449e+01 1.137287074096716422e-01
1.226031000000000093e+00 3.222521600000000319e+01 1.152237058185059393e-01
1.230774000000000035e+00 3.202610200000000162e+01 1.161335773360844259e-01
1.235516000000000059e+00 3.192920600000000064e+01 1.171177881313594515e-01
1.240259000000000000e+00 3.190554499999999649e+01 1.181581441272915589e-01
1.245001999999999942e+00 3.162981200000000470e+01 1.186655854003244581e-01
1.249745000000000106e+00 3.167250800000000055e+01 1.197196339400413423e-01
1.254488000000000048e+00 3.160154199999999491e+01 1.205207854497990783e-01
1.259230999999999989e+00 3.159991000000000128e+01 1.211315786181155207e-01
1.263973999999999931e+00 3.159444399999999931e+01 1.214324172633769877e-01
1.268715999999999955e+00 3.140284300000000073e+01 1.213572472104002681e-01
1.273458999999999897e+00 3.158941599999999994e+01 1.197227115621342791e-01
1.278202000000000060e+00 3.170487800000000078e+01 1.155085904473147906e-01
1.282945000000000002e+00 3.166160600000000613e+01 1.132280175074093648e-01
1.287687999999999944e+00 3.151041700000000034e+01 1.113666019299875132e-01
1.292431000000000108e+00 3.126035999999999859e+01 1.096426997371019729e-01
1.297174000000000049e+00 3.132530699999999868e+01 1.086634717539551043e-01
1.301916000000000073e+00 3.114160800000000151e+01 1.073842772473708046e-01
1.306659000000000015e+00 3.098899799999999871e+01 1.062603402390934343e-01
1.311401999999999957e+00 3.099934299999999965e+01 1.054934101153318371e-01
1.316144999999999898e+00 3.108117199999999869e+01 1.049072940931616016e-01
1.320888000000000062e+00 3.091462200000000138e+01 1.041048917820824593e-01
1.325631000000000004e+00 3.076406599999999614e+01 1.035837169339631353e-01
1.330373999999999945e+00 3.080683799999999906e+01 1.034027674383863060e-01
1.335117000000000109e+00 3.046269199999999699e+01 1.025832859604360603e-01
1.339858999999999911e+00 3.062251199999999329e+01 1.026185275618920756e-01
1.344602000000000075e+00 3.050798800000000099e+01 1.022020870413491156e-01
1.349345000000000017e+00 3.052264500000000069e+01 1.020097499897887061e-01
1.354087999999999958e+00 3.046500899999999845e+01 1.017032188159529282e-01
1.358830999999999900e+00 3.038905600000000007e+01 1.013707822536257241e-01
1.363574000000000064e+00 3.041833799999999854e+01 1.012193402381155599e-01
1.368317000000000005e+00 3.032439000000000107e+01 1.008681029318218014e-01
1.373059000000000029e+00 3.013765400000000483e+01 1.003674164680868897e-01
1.377801999999999971e+00 3.006000099999999975e+01 1.000509531654541345e-01
1.382544999999999913e+00 3.008535700000000546e+01 9.990978481203680039e-02
1.387288000000000077e+00 3.009933000000000192e+01 9.975371916015612905e-02
1.392031000000000018e+00 3.007452500000000128e+01 9.953631694643519379e-02
1.396773999999999960e+00 2.995637400000000028e+01 9.916648166828397060e-02
1.401516999999999902e+00 2.978030299999999642e+01 9.870388791321191291e-02
1.406260000000000066e+00 2.977612700000000245e+01 9.852926124140989894e-02
1.411002000000000089e+00 2.993117499999999609e+01 9.861986756427834622e-02
1.415745000000000031e+00 2.976778299999999788e+01 9.818602993901984211e-02
1.420487999999999973e+00 2.961976299999999895e+01 9.778032343018763783e-02
1.425230999999999915e+00 2.955311200000000582e+01 9.751133362508382363e-02
1.429974000000000078e+00 2.948511400000000293e+01 9.724251837133590648e-02
1.434717000000000020e+00 2.954420200000000207e+01 9.718396388429008381e-02
1.439459999999999962e+00 2.967791399999999769e+01 9.724925176726657849e-02
1.444201999999999986e+00 2.952904700000000204e+01 9.685281260520625657e-02
1.448944999999999927e+00 2.943479599999999863e+01 9.654809109895803876e-02
1.453688000000000091e+00 2.930442799999999437e+01 9.618493474200988380e-02
1.458431000000000033e+00 2.942332799999999793e+01 9.623181603717193000e-02
1.463173999999999975e+00 2.930029200000000245e+01 9.590987135589902624e-02
1.467916999999999916e+00 2.908633699999999678e+01 9.541710005155050467e-02
1.472660000000000080e+00 2.911683899999999880e+01 9.529678069231509174e-02
1.477402000000000104e+00 2.898651600000000172e+01 9.494142186535546590e-02
1.482145000000000046e+00 2.923134900000000158e+01 9.520066760558877628e-02
1.486887999999999987e+00 2.922249299999999650e+01 9.504686361310245302e-02
1.491630999999999929e+00 2.897834300000000241e+01 9.451037495340709749e-02
1.496374000000000093e+00 2.889031800000000061e+01 9.422911794177266098e-02
1.501117000000000035e+00 2.895756500000000599e+01 9.425041002576380056e-02
1.505859999999999976e+00 2.898049299999999562e+01 9.597414784999604154e-02
1.510602999999999918e+00 2.896147799999999961e+01 9.864129058414837503e-02
1.515344999999999942e+00 2.898460299999999279e+01 1.003157815569160755e-01
1.520088000000000106e+00 2.886404300000000234e+01 1.014259408320844769e-01
1.524831000000000047e+00 2.863682500000000530e+01 1.021723454604111653e-01
1.529573999999999989e+00 2.869408899999999818e+01 1.030795039691349002e-01
1.534316999999999931e+00 2.904414100000000332e+01 1.008236517438909213e-01
1.539060000000000095e+00 2.888482499999999575e+01 9.898624654539084355e-02
1.543803000000000036e+00 2.866270499999999544e+01 9.756500009852507593e-02
1.548545000000000060e+00 2.863396000000000186e+01 9.649770346985933611e-02
1.553288000000000002e+00 2.854300200000000132e+01 9.548937095353754456e-02
1.558030999999999944e+00 2.851628499999999988e+01 9.464076229721418709e-02
1.562774000000000107e+00 2.852029200000000131e+01 9.370001498604309254e-02
1.567517000000000049e+00 2.834373100000000179e+01 9.254996948092744646e-02
1.572259999999999991e+00 2.829580399999999685e+01 9.192956650960235065e-02
1.577002999999999933e+00 2.835013799999999762e+01 9.165612922601301671e-02
1.581746000000000096e+00 2.839262200000000647e+01 9.154771937367801871e-02
1.586487999999999898e+00 2.819297500000000056e+01 9.124926557593052157e-02
1.591231000000000062e+00 2.815098100000000159e+01 9.129800722382279410e-02
1.595974000000000004e+00 2.813546799999999593e+01 9.138540528112572281e-02
1.600716999999999945e+00 2.799812899999999871e+01 9.124145985450801688e-02
1.605460000000000109e+00 2.809610200000000191e+01 9.128225343342319387e-02
1.610203000000000051e+00 2.821323200000000497e+01 9.131942567024224633e-02
1.614945999999999993e+00 2.804792899999999989e+01 9.090290399034950397e-02
1.619688000000000017e+00 2.795171500000000009e+01 9.060150794664181828e-02
1.624430999999999958e+00 2.803567400000000021e+01 9.059416563194784555e-02
1.629173999999999900e+00 2.801513699999999929e+01 9.041974750416305329e-02
1.633917000000000064e+00 2.802656299999999945e+01 9.029978341091191019e-02
1.638660000000000005e+00 2.803157800000000321e+01 9.017140963932858411e-02
1.643402999999999947e+00 2.790798300000000154e+01 8.983802698897777606e-02
1.648146000000000111e+00 2.786862099999999742e+01 8.964157760740493197e-02
1.652889000000000053e+00 2.787034600000000140e+01 8.951338455711636832e-02
1.657631000000000077e+00 2.791365399999999752e+01 8.945375508282085719e-02
1.662374000000000018e+00 2.772836099999999959e+01 8.902843008904572086e-02
1.667116999999999960e+00 2.778904499999999800e+01 8.899896013858196731e-02
1.671859999999999902e+00 2.766935400000000556e+01 8.868213643855339667e-02
1.676603000000000065e+00 2.759104700000000321e+01 8.843335347759069542e-02
1.681346000000000007e+00 2.762018899999999988e+01 8.835738209310357860e-02
1.686088999999999949e+00 2.752304799999999929e+01 8.808024102646234976e-02
1.690830999999999973e+00 2.766163799999999995e+01 8.818140766014512244e-02
1.695573999999999915e+00 2.759484900000000351e+01 8.795580984735232311e-02
1.700317000000000078e+00 2.759609999999999985e+01 8.783924436020894289e-02
1.705060000000000020e+00 2.757085900000000578e+01 8.768137640098380703e-02
1.709802999999999962e+00 2.733572200000000407e+01 8.719064361259756812e-02
1.714545999999999903e+00 2.740487900000000110e+01 8.718600935551587550e-02
1.719289000000000067e+00 2.743119000000000440e+01 8.711314853772132716e-02
1.724031000000000091e+00 2.742875000000000085e+01 8.699510052769926505e-02
1.728774000000000033e+00 2.734772600000000153e+01 8.675373145528150753e-02
1.733516999999999975e+00 2.736585800000000290e+01 8.667078557112598003e-02
1.738259999999999916e+00 2.722191199999999611e+01 8.633137339779438368e-02
1.743003000000000080e+00 2.713667399999999930e+01 8.608538648225841361e-02
1.747746000000000022e+00 2.714397299999999902e+01 8.598763484482811748e-02
1.752488999999999963e+00 2.713588899999999882e+01 8.586623564606929437e-02
1.757231999999999905e+00 2.711053799999999825e+01 8.571782471467821740e-02
1.761973999999999929e+00 2.706663899999999856e+01 8.554059823908820304e-02
1.766717000000000093e+00 2.733430399999999594e+01 8.585529370981384578e-02
1.771460000000000035e+00 2.713940999999999804e+01 8.544245136943404151e-02
1.776202999999999976e+00 2.699461699999999809e+01 8.514691653380526692e-02
1.780945999999999918e+00 2.704878800000000183e+01 8.512958625106020749e-02
1.785689000000000082e+00 2.700887199999999666e+01 8.492149970092731370e-02
1.790432000000000023e+00 2.693029199999999790e+01 8.469445315247806083e-02
1.795174000000000047e+00 2.705409300000000172e+01 8.478547156262326856e-02
1.799916999999999989e+00 2.684858500000000348e+01 8.435986980904368326e-02
1.804659999999999931e+00 2.695141499999999724e+01 8.441941138489712781e-02
1.809403000000000095e+00 2.697755700000000090e+01 8.435888330381988154e-02
1.814146000000000036e+00 2.686593599999999782e+01 8.408321955755856947e-02
1.818888999999999978e+00 2.698193699999999851e+01 8.416358577960422749e-02
1.823631999999999920e+00 2.690660700000000105e+01 8.394590798617999894e-02
1.828375000000000083e+00 2.700523999999999702e+01 8.400013943063845689e-02
1.833117000000000107e+00 2.683301099999999906e+01 8.363277757542254831e-02
1.837860000000000049e+00 2.681799200000000383e+01 8.351065657887740690e-02
1.842602999999999991e+00 2.667150199999999671e+01 8.318440565184256896e-02
1.847345999999999933e+00 2.675235899999999489e+01 8.321324046162305310e-02
1.852089000000000096e+00 2.670936400000000077e+01 8.311781329662132345e-02
1.856832000000000038e+00 2.676212199999999797e+01 8.304036826585609044e-02
1.861574999999999980e+00 2.670188999999999879e+01 8.284488375323245668e-02
1.866317000000000004e+00 2.671008700000000502e+01 8.276210362558034106e-02
1.871059999999999945e+00 2.661589000000000027e+01 8.252102955859311195e-02
1.875803000000000109e+00 2.654770900000000466e+01 8.232026849411025471e-02
1.880546000000000051e+00 2.664039500000000160e+01 8.236949356938647049e-02
1.885288999999999993e+00 2.653296700000000286e+01 8.210989331867261931e-02
1.890031999999999934e+00 2.645165999999999684e+01 8.189084213625355546e-02
1.894775000000000098e+00 2.659098199999999679e+01 8.201255053159059449e-02
1.899516999999999900e+00 2.656162299999999732e+01 8.187489122556437793e-02
1.904260000000000064e+00 2.652883200000000130e+01 8.173215548882825643e-02
1.909003000000000005e+00 2.652268200000000320e+01 8.163119393821151315e-02
1.913745999999999947e+00 2.654719000000000051e+01 8.157689978511808993e-02
1.918489000000000111e+00 2.645815099999999731e+01 8.134913907357409213e-02
1.923232000000000053e+00 2.644160099999999858e+01 8.123336940749595336e-02
1.927974999999999994e+00 2.651130100000000311e+01 8.124781231805752735e-02
1.932717999999999936e+00 2.636539800000000611e+01 8.087031098913247118e-02
1.937459999999999960e+00 2.645013199999999642e+01 8.081127796638040706e-02
1.942202999999999902e+00 2.638580299999999923e+01 8.049290814646033188e-02
1.946946000000000065e+00 2.629567899999999980e+01 8.016004761164316483e-02
1.951689000000000007e+00 2.627024400000000171e+01 7.996329525939512017e-02
1.956431999999999949e+00 2.632485399999999842e+01 7.996008478922905782e-02
1.961174999999999891e+00 2.619238599999999906e+01 7.967473362462719477e-02
1.965918000000000054e+00 2.629781300000000144e+01 7.975207346959325982e-02
1.970660000000000078e+00 2.610300399999999854e+01 7.941871478713564969e-02
1.975403000000000020e+00 2.612154400000000720e+01 7.942561486959544281e-02
1.980145999999999962e+00 2.626758000000000237e+01 7.966918588919871813e-02
1.984888999999999903e+00 2.617959800000000570e+01 7.955672399672827910e-02
1.989632000000000067e+00 2.618500599999999778e+01 7.958587246775333801e-02
1.994375000000000009e+00 2.623087000000000302e+01 7.962639189093337344e-02
1.999117999999999951e+00 2.616845900000000213e+01 7.941723923518431705e-02
2.003861000000000114e+00 2.608547499999999530e+01 7.920701845240546435e-02
2.008602999999999916e+00 2.632186200000000298e+01 7.948020725860496793e-02
2.013345999999999858e+00 2.634352700000000169e+01 8.013391260283377060e-02
2.018088999999999800e+00 2.620423799999999659e+01 8.225399957886425639e-02
2.022832000000000185e+00 2.611149400000000043e+01 8.346733529056980794e-02
2.027575000000000127e+00 2.608150200000000041e+01 8.447440983948630022e-02
2.032318000000000069e+00 2.594534699999999816e+01 8.515694421765143685e-02
2.037061000000000011e+00 2.598965700000000112e+01 8.604091011520507981e-02
2.041802999999999813e+00 2.589163099999999673e+01 8.660621271036852975e-02
2.046546000000000198e+00 2.604600100000000040e+01 8.726108725515227538e-02
2.051289000000000140e+00 2.590803200000000217e+01 8.729707096369099251e-02
2.056032000000000082e+00 2.591725400000000334e+01 8.756006328643098358e-02
2.060775000000000023e+00 2.578054300000000154e+01 8.755962704133621322e-02
2.065517999999999965e+00 2.590004599999999613e+01 8.797920837630501811e-02
2.070260999999999907e+00 2.584168900000000235e+01 8.808509739881258127e-02
2.075003000000000153e+00 2.586233500000000163e+01 8.831482248502682542e-02
2.079746000000000095e+00 2.604565000000000197e+01 8.649754101692774810e-02
2.084489000000000036e+00 2.593266600000000111e+01 8.411712135328812401e-02
2.089231999999999978e+00 2.594695000000000462e+01 8.293700153705220457e-02
2.093974999999999920e+00 2.592817800000000261e+01 8.199817409580655025e-02
2.098717999999999861e+00 2.587497900000000328e+01 8.116594333218088431e-02
2.103460999999999803e+00 2.584449400000000452e+01 8.047385474243172465e-02
2.108204000000000189e+00 2.592207900000000365e+01 8.014658348868340665e-02
2.112945999999999991e+00 2.573468199999999939e+01 7.964397129366541928e-02
2.117688999999999933e+00 2.586621699999999890e+01 7.965414536115431043e-02
2.122431999999999874e+00 2.589333000000000240e+01 7.951537389772621311e-02
2.127174999999999816e+00 2.581445400000000134e+01 7.922589826751225139e-02
2.131918000000000202e+00 2.577752900000000480e+01 7.901006233167584547e-02
2.136661000000000143e+00 2.581352199999999897e+01 7.891376043584731603e-02
2.141404000000000085e+00 2.568493099999999885e+01 7.857204893667658896e-02
2.146145999999999887e+00 2.575091700000000472e+01 7.853402051791438798e-02
2.150888999999999829e+00 2.569858199999999826e+01 7.832023826535641775e-02
2.155632000000000215e+00 2.569751299999999716e+01 7.818955742813485377e-02
2.160375000000000156e+00 2.561057600000000178e+01 7.793164984258320327e-02
2.165118000000000098e+00 2.559498199999999812e+01 7.778614007495486538e-02
2.169861000000000040e+00 2.565342899999999915e+01 7.775639588828046900e-02
2.174603999999999981e+00 2.571072099999999949e+01 7.772725619958999188e-02
2.179346999999999923e+00 2.565962400000000088e+01 7.753639531183727229e-02
2.184089000000000169e+00 2.569858699999999629e+01 7.748441858968098395e-02
2.188832000000000111e+00 2.555705300000000335e+01 7.716251915642659276e-02
2.193575000000000053e+00 2.567452999999999719e+01 7.723296334748912251e-02
2.198317999999999994e+00 2.555726399999999643e+01 7.695147722471154528e-02
2.203060999999999936e+00 2.558120800000000017e+01 7.688441170671594938e-02
2.207803999999999878e+00 2.564977099999999766e+01 7.688623890532622629e-02
2.212546999999999819e+00 2.551352400000000031e+01 7.658232672507410410e-02
2.217289000000000065e+00 2.552272500000000122e+01 7.649754692666491107e-02
2.222032000000000007e+00 2.560677499999999185e+01 7.652624980199343452e-02
2.226774999999999949e+00 2.553852000000000189e+01 7.632846290322503613e-02
2.231517999999999891e+00 2.564889600000000058e+01 7.639850541024019448e-02
2.236260999999999832e+00 2.557573700000000017e+01 7.619557492097227269e-02
2.241004000000000218e+00 2.554631700000000194e+01 7.605932424140973702e-02
2.245747000000000160e+00 2.553632899999999495e+01 7.595318265742062591e-02
2.250490000000000101e+00 2.557495600000000024e+01 7.592018529107130709e-02
2.255231999999999903e+00 2.541977199999999826e+01 7.559979223757959388e-02
2.259974999999999845e+00 2.545050299999999766e+01 7.555684851695444737e-02
2.264717999999999787e+00 2.548383499999999557e+01 7.551868569880502979e-02
2.269461000000000173e+00 2.547318999999999889e+01 7.541598312710576235e-02
2.274204000000000114e+00 2.544506900000000016e+01 7.528782825859967054e-02
2.278947000000000056e+00 2.540553799999999995e+01 7.514381625766554385e-02
2.283689999999999998e+00 2.548261099999999857e+01 7.517303426099813946e-02
2.288431999999999800e+00 2.541530200000000050e+01 7.498986199222065774e-02
2.293175000000000185e+00 2.536471800000000343e+01 7.483149015700876761e-02
2.297918000000000127e+00 2.531508000000000180e+01 7.467558886662628570e-02
2.302661000000000069e+00 2.535493299999999905e+01 7.465223759943437343e-02
2.307404000000000011e+00 2.529566399999999504e+01 7.448377222479606041e-02
2.312146999999999952e+00 2.541064699999999732e+01 7.457140918421080455e-02
2.316889999999999894e+00 2.538557899999999989e+01 7.445401514042945812e-02
2.321632000000000140e+00 2.541423999999999950e+01 7.441630380112276844e-02
2.326375000000000082e+00 2.537385499999999894e+01 7.427786191771676427e-02
2.331118000000000023e+00 2.538415499999999625e+01 7.421368488930460416e-02
2.335860999999999965e+00 2.545149799999999729e+01 7.423359346085638133e-02
2.340603999999999907e+00 2.531109600000000270e+01 7.395057667681841085e-02
2.345346999999999849e+00 2.539160999999999646e+01 7.399090180049502918e-02
2.350089999999999790e+00 2.533712200000000081e+01 7.383423097670957502e-02
2.354833000000000176e+00 2.521706499999999807e+01 7.358253476988951824e-02
2.359574999999999978e+00 2.541625200000000362e+01 7.379650854911701252e-02
2.364317999999999920e+00 2.531008699999999934e+01 7.356646709352773761e-02
2.369060999999999861e+00 2.527073599999999942e+01 7.343394548901073515e-02
2.373803999999999803e+00 2.524838300000000402e+01 7.332675171621745591e-02
2.378547000000000189e+00 2.528319899999999976e+01 7.330261307573147922e-02
2.383290000000000131e+00 2.526714399999999472e+01 7.320550907096814996e-02
2.388033000000000072e+00 2.519965599999999739e+01 7.303380454468738625e-02
2.392774999999999874e+00 2.524413200000000046e+01 7.302490783506473959e-02
2.397517999999999816e+00 2.526898100000000369e+01 7.298797310955826290e-02
2.402261000000000202e+00 2.529437000000000424e+01 7.295221930212404671e-02
2.407004000000000143e+00 2.526174400000000020e+01 7.283252364564062054e-02
2.411747000000000085e+00 2.522325700000000026e+01 7.270531261545953861e-02
2.416490000000000027e+00 2.514741599999999977e+01 7.252461457091378960e-02
2.421232999999999969e+00 2.513186999999999927e+01 7.243119723381699626e-02
2.425975999999999910e+00 2.514207599999999587e+01 7.237471532507536165e-02
2.430718000000000156e+00 2.514658499999999819e+01 7.231061684280462587e-02
2.435461000000000098e+00 2.525113800000000452e+01 7.239094940065228523e-02
2.440204000000000040e+00 2.522280899999999804e+01 7.230580161770769343e-02
2.444946999999999981e+00 2.506852900000000162e+01 7.198925253249126299e-02
2.449689999999999923e+00 2.514325499999999991e+01 7.202689416294513758e-02
2.454432999999999865e+00 2.517234300000000147e+01 7.199965688977066902e-02
2.459175999999999807e+00 2.517013499999999837e+01 7.192797604914100140e-02
2.463918000000000053e+00 2.514720200000000006e+01 7.182633220291843867e-02
2.468660999999999994e+00 2.516469299999999976e+01 7.178319440579947197e-02
2.473403999999999936e+00 2.512936799999999948e+01 7.166487174939406568e-02
2.478146999999999878e+00 2.519453599999999938e+01 7.169013169318773360e-02
2.482889999999999819e+00 2.509065000000000012e+01 7.147476934636096124e-02
2.487633000000000205e+00 2.498634500000000003e+01 7.125911962508309216e-02
2.492376000000000147e+00 2.500886600000000470e+01 7.122456622831971340e-02
2.497117999999999949e+00 2.522852900000000176e+01 7.147000017733244615e-02
2.501860999999999891e+00 2.501751999999999754e+01 7.110418534487895903e-02
2.506603999999999832e+00 2.508511400000000080e+01 7.113419881104798836e-02
2.511347000000000218e+00 2.510470500000000271e+01 7.109458061316768773e-02
2.516090000000000160e+00 2.504684000000000310e+01 7.089249708760511637e-02
2.520833000000000101e+00 2.510651199999999861e+01 7.083151383195547546e-02
2.525576000000000043e+00 2.508944600000000236e+01 7.066352065161840557e-02
2.530318999999999985e+00 2.515954699999999633e+01 7.064625002973265455e-02
2.535060999999999787e+00 2.504582500000000067e+01 7.042189876644977531e-02
2.539804000000000173e+00 2.495601899999999773e+01 7.023191149137478217e-02
2.544547000000000114e+00 2.500000899999999859e+01 7.023107653035300102e-02
2.549290000000000056e+00 2.495119799999999444e+01 7.009935012216303440e-02
2.554032999999999998e+00 2.510586999999999946e+01 7.025377537298974073e-02
2.558775999999999939e+00 2.506350299999999720e+01 7.013172894657024314e-02
2.563518999999999881e+00 2.497235799999999983e+01 6.994431830953319607e-02
2.568261000000000127e+00 2.495403699999999958e+01 6.991286986321117169e-02
2.573004000000000069e+00 2.506736199999999570e+01 7.008747176320886951e-02
2.577747000000000011e+00 2.494748899999999736e+01 6.993515103641800845e-02
2.582489999999999952e+00 2.502730399999999733e+01 7.002783576813795263e-02
2.587232999999999894e+00 2.496450899999999962e+01 6.987828793910165481e-02
2.591975999999999836e+00 2.494401500000000027e+01 6.978767002165926769e-02
2.596719000000000221e+00 2.502890100000000118e+01 6.984432964171108371e-02
2.601462000000000163e+00 2.502479200000000148e+01 6.977702819287376346e-02
2.606203999999999965e+00 2.504872399999999999e+01 6.974932845726616870e-02
2.610946999999999907e+00 2.507534299999999661e+01 6.972487694453249896e-02
2.615689999999999849e+00 2.509055199999999530e+01 6.968507122795383757e-02
2.620432999999999790e+00 2.505705700000000036e+01 6.957760647253610764e-02
2.625176000000000176e+00 2.501360400000000084e+01 6.945673122121930054e-02
2.629919000000000118e+00 2.499450900000000431e+01 6.936985284124293216e-02
2.634662000000000059e+00 2.499692600000000198e+01 6.932781233012477728e-02
2.639403999999999861e+00 2.496456099999999978e+01 6.923507381801871641e-02
2.644146999999999803e+00 2.498942600000000169e+01 6.918692623796059149e-02
2.648890000000000189e+00 2.501567200000000213e+01 6.915951795257901935e-02
2.653633000000000131e+00 2.491463199999999745e+01 6.897078626822446268e-02
2.658376000000000072e+00 2.480150099999999824e+01 6.875651516425988763e-02
2.663119000000000014e+00 2.495212199999999925e+01 6.889392416349282566e-02
2.667861999999999956e+00 2.492919200000000046e+01 6.880328845451065545e-02
2.672604999999999897e+00 2.491238399999999586e+01 6.872128027515275739e-02
2.677347000000000143e+00 2.494155200000000150e+01 6.870317407270351562e-02
2.682090000000000085e+00 2.487459700000000140e+01 6.855263438304906587e-02
2.686833000000000027e+00 2.498057000000000016e+01 6.864037542558315552e-02
2.691575999999999969e+00 2.489500699999999966e+01 6.846457003401540398e-02
2.696318999999999910e+00 2.497981700000000060e+01 6.852314536976102100e-02
2.701061999999999852e+00 2.501856099999999827e+01 6.851865509666327236e-02
2.705804999999999794e+00 2.500632599999999783e+01 6.844431040197863914e-02
2.710547000000000040e+00 2.499363900000000172e+01 6.836940609605146602e-02
2.715289999999999981e+00 2.493538500000000369e+01 6.823260526717780938e-02
2.720032999999999923e+00 2.491458899999999943e+01 6.814730570286180178e-02
2.724775999999999865e+00 2.491709699999999827e+01 6.809378077710621924e-02
2.729518999999999807e+00 2.494668899999999923e+01 6.807741895132334020e-02
2.734262000000000192e+00 2.494323399999999680e+01 6.801609159678907723e-02
2.739005000000000134e+00 2.494105599999999967e+01 6.795700085950084901e-02
2.743746999999999936e+00 2.501648399999999839e+01 6.800326361745295811e-02
2.748489999999999878e+00 2.488341900000000351e+01 6.776614249502622978e-02
2.753232999999999819e+00 2.495068099999999944e+01 6.780194573149210535e-02
2.757976000000000205e+00 2.495523700000000034e+01 6.775228143571034034e-02
2.762719000000000147e+00 2.487969999999999970e+01 6.759415784447350695e-02
2.767462000000000089e+00 2.488519400000000559e+01 6.754604375796038895e-02
2.772205000000000030e+00 2.488388199999999983e+01 6.748912370815908501e-02
2.776947999999999972e+00 2.486402899999999860e+01 6.740720491735731346e-02
2.781690000000000218e+00 2.491167999999999694e+01 6.741682154437050878e-02
2.786433000000000160e+00 2.499205500000000058e+01 6.747041260923412886e-02
2.791176000000000101e+00 2.502875199999999722e+01 6.746519726914018689e-02
2.795919000000000043e+00 2.498380099999999970e+01 6.735020682717759999e-02
2.800661999999999985e+00 2.497384499999999719e+01 6.729760028045650433e-02
2.805404999999999927e+00 2.490042800000000156e+01 6.713464332466062556e-02
2.810147999999999868e+00 2.479165299999999661e+01 6.696572516917367879e-02
2.814890000000000114e+00 2.511279600000000300e+01 6.735275163075224447e-02
2.819633000000000056e+00 2.514924600000000154e+01 6.865072277196358763e-02
2.824375999999999998e+00 2.497619999999999862e+01 6.985012608176452420e-02
2.829118999999999939e+00 2.498039899999999847e+01 7.075878911885363776e-02
2.833861999999999881e+00 2.497176500000000132e+01 7.148518494386861544e-02
2.838604999999999823e+00 2.477886200000000017e+01 7.183157043408837372e-02
2.843348000000000209e+00 2.481398100000000539e+01 7.218543083315981379e-02
2.848091000000000150e+00 2.487586599999999848e+01 7.249472727112091230e-02
2.852832999999999952e+00 2.493801400000000257e+01 7.279717154611228813e-02
2.857575999999999894e+00 2.481131200000000092e+01 7.280693373186238049e-02
2.862318999999999836e+00 2.493689400000000234e+01 7.317299401382247603e-02
2.867062000000000221e+00 2.490563900000000075e+01 7.329855133808238499e-02
2.871805000000000163e+00 2.484391800000000217e+01 7.336916629667875056e-02
2.876548000000000105e+00 2.478695499999999896e+01 7.343808325008763238e-02
2.881291000000000047e+00 2.479405799999999971e+01 7.325006651777868361e-02
2.886032999999999848e+00 2.503701799999999977e+01 7.150924986630750879e-02
2.890775999999999790e+00 2.500099800000000272e+01 7.033471530304505337e-02
2.895519000000000176e+00 2.485282099999999872e+01 6.936835559847948085e-02
2.900262000000000118e+00 2.489928499999999900e+01 6.883280819956280605e-02
2.905005000000000059e+00 2.490992499999999765e+01 6.847656370241937684e-02
2.909748000000000001e+00 2.485588200000000114e+01 6.822309980578719624e-02
2.914490999999999943e+00 2.484682600000000008e+01 6.805095267272090465e-02
2.919233000000000189e+00 2.478498599999999996e+01 6.782150531978997643e-02
2.923976000000000131e+00 2.485146999999999906e+01 6.777894948159493560e-02
2.928719000000000072e+00 2.491194799999999532e+01 6.773745297302961876e-02
2.933462000000000014e+00 2.474269400000000019e+01 6.739057803638873190e-02
2.938204999999999956e+00 2.478906400000000332e+01 6.734341506227389806e-02
2.942947999999999897e+00 2.486528000000000560e+01 6.734215759990691552e-02
2.947690999999999839e+00 2.496258999999999872e+01 6.737336233990774692e-02
2.952433999999999781e+00 2.491031599999999813e+01 6.721427051601913671e-02
2.957176000000000027e+00 2.474589800000000395e+01 6.690584953301242921e-02
2.961918999999999969e+00 2.488303399999999854e+01 6.698760496025887856e-02
2.966661999999999910e+00 2.483498399999999862e+01 6.683632764828195683e-02
2.971404999999999852e+00 2.482558300000000173e+01 6.673934090377353634e-02
2.976147999999999794e+00 2.481670299999999685e+01 6.664527439460279923e-02
2.980891000000000179e+00 2.476462500000000233e+01 6.649552383587785387e-02
2.985634000000000121e+00 2.479475300000000004e+01 6.645803558433846514e-02
2.990375999999999923e+00 2.483444699999999727e+01 6.645195918862061013e-02
2.995118999999999865e+00 2.478232099999999960e+01 6.629281135620815335e-02
2.999861999999999806e+00 2.473290000000000077e+01 6.615044645607844054e-02
3.004605000000000192e+00 2.478408799999999701e+01 6.614674879284090925e-02
3.009348000000000134e+00 2.482127000000000194e+01 6.612541048159020773e-02
3.014091000000000076e+00 2.481971399999999761e+01 6.607356571217040675e-02
3.018834000000000017e+00 2.492927800000000360e+01 6.612992441982450120e-02
3.023576999999999959e+00 2.495572899999999805e+01 6.609711843932003505e-02
3.028319000000000205e+00 2.476640499999999889e+01 6.577894379854695717e-02
3.033062000000000147e+00 2.488147800000000132e+01 6.586525904569039136e-02
3.037805000000000089e+00 2.483069000000000059e+01 6.573282012720509104e-02
3.042548000000000030e+00 2.472888999999999982e+01 6.553380902795746810e-02
3.047290999999999972e+00 2.491868799999999595e+01 6.572099420517769908e-02
3.052033999999999914e+00 2.488762400000000241e+01 6.561667881937946478e-02
3.056776999999999855e+00 2.477218900000000090e+01 6.540211314788382801e-02
3.061519000000000101e+00 2.475761200000000173e+01 6.532097873502432095e-02
3.066262000000000043e+00 2.480870900000000034e+01 6.532736652133622202e-02
3.071004999999999985e+00 2.485000699999999796e+01 6.533425982972945745e-02
3.075747999999999927e+00 2.488380799999999837e+01 6.532138571367955560e-02
3.080490999999999868e+00 2.476035399999999953e+01 6.509277594396170596e-02
3.085233999999999810e+00 2.477194800000000185e+01 6.503952327234188702e-02
3.089977000000000196e+00 2.483549699999999660e+01 6.508292241312155224e-02
3.094720000000000137e+00 2.478838299999999961e+01 6.494552480784568371e-02
3.099461999999999939e+00 2.480725699999999989e+01 6.491168232906538438e-02
3.104204999999999881e+00 2.483482500000000215e+01 6.489036041200649252e-02
3.108947999999999823e+00 2.480713099999999827e+01 6.479704405692515712e-02
3.113691000000000209e+00 2.473762900000000187e+01 6.464996003483838849e-02
3.118434000000000150e+00 2.478761599999999632e+01 6.465922562542254781e-02
3.123177000000000092e+00 2.484746600000000072e+01 6.468122457862482411e-02
3.127920000000000034e+00 2.478579399999999922e+01 6.454527861722729465e-02
3.132661999999999836e+00 2.481476600000000232e+01 6.452806028366883662e-02
3.137405000000000221e+00 2.468658500000000089e+01 6.430689259312176442e-02
3.142148000000000163e+00 2.470649500000000032e+01 6.427803923039190903e-02
3.146891000000000105e+00 2.471322100000000432e+01 6.424108769714674538e-02
3.151634000000000047e+00 2.480456699999999870e+01 6.430808566193135789e-02
3.156376999999999988e+00 2.477561200000000241e+01 6.420690328796584134e-02
3.161119999999999930e+00 2.483085300000000117e+01 6.422557926602454059e-02
3.165862000000000176e+00 2.470222700000000060e+01 6.405069323239288848e-02
3.170605000000000118e+00 2.478551200000000065e+01 6.408915373080534272e-02
3.175348000000000059e+00 2.474530200000000235e+01 6.395655377006095876e-02
3.180091000000000001e+00 2.473386400000000052e+01 6.388946891305248565e-02
3.184833999999999943e+00 2.484495599999999982e+01 6.398080826750862649e-02
3.189576999999999884e+00 2.485225700000000160e+01 6.393841348560738713e-02
3.194319999999999826e+00 2.471387100000000103e+01 6.369047066339673935e-02
3.199063000000000212e+00 2.482517799999999752e+01 6.371673406468664203e-02
3.203805000000000014e+00 2.475630200000000158e+01 6.351033602635165753e-02
3.208547999999999956e+00 2.485065700000000177e+01 6.355306542507686840e-02
3.213290999999999897e+00 2.482753800000000055e+01 6.347328153652842531e-02
3.218033999999999839e+00 2.473691499999999976e+01 6.330772948368784681e-02
3.222776999999999781e+00 2.474368500000000282e+01 6.326654904707937344e-02
3.227520000000000167e+00 2.476504399999999961e+01 6.324451699544078598e-02
3.232263000000000108e+00 2.487964500000000001e+01 6.334142170656575921e-02
3.237004999999999910e+00 2.481192699999999718e+01 6.320613010441075708e-02
3.241747999999999852e+00 2.477666699999999622e+01 6.311239328115199332e-02
3.246490999999999794e+00 2.474660099999999829e+01 6.302551674179593388e-02
3.251234000000000179e+00 2.476439599999999785e+01 6.301752054219444954e-02
3.255977000000000121e+00 2.477842400000000112e+01 6.305163749980882693e-02
3.260720000000000063e+00 2.485443000000000069e+01 6.316623087099071387e-02
3.265463000000000005e+00 2.491300500000000540e+01 6.321779652797619720e-02
3.270205999999999946e+00 2.482126599999999428e+01 6.305335294431534121e-02
3.274948000000000192e+00 2.473409900000000050e+01 6.289457527569766726e-02
3.279691000000000134e+00 2.474276199999999903e+01 6.285766782174311007e-02
3.284434000000000076e+00 2.486083700000000363e+01 6.295988661344220638e-02
3.289177000000000017e+00 2.484520800000000307e+01 6.289255162365889329e-02
3.293919999999999959e+00 2.478621199999999902e+01 6.277040740315534273e-02
3.298662999999999901e+00 2.471350199999999830e+01 6.263115153197169882e-02
3.303405999999999842e+00 2.466815700000000433e+01 6.252693971759053226e-02
3.308148000000000089e+00 2.473054499999999933e+01 6.255923772707591701e-02
3.312891000000000030e+00 2.477078400000000258e+01 6.256329634779564386e-02
3.317633999999999972e+00 2.477847999999999828e+01 6.252657487151842830e-02
3.322376999999999914e+00 2.483464299999999980e+01 6.255178854697202029e-02
3.327119999999999855e+00 2.470004199999999983e+01 6.235133569874345971e-02
3.331862999999999797e+00 2.484868300000000119e+01 6.247607672258158329e-02
3.336606000000000183e+00 2.477918799999999777e+01 6.234269891774256445e-02
3.341347999999999985e+00 2.489114000000000004e+01 6.243762453406118823e-02
3.346090999999999926e+00 2.480206799999999845e+01 6.228023612536083553e-02
3.350833999999999868e+00 2.474853300000000189e+01 6.216722504943903577e-02
3.355576999999999810e+00 2.471001100000000150e+01 6.207359294131764571e-02
3.360320000000000196e+00 2.468078799999999973e+01 6.199179569632501385e-02
3.365063000000000137e+00 2.467874499999999927e+01 6.194424729559396686e-02
3.369806000000000079e+00 2.472435899999999975e+01 6.195639113690692978e-02
3.374549000000000021e+00 2.481285400000000152e+01 6.202231659553437970e-02
3.379290999999999823e+00 2.495227200000000067e+01 6.284288091638463858e-02
3.384034000000000209e+00 2.479075100000000020e+01 6.410925687177632115e-02
3.388777000000000150e+00 2.482192200000000071e+01 6.499750083682834245e-02
3.393520000000000092e+00 2.475269100000000222e+01 6.557555869754828903e-02
3.398263000000000034e+00 2.465922399999999826e+01 6.584736725392974221e-02
3.403005999999999975e+00 2.472866499999999945e+01 6.611789227049211237e-02
3.407748999999999917e+00 2.489554000000000400e+01 6.630646114257117418e-02
3.412491000000000163e+00 2.470384600000000219e+01 6.608704043154678409e-02
3.417234000000000105e+00 2.472692800000000091e+01 6.629386568342805763e-02
3.421977000000000046e+00 2.473169899999999899e+01 6.646088377733175290e-02
3.426719999999999988e+00 2.473925300000000149e+01 6.660635680247643797e-02
3.431462999999999930e+00 2.467540800000000445e+01 6.665898643569072302e-02
3.436205999999999872e+00 2.471922400000000408e+01 6.686250819842462501e-02
3.440948999999999813e+00 2.468838399999999922e+01 6.694209698699242483e-02
3.445692000000000199e+00 2.481995099999999965e+01 6.725270954671715151e-02
3.450434000000000001e+00 2.471565800000000124e+01 6.720464547390678223e-02
3.455176999999999943e+00 2.473736300000000199e+01 6.734437197990117419e-02
3.459919999999999884e+00 2.471816100000000560e+01 6.742389665652676056e-02
3.464662999999999826e+00 2.480573100000000153e+01 6.764529124342655297e-02
3.469406000000000212e+00 2.474364499999999722e+01 6.765937618842121637e-02
3.474149000000000154e+00 2.468417099999999920e+01 6.767324555406294129e-02
3.478892000000000095e+00 2.470391599999999954e+01 6.779282839663425264e-02
3.483633999999999897e+00 2.476983800000000002e+01 6.797260133979940444e-02
3.488376999999999839e+00 2.471298199999999667e+01 6.798152029832371657e-02
3.493119999999999781e+00 2.470938500000000104e+01 6.806103152429368586e-02
3.497863000000000167e+00 2.473009000000000057e+01 6.817194383778051037e-02
3.502606000000000108e+00 2.469220599999999877e+01 6.819974301153267082e-02
3.507349000000000050e+00 2.459908599999999979e+01 6.814870900758061845e-02
3.512091999999999992e+00 2.475710500000000280e+01 6.844366109619939853e-02
3.516833999999999794e+00 2.479732499999999717e+01 6.857376756984188970e-02
3.521577000000000179e+00 2.473879000000000161e+01 6.856520209018493461e-02
3.526320000000000121e+00 2.467762499999999903e+01 6.855148166656793718e-02
3.531063000000000063e+00 2.476265599999999978e+01 6.873898936207747945e-02
3.535806000000000004e+00 2.475841300000000089e+01 6.880141762180849718e-02
3.540548999999999946e+00 2.475817699999999988e+01 6.886717456406862836e-02
3.545291999999999888e+00 2.474170399999999859e+01 6.890975638705015838e-02
3.550034999999999830e+00 2.469207300000000060e+01 6.890478773464148166e-02
3.554777000000000076e+00 2.476606500000000111e+01 6.907044582824553580e-02
3.559520000000000017e+00 2.471566699999999983e+01 6.906154442704855179e-02
3.564262999999999959e+00 2.474393799999999644e+01 6.916163931505744933e-02
3.569005999999999901e+00 2.475925000000000153e+01 6.925573815159578872e-02
3.573748999999999842e+00 2.480925499999999673e+01 6.940389246775499621e-02
3.578491999999999784e+00 2.472022699999999773e+01 6.930302225809348293e-02
3.583235000000000170e+00 2.475381100000000245e+01 6.940650349224343485e-02
3.587976999999999972e+00 2.471654899999999699e+01 6.938582873906530557e-02
3.592719999999999914e+00 2.461943499999999929e+01 6.919516001773318159e-02
3.597462999999999855e+00 2.473652500000000032e+01 6.929771731584020988e-02
3.602205999999999797e+00 2.474261599999999817e+01 6.924511306473331296e-02
3.606949000000000183e+00 2.471490200000000215e+01 6.914537473377377341e-02
3.611692000000000125e+00 2.475053199999999975e+01 6.918581924574210285e-02
3.616435000000000066e+00 2.472235599999999778e+01 6.921534565221934554e-02
3.621178000000000008e+00 2.489734800000000092e+01 7.029942902230927604e-02
3.625919999999999810e+00 2.487511700000000303e+01 7.278067701725575434e-02
3.630663000000000196e+00 2.480795400000000228e+01 7.409764175108138340e-02
3.635406000000000137e+00 2.467655600000000149e+01 7.495580302445567500e-02
3.640149000000000079e+00 2.459858700000000198e+01 7.561321800075632149e-02
3.644892000000000021e+00 2.469696400000000125e+01 7.628226342387789405e-02
3.649634999999999962e+00 2.473539400000000299e+01 7.683409207415285713e-02
3.654377999999999904e+00 2.465038600000000102e+01 7.712802315435421385e-02
3.659120000000000150e+00 2.476883299999999721e+01 7.774477422727008036e-02
3.663863000000000092e+00 2.466703599999999952e+01 7.799983584163623640e-02
3.668606000000000034e+00 2.464871699999999777e+01 7.837225417342606748e-02
3.673348999999999975e+00 2.467900499999999653e+01 7.881119040900727568e-02
3.678091999999999917e+00 2.461515299999999939e+01 7.909043195128598325e-02
3.682834999999999859e+00 2.463308099999999712e+01 7.949268540875883970e-02
3.687577999999999800e+00 2.451354399999999956e+01 7.966480739345133122e-02
3.692321000000000186e+00 2.455278799999999961e+01 8.008867552602927375e-02
3.697062999999999988e+00 2.466981299999999777e+01 8.063445383251131859e-02
3.701805999999999930e+00 2.472831399999999746e+01 8.108107521222324143e-02
3.706548999999999872e+00 2.472811199999999943e+01 8.142801484074384255e-02
3.711291999999999813e+00 2.485377700000000090e+01 8.197864340625002355e-02
3.716035000000000199e+00 2.458986200000000366e+01 8.188112803746905310e-02
3.720778000000000141e+00 2.469546300000000372e+01 8.239346051628429479e-02
3.725521000000000083e+00 2.478000099999999861e+01 8.286887825164342136e-02
3.730262999999999884e+00 2.469137799999999672e+01 8.305286401849366895e-02
3.735005999999999826e+00 2.476749399999999923e+01 8.351036484760319956e-02
3.739749000000000212e+00 2.484855900000000162e+01 8.397604386082677119e-02
3.744492000000000154e+00 2.457721099999999836e+01 8.384157557912362557e-02
3.749235000000000095e+00 2.471397999999999939e+01 8.439922911480293721e-02
3.753978000000000037e+00 2.468257100000000293e+01 8.466923153637689881e-02
3.758720999999999979e+00 2.475787999999999656e+01 8.512064889404626078e-02
3.763462999999999781e+00 2.468123999999999540e+01 8.531014253922743207e-02
3.768206000000000166e+00 2.458855600000000052e+01 8.546933856870601864e-02
3.772949000000000108e+00 2.473512099999999947e+01 8.604358730621765317e-02
3.777692000000000050e+00 2.472012200000000348e+01 8.633630164518515948e-02
3.782434999999999992e+00 2.458716400000000135e+01 8.642132446615996555e-02
3.787177999999999933e+00 2.471795399999999887e+01 8.696903398633619442e-02
3.791920999999999875e+00 2.453075300000000070e+01 8.695594998285510746e-02
3.796663999999999817e+00 2.461182299999999756e+01 8.741601058312259420e-02
3.801406000000000063e+00 2.467357700000000165e+01 8.784312896815435479e-02
3.806149000000000004e+00 2.461286800000000241e+01 8.805144559214798938e-02
3.810891999999999946e+00 2.470273899999999756e+01 8.852934724531406896e-02
3.815634999999999888e+00 2.467515399999999914e+01 8.879643470690193330e-02
3.820377999999999830e+00 2.462314900000000151e+01 8.901989536574955730e-02
3.825121000000000215e+00 2.458759999999999835e+01 8.927223472182939379e-02
3.829864000000000157e+00 2.477921300000000215e+01 8.993806424974411240e-02
3.834605999999999959e+00 2.469808000000000092e+01 9.010855346130855481e-02
3.839348999999999901e+00 2.463770299999999480e+01 9.031730474231391970e-02
3.844091999999999842e+00 2.458661299999999628e+01 9.054162432410244044e-02
3.848834999999999784e+00 2.469832400000000305e+01 9.106943933997947715e-02
3.853578000000000170e+00 2.466529899999999742e+01 9.137698903610963486e-02
3.858321000000000112e+00 2.474655899999999775e+01 9.179688100796888628e-02
3.863064000000000053e+00 2.455939799999999806e+01 9.177009548776114689e-02
3.867806999999999995e+00 2.467267999999999972e+01 9.230419191114885846e-02
3.872548999999999797e+00 2.468502399999999852e+01 9.264987289127871173e-02
3.877292000000000183e+00 2.460551500000000402e+01 9.282374479787215693e-02
3.882035000000000124e+00 2.470549000000000106e+01 9.333739404789004324e-02
3.886778000000000066e+00 2.460452700000000092e+01 9.347145459669224665e-02
3.891521000000000008e+00 2.465241200000000177e+01 9.388871418842789640e-02
3.896263999999999950e+00 2.474079599999999957e+01 9.438467051656534990e-02
3.901006999999999891e+00 2.472661199999999582e+01 9.468601879538604549e-02
3.905749000000000137e+00 2.458846400000000187e+01 9.475108244359269072e-02
3.910492000000000079e+00 2.450358299999999900e+01 9.491722055576953809e-02
3.915235000000000021e+00 2.467107999999999990e+01 9.557308946594642030e-02
3.919977999999999962e+00 2.468180600000000169e+01 9.588558083290624201e-02
3.924720999999999904e+00 2.475475099999999529e+01 9.611227253012594174e-02
3.929463999999999846e+00 2.482867699999999900e+01 9.632951800031130940e-02
3.934206999999999788e+00 2.462239599999999839e+01 9.605475731966948982e-02
3.938949000000000034e+00 2.450326999999999700e+01 9.592706044368190521e-02
3.943691999999999975e+00 2.461544300000000263e+01 9.625017357247206418e-02
3.948434999999999917e+00 2.465084900000000090e+01 9.642264304258570118e-02
3.953177999999999859e+00 2.466394899999999524e+01 9.657838206336602505e-02
3.957920999999999800e+00 2.457818300000000278e+01 9.658039234448523302e-02
3.962664000000000186e+00 2.451239199999999840e+01 9.645968644891658728e-02
3.967407000000000128e+00 2.476028999999999769e+01 9.719604733163175747e-02
3.972150000000000070e+00 2.468143900000000102e+01 9.736843895138660998e-02
3.976891999999999872e+00 2.468251499999999865e+01 9.769891086719237339e-02
3.981634999999999813e+00 2.467469100000000282e+01 9.801340331103650105e-02
3.986378000000000199e+00 2.471143299999999954e+01 9.841822111319022126e-02
3.991121000000000141e+00 2.465413000000000210e+01 9.863687752763314331e-02
3.995864000000000082e+00 2.459762899999999775e+01 9.885856703889046859e-02
4.000606999999999580e+00 2.458517300000000105e+01 9.916907186836881882e-02
4.005349999999999966e+00 2.457190600000000202e+01 9.948006086921741542e-02
4.010092000000000212e+00 2.452771899999999761e+01 9.972959142219174622e-02
4.014834999999999710e+00 2.475745199999999713e+01 1.005382755747461498e-01
4.019578000000000095e+00 2.474781000000000120e+01 1.008629618362439223e-01
4.024320999999999593e+00 2.475396900000000144e+01 1.012209166060310944e-01
4.029063999999999979e+00 2.464026399999999484e+01 1.013357908672513352e-01
4.033807000000000365e+00 2.469740399999999880e+01 1.018027760670046772e-01
4.038549999999999862e+00 2.456024300000000338e+01 1.018706723737568265e-01
4.043293000000000248e+00 2.477382200000000267e+01 1.026666528397843503e-01
4.048034999999999606e+00 2.460612900000000280e+01 1.026738759445439408e-01
4.052777999999999992e+00 2.458900499999999667e+01 1.029954276304846372e-01
4.057521000000000377e+00 2.458819299999999686e+01 1.033527529849185972e-01
4.062263999999999875e+00 2.465464300000000009e+01 1.038544743564464856e-01
4.067007000000000261e+00 2.472151099999999957e+01 1.043600310394190156e-01
4.071749999999999758e+00 2.479986399999999946e+01 1.048930352699034146e-01
4.076493000000000144e+00 2.469010100000000207e+01 1.050295457714780223e-01
4.081235000000000390e+00 2.458765700000000010e+01 1.051817419750790406e-01
4.085977999999999888e+00 2.453806400000000210e+01 1.054491328296449232e-01
4.090721000000000274e+00 2.473204299999999733e+01 1.062416460417872355e-01
4.095463999999999771e+00 2.476738399999999984e+01 1.066969280014274934e-01
4.100207000000000157e+00 2.485440000000000182e+01 1.072668170517122183e-01
4.104949999999999655e+00 2.462454299999999918e+01 1.071545872898038987e-01
4.109693000000000040e+00 2.455514299999999750e+01 1.073887141021871994e-01
4.114436000000000426e+00 2.461964100000000144e+01 1.079183765019692959e-01
4.119177999999999784e+00 2.458379899999999907e+01 1.082319500305672227e-01
4.123921000000000170e+00 2.471522600000000125e+01 1.089158206307339061e-01
4.128663999999999668e+00 2.455115100000000083e+01 1.089512935736680621e-01
4.133407000000000053e+00 2.465264199999999661e+01 1.095775484312876830e-01
4.138150000000000439e+00 2.469318900000000028e+01 1.100713931650753458e-01
4.142892999999999937e+00 2.476847100000000168e+01 1.106468533500135354e-01
4.147636000000000323e+00 2.475652299999999784e+01 1.110304048142687766e-01
4.152377999999999680e+00 2.475805000000000433e+01 1.114484584169624232e-01
4.157121000000000066e+00 2.456886000000000081e+01 1.114370336942674677e-01
4.161863999999999564e+00 2.474227499999999935e+01 1.122501255000443177e-01
4.166606999999999950e+00 2.476670800000000128e+01 1.127295163769990588e-01
4.171350000000000335e+00 2.476518000000000086e+01 1.131529374397394899e-01
4.176092999999999833e+00 2.475946600000000331e+01 1.135771414124118472e-01
4.180836000000000219e+00 2.450283400000000000e+01 1.135747058248556540e-01
4.185577999999999577e+00 2.457914800000000355e+01 1.140668276346379351e-01
4.190320999999999962e+00 2.485573899999999625e+01 1.151080371303511568e-01
4.195064000000000348e+00 2.473421300000000045e+01 1.152712517720719532e-01
4.199806999999999846e+00 2.465462300000000084e+01 1.155332528909426004e-01
4.204550000000000232e+00 2.500520799999999966e+01 1.168071564161096143e-01
4.209292999999999729e+00 2.487924800000000047e+01 1.169713341864898892e-01
4.214036000000000115e+00 2.492294099999999801e+01 1.175357359571560234e-01
4.218778999999999613e+00 2.468997500000000045e+01 1.174500757035971399e-01
4.223520999999999859e+00 2.477317899999999895e+01 1.181174598273752319e-01
4.228264000000000244e+00 2.459229400000000254e+01 1.181575121692518548e-01
4.233006999999999742e+00 2.467386300000000432e+01 1.188300576655350882e-01
4.237750000000000128e+00 2.471303299999999936e+01 1.194059980196455761e-01
4.242492999999999626e+00 2.473172699999999935e+01 1.199381160343228891e-01
4.247236000000000011e+00 2.454841300000000004e+01 1.199813836493657943e-01
4.251979000000000397e+00 2.470556699999999495e+01 1.208653261283967328e-01
4.256720999999999755e+00 2.474993399999999966e+01 1.216797157247394151e-01
4.261464000000000141e+00 2.487481899999999868e+01 1.223233896892364642e-01
4.266206999999999638e+00 2.475962499999999977e+01 1.225106276216271634e-01
4.270950000000000024e+00 2.477417400000000214e+01 1.230633846028155592e-01
4.275693000000000410e+00 2.468351899999999688e+01 1.233574850914203741e-01
4.280435999999999908e+00 2.443293900000000463e+01 1.232531267126404373e-01
4.285179000000000293e+00 2.461594099999999941e+01 1.242440590162833536e-01
4.289921999999999791e+00 2.469757300000000555e+01 1.249862083421451053e-01
4.294664000000000037e+00 2.468091300000000032e+01 1.254867854555263562e-01
4.299407000000000423e+00 2.467631999999999692e+01 1.260215526894256921e-01
4.304149999999999920e+00 2.464284500000000122e+01 1.264885286582989044e-01
4.308893000000000306e+00 2.483759600000000134e+01 1.275501637433253121e-01
4.313635999999999804e+00 2.467093399999999903e+01 1.276859872288572673e-01
4.318379000000000190e+00 2.462420999999999793e+01 1.281362692481363696e-01
4.323121999999999687e+00 2.470423000000000258e+01 1.290130052352684298e-01
4.327863999999999933e+00 2.485036000000000200e+01 1.299539031273270473e-01
4.332607000000000319e+00 2.485556700000000063e+01 1.304970306753260867e-01
4.337349999999999817e+00 2.484801399999999916e+01 1.310781373962645324e-01
4.342093000000000202e+00 2.451238899999999887e+01 1.307927111939125031e-01
4.346835999999999700e+00 2.478254200000000296e+01 1.321245125056168257e-01
4.351579000000000086e+00 2.476146499999999762e+01 1.326878239364234213e-01
4.356321999999999584e+00 2.492457800000000034e+01 1.337540780413643826e-01
4.361063999999999830e+00 2.473608500000000276e+01 1.338823561465001255e-01
4.365807000000000215e+00 2.480171899999999852e+01 1.347039527443419094e-01
4.370549999999999713e+00 2.483991600000000233e+01 1.354583986151755570e-01
4.375293000000000099e+00 2.487963699999999889e+01 1.362271413355363725e-01
4.380035999999999596e+00 2.489053999999999789e+01 1.369890580292510152e-01
4.384778999999999982e+00 2.479448800000000119e+01 1.374555067445917267e-01
4.389522000000000368e+00 2.475465299999999758e+01 1.379121901972519548e-01
4.394264999999999866e+00 2.484863999999999962e+01 1.388521089624594196e-01
4.399007000000000112e+00 2.471354900000000043e+01 1.387456550939376310e-01
4.403749999999999609e+00 2.470955700000000022e+01 1.388295429794814961e-01
4.408492999999999995e+00 2.461664499999999833e+01 1.386625140053392435e-01
4.413236000000000381e+00 2.472879700000000014e+01 1.390708793021921408e-01
4.417978999999999878e+00 2.476053900000000141e+01 1.392536881991270625e-01
4.422722000000000264e+00 2.473096999999999923e+01 1.392646326062317308e-01
4.427464999999999762e+00 2.469585199999999503e+01 1.392552743580597885e-01
4.432207000000000008e+00 2.468425599999999775e+01 1.393145109053813002e-01
4.436950000000000394e+00 2.465551599999999866e+01 1.394006711268611642e-01
4.441692999999999891e+00 2.467301200000000350e+01 1.400815623134425980e-01
4.446436000000000277e+00 2.477082300000000359e+01 1.410783269675441598e-01
4.451178999999999775e+00 2.460773799999999767e+01 1.413373893229664946e-01
4.455922000000000160e+00 2.493565500000000412e+01 1.430156176260855005e-01
4.460664999999999658e+00 2.477935400000000143e+01 1.433151332390553978e-01
4.465408000000000044e+00 2.468384000000000000e+01 1.437961608768540678e-01
4.470150000000000290e+00 2.451037000000000177e+01 1.440549438555254746e-01
4.474892999999999788e+00 2.472929599999999795e+01 1.454763034446730496e-01
4.479636000000000173e+00 2.479507799999999662e+01 1.464606814561413284e-01
4.484378999999999671e+00 2.468098600000000076e+01 1.469257563015358703e-01
4.489122000000000057e+00 2.476598500000000058e+01 1.479933951314976737e-01
4.493865000000000443e+00 2.507889999999999731e+01 1.497575451315979467e-01
4.498607999999999940e+00 2.450175999999999732e+01 1.488593628647587042e-01
4.503350000000000186e+00 2.453689100000000423e+01 1.498140793900573364e-01
4.508092999999999684e+00 2.500559700000000163e+01 1.521079335441212210e-01
4.512836000000000070e+00 2.477189100000000010e+01 1.522747847375818808e-01
4.517578999999999567e+00 2.478824699999999837e+01 1.532181906621299383e-01
4.522321999999999953e+00 2.480325899999999706e+01 1.541725295986966782e-01
4.527065000000000339e+00 2.496983399999999875e+01 1.556155186594460338e-01
4.531807999999999836e+00 2.501684400000000252e+01 1.567048194815644502e-01
4.536551000000000222e+00 2.480680199999999758e+01 1.569985332917880894e-01
4.541292999999999580e+00 2.484648500000000126e+01 1.580947713322986559e-01
4.546035999999999966e+00 2.498684200000000288e+01 1.595316042081753038e-01
4.550779000000000352e+00 2.498552799999999863e+01 1.605335533251578406e-01
4.555521999999999849e+00 2.488916400000000095e+01 1.612474596623556244e-01
4.560265000000000235e+00 2.465696000000000154e+01 1.615269523052078882e-01
4.565007999999999733e+00 2.480722099999999841e+01 1.630788801893028606e-01
4.569751000000000118e+00 2.472249599999999958e+01 1.638735852138711591e-01
4.574493000000000364e+00 2.513141300000000200e+01 1.663284866482620805e-01
4.579235999999999862e+00 2.494198100000000196e+01 1.668202891848425684e-01
4.583979000000000248e+00 2.474151399999999867e+01 1.672852422400589456e-01
4.588721999999999746e+00 2.493546900000000122e+01 1.691039919010405845e-01
4.593465000000000131e+00 2.458185399999999987e+01 1.690782360015599672e-01
4.598207999999999629e+00 2.490572000000000230e+01 1.713969307012371823e-01
4.602951000000000015e+00 2.481163699999999750e+01 1.723043504052680641e-01
4.607693000000000261e+00 2.472441399999999945e+01 1.732551239132112952e-01
4.612435999999999758e+00 2.462538799999999739e+01 1.741847417109334550e-01
4.617179000000000144e+00 2.485655399999999915e+01 1.763095882261137837e-01
4.621921999999999642e+00 2.510560899999999762e+01 1.785369882752523563e-01
4.626665000000000028e+00 2.512342800000000054e+01 1.799760137994152187e-01
4.631408000000000413e+00 2.517785099999999687e+01 1.815755188801571329e-01
4.636150999999999911e+00 2.480587700000000240e+01 1.816560628462851323e-01
4.640894000000000297e+00 2.464439600000000041e+01 1.825196158092650400e-01
4.645635999999999655e+00 2.497788899999999757e+01 1.852445117760226634e-01
4.650379000000000040e+00 2.503276899999999827e+01 1.869826163118833706e-01
4.655122000000000426e+00 2.514457900000000024e+01 1.889752155191600780e-01
4.659864999999999924e+00 2.468055500000000180e+01 1.888205576214136705e-01
4.664608000000000310e+00 2.478412600000000054e+01 1.908584917249148416e-01
4.669350999999999807e+00 2.474152900000000344e+01 1.923736552549415446e-01
4.674094000000000193e+00 2.517712600000000478e+01 1.957997236422498177e-01
4.678836000000000439e+00 2.487830699999999950e+01 1.964062678007338913e-01
4.683578999999999937e+00 2.509311299999999889e+01 1.990793818833261342e-01
4.688322000000000322e+00 2.494952900000000184e+01 2.003782330727459926e-01
4.693064999999999820e+00 2.509036199999999894e+01 2.028725323722506690e-01
4.697808000000000206e+00 2.468906299999999732e+01 2.032071110656605284e-01
4.702550999999999704e+00 2.478620199999999940e+01 2.056350624791244142e-01
4.707294000000000089e+00 2.483715799999999518e+01 2.079349405038008469e-01
4.712036999999999587e+00 2.494195399999999907e+01 2.105269415333144156e-01
4.716778999999999833e+00 2.520971100000000220e+01 2.138844615756266276e-01
4.721522000000000219e+00 2.476598600000000161e+01 2.142722217263376139e-01
4.726264999999999716e+00 2.450722400000000079e+01 2.154913410707128274e-01
4.731008000000000102e+00 2.448322100000000034e+01 2.178007126014947503e-01
4.735750999999999600e+00 2.467388899999999907e+01 2.211546772776901704e-01
4.740493999999999986e+00 2.516781299999999888e+01 2.259712382851074286e-01
4.745237000000000371e+00 2.494425099999999773e+01 2.276556916004418840e-01
4.749978999999999729e+00 2.486514200000000230e+01 2.300814045712310241e-01
4.754722000000000115e+00 2.486602299999999843e+01 2.329728150391594532e-01
4.759464999999999613e+00 2.507530799999999971e+01 2.369585291940788374e-01
4.764207999999999998e+00 2.516313099999999991e+01 2.404985184125644493e-01
4.768951000000000384e+00 2.492670600000000292e+01 2.425991633600948771e-01
4.773693999999999882e+00 2.472080400000000111e+01 2.449507812583860411e-01
4.778437000000000268e+00 2.464902199999999866e+01 2.480827360457156239e-01
4.783178999999999625e+00 2.476723999999999748e+01 2.523204853975649642e-01
4.787922000000000011e+00 2.489412000000000091e+01 2.567826892452538257e-01
4.792665000000000397e+00 2.482905799999999630e+01 2.604293991326576685e-01
4.797407999999999895e+00 2.488797200000000132e+01 2.649143464450290919e-01
4.802151000000000280e+00 2.435526500000000283e+01 2.663938606578546975e-01
4.806893999999999778e+00 2.486894500000000363e+01 2.737849703530964574e-01
4.811637000000000164e+00 2.548907900000000382e+01 2.820693408586855133e-01
4.816379999999999661e+00 2.522660799999999881e+01 2.857417697475684859e-01
4.821121999999999908e+00 2.486868999999999730e+01 2.890818414852198703e-01
4.825865000000000293e+00 2.462275299999999945e+01 2.933108574959187864e-01
4.830607999999999791e+00 2.505671099999999996e+01 3.019379708898616288e-01
4.835351000000000177e+00 2.497848800000000224e+01 3.078913755018511389e-01
4.840093999999999674e+00 2.505383700000000147e+01 3.152120451901930243e-01
4.844837000000000060e+00 2.501391599999999826e+01 3.222825874411151537e-01
4.849579999999999558e+00 2.504580999999999946e+01 3.303420410218021463e-01
4.854321999999999804e+00 2.474844399999999922e+01 3.367724380042404486e-01
4.859065000000000190e+00 2.578250600000000148e+01 3.529908683632057009e-01
4.863807999999999687e+00 2.529994300000000251e+01 3.596133201673291646e-01
4.868551000000000073e+00 2.506409700000000029e+01 3.687075657243826798e-01
4.873293999999999571e+00 2.520318400000000025e+01 3.815553288924687925e-01
4.878036999999999956e+00 2.572781499999999966e+01 3.986829734174385242e-01
4.882780000000000342e+00 2.552852400000000088e+01 4.116731620431552940e-01
4.887522999999999840e+00 2.546180800000000133e+01 4.273718169390091637e-01
4.892265000000000086e+00 2.559559300000000093e+01 4.468396186175975227e-01
4.897007999999999583e+00 2.581166499999999786e+01 4.697101019042703163e-01
4.901750999999999969e+00 2.501631199999999566e+01 4.862504835286233229e-01
4.906494000000000355e+00 2.509238900000000072e+01 5.149646269844851965e-01
4.911236999999999853e+00 2.449001000000000516e+01 5.417510723586986821e-01
4.915980000000000238e+00 2.561590500000000503e+01 5.952647472383107985e-01
4.920722999999999736e+00 2.591343400000000230e+01 6.510428847897579141e-01
4.925464999999999982e+00 2.490609700000000259e+01 7.057945913126212334e-01
4.930208000000000368e+00 2.557102599999999981e+01 8.110504851227882117e-01
4.934950999999999866e+00 2.701963999999999899e+01 9.867312436307518198e-01
4.939694000000000251e+00 2.530183099999999996e+01 1.233020649548408620e+00
4.944436999999999749e+00 8.076521400000000739e+00 1.206955549081647039e+00