# 
# Sample c= 0.0 mg/ml
#
# Number of frames collected: 10
# Exposure time per frame: 0.5
# No significant radiation damage detected, merging 10 files
# Merged from: /data/visitor/mx1905/bm29/20170412/Poker/1d/plate1_065_00001.dat
# Merged from: /data/visitor/mx1905/bm29/20170412/Poker/1d/plate1_065_00002.dat
# Merged from: /data/visitor/mx1905/bm29/20170412/Poker/1d/plate1_065_00003.dat
# Merged from: /data/visitor/mx1905/bm29/20170412/Poker/1d/plate1_065_00004.dat
# Merged from: /data/visitor/mx1905/bm29/20170412/Poker/1d/plate1_065_00005.dat
# Merged from: /data/visitor/mx1905/bm29/20170412/Poker/1d/plate1_065_00006.dat
# Merged from: /data/visitor/mx1905/bm29/20170412/Poker/1d/plate1_065_00007.dat
# Merged from: /data/visitor/mx1905/bm29/20170412/Poker/1d/plate1_065_00008.dat
# Merged from: /data/visitor/mx1905/bm29/20170412/Poker/1d/plate1_065_00009.dat
# Merged from: /data/visitor/mx1905/bm29/20170412/Poker/1d/plate1_065_00010.dat
#
# Sample Information:
# Storage Temperature (degrees C): 20.0
# Measurement Temperature (degrees C): 20.0
# Concentration: 0.0
# Code: null
3.082862000000000102e-02 6.211517400000000180e+02 8.115219987033437832e+00
3.557148999999999728e-02 1.210582799999999907e+03 4.671426328575459586e+00
4.031434999999999880e-02 1.179689399999999978e+03 3.037722814579927988e+00
4.505722000000000199e-02 9.260972699999999804e+02 1.913840226365252306e+00
4.980007999999999657e-02 6.302153499999998303e+02 1.413705449558287697e+00
5.454294999999999977e-02 4.483745399999999677e+02 1.121808288299007916e+00
5.928581000000000129e-02 3.254936300000000529e+02 9.086606705855382327e-01
6.402868000000000448e-02 2.551193700000000320e+02 7.670071860244075390e-01
6.877154000000000600e-02 2.038266400000000260e+02 6.585485128782845310e-01
7.351441000000000225e-02 1.661151099999999872e+02 5.728697525777652899e-01
7.825727999999999851e-02 1.369029099999999914e+02 5.006348336120051146e-01
8.300014000000000003e-02 1.161831600000000009e+02 4.464528960030945681e-01
8.774300999999999628e-02 1.009904620000000079e+02 4.038689078059240489e-01
9.248586999999999780e-02 8.854071199999998498e+01 3.674924852080651561e-01
9.722873999999999406e-02 7.875808200000000170e+01 3.365354927016613873e-01
1.019715999999999956e-01 7.031819099999998457e+01 3.099055771199097364e-01
1.067145000000000038e-01 6.420566700000000537e+01 2.890537575780648405e-01
1.114572999999999953e-01 5.940535999999999461e+01 2.717449716468041676e-01
1.162002000000000035e-01 5.502931199999999023e+01 2.558302267666140994e-01
1.209430999999999978e-01 5.196380599999999816e+01 2.433853611292152164e-01
1.256858999999999893e-01 4.917451200000000711e+01 2.320353768781643899e-01
1.304288000000000114e-01 4.699435700000000082e+01 2.224896466218010682e-01
1.351717000000000057e-01 4.451179899999999634e+01 2.124799887462675563e-01
1.399144999999999972e-01 4.258970100000000514e+01 2.040714851766987914e-01
1.446573999999999915e-01 4.081426399999999433e+01 1.963033787467714508e-01
1.494003000000000136e-01 3.959976099999999377e+01 1.901281152556420495e-01
1.541431000000000051e-01 3.840727900000000261e+01 1.845033288262147020e-01
1.588859999999999995e-01 3.731752900000000039e+01 1.789893830365625327e-01
1.636287999999999909e-01 3.634668099999999669e+01 1.739566966112155721e-01
1.683717000000000130e-01 3.547974000000000672e+01 1.693391777845815183e-01
1.731146000000000074e-01 3.463828999999999780e+01 1.649199845055016600e-01
1.778573999999999988e-01 3.416036300000000381e+01 1.614783202017001096e-01
1.826002999999999932e-01 3.324357700000000193e+01 1.571344542374068232e-01
1.873431999999999875e-01 3.260065399999999869e+01 1.535571310949527257e-01
1.920860000000000067e-01 3.222575400000000911e+01 1.507014909094561705e-01
1.968289000000000011e-01 3.186232500000000556e+01 1.479548501630899571e-01
2.015717999999999954e-01 3.147162799999999905e+01 1.452447618497710313e-01
2.063145999999999869e-01 3.118228099999999614e+01 1.428422426203337925e-01
2.110575000000000090e-01 3.063507299999999844e+01 1.397816598211932826e-01
2.158004000000000033e-01 3.025441900000000217e+01 1.373179317332860472e-01
2.205431999999999948e-01 2.994927099999999953e+01 1.351104948979822973e-01
2.252860999999999891e-01 2.994389099999999715e+01 1.336395030837293219e-01
2.300290000000000112e-01 2.977187199999999478e+01 1.318410651805441980e-01
2.347718000000000027e-01 2.956417300000000026e+01 1.300064070761656754e-01
2.395146999999999970e-01 2.934525299999999604e+01 1.281990297112575727e-01
2.442575999999999914e-01 2.931012600000000390e+01 1.268356618033898986e-01
2.490004000000000106e-01 2.882481299999999891e+01 1.245387540740909155e-01
2.537433000000000050e-01 2.887453899999999862e+01 1.234323900942459196e-01
2.584861999999999993e-01 2.866006700000000507e+01 1.218125645268578056e-01
2.632289999999999908e-01 2.830269999999999797e+01 1.199372562509823520e-01
2.679718999999999851e-01 2.820277300000000054e+01 1.186411278943891451e-01
2.727146999999999766e-01 2.830010999999999655e+01 1.177816290642526298e-01
2.774576000000000264e-01 2.788204200000000199e+01 1.159141807432235438e-01
2.822005000000000208e-01 2.774343099999999751e+01 1.146842216128012293e-01
2.869433000000000122e-01 2.768590599999999924e+01 1.135915835233099330e-01
2.916862000000000066e-01 2.763882600000000167e+01 1.125401162759640111e-01
2.964291000000000009e-01 2.728417399999999660e+01 1.108951212872234526e-01
3.011718999999999924e-01 2.743954400000000149e+01 1.103114747118888878e-01
3.059147999999999867e-01 2.741371099999999572e+01 1.093825701244403037e-01
3.106576999999999811e-01 2.739324000000000225e+01 1.084797572370748836e-01
3.154004999999999725e-01 2.720429499999999479e+01 1.072723525029105618e-01
3.201434000000000224e-01 2.725156000000000134e+01 1.065553776852965900e-01
3.248863000000000167e-01 2.718107800000000296e+01 1.056223082828367243e-01
3.296291000000000082e-01 2.696219499999999769e+01 1.044157148799375046e-01
3.343720000000000026e-01 2.720803500000000241e+01 1.041282745436728219e-01
3.391148999999999969e-01 2.705572899999999592e+01 1.041796443676484413e-01
3.438576999999999884e-01 2.699945699999999960e+01 1.054161288982895794e-01
3.486005999999999827e-01 2.688081700000000041e+01 1.078618489058527086e-01
3.533434999999999770e-01 2.691316400000000186e+01 1.099065987267011241e-01
3.580863000000000240e-01 2.686953199999999953e+01 1.111825299599941558e-01
3.628292000000000184e-01 2.660569699999999926e+01 1.117264915866147679e-01
3.675720000000000098e-01 2.690248600000000323e+01 1.132726820783519772e-01
3.723149000000000042e-01 2.684705900000000156e+01 1.139887159382024090e-01
3.770577999999999985e-01 2.658092499999999703e+01 1.141813365330744262e-01
3.818005999999999900e-01 2.645658599999999794e+01 1.145217596453909775e-01
3.865434999999999843e-01 2.660115599999999603e+01 1.154007956979820754e-01
3.912863999999999787e-01 2.686251800000000500e+01 1.164312863918517404e-01
3.960292000000000256e-01 2.649616000000000327e+01 1.161097814577242981e-01
4.007721000000000200e-01 2.672904300000000077e+01 1.171175046408157588e-01
4.055150000000000143e-01 2.658756000000000341e+01 1.208328918878059516e-01
4.102578000000000058e-01 2.653297400000000295e+01 1.238565282962149905e-01
4.150007000000000001e-01 2.665575700000000126e+01 1.268611165111898920e-01
4.197435999999999945e-01 2.656221800000000144e+01 1.285887695625407279e-01
4.244863999999999860e-01 2.636541900000000282e+01 1.301860077824437412e-01
4.292292999999999803e-01 2.643601899999999816e+01 1.323516022057897312e-01
4.339721999999999746e-01 2.636114500000000049e+01 1.341877049917580833e-01
4.387150000000000216e-01 2.669569599999999809e+01 1.370064243752569522e-01
4.434579000000000160e-01 2.655753399999999687e+01 1.386590395611144166e-01
4.482008000000000103e-01 2.632043299999999775e+01 1.403694205397040817e-01
4.529436000000000018e-01 2.633758599999999817e+01 1.427037851954849057e-01
4.576864999999999961e-01 2.642925799999999725e+01 1.444446450057391140e-01
4.624293999999999905e-01 2.643610400000000027e+01 1.456668102908455775e-01
4.671721999999999819e-01 2.630963699999999861e+01 1.446001536005913080e-01
4.719150999999999763e-01 2.664663900000000041e+01 1.397955293889253936e-01
4.766579000000000232e-01 2.689666199999999918e+01 1.378053541784629021e-01
4.814008000000000176e-01 2.643539000000000172e+01 1.348830500749226835e-01
4.861437000000000119e-01 2.633471599999999668e+01 1.333007447658669242e-01
4.908865000000000034e-01 2.635599300000000156e+01 1.322674188574794185e-01
4.956293999999999977e-01 2.638302600000000098e+01 1.314038939192571920e-01
5.003722999999999921e-01 2.613791800000000265e+01 1.299695455564306434e-01
5.051151000000000391e-01 2.626515999999999806e+01 1.295463729639707018e-01
5.098580000000000334e-01 2.627422000000000324e+01 1.288951251102523066e-01
5.146009000000000277e-01 2.614636100000000241e+01 1.279602532270661952e-01
5.193436999999999637e-01 2.614831899999999720e+01 1.273795976615706149e-01
5.240865999999999580e-01 2.606374000000000279e+01 1.266255886156854027e-01
5.288294999999999524e-01 2.614099200000000067e+01 1.262938489477460624e-01
5.335722999999999994e-01 2.626431200000000743e+01 1.258472489377006620e-01
5.383151999999999937e-01 2.619741800000000609e+01 1.247799119730728101e-01
5.430580999999999881e-01 2.622092299999999909e+01 1.239661839607334171e-01
5.478009000000000350e-01 2.618661799999999928e+01 1.230495904754152353e-01
5.525438000000000294e-01 2.618248899999999679e+01 1.222342052551747826e-01
5.572867000000000237e-01 2.618310299999999557e+01 1.214520571503307222e-01
5.620294999999999597e-01 2.606257599999999996e+01 1.204165814723263256e-01
5.667723999999999540e-01 2.606694300000000197e+01 1.196948150753360807e-01
5.715152000000000010e-01 2.607677400000000034e+01 1.190068590294357936e-01
5.762580999999999953e-01 2.608628499999999661e+01 1.183331464370748487e-01
5.810009999999999897e-01 2.612851200000000063e+01 1.177838940792258898e-01
5.857438000000000367e-01 2.601902999999999722e+01 1.171854699335886096e-01
5.904867000000000310e-01 2.609067299999999889e+01 1.170646107751023013e-01
5.952296000000000253e-01 2.605246899999999499e+01 1.166965810070830639e-01
5.999723999999999613e-01 2.604007899999999864e+01 1.165130638318673667e-01
6.047152999999999556e-01 2.605402799999999885e+01 1.162495974504793583e-01
6.094581999999999500e-01 2.618448500000000223e+01 1.161665295209338422e-01
6.142009999999999970e-01 2.614044300000000476e+01 1.159055777830989564e-01
6.189438999999999913e-01 2.604317199999999843e+01 1.153139884532917298e-01
6.236867999999999856e-01 2.612030100000000132e+01 1.152182306894881103e-01
6.284296000000000326e-01 2.610418199999999800e+01 1.149205344632194120e-01
6.331725000000000270e-01 2.586281999999999925e+01 1.141265732498654428e-01
6.379154000000000213e-01 2.586118800000000562e+01 1.138639550599894745e-01
6.426581999999999573e-01 2.605757200000000040e+01 1.140390613263192188e-01
6.474010999999999516e-01 2.600836100000000073e+01 1.136778166292768677e-01
6.521439999999999459e-01 2.605817500000000564e+01 1.135319185190653696e-01
6.568867999999999929e-01 2.610866299999999995e+01 1.133894863416961690e-01
6.616296999999999873e-01 2.610881499999999988e+01 1.131406258387238212e-01
6.663725999999999816e-01 2.582834700000000083e+01 1.122857950050860226e-01
6.711154000000000286e-01 2.580512900000000442e+01 1.119889700682504541e-01
6.758583000000000229e-01 2.602723399999999998e+01 1.122247910010600036e-01
6.806010999999999589e-01 2.595377299999999465e+01 1.118243907562634504e-01
6.853439999999999532e-01 2.605408499999999705e+01 1.118004834762936078e-01
6.900868999999999476e-01 2.579649699999999513e+01 1.110070163593617210e-01
6.948296999999999946e-01 2.572504099999999738e+01 1.106156916597979684e-01
6.995725999999999889e-01 2.592467399999999955e+01 1.108086296543270011e-01
7.043154999999999832e-01 2.575914100000000673e+01 1.102220256954008215e-01
7.090583000000000302e-01 2.588757299999999617e+01 1.102627060765143663e-01
7.138012000000000246e-01 2.603260599999999769e+01 1.103382728942170071e-01
7.185441000000000189e-01 2.595257600000000053e+01 1.099389705455331157e-01
7.232868999999999549e-01 2.599364600000000181e+01 1.097982873643323226e-01
7.280297999999999492e-01 2.583831299999999942e+01 1.092422097552740723e-01
7.327727000000000546e-01 2.578421199999999658e+01 1.089015307744624905e-01
7.375154999999999905e-01 2.575863100000000117e+01 1.086244819500038067e-01
7.422583999999999849e-01 2.592177600000000126e+01 1.087459972031338679e-01
7.470012999999999792e-01 2.583305299999999960e+01 1.083379047362177799e-01
7.517441000000000262e-01 2.584215899999999877e+01 1.081358656434187049e-01
7.564870000000000205e-01 2.589658200000000221e+01 1.080313378487987447e-01
7.612299000000000149e-01 2.598387400000000369e+01 1.079962405019484900e-01
7.659726999999999508e-01 2.596304599999999851e+01 1.077359806701781580e-01
7.707155999999999452e-01 2.580994999999999706e+01 1.072019577812919344e-01
7.754585000000000505e-01 2.581483899999999920e+01 1.069996074068031433e-01
7.802012999999999865e-01 2.587767699999999849e+01 1.070236998723852750e-01
7.849441999999999808e-01 2.575812300000000121e+01 1.065279132259512596e-01
7.896870000000000278e-01 2.556378400000000539e+01 1.058470034481940464e-01
7.944299000000000222e-01 2.587737900000000835e+01 1.062860399140221068e-01
7.991728000000000165e-01 2.575997600000000176e+01 1.058382719094855540e-01
8.039155999999999525e-01 2.577299000000000007e+01 1.056588458609855341e-01
8.086584999999999468e-01 2.587000699999999753e+01 1.056510249184502842e-01
8.134014000000000522e-01 2.593862599999999929e+01 1.055870577392783449e-01
8.181441999999999881e-01 2.580974699999999800e+01 1.052019114342705314e-01
8.228870999999999825e-01 2.573523499999999942e+01 1.047734462548755713e-01
8.276299999999999768e-01 2.582238699999999909e+01 1.047448868098147245e-01
8.323728000000000238e-01 2.588100299999999976e+01 1.046642095415376561e-01
8.371157000000000181e-01 2.587934800000000379e+01 1.044633304174259064e-01
8.418586000000000125e-01 2.576737500000000480e+01 1.040399295343110014e-01
8.466013999999999484e-01 2.561300800000000066e+01 1.035312403197295728e-01
8.513443000000000538e-01 2.573120400000000174e+01 1.035755508416696669e-01
8.560872000000000481e-01 2.576082200000000100e+01 1.034421336378247708e-01
8.608299999999999841e-01 2.582585800000000020e+01 1.033796852482754269e-01
8.655728999999999784e-01 2.577156300000000400e+01 1.030781191553571119e-01
8.703157999999999728e-01 2.579074699999999964e+01 1.029259849630140833e-01
8.750586000000000197e-01 2.574478899999999726e+01 1.026453031627088397e-01
8.798015000000000141e-01 2.595031300000000130e+01 1.028649428706092384e-01
8.845442999999999500e-01 2.565930899999999681e+01 1.020983170427490483e-01
8.892872000000000554e-01 2.562097499999999783e+01 1.018359239346140477e-01
8.940301000000000498e-01 2.580206000000000088e+01 1.020102430552878303e-01
8.987728999999999857e-01 2.561201600000000056e+01 1.014499334587218859e-01
9.035157999999999801e-01 2.566171800000000047e+01 1.013637331582603052e-01
9.082586999999999744e-01 2.579085200000000100e+01 1.014359012493525336e-01
9.130015000000000214e-01 2.572478700000000273e+01 1.011249482678147071e-01
9.177444000000000157e-01 2.570794499999999516e+01 1.009115064672532897e-01
9.224873000000000101e-01 2.571882299999999688e+01 1.007520453926663284e-01
9.272300999999999460e-01 2.555171100000000095e+01 1.002460276866669470e-01
9.319730000000000514e-01 2.560932399999999731e+01 1.001821471379476802e-01
9.367159000000000457e-01 2.572751300000000541e+01 1.002363707675717058e-01
9.414586999999999817e-01 2.579864100000000349e+01 1.001973839663700960e-01
9.462015999999999760e-01 2.564172599999999846e+01 9.971733389327352981e-02
9.509444999999999704e-01 2.556176599999999866e+01 9.938869628433205650e-02
9.556873000000000173e-01 2.556590700000000282e+01 9.922408656619571832e-02
9.604302000000000117e-01 2.576603899999999925e+01 9.943804488826597787e-02
9.651731000000000060e-01 2.581233500000000092e+01 9.935545673569018410e-02
9.699159000000000530e-01 2.573908199999999624e+01 9.904409937258151775e-02
9.746588000000000473e-01 2.570568200000000303e+01 9.881027238740616725e-02
9.794017000000000417e-01 2.563295899999999961e+01 9.850045598487856824e-02
9.841444999999999776e-01 2.564794200000000046e+01 9.836129886517562537e-02
9.888873999999999720e-01 2.567290600000000111e+01 9.824260610597776444e-02
9.936302000000000190e-01 2.570358200000000082e+01 9.813514975023067410e-02
9.983731000000000133e-01 2.569981499999999386e+01 9.796126498012569517e-02
1.003115999999999897e+00 2.568380899999999656e+01 9.776592503939804391e-02
1.007859000000000060e+00 2.574748600000000209e+01 9.772341797169857569e-02
1.012602000000000002e+00 2.562125899999999845e+01 9.732087133541293678e-02
1.017344999999999944e+00 2.556125600000000020e+01 9.704376404108973342e-02
1.022086999999999968e+00 2.567560700000000296e+01 9.709912662331314503e-02
1.026829999999999909e+00 2.567144200000000254e+01 9.693103245950906999e-02
1.031573000000000073e+00 2.559119599999999650e+01 9.661992184918646864e-02
1.036316000000000015e+00 2.572057600000000122e+01 9.670350222909095128e-02
1.041058999999999957e+00 2.560647300000000115e+01 9.633054932686566096e-02
1.045801999999999898e+00 2.564628800000000552e+01 9.624824624733532841e-02
1.050545000000000062e+00 2.550275699999999901e+01 9.582246007044589731e-02
1.055287000000000086e+00 2.564669699999999963e+01 9.593507508791140892e-02
1.060030000000000028e+00 2.567076799999999892e+01 9.582483493624291415e-02
1.064772999999999969e+00 2.544833100000000314e+01 9.525517093528780566e-02
1.069515999999999911e+00 2.574668899999999638e+01 9.565808880734708031e-02
1.074259000000000075e+00 2.560650199999999899e+01 9.524318456052066617e-02
1.079002000000000017e+00 2.541061900000000406e+01 9.472638558152264576e-02
1.083744999999999958e+00 2.567534400000000261e+01 9.508760490248294173e-02
1.088487999999999900e+00 2.556460000000000221e+01 9.475283748819715579e-02
1.093229999999999924e+00 2.553774999999999906e+01 9.451080563689424896e-02
1.097973000000000088e+00 2.560804699999999912e+01 9.449114392279203689e-02
1.102716000000000030e+00 2.565666100000000327e+01 9.443236821532434433e-02
1.107458999999999971e+00 2.538759699999999953e+01 9.378866957287217143e-02
1.112201999999999913e+00 2.550808400000000375e+01 9.386277459620880059e-02
1.116945000000000077e+00 2.569624099999999700e+01 9.406131418894272955e-02
1.121688000000000018e+00 2.554940700000000220e+01 9.364653510847584239e-02
1.126430000000000042e+00 2.557428999999999775e+01 9.354711306799745607e-02
1.131172999999999984e+00 2.547863800000000367e+01 9.322669612665729355e-02
1.135915999999999926e+00 2.541468099999999808e+01 9.296592046092751194e-02
1.140659000000000090e+00 2.535040599999999955e+01 9.270589268997413146e-02
1.145402000000000031e+00 2.540018400000000298e+01 9.265493809157718252e-02
1.150144999999999973e+00 2.551292199999999966e+01 9.271756057397380346e-02
1.154887999999999915e+00 2.557708799999999982e+01 9.269253434042247497e-02
1.159631000000000078e+00 2.543354199999999921e+01 9.229192957097115402e-02
1.164373000000000102e+00 2.551993300000000175e+01 9.230915397676006662e-02
1.169116000000000044e+00 2.561625100000000543e+01 9.241183766619295858e-02
1.173858999999999986e+00 2.544546899999999923e+01 9.193964429577372588e-02
1.178601999999999927e+00 2.555087499999999778e+01 9.194740015395812260e-02
1.183345000000000091e+00 2.536868899999999627e+01 9.148221900906919335e-02
1.188088000000000033e+00 2.546329800000000176e+01 9.151500086240124676e-02
1.192830999999999975e+00 2.541951700000000258e+01 9.129998730431784781e-02
1.197572999999999999e+00 2.534116099999999960e+01 9.102413313537680017e-02
1.202315999999999940e+00 2.541567900000000435e+01 9.102343264278106583e-02
1.207059000000000104e+00 2.562760000000000105e+01 9.156241464361727922e-02
1.211802000000000046e+00 2.571799100000000138e+01 9.472719621847361382e-02
1.216544999999999987e+00 2.554266000000000147e+01 9.636878508519498843e-02
1.221287999999999929e+00 2.558849399999999719e+01 9.790525519038699442e-02
1.226031000000000093e+00 2.555625799999999970e+01 9.906857104985869467e-02
1.230774000000000035e+00 2.543231600000000014e+01 9.991766382076544550e-02
1.235516000000000059e+00 2.557323200000000085e+01 1.011964127779814149e-01
1.240259000000000000e+00 2.548595500000000058e+01 1.019586867069240954e-01
1.245001999999999942e+00 2.545855299999999843e+01 1.027866354562177592e-01
1.249745000000000106e+00 2.555966700000000102e+01 1.038353518015145971e-01
1.254488000000000048e+00 2.562543799999999550e+01 1.047820175208470372e-01
1.259230999999999989e+00 2.541398899999999728e+01 1.048804771500149169e-01
1.263973999999999931e+00 2.524543099999999640e+01 1.048007252172164228e-01
1.268715999999999955e+00 2.536188599999999838e+01 1.052969670796030099e-01
1.273458999999999897e+00 2.542172000000000054e+01 1.036935374062144810e-01
1.278202000000000060e+00 2.560437399999999997e+01 1.002193939708846820e-01
1.282945000000000002e+00 2.547028999999999854e+01 9.805003054631344916e-02
1.287687999999999944e+00 2.549602000000000146e+01 9.671805034510000398e-02
1.292431000000000108e+00 2.553018999999999750e+01 9.566504296102207316e-02
1.297174000000000049e+00 2.551480999999999710e+01 9.468386675736158165e-02
1.301916000000000073e+00 2.551494899999999788e+01 9.384502277317108287e-02
1.306659000000000015e+00 2.552727300000000099e+01 9.311361505485542256e-02
1.311401999999999957e+00 2.552637999999999963e+01 9.242452717947925722e-02
1.316144999999999898e+00 2.544456800000000030e+01 9.164274310245737465e-02
1.320888000000000062e+00 2.542705699999999780e+01 9.115506924518350373e-02
1.325631000000000004e+00 2.547713100000000352e+01 9.100981819555845065e-02
1.330373999999999945e+00 2.548723599999999934e+01 9.080578346331967532e-02
1.335117000000000109e+00 2.541834599999999966e+01 9.047104576827383338e-02
1.339858999999999911e+00 2.547500499999999946e+01 9.036625703901926543e-02
1.344602000000000075e+00 2.534896099999999919e+01 8.994482097931763565e-02
1.349345000000000017e+00 2.544776600000000144e+01 8.992881150823632541e-02
1.354087999999999958e+00 2.542774100000000459e+01 8.970795040499532358e-02
1.358830999999999900e+00 2.540252399999999966e+01 8.948211480873091705e-02
1.363574000000000064e+00 2.555563699999999727e+01 8.957417514089537069e-02
1.368317000000000005e+00 2.550626899999999964e+01 8.931500032822595192e-02
1.373059000000000029e+00 2.538599899999999820e+01 8.893613471595726572e-02
1.377801999999999971e+00 2.536198800000000375e+01 8.872825071888604254e-02
1.382544999999999913e+00 2.546099499999999694e+01 8.873840822489154068e-02
1.387288000000000077e+00 2.553465699999999927e+01 8.870721641156145698e-02
1.392031000000000018e+00 2.532150800000000146e+01 8.818004673484132472e-02
1.396773999999999960e+00 2.536201299999999748e+01 8.809588893545600152e-02
1.401516999999999902e+00 2.536357500000000087e+01 8.794653354246886878e-02
1.406260000000000066e+00 2.538841399999999737e+01 8.783994603413358693e-02
1.411002000000000089e+00 2.542720100000000016e+01 8.775973743302847851e-02
1.415745000000000031e+00 2.530170999999999637e+01 8.739664897950034927e-02
1.420487999999999973e+00 2.530927399999999849e+01 8.726578347788781220e-02
1.425230999999999915e+00 2.531736900000000290e+01 8.713780772965429300e-02
1.429974000000000078e+00 2.535880600000000129e+01 8.706888802451022424e-02
1.434717000000000020e+00 2.533231899999999825e+01 8.688394071480240455e-02
1.439459999999999962e+00 2.536008500000000154e+01 8.679374561665603727e-02
1.444201999999999986e+00 2.547446099999999802e+01 8.685278064425168421e-02
1.448944999999999927e+00 2.539967299999999994e+01 8.659067498236458493e-02
1.453688000000000091e+00 2.532014400000000265e+01 8.632113514496493611e-02
1.458431000000000033e+00 2.540286800000000156e+01 8.632918608880313371e-02
1.463173999999999975e+00 2.530860000000000198e+01 8.606073309599854282e-02
1.467916999999999916e+00 2.536433300000000202e+01 8.602741024865097341e-02
1.472660000000000080e+00 2.541296100000000280e+01 8.595621769608874363e-02
1.477402000000000104e+00 2.528529800000000094e+01 8.561211590349582234e-02
1.482145000000000046e+00 2.535947699999999472e+01 8.561090845672472693e-02
1.486887999999999987e+00 2.544627999999999801e+01 8.563177747818212504e-02
1.491630999999999929e+00 2.540519899999999964e+01 8.543742833093878608e-02
1.496374000000000093e+00 2.535875800000000169e+01 8.523476367215901406e-02
1.501117000000000035e+00 2.541595799999999983e+01 8.525090902504089962e-02
1.505859999999999976e+00 2.535629100000000236e+01 8.667372800879283301e-02
1.510602999999999918e+00 2.539440799999999854e+01 8.917871299773841298e-02
1.515344999999999942e+00 2.550668499999999739e+01 9.085655551818977438e-02
1.520088000000000106e+00 2.538868000000000080e+01 9.184041078657803614e-02
1.524831000000000047e+00 2.540656700000000257e+01 9.291526791411894304e-02
1.529573999999999989e+00 2.548177999999999699e+01 9.378525771652067300e-02
1.534316999999999931e+00 2.560459000000000174e+01 9.139769707563151491e-02
1.539060000000000095e+00 2.556330200000000019e+01 8.990668154744617391e-02
1.543803000000000036e+00 2.540129100000000051e+01 8.867606693232960025e-02
1.548545000000000060e+00 2.555461500000000186e+01 8.801454726512317195e-02
1.553288000000000002e+00 2.542211300000000307e+01 8.700706141254398174e-02
1.558030999999999944e+00 2.537108500000000078e+01 8.618752596604337124e-02
1.562774000000000107e+00 2.542283199999999610e+01 8.541181318062800176e-02
1.567517000000000049e+00 2.534196399999999727e+01 8.449114904951524063e-02
1.572259999999999991e+00 2.537309200000000331e+01 8.404734546556126562e-02
1.577002999999999933e+00 2.540196199999999749e+01 8.376475063520097408e-02
1.581746000000000096e+00 2.526586599999999905e+01 8.337873554736123516e-02
1.586487999999999898e+00 2.532872899999999916e+01 8.350430916152710992e-02
1.591231000000000062e+00 2.526093800000000300e+01 8.349934762928690191e-02
1.595974000000000004e+00 2.535516299999999745e+01 8.375804986941971786e-02
1.600716999999999945e+00 2.538164699999999740e+01 8.387473976043383073e-02
1.605460000000000109e+00 2.529296199999999928e+01 8.361929680388253960e-02
1.610203000000000051e+00 2.510874700000000104e+01 8.317503548745079633e-02
1.614945999999999993e+00 2.525970500000000030e+01 8.328845254996336545e-02
1.619688000000000017e+00 2.532508999999999943e+01 8.326271834796530880e-02
1.624430999999999958e+00 2.528680300000000258e+01 8.306831181191898228e-02
1.629173999999999900e+00 2.528716199999999859e+01 8.293933446371570817e-02
1.633917000000000064e+00 2.533273100000000255e+01 8.288698753373838213e-02
1.638660000000000005e+00 2.526187000000000182e+01 8.264585085070272341e-02
1.643402999999999947e+00 2.524889799999999696e+01 8.250124014160212238e-02
1.648146000000000111e+00 2.523658299999999954e+01 8.235890138150035733e-02
1.652889000000000053e+00 2.524473499999999859e+01 8.225184553738838777e-02
1.657631000000000077e+00 2.527086200000000105e+01 8.217576340329793561e-02
1.662374000000000018e+00 2.528236899999999920e+01 8.207639850810767579e-02
1.667116999999999960e+00 2.530272900000000647e+01 8.199269487474600271e-02
1.671859999999999902e+00 2.532083800000000195e+01 8.190678649904901965e-02
1.676603000000000065e+00 2.536546600000000140e+01 8.186469180555253078e-02
1.681346000000000007e+00 2.531350400000000178e+01 8.166748581098355608e-02
1.686088999999999949e+00 2.530800500000000142e+01 8.154602628715086621e-02
1.690830999999999973e+00 2.537745899999999821e+01 8.154656831717077559e-02
1.695573999999999915e+00 2.518982199999999949e+01 8.113472445907485286e-02
1.700317000000000078e+00 2.517128800000000055e+01 8.099550649696377058e-02
1.705060000000000020e+00 2.534305099999999555e+01 8.116246525426824843e-02
1.709802999999999962e+00 2.530613799999999713e+01 8.099552358767921068e-02
1.714545999999999903e+00 2.532276299999999836e+01 8.091548235233106401e-02
1.719289000000000067e+00 2.525128400000000184e+01 8.069500226377157581e-02
1.724031000000000091e+00 2.524661800000000156e+01 8.058185417124627548e-02
1.728774000000000033e+00 2.508581800000000328e+01 8.022050807741433476e-02
1.733516999999999975e+00 2.517451499999999598e+01 8.025878698910107745e-02
1.738259999999999916e+00 2.521039699999999684e+01 8.021271573224722506e-02
1.743003000000000080e+00 2.514549500000000393e+01 8.000646093778550350e-02
1.747746000000000022e+00 2.530709099999999978e+01 8.016113108418818078e-02
1.752488999999999963e+00 2.526053999999999888e+01 7.998618304435647919e-02
1.757231999999999905e+00 2.513211300000000037e+01 7.968202444670692552e-02
1.761973999999999929e+00 2.523859500000000011e+01 7.975011989537258983e-02
1.766717000000000093e+00 2.532319299999999629e+01 7.978396829559181169e-02
1.771460000000000035e+00 2.534469800000000106e+01 7.971872405930616190e-02
1.776202999999999976e+00 2.529747900000000271e+01 7.958156163972657238e-02
1.780945999999999918e+00 2.520040700000000200e+01 7.933307472269053584e-02
1.785689000000000082e+00 2.514974600000000038e+01 7.911796964853054503e-02
1.790432000000000023e+00 2.525492100000000306e+01 7.918654012814109466e-02
1.795174000000000047e+00 2.521930200000000255e+01 7.903430086801996324e-02
1.799916999999999989e+00 2.535847799999999808e+01 7.915541778864412792e-02
1.804659999999999931e+00 2.531717900000000299e+01 7.899561151718746677e-02
1.809403000000000095e+00 2.506146599999999935e+01 7.850113340963746356e-02
1.814146000000000036e+00 2.522458599999999862e+01 7.866182727183115841e-02
1.818888999999999978e+00 2.514735300000000251e+01 7.844710010449207349e-02
1.823631999999999920e+00 2.516818799999999712e+01 7.838623304547552573e-02
1.828375000000000083e+00 2.514117399999999947e+01 7.825131344914154630e-02
1.833117000000000107e+00 2.511269200000000268e+01 7.811457824371965952e-02
1.837860000000000049e+00 2.517352999999999952e+01 7.811672683146164697e-02
1.842602999999999991e+00 2.513227800000000300e+01 7.796104247347453164e-02
1.847345999999999933e+00 2.523504499999999595e+01 7.802913779483469647e-02
1.852089000000000096e+00 2.517967100000000613e+01 7.791674129464797038e-02
1.856832000000000038e+00 2.519822100000000020e+01 7.779603914644563079e-02
1.861574999999999980e+00 2.517303299999999666e+01 7.766147509706726459e-02
1.866317000000000004e+00 2.510044300000000206e+01 7.746009856581000108e-02
1.871059999999999945e+00 2.512468199999999996e+01 7.740845554931385930e-02
1.875803000000000109e+00 2.513281999999999883e+01 7.733170554965149157e-02
1.880546000000000051e+00 2.524185200000000151e+01 7.741067124209491390e-02
1.885288999999999993e+00 2.521685399999999788e+01 7.728430289684704024e-02
1.890031999999999934e+00 2.527329399999999993e+01 7.728280654689050067e-02
1.894775000000000098e+00 2.519145300000000276e+01 7.706961472497250720e-02
1.899516999999999900e+00 2.516002800000000050e+01 7.693473626048183411e-02
1.904260000000000064e+00 2.515128800000000453e+01 7.683475727065583460e-02
1.909003000000000005e+00 2.496143900000000215e+01 7.645845264687090026e-02
1.913745999999999947e+00 2.506867199999999940e+01 7.653620017668240350e-02
1.918489000000000111e+00 2.524507900000000049e+01 7.671945490357839903e-02
1.923232000000000053e+00 2.510419999999999874e+01 7.642008434276031936e-02
1.927974999999999994e+00 2.508431000000000211e+01 7.630284494145679608e-02
1.932717999999999936e+00 2.518065700000000362e+01 7.630430323031853201e-02
1.937459999999999960e+00 2.515693200000000118e+01 7.609044461690311900e-02
1.942202999999999902e+00 2.507381099999999918e+01 7.575753264441167922e-02
1.946946000000000065e+00 2.486589799999999784e+01 7.525951299848411546e-02
1.951689000000000007e+00 2.498247499999999732e+01 7.528704023804562440e-02
1.956431999999999949e+00 2.508705099999999888e+01 7.536309128939112922e-02
1.961174999999999891e+00 2.497913000000000139e+01 7.512159181705016509e-02
1.965918000000000054e+00 2.504814199999999857e+01 7.514725297817213823e-02
1.970660000000000078e+00 2.509796700000000413e+01 7.518655929333648014e-02
1.975403000000000020e+00 2.502374400000000065e+01 7.505510560986640434e-02
1.980145999999999962e+00 2.499159600000000125e+01 7.502749232936083146e-02
1.984888999999999903e+00 2.507007799999999875e+01 7.516522433383673873e-02
1.989632000000000067e+00 2.495862100000000083e+01 7.501773601087412258e-02
1.994375000000000009e+00 2.511932799999999943e+01 7.523123276180312957e-02
1.999117999999999951e+00 2.506058099999999911e+01 7.503516819661165682e-02
2.003861000000000114e+00 2.510205900000000057e+01 7.501747559270106891e-02
2.008602999999999916e+00 2.502832400000000135e+01 7.482722964793900311e-02
2.013345999999999858e+00 2.533849300000000326e+01 7.587753460595433874e-02
2.018088999999999800e+00 2.510347200000000356e+01 7.772877732230708270e-02
2.022832000000000185e+00 2.503662399999999622e+01 7.890995639980799559e-02
2.027575000000000127e+00 2.501635799999999676e+01 7.987560107948296628e-02
2.032318000000000069e+00 2.505552400000000191e+01 8.079514119490602275e-02
2.037061000000000011e+00 2.497742900000000432e+01 8.143695171887697926e-02
2.041802999999999813e+00 2.511078300000000496e+01 8.234614465204001532e-02
2.046546000000000198e+00 2.503456399999999960e+01 8.259696974235011813e-02
2.051289000000000140e+00 2.487200399999999689e+01 8.258121786290997801e-02
2.056032000000000082e+00 2.505147900000000050e+01 8.311362657979073920e-02
2.060775000000000023e+00 2.486692199999999531e+01 8.302565963789207415e-02
2.065517999999999965e+00 2.492222400000000349e+01 8.332329139870195411e-02
2.070260999999999907e+00 2.491807899999999876e+01 8.351083414967185037e-02
2.075003000000000153e+00 2.484740899999999897e+01 8.357656620850906215e-02
2.079746000000000095e+00 2.524002700000000132e+01 8.220995217297355495e-02
2.084489000000000036e+00 2.509275199999999728e+01 7.988741846857114193e-02
2.089231999999999978e+00 2.515018399999999943e+01 7.883517680739797473e-02
2.093974999999999920e+00 2.515600300000000189e+01 7.797992778990180118e-02
2.098717999999999861e+00 2.508303199999999578e+01 7.715556112153679202e-02
2.103460999999999803e+00 2.515143300000000437e+01 7.664712728036647549e-02
2.108204000000000189e+00 2.512143900000000230e+01 7.617569913831313821e-02
2.112945999999999991e+00 2.497953299999999643e+01 7.575828816547665323e-02
2.117688999999999933e+00 2.509069000000000216e+01 7.574287532628068420e-02
2.122431999999999874e+00 2.503197200000000322e+01 7.548286057142905570e-02
2.127174999999999816e+00 2.496037899999999965e+01 7.521513351705491623e-02
2.131918000000000202e+00 2.502511400000000563e+01 7.516118420170946057e-02
2.136661000000000143e+00 2.485626099999999994e+01 7.476374550562391030e-02
2.141404000000000085e+00 2.495633600000000030e+01 7.477610567424999855e-02
2.146145999999999887e+00 2.508930699999999803e+01 7.484261093721879254e-02
2.150888999999999829e+00 2.504609099999999700e+01 7.465049027958757522e-02
2.155632000000000215e+00 2.507840299999999800e+01 7.457562811325828267e-02
2.160375000000000156e+00 2.498259200000000035e+01 7.431318888639150411e-02
2.165118000000000098e+00 2.493386800000000036e+01 7.412484187982933126e-02
2.169861000000000040e+00 2.490578200000000209e+01 7.397028961688673077e-02
2.174603999999999981e+00 2.490091699999999975e+01 7.385284526661381466e-02
2.179346999999999923e+00 2.496385599999999982e+01 7.383807416407404955e-02
2.184089000000000169e+00 2.501071100000000058e+01 7.380167396896562815e-02
2.188832000000000111e+00 2.497173199999999582e+01 7.364074684203168741e-02
2.193575000000000053e+00 2.494792999999999594e+01 7.350425248722620986e-02
2.198317999999999994e+00 2.493206500000000148e+01 7.338077872585435646e-02
2.203060999999999936e+00 2.484148599999999618e+01 7.314938062109206662e-02
2.207803999999999878e+00 2.491698099999999982e+01 7.316421106138232267e-02
2.212546999999999819e+00 2.491019400000000061e+01 7.305930757999010150e-02
2.217289000000000065e+00 2.482430699999999746e+01 7.283928515482011867e-02
2.222032000000000007e+00 2.482801800000000014e+01 7.275235741948229973e-02
2.226774999999999949e+00 2.482303500000000440e+01 7.265397997818975884e-02
2.231517999999999891e+00 2.481473700000000093e+01 7.255196961178517201e-02
2.236260999999999832e+00 2.493093099999999751e+01 7.263210658736671266e-02
2.241004000000000218e+00 2.497310199999999725e+01 7.260531284791768569e-02
2.245747000000000160e+00 2.482507100000000122e+01 7.230290192872827759e-02
2.250490000000000101e+00 2.492095899999999986e+01 7.235624247267888332e-02
2.255231999999999903e+00 2.489589300000000094e+01 7.223411837142404424e-02
2.259974999999999845e+00 2.502996900000000124e+01 7.234348024939704636e-02
2.264717999999999787e+00 2.499463499999999883e+01 7.220864783073147053e-02
2.269461000000000173e+00 2.497218000000000160e+01 7.209306295492720618e-02
2.274204000000000114e+00 2.502970099999999931e+01 7.209317333321166310e-02
2.278947000000000056e+00 2.490187999999999846e+01 7.182723029143264770e-02
2.283689999999999998e+00 2.492948099999999911e+01 7.178607494711143622e-02
2.288431999999999800e+00 2.490403699999999532e+01 7.166924270108063211e-02
2.293175000000000185e+00 2.480936100000000266e+01 7.145296962758930504e-02
2.297918000000000127e+00 2.489456900000000061e+01 7.149642968315900182e-02
2.302661000000000069e+00 2.491777800000000553e+01 7.145124040679420863e-02
2.307404000000000011e+00 2.489252000000000109e+01 7.133730488018102944e-02
2.312146999999999952e+00 2.485339199999999948e+01 7.120349165479317177e-02
2.316889999999999894e+00 2.489630900000000224e+01 7.118779473887079656e-02
2.321632000000000140e+00 2.489985799999999472e+01 7.111673242920192595e-02
2.326375000000000082e+00 2.493038899999999813e+01 7.108440089326631406e-02
2.331118000000000023e+00 2.482380699999999862e+01 7.085662099161446625e-02
2.335860999999999965e+00 2.480963300000000160e+01 7.076150628119007302e-02
2.340603999999999907e+00 2.487592100000000173e+01 7.078139013089174147e-02
2.345346999999999849e+00 2.491683400000000148e+01 7.076560497039646735e-02
2.350089999999999790e+00 2.490548300000000026e+01 7.067571306485559424e-02
2.354833000000000176e+00 2.482103099999999785e+01 7.048241807039823392e-02
2.359574999999999978e+00 2.480842200000000020e+01 7.039204770887617924e-02
2.364317999999999920e+00 2.479818500000000014e+01 7.030513487506229175e-02
2.369060999999999861e+00 2.480181100000000072e+01 7.023817611391899862e-02
2.373803999999999803e+00 2.477656700000000001e+01 7.013092317305968937e-02
2.378547000000000189e+00 2.473056599999999960e+01 6.999457130791288118e-02
2.383290000000000131e+00 2.483279900000000140e+01 7.006845965593720693e-02
2.388033000000000072e+00 2.477042499999999947e+01 6.990976818693078743e-02
2.392774999999999874e+00 2.481608400000000358e+01 6.990393285754815944e-02
2.397517999999999816e+00 2.480554000000000059e+01 6.981939166622336268e-02
2.402261000000000202e+00 2.469150599999999685e+01 6.958972674674258896e-02
2.407004000000000143e+00 2.480894700000000341e+01 6.968531930618385162e-02
2.411747000000000085e+00 2.483517800000000264e+01 6.965339001749376591e-02
2.416490000000000027e+00 2.461428599999999989e+01 6.927478908325740425e-02
2.421232999999999969e+00 2.480268900000000087e+01 6.947141991403010808e-02
2.425975999999999910e+00 2.483329700000000173e+01 6.944593521801978309e-02
2.430718000000000156e+00 2.479609100000000055e+01 6.932628791748048080e-02
2.435461000000000098e+00 2.485965099999999595e+01 6.934804055303581127e-02
2.440204000000000040e+00 2.477059799999999967e+01 6.918121948399436061e-02
2.444946999999999981e+00 2.475460600000000255e+01 6.906758834432544236e-02
2.449689999999999923e+00 2.479410499999999828e+01 6.905607466478962120e-02
2.454432999999999865e+00 2.478214100000000286e+01 6.897334102657778909e-02
2.459175999999999807e+00 2.480287299999999817e+01 6.893647015812819079e-02
2.463918000000000053e+00 2.477768399999999716e+01 6.883548105438357101e-02
2.468660999999999994e+00 2.470049499999999654e+01 6.866298787883833021e-02
2.473403999999999936e+00 2.479449399999999670e+01 6.872848579977955397e-02
2.478146999999999878e+00 2.478510000000000346e+01 6.865070702294623350e-02
2.482889999999999819e+00 2.482755900000000082e+01 6.864477983206006273e-02
2.487633000000000205e+00 2.477760099999999710e+01 6.851141704490938678e-02
2.492376000000000147e+00 2.476063900000000118e+01 6.842380796081945493e-02
2.497117999999999949e+00 2.481640099999999904e+01 6.843689664304336562e-02
2.501860999999999891e+00 2.473404000000000025e+01 6.825966254238002850e-02
2.506603999999999832e+00 2.470817000000000263e+01 6.816065072627240651e-02
2.511347000000000218e+00 2.483920300000000125e+01 6.827647810807467577e-02
2.516090000000000160e+00 2.473178100000000157e+01 6.801357497806889696e-02
2.520833000000000101e+00 2.481994999999999862e+01 6.799502918300792675e-02
2.525576000000000043e+00 2.479630800000000335e+01 6.782445621756358345e-02
2.530318999999999985e+00 2.469848300000000307e+01 6.757970943414080833e-02
2.535060999999999787e+00 2.469650100000000137e+01 6.751515917330049021e-02
2.539804000000000173e+00 2.468671800000000260e+01 6.744075816966028925e-02
2.544547000000000114e+00 2.477971399999999846e+01 6.750729559532139823e-02
2.549290000000000056e+00 2.470908299999999969e+01 6.735052741173894186e-02
2.554032999999999998e+00 2.465141600000000111e+01 6.721200719125192125e-02
2.558775999999999939e+00 2.457039100000000076e+01 6.704142741337701383e-02
2.563518999999999881e+00 2.470548499999999947e+01 6.716810835589462347e-02
2.568261000000000127e+00 2.481332899999999952e+01 6.730893264733142645e-02
2.573004000000000069e+00 2.454966299999999890e+01 6.696573665255016461e-02
2.577747000000000011e+00 2.461309100000000427e+01 6.706693567473692719e-02
2.582489999999999952e+00 2.463251700000000000e+01 6.707514701053438055e-02
2.587232999999999894e+00 2.470427900000000321e+01 6.711353545752377081e-02
2.591975999999999836e+00 2.476162400000000119e+01 6.713170018103518932e-02
2.596719000000000221e+00 2.478343500000000077e+01 6.710186794568910595e-02
2.601462000000000163e+00 2.480297800000000308e+01 6.706909926910605002e-02
2.606203999999999965e+00 2.462067499999999853e+01 6.676355901966656015e-02
2.610946999999999907e+00 2.470417299999999372e+01 6.681793316739002841e-02
2.615689999999999849e+00 2.468378500000000031e+01 6.673191736132644269e-02
2.620432999999999790e+00 2.483327799999999996e+01 6.687524273776805639e-02
2.625176000000000176e+00 2.472720300000000293e+01 6.667411095302508417e-02
2.629919000000000118e+00 2.471697900000000203e+01 6.660240929198507631e-02
2.634662000000000059e+00 2.479930500000000038e+01 6.666970489154125379e-02
2.639403999999999861e+00 2.473169000000000395e+01 6.653262618022304231e-02
2.644146999999999803e+00 2.466687399999999997e+01 6.636604247028143888e-02
2.648890000000000189e+00 2.469400399999999962e+01 6.634144398231320294e-02
2.653633000000000131e+00 2.466716199999999759e+01 6.625842391293125522e-02
2.658376000000000072e+00 2.475221399999999861e+01 6.631714858191203876e-02
2.663119000000000014e+00 2.473116100000000017e+01 6.622071856509939569e-02
2.667861999999999956e+00 2.472203799999999774e+01 6.615155298373576187e-02
2.672604999999999897e+00 2.473991900000000044e+01 6.611899282781386056e-02
2.677347000000000143e+00 2.474994299999999825e+01 6.607617266142387646e-02
2.682090000000000085e+00 2.476767100000000354e+01 6.604368551153623479e-02
2.686833000000000027e+00 2.473960899999999796e+01 6.595055080962705651e-02
2.691575999999999969e+00 2.476236199999999954e+01 6.592495051198825340e-02
2.696318999999999910e+00 2.459763200000000438e+01 6.564981655122656412e-02
2.701061999999999852e+00 2.468846499999999722e+01 6.571557799159419289e-02
2.705804999999999794e+00 2.465382100000000065e+01 6.561421677669329600e-02
2.710547000000000040e+00 2.459305099999999555e+01 6.547812821814624762e-02
2.715289999999999981e+00 2.462352899999999778e+01 6.546405461109859603e-02
2.720032999999999923e+00 2.466884999999999906e+01 6.546963893489715636e-02
2.724775999999999865e+00 2.464571099999999859e+01 6.538426018207134371e-02
2.729518999999999807e+00 2.464695599999999942e+01 6.533139406329011023e-02
2.734262000000000192e+00 2.470101899999999517e+01 6.534877532638772024e-02
2.739005000000000134e+00 2.463856900000000039e+01 6.521207494384302639e-02
2.743746999999999936e+00 2.466319200000000222e+01 6.519058983225033133e-02
2.748489999999999878e+00 2.464719099999999941e+01 6.511573792366864843e-02
2.753232999999999819e+00 2.461775299999999689e+01 6.502319231449497916e-02
2.757976000000000205e+00 2.464767200000000003e+01 6.500918928023483034e-02
2.762719000000000147e+00 2.458286100000000118e+01 6.487033928294887175e-02
2.767462000000000089e+00 2.452133200000000102e+01 6.473595000851845027e-02
2.772205000000000030e+00 2.460041600000000273e+01 6.478733415484232150e-02
2.776947999999999972e+00 2.455480300000000327e+01 6.467429518093258112e-02
2.781690000000000218e+00 2.462844700000000131e+01 6.471859660062168063e-02
2.786433000000000160e+00 2.458720500000000442e+01 6.461175698357227160e-02
2.791176000000000101e+00 2.464492899999999764e+01 6.463501963340925749e-02
2.795919000000000043e+00 2.464239699999999900e+01 6.457945112091925677e-02
2.800661999999999985e+00 2.468349300000000213e+01 6.459588359182495687e-02
2.805404999999999927e+00 2.466494800000000254e+01 6.450996958079657784e-02
2.810147999999999868e+00 2.468606900000000337e+01 6.451630406119913952e-02
2.814890000000000114e+00 2.463941000000000159e+01 6.441195697373276741e-02
2.819633000000000056e+00 2.472710000000000008e+01 6.572216712349113199e-02
2.824375999999999998e+00 2.465834100000000007e+01 6.700845809715665069e-02
2.829118999999999939e+00 2.467685600000000434e+01 6.789983229566623479e-02
2.833861999999999881e+00 2.459468700000000041e+01 6.849444869619433773e-02
2.838604999999999823e+00 2.456818999999999775e+01 6.905658775643422342e-02
2.843348000000000209e+00 2.461359299999999806e+01 6.941166367061807341e-02
2.848091000000000150e+00 2.448552299999999704e+01 6.944096769052618412e-02
2.852832999999999952e+00 2.447613700000000136e+01 6.963037072731696753e-02
2.857575999999999894e+00 2.459980599999999740e+01 6.999350751787626612e-02
2.862318999999999836e+00 2.449881699999999896e+01 7.002395019002355392e-02
2.867062000000000221e+00 2.459630800000000050e+01 7.032750941701476632e-02
2.871805000000000163e+00 2.470130300000000290e+01 7.063283831020385206e-02
2.876548000000000105e+00 2.464891200000000282e+01 7.070524493654979648e-02
2.881291000000000047e+00 2.464742499999999481e+01 7.051207791374042300e-02
2.886032999999999848e+00 2.487686000000000419e+01 6.881980393690395603e-02
2.890775999999999790e+00 2.473316299999999757e+01 6.754217621051011866e-02
2.895519000000000176e+00 2.463815799999999712e+01 6.668398946337494859e-02
2.900262000000000118e+00 2.468070099999999911e+01 6.616433835960426613e-02
2.905005000000000059e+00 2.474739799999999690e+01 6.589669076571144646e-02
2.909748000000000001e+00 2.462866999999999607e+01 6.556610033982043784e-02
2.914490999999999943e+00 2.458225399999999894e+01 6.535105567003489380e-02
2.919233000000000189e+00 2.465385300000000157e+01 6.530694859565480681e-02
2.923976000000000131e+00 2.460191299999999970e+01 6.510989125565792845e-02
2.928719000000000072e+00 2.462135999999999925e+01 6.501668425565779175e-02
2.933462000000000014e+00 2.463201800000000219e+01 6.491855282377141656e-02
2.938204999999999956e+00 2.460849200000000536e+01 6.478141615271235110e-02
2.942947999999999897e+00 2.465969000000000122e+01 6.474829445778552961e-02
2.947690999999999839e+00 2.472282000000000224e+01 6.473453500836010011e-02
2.952433999999999781e+00 2.466036000000000072e+01 6.456744737048925042e-02
2.957176000000000027e+00 2.462037600000000026e+01 6.443222118427704981e-02
2.961918999999999969e+00 2.461438399999999405e+01 6.432511156960010745e-02
2.966661999999999910e+00 2.466831699999999472e+01 6.431236104489788941e-02
2.971404999999999852e+00 2.459677899999999440e+01 6.413788623966960867e-02
2.976147999999999794e+00 2.462686099999999811e+01 6.409829645203060644e-02
2.980891000000000179e+00 2.457095299999999938e+01 6.394864309350277443e-02
2.985634000000000121e+00 2.463214200000000176e+01 6.395304966027265392e-02
2.990375999999999923e+00 2.455226899999999901e+01 6.379257108184618885e-02
2.995118999999999865e+00 2.456079300000000032e+01 6.371785082648347143e-02
2.999861999999999806e+00 2.464171900000000193e+01 6.374909399366315843e-02
3.004605000000000192e+00 2.448295599999999794e+01 6.347419769359909092e-02
3.009348000000000134e+00 2.461422800000000066e+01 6.357590947637870027e-02
3.014091000000000076e+00 2.458160000000000167e+01 6.348589884418823215e-02
3.018834000000000017e+00 2.457893399999999673e+01 6.339695526278923965e-02
3.023576999999999959e+00 2.453486699999999843e+01 6.327507113285056606e-02
3.028319000000000205e+00 2.452771500000000060e+01 6.320155268650763658e-02
3.033062000000000147e+00 2.453346400000000216e+01 6.314532121100738249e-02
3.037805000000000089e+00 2.452273600000000187e+01 6.306909925252936200e-02
3.042548000000000030e+00 2.456686599999999743e+01 6.306405867316185188e-02
3.047290999999999972e+00 2.455836000000000396e+01 6.299190903265990127e-02
3.052033999999999914e+00 2.468173099999999565e+01 6.308902518808640059e-02
3.056776999999999855e+00 2.453967499999999902e+01 6.284754413110507643e-02
3.061519000000000101e+00 2.450557699999999883e+01 6.274437927190053277e-02
3.066262000000000043e+00 2.446025499999999653e+01 6.262789258524990854e-02
3.071004999999999985e+00 2.444294699999999665e+01 6.256025061650329067e-02
3.075747999999999927e+00 2.445797000000000310e+01 6.252462957508744812e-02
3.080490999999999868e+00 2.448705199999999849e+01 6.249806648715542506e-02
3.085233999999999810e+00 2.458821099999999760e+01 6.256118100541981086e-02
3.089977000000000196e+00 2.454335999999999984e+01 6.246556248285130980e-02
3.094720000000000137e+00 2.451505200000000428e+01 6.235696698290014994e-02
3.099461999999999939e+00 2.445771500000000032e+01 6.222790126679510203e-02
3.104204999999999881e+00 2.450083300000000008e+01 6.222780048255762558e-02
3.108947999999999823e+00 2.447679700000000125e+01 6.214238565358912864e-02
3.113691000000000209e+00 2.457496599999999987e+01 6.221281851474259883e-02
3.118434000000000150e+00 2.461542100000000133e+01 6.220998900702684464e-02
3.123177000000000092e+00 2.457105499999999765e+01 6.210013829617129499e-02
3.127920000000000034e+00 2.444522900000000121e+01 6.188771304738364260e-02
3.132661999999999836e+00 2.447803700000000049e+01 6.187642335051372899e-02
3.137405000000000221e+00 2.445830200000000332e+01 6.179936012313800436e-02
3.142148000000000163e+00 2.452470499999999731e+01 6.183056969202289921e-02
3.146891000000000105e+00 2.452719800000000205e+01 6.178963310074109261e-02
3.151634000000000047e+00 2.450426199999999710e+01 6.171116550097477393e-02
3.156376999999999988e+00 2.449384600000000134e+01 6.163698998429919390e-02
3.161119999999999930e+00 2.448312900000000170e+01 6.157282086418406492e-02
3.165862000000000176e+00 2.444415199999999899e+01 6.151573445460437745e-02
3.170605000000000118e+00 2.452640699999999896e+01 6.155249890138984881e-02
3.175348000000000059e+00 2.462212599999999796e+01 6.159509312985979312e-02
3.180091000000000001e+00 2.441895000000000238e+01 6.129015583984429721e-02
3.184833999999999943e+00 2.448420299999999727e+01 6.132213925337569316e-02
3.189576999999999884e+00 2.461320100000000011e+01 6.143375610404673559e-02
3.194319999999999826e+00 2.458266100000000165e+01 6.132846793543842573e-02
3.199063000000000212e+00 2.456753099999999890e+01 6.119703614451765805e-02
3.203805000000000014e+00 2.458578500000000133e+01 6.110649865856986052e-02
3.208547999999999956e+00 2.454301500000000047e+01 6.097819067465842791e-02
3.213290999999999897e+00 2.448726699999999568e+01 6.086085280280748716e-02
3.218033999999999839e+00 2.448700200000000038e+01 6.081275198978418339e-02
3.222776999999999781e+00 2.454404199999999747e+01 6.083566306162940807e-02
3.227520000000000167e+00 2.450535799999999753e+01 6.074045241154941988e-02
3.232263000000000108e+00 2.458858700000000042e+01 6.079619229350222837e-02
3.237004999999999910e+00 2.446641000000000332e+01 6.059791105707275360e-02
3.241747999999999852e+00 2.452596400000000543e+01 6.062491417807286398e-02
3.246490999999999794e+00 2.456069699999999756e+01 6.062104311613666224e-02
3.251234000000000179e+00 2.460347399999999851e+01 6.064434857330400913e-02
3.255977000000000121e+00 2.454694800000000043e+01 6.059011585229227836e-02
3.260720000000000063e+00 2.457006099999999904e+01 6.063583878040033209e-02
3.265463000000000005e+00 2.449126100000000150e+01 6.051673021714572970e-02
3.270205999999999946e+00 2.444133000000000067e+01 6.040911179091446037e-02
3.274948000000000192e+00 2.462459300000000084e+01 6.058870743380569135e-02
3.279691000000000134e+00 2.449421500000000052e+01 6.038210769319831556e-02
3.284434000000000076e+00 2.443010799999999705e+01 6.025751947023624128e-02
3.289177000000000017e+00 2.446060899999999805e+01 6.024971758872070537e-02
3.293919999999999959e+00 2.452878799999999870e+01 6.028788187143167138e-02
3.298662999999999901e+00 2.446309600000000017e+01 6.016208009267631773e-02
3.303405999999999842e+00 2.456988299999999725e+01 6.024818854736298246e-02
3.308148000000000089e+00 2.453176900000000060e+01 6.015639911485559654e-02
3.312891000000000030e+00 2.445120299999999958e+01 6.001274326653381619e-02
3.317633999999999972e+00 2.447835399999999595e+01 6.000143604525478430e-02
3.322376999999999914e+00 2.448892500000000183e+01 5.997059561168706365e-02
3.327119999999999855e+00 2.457809800000000067e+01 6.005027213343083758e-02
3.331862999999999797e+00 2.454480400000000273e+01 5.994948118794440894e-02
3.336606000000000183e+00 2.438915599999999628e+01 5.971514341876606874e-02
3.341347999999999985e+00 2.458928599999999776e+01 5.991579814167128509e-02
3.346090999999999926e+00 2.449317399999999978e+01 5.975460801297753644e-02
3.350833999999999868e+00 2.452455199999999635e+01 5.974884451000957164e-02
3.355576999999999810e+00 2.455633399999999611e+01 5.974411966925448347e-02
3.360320000000000196e+00 2.441102500000000219e+01 5.952379905179103897e-02
3.365063000000000137e+00 2.455136300000000205e+01 5.965130110350989195e-02
3.369806000000000079e+00 2.452662000000000120e+01 5.957810837804269205e-02
3.374549000000000021e+00 2.450553900000000240e+01 5.950934947433891148e-02
3.379290999999999823e+00 2.469774199999999809e+01 6.036351878223965295e-02
3.384034000000000209e+00 2.457068499999999744e+01 6.162080755197143350e-02
3.388777000000000150e+00 2.454255600000000115e+01 6.239963241474102279e-02
3.393520000000000092e+00 2.445306000000000068e+01 6.292755876353778310e-02
3.398263000000000034e+00 2.448826799999999793e+01 6.335369555775180461e-02
3.403005999999999975e+00 2.449826699999999846e+01 6.353734607554442637e-02
3.407748999999999917e+00 2.445720299999999980e+01 6.345142182395599462e-02
3.412491000000000163e+00 2.436440700000000348e+01 6.336583566488096508e-02
3.417234000000000105e+00 2.448953999999999809e+01 6.369751976987800268e-02
3.421977000000000046e+00 2.447403100000000009e+01 6.383145838070755640e-02
3.426719999999999988e+00 2.448976100000000145e+01 6.398200950140671417e-02
3.431462999999999930e+00 2.447332899999999967e+01 6.409385467601944053e-02
3.436205999999999872e+00 2.444272599999999684e+01 6.419244297507845087e-02
3.440948999999999813e+00 2.432136999999999460e+01 6.414913012166882644e-02
3.445692000000000199e+00 2.440242599999999840e+01 6.438276752862290286e-02
3.450434000000000001e+00 2.442680400000000063e+01 6.450458499401960644e-02
3.455176999999999943e+00 2.449643000000000015e+01 6.470240014369713077e-02
3.459919999999999884e+00 2.442701799999999679e+01 6.471195860222976604e-02
3.464662999999999826e+00 2.448938799999999816e+01 6.489242843881556921e-02
3.469406000000000212e+00 2.459347200000000200e+01 6.512543614630769695e-02
3.474149000000000154e+00 2.440499600000000058e+01 6.496660153638328383e-02
3.478892000000000095e+00 2.445620900000000120e+01 6.512370601563075012e-02
3.483633999999999897e+00 2.454660200000000003e+01 6.532989479094772345e-02
3.488376999999999839e+00 2.448230399999999918e+01 6.532777235895464996e-02
3.493119999999999781e+00 2.456775999999999982e+01 6.552289923769247237e-02
3.497863000000000167e+00 2.450982200000000333e+01 6.552495633519338225e-02
3.502606000000000108e+00 2.451460300000000103e+01 6.560838458907748694e-02
3.507349000000000050e+00 2.443044299999999680e+01 6.557046728582312245e-02
3.512091999999999992e+00 2.443528300000000542e+01 6.565020692302576955e-02
3.516833999999999794e+00 2.438511000000000095e+01 6.565397829857075318e-02
3.521577000000000179e+00 2.442860799999999699e+01 6.578226572684768569e-02
3.526320000000000121e+00 2.446571600000000046e+01 6.590038693609696907e-02
3.531063000000000063e+00 2.445232599999999934e+01 6.594907809542677191e-02
3.535806000000000004e+00 2.439147299999999774e+01 6.593232444519911417e-02
3.540548999999999946e+00 2.447316900000000572e+01 6.610597665142917134e-02
3.545291999999999888e+00 2.442605999999999611e+01 6.610522959632694762e-02
3.550034999999999830e+00 2.443466600000000000e+01 6.617842928814719750e-02
3.554777000000000076e+00 2.436363700000000065e+01 6.614216205372561164e-02
3.559520000000000017e+00 2.442981800000000092e+01 6.629091923954592847e-02
3.564262999999999959e+00 2.436341700000000188e+01 6.625869265678654974e-02
3.569005999999999901e+00 2.444178900000000354e+01 6.643494063335722566e-02
3.573748999999999842e+00 2.445420400000000072e+01 6.652692165373128019e-02
3.578491999999999784e+00 2.443968399999999974e+01 6.653000336574545204e-02
3.583235000000000170e+00 2.448812599999999762e+01 6.664996754634619491e-02
3.587976999999999972e+00 2.447741500000000059e+01 6.666589988292366542e-02
3.592719999999999914e+00 2.435478499999999613e+01 6.644658058002232692e-02
3.597462999999999855e+00 2.444069599999999554e+01 6.650454735311639443e-02
3.602205999999999797e+00 2.443814400000000120e+01 6.644228987214016724e-02
3.606949000000000183e+00 2.447939299999999818e+01 6.643971787992178357e-02
3.611692000000000125e+00 2.448750099999999819e+01 6.644163583605464107e-02
3.616435000000000066e+00 2.453174500000000435e+01 6.656811552729879899e-02
3.621178000000000008e+00 2.463715100000000646e+01 6.751727614768682217e-02
3.625919999999999810e+00 2.459316700000000111e+01 6.986907309689316392e-02
3.630663000000000196e+00 2.444316599999999795e+01 7.101202666481573611e-02
3.635406000000000137e+00 2.452548200000000023e+01 7.214664562875740261e-02
3.640149000000000079e+00 2.447473000000000098e+01 7.281921043175557107e-02
3.644892000000000021e+00 2.438902600000000120e+01 7.318848720807460961e-02
3.649634999999999962e+00 2.441514699999999749e+01 7.370011828493085171e-02
3.654377999999999904e+00 2.444230200000000153e+01 7.415079915997803417e-02
3.659120000000000150e+00 2.448038700000000034e+01 7.462280293371256756e-02
3.663863000000000092e+00 2.446019399999999777e+01 7.499086594993886745e-02
3.668606000000000034e+00 2.433886199999999889e+01 7.518980273891666399e-02
3.673348999999999975e+00 2.439194399999999874e+01 7.564692365643826966e-02
3.678091999999999917e+00 2.429634899999999931e+01 7.586399622943811039e-02
3.682834999999999859e+00 2.451065500000000341e+01 7.655734843698806802e-02
3.687577999999999800e+00 2.451637699999999853e+01 7.691935768806899831e-02
3.692321000000000186e+00 2.436961400000000211e+01 7.703509490175694530e-02
3.697062999999999988e+00 2.448868200000000428e+01 7.756472475437851954e-02
3.701805999999999930e+00 2.436882500000000107e+01 7.771115281531539021e-02
3.706548999999999872e+00 2.424301699999999826e+01 7.784216299090615521e-02
3.711291999999999813e+00 2.432317999999999714e+01 7.829928299327396091e-02
3.716035000000000199e+00 2.442749500000000396e+01 7.879316032016039917e-02
3.720778000000000141e+00 2.450497800000000126e+01 7.924169353110330216e-02
3.725521000000000083e+00 2.440446800000000138e+01 7.939969333257906881e-02
3.730262999999999884e+00 2.443530200000000008e+01 7.976903071981507332e-02
3.735005999999999826e+00 2.437653800000000004e+01 7.998864314633544192e-02
3.739749000000000212e+00 2.441875100000000032e+01 8.037301519112306780e-02
3.744492000000000154e+00 2.436885499999999993e+01 8.060359234502828540e-02
3.749235000000000095e+00 2.443845600000000218e+01 8.103037452349644287e-02
3.753978000000000037e+00 2.446397599999999883e+01 8.138381271747410772e-02
3.758720999999999979e+00 2.441808099999999726e+01 8.161631564987603671e-02
3.763462999999999781e+00 2.442672900000000169e+01 8.193939709236394697e-02
3.768206000000000166e+00 2.442661799999999772e+01 8.224661832730814637e-02
3.772949000000000108e+00 2.438986099999999979e+01 8.249138889908025352e-02
3.777692000000000050e+00 2.436872800000000083e+01 8.276125441110229741e-02
3.782434999999999992e+00 2.433016800000000046e+01 8.300102562758546187e-02
3.787177999999999933e+00 2.435546599999999984e+01 8.334898235434612390e-02
3.791920999999999875e+00 2.441098200000000062e+01 8.374897148894606957e-02
3.796663999999999817e+00 2.442778099999999952e+01 8.408228166718181851e-02
3.801406000000000063e+00 2.453422199999999975e+01 8.457093340551587179e-02
3.806149000000000004e+00 2.448633500000000041e+01 8.479342673150377929e-02
3.810891999999999946e+00 2.429377799999999965e+01 8.476281824184292435e-02
3.815634999999999888e+00 2.443263800000000430e+01 8.530908781581655886e-02
3.820377999999999830e+00 2.456426499999999891e+01 8.584421171005066076e-02
3.825121000000000215e+00 2.443601100000000059e+01 8.592451914036061678e-02
3.829864000000000157e+00 2.449993100000000013e+01 8.634266529818326874e-02
3.834605999999999959e+00 2.448527199999999837e+01 8.662240504737386826e-02
3.839348999999999901e+00 2.431802599999999615e+01 8.663215383420408422e-02
3.844091999999999842e+00 2.440782000000000096e+01 8.709787461899055894e-02
3.848834999999999784e+00 2.443862100000000126e+01 8.746235799692002322e-02
3.853578000000000170e+00 2.436985100000000415e+01 8.769267197703636829e-02
3.858321000000000112e+00 2.435984199999999689e+01 8.793290100032183365e-02
3.863064000000000053e+00 2.450763200000000097e+01 8.850873306797243933e-02
3.867806999999999995e+00 2.440438600000000235e+01 8.863187229502658693e-02
3.872548999999999797e+00 2.443468599999999569e+01 8.899674713221658595e-02
3.877292000000000183e+00 2.439051699999999911e+01 8.922702059916547135e-02
3.882035000000000124e+00 2.429598799999999770e+01 8.936538928532511417e-02
3.886778000000000066e+00 2.449463499999999527e+01 9.004325300022650302e-02
3.891521000000000008e+00 2.450228600000000512e+01 9.037138162153658671e-02
3.896263999999999950e+00 2.437668100000000138e+01 9.045337904339120771e-02
3.901006999999999891e+00 2.422099100000000504e+01 9.047802235727470110e-02
3.905749000000000137e+00 2.434710500000000266e+01 9.103011959716025836e-02
3.910492000000000079e+00 2.447468099999999680e+01 9.158682448301611045e-02
3.915235000000000021e+00 2.454822700000000424e+01 9.204411644785395752e-02
3.919977999999999962e+00 2.445773599999999703e+01 9.215429149615171622e-02
3.924720999999999904e+00 2.434757400000000160e+01 9.202821101832252271e-02
3.929463999999999846e+00 2.418599599999999583e+01 9.179262160202637799e-02
3.934206999999999788e+00 2.432397700000000285e+01 9.217519223266799899e-02
3.938949000000000034e+00 2.435325200000000478e+01 9.233137865358558016e-02
3.943691999999999975e+00 2.427832199999999574e+01 9.228901858590002338e-02
3.948434999999999917e+00 2.442494999999999905e+01 9.266664079746768368e-02
3.953177999999999859e+00 2.444923000000000002e+01 9.283772406096456320e-02
3.957920999999999800e+00 2.437998799999999733e+01 9.286994000072143485e-02
3.962664000000000186e+00 2.438443699999999836e+01 9.288649330600440290e-02
3.967407000000000128e+00 2.457951399999999609e+01 9.349750081736193930e-02
3.972150000000000070e+00 2.448591799999999807e+01 9.363432496152038209e-02
3.976891999999999872e+00 2.445414399999999588e+01 9.388906978037699080e-02
3.981634999999999813e+00 2.432932399999999973e+01 9.396533157258266100e-02
3.986378000000000199e+00 2.452947100000000091e+01 9.467050762837338207e-02
3.991121000000000141e+00 2.443447600000000008e+01 9.480663428362648415e-02
3.995864000000000082e+00 2.453821599999999847e+01 9.533052984861407897e-02
4.000606999999999580e+00 2.445218700000000212e+01 9.548641443716325561e-02
4.005349999999999966e+00 2.433278799999999720e+01 9.557768069607046335e-02
4.010092000000000212e+00 2.442420100000000360e+01 9.608368692042421055e-02
4.014834999999999710e+00 2.435899399999999915e+01 9.628320001315129884e-02
4.019578000000000095e+00 2.436232100000000145e+01 9.661972535471988199e-02
4.024320999999999593e+00 2.427797000000000338e+01 9.678272892746669909e-02
4.029063999999999979e+00 2.433282299999999765e+01 9.722543037782242770e-02
4.033807000000000365e+00 2.428920400000000157e+01 9.747297727557725777e-02
4.038549999999999862e+00 2.439406900000000533e+01 9.802084810299031836e-02
4.043293000000000248e+00 2.447389400000000137e+01 9.852087194065275999e-02
4.048034999999999606e+00 2.444848599999999550e+01 9.881159515808911331e-02
4.052777999999999992e+00 2.439845800000000509e+01 9.905411010447520703e-02
4.057521000000000377e+00 2.444175500000000412e+01 9.948756538741160282e-02
4.062263999999999875e+00 2.437659599999999926e+01 9.970245138238026383e-02
4.067007000000000261e+00 2.448525700000000072e+01 1.002749173409013539e-01
4.071749999999999758e+00 2.437148900000000040e+01 1.003936884007640140e-01
4.076493000000000144e+00 2.440385799999999961e+01 1.008142408001806017e-01
4.081235000000000390e+00 2.440378300000000067e+01 1.011705857260439129e-01
4.085977999999999888e+00 2.439206899999999933e+01 1.015058853032354963e-01
4.090721000000000274e+00 2.434506700000000023e+01 1.017686798703039130e-01
4.095463999999999771e+00 2.444756299999999882e+01 1.023467362471383313e-01
4.100207000000000157e+00 2.438344899999999882e+01 1.025783964284468774e-01
4.104949999999999655e+00 2.453174999999999883e+01 1.032607177423709305e-01
4.109693000000000040e+00 2.450736900000000063e+01 1.035808637880120120e-01
4.114436000000000426e+00 2.442187200000000047e+01 1.037737236653677175e-01
4.119177999999999784e+00 2.452068799999999626e+01 1.043617441899142434e-01
4.123921000000000170e+00 2.440474299999999985e+01 1.044936789240712843e-01
4.128663999999999668e+00 2.447728599999999943e+01 1.050322320513112639e-01
4.133407000000000053e+00 2.450394700000000014e+01 1.054757141078765115e-01
4.138150000000000439e+00 2.444023499999999771e+01 1.057259630947290086e-01
4.142892999999999937e+00 2.448077800000000082e+01 1.062049270253998257e-01
4.147636000000000323e+00 2.459333900000000028e+01 1.068438392743138038e-01
4.152377999999999680e+00 2.450478199999999873e+01 1.070496277209594116e-01
4.157121000000000066e+00 2.451789899999999633e+01 1.074788054302186630e-01
4.161863999999999564e+00 2.432643300000000153e+01 1.074607851198570996e-01
4.166606999999999950e+00 2.451410700000000276e+01 1.082815869140958814e-01
4.171350000000000335e+00 2.452362500000000267e+01 1.087130017442927699e-01
4.176092999999999833e+00 2.441164799999999957e+01 1.088835745021135004e-01
4.180836000000000219e+00 2.428060599999999880e+01 1.091560332381930343e-01
4.185577999999999577e+00 2.445613499999999974e+01 1.098534677337256460e-01
4.190320999999999962e+00 2.431702700000000306e+01 1.099233535201169232e-01
4.195064000000000348e+00 2.441610400000000070e+01 1.105740603546659234e-01
4.199806999999999846e+00 2.458269699999999958e+01 1.113824433942818687e-01
4.204550000000000232e+00 2.446380099999999658e+01 1.115475448065514491e-01
4.209292999999999729e+00 2.457217400000000040e+01 1.122344033607610009e-01
4.214036000000000115e+00 2.438992700000000013e+01 1.122583005940892553e-01
4.218778999999999613e+00 2.441066100000000461e+01 1.127523573699246440e-01
4.223520999999999859e+00 2.445834999999999937e+01 1.133125952696791006e-01
4.228264000000000244e+00 2.456469899999999740e+01 1.140148870897923494e-01
4.233006999999999742e+00 2.445376200000000466e+01 1.142152606416690641e-01
4.237750000000000128e+00 2.443556299999999837e+01 1.146348857350426992e-01
4.242492999999999626e+00 2.467447400000000357e+01 1.156636874317674424e-01
4.247236000000000011e+00 2.447818199999999678e+01 1.156737443627839923e-01
4.251979000000000397e+00 2.434098599999999735e+01 1.158289781348096070e-01
4.256720999999999755e+00 2.444135999999999953e+01 1.167446371795252957e-01
4.261464000000000141e+00 2.426552099999999967e+01 1.166455854931531394e-01
4.266206999999999638e+00 2.440274499999999946e+01 1.174261996618850834e-01
4.270950000000000024e+00 2.472215700000000282e+01 1.186901772052333798e-01
4.275693000000000410e+00 2.446650100000000094e+01 1.185742009159256316e-01
4.280435999999999908e+00 2.440413999999999817e+01 1.189282414058805415e-01
4.285179000000000293e+00 2.435228900000000607e+01 1.193107644378347681e-01
4.289921999999999791e+00 2.446882199999999941e+01 1.201114707334736548e-01
4.294664000000000037e+00 2.433984099999999984e+01 1.203150380837678252e-01
4.299407000000000423e+00 2.445768199999999837e+01 1.211313960024443803e-01
4.304149999999999920e+00 2.452306399999999798e+01 1.218252644904709303e-01
4.308893000000000306e+00 2.439197600000000321e+01 1.220372824033078007e-01
4.313635999999999804e+00 2.442883599999999689e+01 1.226720529791174713e-01
4.318379000000000190e+00 2.435220800000000096e+01 1.230276907094020877e-01
4.323121999999999687e+00 2.453988199999999864e+01 1.241446516357060104e-01
4.327863999999999933e+00 2.444518900000000627e+01 1.244410661977689153e-01
4.332607000000000319e+00 2.476295700000000011e+01 1.257573430422768701e-01
4.337349999999999817e+00 2.464484800000000320e+01 1.260348669779240149e-01
4.342093000000000202e+00 2.479203400000000101e+01 1.269960005085140620e-01
4.346835999999999700e+00 2.457968299999999573e+01 1.270406180498760973e-01
4.351579000000000086e+00 2.455089200000000460e+01 1.275616598845758232e-01
4.356321999999999584e+00 2.438171600000000083e+01 1.277229133902680058e-01
4.361063999999999830e+00 2.457597700000000174e+01 1.288416791258492622e-01
4.365807000000000215e+00 2.459671800000000275e+01 1.295154126513860249e-01
4.370549999999999713e+00 2.450523400000000152e+01 1.298987003939515994e-01
4.375293000000000099e+00 2.462793500000000080e+01 1.308577074352588743e-01
4.380035999999999596e+00 2.436878600000000006e+01 1.308663698389861407e-01
4.384778999999999982e+00 2.432188299999999970e+01 1.314394679391350240e-01
4.389522000000000368e+00 2.445664000000000371e+01 1.323475935047815633e-01
4.394264999999999866e+00 2.473394000000000403e+01 1.337492741822743636e-01
4.399007000000000112e+00 2.429680900000000321e+01 1.328218363876926544e-01
4.403749999999999609e+00 2.458617399999999620e+01 1.337021803980567025e-01
4.408492999999999995e+00 2.454269099999999781e+01 1.336747254407660845e-01
4.413236000000000381e+00 2.441711199999999593e+01 1.334213220494332997e-01
4.417978999999999878e+00 2.459383400000000108e+01 1.339931804484500444e-01
4.422722000000000264e+00 2.455965899999999991e+01 1.339907186729289712e-01
4.427464999999999762e+00 2.448915100000000322e+01 1.338840808784692582e-01
4.432207000000000008e+00 2.441275000000000261e+01 1.337636181421813231e-01
4.436950000000000394e+00 2.452879599999999982e+01 1.342423379123326432e-01
4.441692999999999891e+00 2.443139699999999692e+01 1.345818126944688664e-01
4.446436000000000277e+00 2.467810599999999965e+01 1.359528361846780442e-01
4.451178999999999775e+00 2.452120100000000136e+01 1.362183267373410223e-01
4.455922000000000160e+00 2.450559000000000154e+01 1.368828601218888830e-01
4.460664999999999658e+00 2.440810399999999802e+01 1.373274154629817445e-01
4.465408000000000044e+00 2.469538599999999562e+01 1.388647407014682034e-01
4.470150000000000290e+00 2.482221700000000197e+01 1.399638520003750886e-01
4.474892999999999788e+00 2.458651300000000361e+01 1.400484959305272059e-01
4.479636000000000173e+00 2.451359400000000122e+01 1.405999152828429077e-01
4.484378999999999671e+00 2.446674399999999849e+01 1.412368318182573024e-01
4.489122000000000057e+00 2.462717099999999704e+01 1.424836965033445535e-01
4.493865000000000443e+00 2.440822600000000620e+01 1.426414311562229920e-01
4.498607999999999940e+00 2.459252899999999897e+01 1.439865814762750773e-01
4.503350000000000186e+00 2.440996799999999922e+01 1.442678750962164136e-01
4.508092999999999684e+00 2.448401499999999942e+01 1.453175506723269339e-01
4.512836000000000070e+00 2.461869799999999842e+01 1.465629793553651916e-01
4.517578999999999567e+00 2.482184199999999663e+01 1.480296433453066884e-01
4.522321999999999953e+00 2.461196900000000198e+01 1.482754681358096627e-01
4.527065000000000339e+00 2.435818099999999831e+01 1.483922496877990438e-01
4.531807999999999836e+00 2.457937899999999942e+01 1.499665523609918227e-01
4.536551000000000222e+00 2.440608699999999942e+01 1.503496216353110704e-01
4.541292999999999580e+00 2.432080200000000048e+01 1.510140038441653842e-01
4.546035999999999966e+00 2.458381100000000075e+01 1.527773179360535916e-01
4.550779000000000352e+00 2.445092400000000055e+01 1.533246971629091404e-01
4.555521999999999849e+00 2.457416899999999771e+01 1.546926863388027040e-01
4.560265000000000235e+00 2.454679199999999994e+01 1.556025822586299401e-01
4.565007999999999733e+00 2.454297299999999993e+01 1.566085195892327475e-01
4.569751000000000118e+00 2.457654499999999587e+01 1.577491135513854614e-01
4.574493000000000364e+00 2.448969100000000054e+01 1.585236557395475754e-01
4.579235999999999862e+00 2.460092300000000165e+01 1.599571464758677009e-01
4.583979000000000248e+00 2.454807500000000076e+01 1.608782373717026482e-01
4.588721999999999746e+00 2.426548799999999773e+01 1.610581557777928940e-01
4.593465000000000131e+00 2.464854600000000318e+01 1.634631528084932173e-01
4.598207999999999629e+00 2.480133899999999869e+01 1.651331257692238430e-01
4.602951000000000015e+00 2.457935200000000364e+01 1.655757482400191383e-01
4.607693000000000261e+00 2.477545299999999884e+01 1.674473401777741011e-01
4.612435999999999758e+00 2.470771599999999779e+01 1.684527062005294895e-01
4.617179000000000144e+00 2.463676199999999739e+01 1.694691864364353817e-01
4.621921999999999642e+00 2.466348600000000602e+01 1.708493972260080873e-01
4.626665000000000028e+00 2.489183799999999991e+01 1.729602788719126760e-01
4.631408000000000413e+00 2.456111000000000288e+01 1.731472156835942022e-01
4.636150999999999911e+00 2.482377799999999723e+01 1.754486818206600351e-01
4.640894000000000297e+00 2.461300700000000319e+01 1.761068203354886896e-01
4.645635999999999655e+00 2.473929299999999643e+01 1.779937824768241805e-01
4.650379000000000040e+00 2.475632799999999634e+01 1.795285400797065611e-01
4.655122000000000426e+00 2.455916299999999808e+01 1.803156505135452836e-01
4.659864999999999924e+00 2.449301599999999723e+01 1.816089346427972318e-01
4.664608000000000310e+00 2.443412400000000062e+01 1.829641807562469302e-01
4.669350999999999807e+00 2.466857900000000114e+01 1.854587837925168459e-01
4.674094000000000193e+00 2.470775599999999983e+01 1.872704427393081517e-01
4.678836000000000439e+00 2.463032300000000063e+01 1.886788416033194082e-01
4.683578999999999937e+00 2.477281500000000136e+01 1.909765329939694667e-01
4.688322000000000322e+00 2.503087099999999765e+01 1.937766113839430593e-01
4.693064999999999820e+00 2.493460800000000432e+01 1.952606530033951793e-01
4.697808000000000206e+00 2.467705199999999977e+01 1.961450441782684739e-01
4.702550999999999704e+00 2.481849500000000219e+01 1.986660494492923923e-01
4.707294000000000089e+00 2.469078499999999821e+01 2.001642887716992281e-01
4.712036999999999587e+00 2.462611799999999818e+01 2.019683963529920745e-01
4.716778999999999833e+00 2.440839899999999929e+01 2.031930737048935343e-01
4.721522000000000219e+00 2.475628099999999421e+01 2.068354239671086892e-01
4.726264999999999716e+00 2.469362500000000082e+01 2.088426030909734943e-01
4.731008000000000102e+00 2.493412000000000006e+01 2.122099654777649946e-01
4.735750999999999600e+00 2.454358199999999712e+01 2.129559748611085657e-01
4.740493999999999986e+00 2.463808599999999771e+01 2.158629616259644668e-01
4.745237000000000371e+00 2.472165100000000137e+01 2.188141531527213746e-01
4.749978999999999729e+00 2.478844300000000089e+01 2.217960866858547375e-01
4.754722000000000115e+00 2.482349400000000017e+01 2.247383015772616288e-01
4.759464999999999613e+00 2.470801300000000111e+01 2.270973532749131218e-01
4.764207999999999998e+00 2.506090699999999671e+01 2.317245074797911752e-01
4.768951000000000384e+00 2.481661399999999773e+01 2.337065035289257742e-01
4.773693999999999882e+00 2.438965199999999811e+01 2.349060689966678550e-01
4.778437000000000268e+00 2.481652799999999814e+01 2.403316287000400175e-01
4.783178999999999625e+00 2.488248100000000207e+01 2.441765101836992913e-01
4.787922000000000011e+00 2.474017200000000116e+01 2.471501720640513766e-01
4.792665000000000397e+00 2.484612499999999358e+01 2.515259021528267747e-01
4.797407999999999895e+00 2.481676300000000168e+01 2.554038857774613147e-01
4.802151000000000280e+00 2.504116799999999898e+01 2.607945014245060533e-01
4.806893999999999778e+00 2.468629599999999868e+01 2.633613188168476560e-01
4.811637000000000164e+00 2.488545600000000135e+01 2.690877545656444325e-01
4.816379999999999661e+00 2.472707799999999878e+01 2.731330089067912636e-01
4.821121999999999908e+00 2.482552700000000101e+01 2.788604434178389990e-01
4.825865000000000293e+00 2.476242999999999839e+01 2.839880556790023158e-01
4.830607999999999791e+00 2.497347099999999642e+01 2.910307295948134088e-01
4.835351000000000177e+00 2.518426599999999738e+01 2.984851378536589883e-01
4.840093999999999674e+00 2.519077700000000064e+01 3.051619447893957338e-01
4.844837000000000060e+00 2.495217399999999941e+01 3.107738309264946319e-01
4.849579999999999558e+00 2.480865800000000121e+01 3.174253889683181784e-01
4.854321999999999804e+00 2.494505299999999792e+01 3.264365132609708398e-01
4.859065000000000190e+00 2.428593599999999952e+01 3.307669219401178085e-01
4.863807999999999687e+00 2.448909899999999951e+01 3.415908339541475769e-01
4.868551000000000073e+00 2.467996700000000132e+01 3.532405360172158892e-01
4.873293999999999571e+00 2.464458199999999977e+01 3.642789967742307011e-01
4.878036999999999956e+00 2.445218200000000053e+01 3.752553381741557392e-01
4.882780000000000342e+00 2.499214899999999773e+01 3.932640733612466355e-01
4.887522999999999840e+00 2.528162700000000029e+01 4.111563179664153300e-01
4.892265000000000086e+00 2.470336499999999802e+01 4.238284073088541826e-01
4.897007999999999583e+00 2.475401199999999946e+01 4.441068709495384903e-01
4.901750999999999969e+00 2.485918100000000308e+01 4.679896545037934841e-01
4.906494000000000355e+00 2.546745499999999751e+01 5.008897201441949720e-01
4.911236999999999853e+00 2.494259999999999522e+01 5.278612970249476621e-01
4.915980000000000238e+00 2.580528499999999781e+01 5.768349659349890635e-01
4.920722999999999736e+00 2.647633499999999884e+01 6.353599610968336808e-01
4.925464999999999982e+00 2.538184099999999788e+01 6.879095565004821333e-01
4.930208000000000368e+00 2.577174099999999868e+01 7.861213945874898634e-01
4.934950999999999866e+00 2.515801000000000087e+01 9.192640112045069589e-01
4.939694000000000251e+00 2.406521200000000249e+01 1.160997665454031047e+00
4.944436999999999749e+00 8.388212900000000971e+00 1.187548994282774828e+00