# copyA
# Sample c= 0.0 mg/ml
#
# Number of frames collected: 10
# Exposure time per frame: 0.5
# No significant radiation damage detected, merging 10 files
# Merged from: /data/visitor/mx1905/bm29/20170412/Poker/1d/Sxl_10gs_076_00001.dat
# Merged from: /data/visitor/mx1905/bm29/20170412/Poker/1d/Sxl_10gs_076_00002.dat
# Merged from: /data/visitor/mx1905/bm29/20170412/Poker/1d/Sxl_10gs_076_00003.dat
# Merged from: /data/visitor/mx1905/bm29/20170412/Poker/1d/Sxl_10gs_076_00004.dat
# Merged from: /data/visitor/mx1905/bm29/20170412/Poker/1d/Sxl_10gs_076_00005.dat
# Merged from: /data/visitor/mx1905/bm29/20170412/Poker/1d/Sxl_10gs_076_00006.dat
# Merged from: /data/visitor/mx1905/bm29/20170412/Poker/1d/Sxl_10gs_076_00007.dat
# Merged from: /data/visitor/mx1905/bm29/20170412/Poker/1d/Sxl_10gs_076_00008.dat
# Merged from: /data/visitor/mx1905/bm29/20170412/Poker/1d/Sxl_10gs_076_00009.dat
# Merged from: /data/visitor/mx1905/bm29/20170412/Poker/1d/Sxl_10gs_076_00010.dat
#
# Sample Information:
# Storage Temperature (degrees C): 20.0
# Measurement Temperature (degrees C): 20.03
# Concentration: 0.0
# Code: 
3.082862000000000102e-02 6.082189000000000760e+02 8.151052923841863418e+00
3.557148999999999728e-02 1.194625699999999824e+03 4.710320607743595289e+00
4.031434999999999880e-02 1.162992199999999912e+03 3.061505059979200638e+00
4.505722000000000199e-02 9.235130300000000716e+02 1.939908076563557016e+00
4.980007999999999657e-02 6.264949100000000044e+02 1.430722389884347745e+00
5.454294999999999977e-02 4.494941199999999526e+02 1.140098179312040605e+00
5.928581000000000129e-02 3.243030399999999531e+02 9.206364879256037081e-01
6.402868000000000448e-02 2.532303899999999999e+02 7.756534112537313286e-01
6.877154000000000600e-02 2.037703199999999981e+02 6.683591643337808419e-01
7.351441000000000225e-02 1.658311300000000301e+02 5.809873364527492479e-01
7.825727999999999851e-02 1.368405900000000202e+02 5.080476150553312475e-01
8.300014000000000003e-02 1.159619899999999859e+02 4.527350925988728458e-01
8.774300999999999628e-02 1.005471750000000100e+02 4.090415350594606703e-01
9.248586999999999780e-02 8.830476799999999571e+01 3.725211875570972331e-01
9.722873999999999406e-02 7.822738400000000070e+01 3.404434421035159031e-01
1.019715999999999956e-01 7.003328200000001402e+01 3.139278984149713736e-01
1.067145000000000038e-01 6.496670500000000459e+01 2.951342032745708499e-01
1.114572999999999953e-01 5.906011100000000624e+01 2.750288336036314507e-01
1.162002000000000035e-01 5.450600899999999172e+01 2.584397329427307599e-01
1.209430999999999978e-01 5.158418600000000254e+01 2.461412794225300016e-01
1.256858999999999893e-01 4.888429700000000366e+01 2.348286063099617460e-01
1.304288000000000114e-01 4.621008000000000493e+01 2.239428690682719603e-01
1.351717000000000057e-01 4.439007800000000259e+01 2.153800601721967689e-01
1.399144999999999972e-01 4.235026999999999475e+01 2.065570503547409786e-01
1.446573999999999915e-01 4.051281300000000840e+01 1.985181847597650429e-01
1.494003000000000136e-01 3.928211499999999745e+01 1.922115938631429044e-01
1.541431000000000051e-01 3.831458200000000147e+01 1.870516494308259170e-01
1.588859999999999995e-01 3.701638400000000217e+01 1.809465887334585910e-01
1.636287999999999909e-01 3.627761999999999887e+01 1.764048991679091627e-01
1.683717000000000130e-01 3.515606899999999513e+01 1.710998444438757704e-01
1.731146000000000074e-01 3.458394300000000499e+01 1.672686703809228015e-01
1.778573999999999988e-01 3.379454600000000397e+01 1.630266482427486507e-01
1.826002999999999932e-01 3.334990700000000174e+01 1.597523262876763273e-01
1.873431999999999875e-01 3.274528300000000769e+01 1.562116258272197300e-01
1.920860000000000067e-01 3.222855699999999501e+01 1.529743036362133657e-01
1.968289000000000011e-01 3.192258199999999846e+01 1.503215869676178540e-01
2.015717999999999954e-01 3.128824899999999687e+01 1.469987887673429028e-01
2.063145999999999869e-01 3.091248799999999619e+01 1.443617097408949612e-01
2.110575000000000090e-01 3.071188700000000082e+01 1.420614063431029084e-01
2.158004000000000033e-01 3.018355100000000490e+01 1.392195002556599337e-01
2.205431999999999948e-01 2.993937900000000241e+01 1.371195586667803001e-01
2.252860999999999891e-01 2.981112099999999643e+01 1.353480046545696147e-01
2.300290000000000112e-01 2.954465200000000280e+01 1.333120637925810370e-01
2.347718000000000027e-01 2.926997400000000127e+01 1.313032339806937121e-01
2.395146999999999970e-01 2.917609600000000825e+01 1.297512377843456355e-01
2.442575999999999914e-01 2.886985500000000116e+01 1.277724136971948310e-01
2.490004000000000106e-01 2.875822600000000051e+01 1.262655152777142908e-01
2.537433000000000050e-01 2.850162900000000121e+01 1.244768987430679708e-01
2.584861999999999993e-01 2.832596300000000156e+01 1.229214868256550963e-01
2.632289999999999908e-01 2.822444200000000336e+01 1.215723251257415233e-01
2.679718999999999851e-01 2.805935799999999603e+01 1.201185517265925817e-01
2.727146999999999766e-01 2.793480000000000274e+01 1.187786573325974315e-01
2.774576000000000264e-01 2.782963999999999416e+01 1.175465855931910886e-01
2.822005000000000208e-01 2.779225100000000026e+01 1.165112000594719505e-01
2.869433000000000122e-01 2.749928600000000145e+01 1.149104426854578864e-01
2.916862000000000066e-01 2.744716100000000125e+01 1.138356955757287847e-01
2.964291000000000009e-01 2.747422700000000262e+01 1.129541121618637678e-01
3.011718999999999924e-01 2.726193099999999703e+01 1.116073225651215972e-01
3.059147999999999867e-01 2.728454599999999886e+01 1.107655386491285948e-01
3.106576999999999811e-01 2.708482499999999504e+01 1.094894101144393839e-01
3.154004999999999725e-01 2.702980600000000067e+01 1.085356616153727582e-01
3.201434000000000224e-01 2.704534899999999809e+01 1.077477780560193443e-01
3.248863000000000167e-01 2.691545499999999791e+01 1.066855178266352261e-01
3.296291000000000082e-01 2.690813299999999941e+01 1.058795400908952855e-01
3.343720000000000026e-01 2.703707800000000105e+01 1.053616292559649004e-01
3.391148999999999969e-01 2.710499099999999473e+01 1.058425068472218233e-01
3.438576999999999884e-01 2.713396000000000186e+01 1.072675745077500131e-01
3.486005999999999827e-01 2.694159300000000101e+01 1.096075581977000307e-01
3.533434999999999770e-01 2.656953599999999938e+01 1.108447782559616179e-01
3.580863000000000240e-01 2.682096200000000152e+01 1.127524820617413354e-01
3.628292000000000184e-01 2.649989199999999911e+01 1.131809582188011004e-01
3.675720000000000098e-01 2.642850999999999573e+01 1.139586669798405422e-01
3.723149000000000042e-01 2.661456600000000350e+01 1.152007561629158766e-01
3.770577999999999985e-01 2.655526499999999857e+01 1.158424040373787350e-01
3.818005999999999900e-01 2.647903699999999461e+01 1.162931476844916989e-01
3.865434999999999843e-01 2.649971300000000340e+01 1.169125914150905138e-01
3.912863999999999787e-01 2.652094200000000157e+01 1.174283866448849745e-01
3.960292000000000256e-01 2.643486399999999747e+01 1.177194401453982298e-01
4.007721000000000200e-01 2.638236699999999857e+01 1.181051602842606574e-01
4.055150000000000143e-01 2.640422399999999215e+01 1.222263700229852257e-01
4.102578000000000058e-01 2.635304599999999908e+01 1.252920252706915261e-01
4.150007000000000001e-01 2.639154900000000481e+01 1.281290755983078844e-01
4.197435999999999945e-01 2.625714499999999774e+01 1.297707970701844904e-01
4.244863999999999860e-01 2.615842500000000115e+01 1.316239813147684068e-01
4.292292999999999803e-01 2.640780600000000078e+01 1.342702492192838493e-01
4.339721999999999746e-01 2.636102999999999952e+01 1.362053224276819630e-01
4.387150000000000216e-01 2.670521199999999595e+01 1.390915525148932186e-01
4.434579000000000160e-01 2.630103500000000238e+01 1.400628565752619625e-01
4.482008000000000103e-01 2.632642099999999985e+01 1.424964598258331994e-01
4.529436000000000018e-01 2.597147100000000108e+01 1.438393358906606689e-01
4.576864999999999961e-01 2.622015399999999730e+01 1.460355970958813754e-01
4.624293999999999905e-01 2.628694499999999579e+01 1.474395832193597100e-01
4.671721999999999819e-01 2.640950799999999887e+01 1.470528120983692622e-01
4.719150999999999763e-01 2.660946299999999809e+01 1.417985825477187378e-01
4.766579000000000232e-01 2.637125200000000547e+01 1.385047124573088317e-01
4.814008000000000176e-01 2.634905199999999326e+01 1.366876724054232328e-01
4.861437000000000119e-01 2.635018200000000022e+01 1.353451145832892666e-01
4.908865000000000034e-01 2.615955100000000044e+01 1.337551842807234714e-01
4.956293999999999977e-01 2.593654799999999838e+01 1.322465207371804619e-01
5.003722999999999921e-01 2.611598399999999742e+01 1.318686731648309185e-01
5.051151000000000391e-01 2.641976899999999517e+01 1.318807826824196505e-01
5.098580000000000334e-01 2.630728799999999268e+01 1.309156715176983676e-01
5.146009000000000277e-01 2.617865199999999959e+01 1.299646233437896092e-01
5.193436999999999637e-01 2.611576000000000164e+01 1.292145464388839426e-01
5.240865999999999580e-01 2.626492799999999761e+01 1.290249187932052122e-01
5.288294999999999524e-01 2.633637799999999629e+01 1.286712362018442579e-01
5.335722999999999994e-01 2.603177299999999761e+01 1.271728316541992365e-01
5.383151999999999937e-01 2.591986300000000298e+01 1.259834600946810879e-01
5.430580999999999881e-01 2.584486500000000575e+01 1.249247218774014456e-01
5.478009000000000350e-01 2.620094500000000082e+01 1.249341904867938835e-01
5.525438000000000294e-01 2.611802700000000144e+01 1.239195332789617271e-01
5.572867000000000237e-01 2.605095299999999980e+01 1.229668990955692098e-01
5.620294999999999597e-01 2.580271000000000114e+01 1.216164981211739216e-01
5.667723999999999540e-01 2.610459199999999669e+01 1.215825062510240417e-01
5.715152000000000010e-01 2.599896199999999880e+01 1.206160615967264149e-01
5.762580999999999953e-01 2.594194200000000095e+01 1.197798557004866316e-01
5.810009999999999897e-01 2.592297100000000043e+01 1.190839295367494277e-01
5.857438000000000367e-01 2.598872899999999930e+01 1.188784517153146647e-01
5.904867000000000310e-01 2.598847200000000157e+01 1.185920392364458176e-01
5.952296000000000253e-01 2.580229200000000134e+01 1.178812771512210977e-01
5.999723999999999613e-01 2.601166600000000173e+01 1.182006195255832781e-01
6.047152999999999556e-01 2.602266399999999891e+01 1.179266696583135127e-01
6.094581999999999500e-01 2.598072000000000159e+01 1.174537403010048886e-01
6.142009999999999970e-01 2.588015999999999650e+01 1.170613906250113773e-01
6.189438999999999913e-01 2.573372600000000077e+01 1.163506280610650673e-01
6.236867999999999856e-01 2.566819900000000487e+01 1.159342885315405719e-01
6.284296000000000326e-01 2.601224199999999698e+01 1.164431835239731761e-01
6.331725000000000270e-01 2.604670399999999830e+01 1.162537946322673710e-01
6.379154000000000213e-01 2.588624499999999529e+01 1.156322257899332212e-01
6.426581999999999573e-01 2.585860699999999568e+01 1.153112808001190287e-01
6.474010999999999516e-01 2.588260900000000220e+01 1.151080587854868692e-01
6.521439999999999459e-01 2.591225400000000079e+01 1.149160656782566708e-01
6.568867999999999929e-01 2.583200899999999933e+01 1.144832157519258403e-01
6.616296999999999873e-01 2.584514500000000226e+01 1.142606785267451519e-01
6.663725999999999816e-01 2.579785100000000142e+01 1.139069386081348334e-01
6.711154000000000286e-01 2.587961800000000423e+01 1.138369460455870702e-01
6.758583000000000229e-01 2.583600900000000067e+01 1.134931689456202264e-01
6.806010999999999589e-01 2.579250600000000304e+01 1.131528134231067073e-01
6.853439999999999532e-01 2.590292299999999415e+01 1.131520899566092753e-01
6.900868999999999476e-01 2.585807300000000097e+01 1.128107072420636847e-01
6.948296999999999946e-01 2.585969499999999854e+01 1.125726580203896543e-01
6.995725999999999889e-01 2.581440799999999669e+01 1.122355366719908210e-01
7.043154999999999832e-01 2.576774500000000145e+01 1.118981857677907171e-01
7.090583000000000302e-01 2.593124500000000054e+01 1.120152348071734305e-01
7.138012000000000246e-01 2.564137000000000199e+01 1.111527781890997157e-01
7.185441000000000189e-01 2.573871199999999959e+01 1.111315110119505956e-01
7.232868999999999549e-01 2.582076400000000405e+01 1.110781908670320367e-01
7.280297999999999492e-01 2.589869800000000311e+01 1.110144687514582340e-01
7.327727000000000546e-01 2.573611500000000163e+01 1.104361156402804689e-01
7.375154999999999905e-01 2.591655999999999693e+01 1.105954565081477547e-01
7.422583999999999849e-01 2.591769899999999893e+01 1.103725646426851059e-01
7.470012999999999792e-01 2.584910499999999800e+01 1.100012221569060672e-01
7.517441000000000262e-01 2.582528399999999991e+01 1.097261379970902728e-01
7.564870000000000205e-01 2.580225599999999986e+01 1.094559319269951675e-01
7.612299000000000149e-01 2.576982100000000031e+01 1.091678043096635797e-01
7.659726999999999508e-01 2.570053100000000157e+01 1.088017569582389460e-01
7.707155999999999452e-01 2.584834999999999283e+01 1.088950249280324079e-01
7.754585000000000505e-01 2.566472700000000629e+01 1.082923872933277687e-01
7.802012999999999865e-01 2.582958400000000054e+01 1.085321257928609784e-01
7.849441999999999808e-01 2.569314899999999824e+01 1.079934866904055657e-01
7.896870000000000278e-01 2.580080600000000146e+01 1.079356010936827204e-01
7.944299000000000222e-01 2.566292800000000085e+01 1.074362456599885080e-01
7.991728000000000165e-01 2.582329700000000372e+01 1.075618464931840934e-01
8.039155999999999525e-01 2.587648700000000446e+01 1.074628408886206532e-01
8.086584999999999468e-01 2.570088499999999954e+01 1.068887310020041337e-01
8.134014000000000522e-01 2.569313000000000358e+01 1.066664987271715992e-01
8.181441999999999881e-01 2.576007299999999844e+01 1.066811628948311358e-01
8.228870999999999825e-01 2.578383000000000180e+01 1.064493677160808643e-01
8.276299999999999768e-01 2.565545999999999793e+01 1.059758086046315578e-01
8.323728000000000238e-01 2.564795499999999606e+01 1.057586983699837224e-01
8.371157000000000181e-01 2.566445800000000332e+01 1.055930800879981979e-01
8.418586000000000125e-01 2.569545800000000213e+01 1.054570255124195055e-01
8.466013999999999484e-01 2.573572199999999910e+01 1.053395178464677506e-01
8.513443000000000538e-01 2.562511299999999892e+01 1.049160674447021935e-01
8.560872000000000481e-01 2.573500899999999803e+01 1.049450920083240535e-01
8.608299999999999841e-01 2.579080200000000289e+01 1.048629953880752808e-01
8.655728999999999784e-01 2.580332899999999796e+01 1.046926588998779717e-01
8.703157999999999728e-01 2.582580800000000210e+01 1.045447448724281941e-01
8.750586000000000197e-01 2.573175800000000280e+01 1.041623988231569209e-01
8.798015000000000141e-01 2.567482499999999845e+01 1.038561684135858310e-01
8.845442999999999500e-01 2.565291499999999658e+01 1.036207899976404334e-01
8.892872000000000554e-01 2.560700699999999941e+01 1.033391389203388855e-01
8.940301000000000498e-01 2.562254400000000487e+01 1.031834435329428146e-01
8.987728999999999857e-01 2.550893400000000355e+01 1.027680302687766778e-01
9.035157999999999801e-01 2.560639600000000016e+01 1.027770511070326409e-01
9.082586999999999744e-01 2.558470100000000258e+01 1.025490455419581226e-01
9.130015000000000214e-01 2.552474899999999991e+01 1.022457525887183333e-01
9.177444000000000157e-01 2.562723700000000093e+01 1.022680319462108411e-01
9.224873000000000101e-01 2.566271599999999964e+01 1.021555085764355580e-01
9.272300999999999460e-01 2.558715800000000229e+01 1.018240610336550028e-01
9.319730000000000514e-01 2.552987900000000110e+01 1.015307886462904347e-01
9.367159000000000457e-01 2.553372900000000101e+01 1.013597312631189934e-01
9.414586999999999817e-01 2.561900500000000491e+01 1.013493798844832539e-01
9.462015999999999760e-01 2.550576699999999875e+01 1.009480704838933429e-01
9.509444999999999704e-01 2.562117699999999942e+01 1.010005126877487613e-01
9.556873000000000173e-01 2.557137900000000030e+01 1.007269902543737328e-01
9.604302000000000117e-01 2.556516999999999840e+01 1.005391247198298421e-01
9.651731000000000060e-01 2.566153199999999401e+01 1.005544635375362067e-01
9.699159000000000530e-01 2.556865700000000174e+01 1.002000877268079126e-01
9.746588000000000473e-01 2.570221199999999584e+01 1.002892949430002761e-01
9.794017000000000417e-01 2.568489100000000036e+01 1.000829698379049892e-01
9.841444999999999776e-01 2.558259600000000233e+01 9.971320759442602044e-02
9.888873999999999720e-01 2.559212600000000748e+01 9.956296064548453284e-02
9.936302000000000190e-01 2.542233999999999838e+01 9.906436867781473476e-02
9.983731000000000133e-01 2.551318400000000253e+01 9.907260654997726568e-02
1.003115999999999897e+00 2.549845300000000137e+01 9.887734813560282443e-02
1.007859000000000060e+00 2.545398099999999886e+01 9.862595391372241949e-02
1.012602000000000002e+00 2.542186300000000188e+01 9.839930901892654513e-02
1.017344999999999944e+00 2.543548799999999943e+01 9.826050984103532060e-02
1.022086999999999968e+00 2.564560099999999920e+01 9.850167209343858865e-02
1.026829999999999909e+00 2.560395399999999810e+01 9.825921184166754030e-02
1.031573000000000073e+00 2.570549799999999863e+01 9.829163136539499634e-02
1.036316000000000015e+00 2.545434799999999598e+01 9.764838720383658965e-02
1.041058999999999957e+00 2.557204499999999925e+01 9.771338428975274992e-02
1.045801999999999898e+00 2.543793199999999999e+01 9.729790231029085412e-02
1.050545000000000062e+00 2.536251000000000033e+01 9.699559292718819281e-02
1.055287000000000086e+00 2.543801800000000313e+01 9.698082086474212049e-02
1.060030000000000028e+00 2.563020799999999966e+01 9.718898799587019632e-02
1.064772999999999969e+00 2.543326000000000064e+01 9.665894541565048237e-02
1.069515999999999911e+00 2.551381399999999644e+01 9.665638302300423590e-02
1.074259000000000075e+00 2.543925600000000031e+01 9.635919503201446912e-02
1.079002000000000017e+00 2.553732100000000216e+01 9.639033750385357646e-02
1.083744999999999958e+00 2.543548299999999784e+01 9.606570412496906464e-02
1.088487999999999900e+00 2.538997699999999824e+01 9.584866294960195376e-02
1.093229999999999924e+00 2.533839300000000350e+01 9.555682953450422845e-02
1.097973000000000088e+00 2.543379599999999741e+01 9.558523866945983771e-02
1.102716000000000030e+00 2.547172399999999470e+01 9.550632520670764014e-02
1.107458999999999971e+00 2.544598299999999469e+01 9.530848845203243602e-02
1.112201999999999913e+00 2.540731699999999904e+01 9.508592004361318684e-02
1.116945000000000077e+00 2.534451999999999927e+01 9.482008190406765458e-02
1.121688000000000018e+00 2.533377099999999871e+01 9.465283724407314025e-02
1.126430000000000042e+00 2.553158699999999470e+01 9.487459044398188768e-02
1.131172999999999984e+00 2.531159500000000051e+01 9.431793419426498515e-02
1.135915999999999926e+00 2.546440700000000135e+01 9.445621989011099284e-02
1.140659000000000090e+00 2.547852199999999456e+01 9.433753323564963988e-02
1.145402000000000031e+00 2.537371399999999610e+01 9.399927006110739280e-02
1.150144999999999973e+00 2.550807100000000105e+01 9.410292288489874313e-02
1.154887999999999915e+00 2.547880500000000126e+01 9.390545481307036035e-02
1.159631000000000078e+00 2.540845599999999749e+01 9.363356954598013593e-02
1.164373000000000102e+00 2.541512500000000330e+01 9.350465542407715436e-02
1.169116000000000044e+00 2.549687399999999826e+01 9.358270273236021786e-02
1.173858999999999986e+00 2.546559500000000043e+01 9.335908885843091642e-02
1.178601999999999927e+00 2.550700199999999995e+01 9.324991951798136669e-02
1.183345000000000091e+00 2.548078300000000240e+01 9.306283718598043486e-02
1.188088000000000033e+00 2.556919699999999906e+01 9.308416021036877708e-02
1.192830999999999975e+00 2.541264000000000323e+01 9.266039996591909911e-02
1.197572999999999999e+00 2.537524099999999905e+01 9.245502746903165592e-02
1.202315999999999940e+00 2.549767899999999798e+01 9.254108355693108079e-02
1.207059000000000104e+00 2.541308199999999573e+01 9.254949054587766066e-02
1.211802000000000046e+00 2.552018599999999537e+01 9.578123324249171455e-02
1.216544999999999987e+00 2.538485800000000125e+01 9.751534818102994273e-02
1.221287999999999929e+00 2.538551399999999703e+01 9.898252355837468264e-02
1.226031000000000093e+00 2.548568200000000417e+01 1.004193904340616034e-01
1.230774000000000035e+00 2.541624599999999745e+01 1.013881486017838285e-01
1.235516000000000059e+00 2.550011900000000153e+01 1.025712454556426956e-01
1.240259000000000000e+00 2.549042000000000030e+01 1.035010238987977421e-01
1.245001999999999942e+00 2.536366699999999952e+01 1.041377685682600973e-01
1.249745000000000106e+00 2.536733399999999605e+01 1.049994167105317844e-01
1.254488000000000048e+00 2.538764699999999763e+01 1.058630551726082586e-01
1.259230999999999989e+00 2.534397099999999980e+01 1.063108262161723550e-01
1.263973999999999931e+00 2.536451299999999875e+01 1.066273006856053723e-01
1.268715999999999955e+00 2.524028200000000055e+01 1.066237543888856054e-01
1.273458999999999897e+00 2.545971300000000070e+01 1.053314830351837345e-01
1.278202000000000060e+00 2.560631300000000010e+01 1.017303245431931125e-01
1.282945000000000002e+00 2.562869500000000400e+01 9.983348590862137217e-02
1.287687999999999944e+00 2.547998999999999725e+01 9.814162796767740560e-02
1.292431000000000108e+00 2.547911400000000626e+01 9.700649327492463780e-02
1.297174000000000049e+00 2.541596899999999692e+01 9.592133838544945890e-02
1.301916000000000073e+00 2.542444200000000265e+01 9.508712436771026011e-02
1.306659000000000015e+00 2.557045199999999952e+01 9.459367128514836742e-02
1.311401999999999957e+00 2.548183399999999921e+01 9.373248556664867670e-02
1.316144999999999898e+00 2.520645900000000239e+01 9.258456688991530126e-02
1.320888000000000062e+00 2.530019999999999669e+01 9.229473954080211207e-02
1.325631000000000004e+00 2.536910699999999963e+01 9.218234837774476331e-02
1.330373999999999945e+00 2.542952700000000021e+01 9.206687757178746989e-02
1.335117000000000109e+00 2.539209300000000269e+01 9.178411659590782201e-02
1.339858999999999911e+00 2.546845599999999621e+01 9.171336837368748718e-02
1.344602000000000075e+00 2.547357999999999478e+01 9.152154807360722566e-02
1.349345000000000017e+00 2.539942900000000492e+01 9.119444075757579538e-02
1.354087999999999958e+00 2.540257700000000085e+01 9.101197016890745506e-02
1.358830999999999900e+00 2.543276099999999573e+01 9.088174853912638074e-02
1.363574000000000064e+00 2.544534700000000171e+01 9.072468236430371313e-02
1.368317000000000005e+00 2.526788100000000270e+01 9.023347685374313865e-02
1.373059000000000029e+00 2.530739300000000114e+01 9.013372134280986381e-02
1.377801999999999971e+00 2.534834200000000237e+01 9.003831691164213002e-02
1.382544999999999913e+00 2.537837400000000088e+01 8.992656715520336297e-02
1.387288000000000077e+00 2.544399199999999794e+01 8.988126684401594180e-02
1.392031000000000018e+00 2.528664299999999798e+01 8.944449645312840813e-02
1.396773999999999960e+00 2.529043199999999914e+01 8.929439505715518199e-02
1.401516999999999902e+00 2.552539000000000513e+01 8.955324769956922448e-02
1.406260000000000066e+00 2.543181700000000234e+01 8.923714574926072673e-02
1.411002000000000089e+00 2.549370099999999795e+01 8.919589042470119078e-02
1.415745000000000031e+00 2.541792800000000341e+01 8.891441431617992663e-02
1.420487999999999973e+00 2.519335899999999739e+01 8.837506314612056380e-02
1.425230999999999915e+00 2.534671799999999564e+01 8.849934306718384991e-02
1.429974000000000078e+00 2.553320199999999573e+01 8.868158789175631385e-02
1.434717000000000020e+00 2.545013399999999848e+01 8.839530869047293460e-02
1.439459999999999962e+00 2.544499700000000075e+01 8.824631165651174169e-02
1.444201999999999986e+00 2.528989699999999985e+01 8.783886128312515251e-02
1.448944999999999927e+00 2.536547999999999803e+01 8.783355977584876573e-02
1.453688000000000091e+00 2.524654400000000010e+01 8.749176079617783375e-02
1.458431000000000033e+00 2.512441899999999606e+01 8.714580003510381812e-02
1.463173999999999975e+00 2.531223699999999965e+01 8.736121203858951412e-02
1.467916999999999916e+00 2.518493800000000604e+01 8.701172225158113060e-02
1.472660000000000080e+00 2.517317000000000249e+01 8.683618834318558577e-02
1.477402000000000104e+00 2.538506699999999583e+01 8.707079385216778822e-02
1.482145000000000046e+00 2.535869999999999891e+01 8.689697443239839669e-02
1.486887999999999987e+00 2.530312299999999937e+01 8.667462730316122244e-02
1.491630999999999929e+00 2.539119700000000179e+01 8.669812901194870469e-02
1.496374000000000093e+00 2.538425800000000621e+01 8.655990392017368085e-02
1.501117000000000035e+00 2.539039500000000160e+01 8.648930700013383877e-02
1.505859999999999976e+00 2.549198100000000267e+01 8.821220906803547979e-02
1.510602999999999918e+00 2.539638799999999463e+01 9.052321343103822415e-02
1.515344999999999942e+00 2.532333799999999968e+01 9.189077938763659525e-02
1.520088000000000106e+00 2.530067100000000124e+01 9.305982307840049428e-02
1.524831000000000047e+00 2.519562500000000327e+01 9.392029007585794842e-02
1.529573999999999989e+00 2.531639399999999540e+01 9.488619973031640897e-02
1.534316999999999931e+00 2.561317399999999722e+01 9.278770058984379954e-02
1.539060000000000095e+00 2.541951200000000100e+01 9.100168359845492438e-02
1.543803000000000036e+00 2.545551600000000292e+01 9.010557871611946101e-02
1.548545000000000060e+00 2.546945299999999790e+01 8.918918662278571552e-02
1.553288000000000002e+00 2.549292499999999961e+01 8.843834585244400581e-02
1.558030999999999944e+00 2.543740000000000023e+01 8.759800749426097100e-02
1.562774000000000107e+00 2.521061399999999963e+01 8.633361913143454414e-02
1.567517000000000049e+00 2.528359199999999873e+01 8.566288988222087175e-02
1.572259999999999991e+00 2.519424699999999717e+01 8.501013123733489052e-02
1.577002999999999933e+00 2.543051600000000079e+01 8.507212414764192543e-02
1.581746000000000096e+00 2.519610099999999875e+01 8.451567217950407829e-02
1.586487999999999898e+00 2.528170700000000082e+01 8.468140790396497253e-02
1.591231000000000062e+00 2.522518900000000031e+01 8.469500736960769438e-02
1.595974000000000004e+00 2.523119399999999857e+01 8.480956024963813566e-02
1.600716999999999945e+00 2.526773299999999978e+01 8.494477516844459175e-02
1.605460000000000109e+00 2.527919899999999842e+01 8.485371032108968148e-02
1.610203000000000051e+00 2.519663800000000009e+01 8.457342409219163748e-02
1.614945999999999993e+00 2.522306199999999876e+01 8.447965511367752645e-02
1.619688000000000017e+00 2.524896799999999786e+01 8.438762060876051074e-02
1.624430999999999958e+00 2.521164100000000019e+01 8.419214357961020412e-02
1.629173999999999900e+00 2.523980900000000105e+01 8.410773457987083535e-02
1.633917000000000064e+00 2.520014400000000165e+01 8.391294109351130071e-02
1.638660000000000005e+00 2.526232200000000105e+01 8.388946458697897623e-02
1.643402999999999947e+00 2.526975799999999595e+01 8.377650683205703497e-02
1.648146000000000111e+00 2.536558299999999733e+01 8.381075160429179993e-02
1.652889000000000053e+00 2.520443700000000220e+01 8.342197701793695186e-02
1.657631000000000077e+00 2.510228299999999635e+01 8.313275623591040442e-02
1.662374000000000018e+00 2.514617799999999903e+01 8.308600090438340857e-02
1.667116999999999960e+00 2.511263100000000037e+01 8.291246323894195525e-02
1.671859999999999902e+00 2.517539699999999669e+01 8.289927368695819421e-02
1.676603000000000065e+00 2.517856699999999748e+01 8.278907301344785863e-02
1.681346000000000007e+00 2.525712399999999747e+01 8.280323265254564691e-02
1.686088999999999949e+00 2.525550900000000354e+01 8.268630791534291313e-02
1.690830999999999973e+00 2.527656300000000300e+01 8.260810561150763731e-02
1.695573999999999915e+00 2.532846099999999723e+01 8.258110173257983411e-02
1.700317000000000078e+00 2.518653099999999867e+01 8.223838034757918747e-02
1.705060000000000020e+00 2.522981999999999658e+01 8.219869704465089522e-02
1.709802999999999962e+00 2.520819499999999991e+01 8.205431058968749858e-02
1.714545999999999903e+00 2.524634199999999851e+01 8.200827517403716516e-02
1.719289000000000067e+00 2.529383899999999841e+01 8.197744807842641257e-02
1.724031000000000091e+00 2.532125099999999662e+01 8.191431539412753760e-02
1.728774000000000033e+00 2.516367299999999574e+01 8.155306487827480855e-02
1.733516999999999975e+00 2.524206199999999711e+01 8.157484422805476310e-02
1.738259999999999916e+00 2.508882399999999890e+01 8.122222491801119049e-02
1.743003000000000080e+00 2.529524900000000187e+01 8.145099127891261559e-02
1.747746000000000022e+00 2.516338499999999812e+01 8.113516683302808563e-02
1.752488999999999963e+00 2.511217900000000469e+01 8.095028405438796371e-02
1.757231999999999905e+00 2.491834800000000172e+01 8.053555928599988312e-02
1.761973999999999929e+00 2.527888599999999997e+01 8.101391632076984650e-02
1.766717000000000093e+00 2.513826899999999753e+01 8.068754030433199220e-02
1.771460000000000035e+00 2.521582500000000238e+01 8.071161504352021565e-02
1.776202999999999976e+00 2.513126300000000413e+01 8.051252136572421836e-02
1.780945999999999918e+00 2.509563299999999941e+01 8.035845527225496387e-02
1.785689000000000082e+00 2.507981000000000193e+01 8.019595519658331839e-02
1.790432000000000023e+00 2.513315000000000055e+01 8.018327590308467478e-02
1.795174000000000047e+00 2.518523699999999721e+01 8.016854158495524685e-02
1.799916999999999989e+00 2.516755099999999601e+01 8.004265275441899141e-02
1.804659999999999931e+00 2.513235399999999942e+01 7.989026736278018181e-02
1.809403000000000095e+00 2.512664500000000345e+01 7.978519968040000132e-02
1.814146000000000036e+00 2.513659100000000279e+01 7.970531468776345663e-02
1.818888999999999978e+00 2.513873799999999648e+01 7.961318604035137747e-02
1.823631999999999920e+00 2.514108400000000287e+01 7.952215764434023004e-02
1.828375000000000083e+00 2.507179499999999805e+01 7.931840429980738238e-02
1.833117000000000107e+00 2.514553599999999989e+01 7.934106278285980862e-02
1.837860000000000049e+00 2.515326900000000165e+01 7.925951875527253998e-02
1.842602999999999991e+00 2.513712600000000208e+01 7.914104259085547044e-02
1.847345999999999933e+00 2.513996399999999909e+01 7.905309188224582395e-02
1.852089000000000096e+00 2.513751400000000302e+01 7.902216259057581738e-02
1.856832000000000038e+00 2.506963599999999914e+01 7.876413794987856265e-02
1.861574999999999980e+00 2.519642299999999935e+01 7.886605078431338511e-02
1.866317000000000004e+00 2.511719099999999827e+01 7.865111355706287666e-02
1.871059999999999945e+00 2.513352200000000281e+01 7.858625572680377758e-02
1.875803000000000109e+00 2.507470099999999746e+01 7.840373449438808873e-02
1.880546000000000051e+00 2.504696000000000566e+01 7.827073766053824211e-02
1.885288999999999993e+00 2.515033200000000235e+01 7.834298435513609160e-02
1.890031999999999934e+00 2.503620099999999837e+01 7.807620379329030524e-02
1.894775000000000098e+00 2.503576400000000035e+01 7.798656550993574021e-02
1.899516999999999900e+00 2.498385499999999837e+01 7.781786245032820681e-02
1.904260000000000064e+00 2.505612299999999593e+01 7.784245861213595630e-02
1.909003000000000005e+00 2.516929999999999978e+01 7.793067854694324392e-02
1.913745999999999947e+00 2.514149699999999754e+01 7.779992933346469020e-02
1.918489000000000111e+00 2.512466800000000333e+01 7.768716502557226899e-02
1.923232000000000053e+00 2.506881200000000121e+01 7.751456728540126462e-02
1.927974999999999994e+00 2.499477900000000119e+01 7.731192832508836099e-02
1.932717999999999936e+00 2.516678299999999879e+01 7.743042947962965050e-02
1.937459999999999960e+00 2.504626700000000383e+01 7.706459240218363482e-02
1.942202999999999902e+00 2.496251699999999829e+01 7.672586609446321870e-02
1.946946000000000065e+00 2.501065100000000285e+01 7.661329390625362667e-02
1.951689000000000007e+00 2.496350100000000083e+01 7.639014577262043248e-02
1.956431999999999949e+00 2.500743599999999844e+01 7.637488411738181660e-02
1.961174999999999891e+00 2.495070000000000121e+01 7.620790541571260956e-02
1.965918000000000054e+00 2.488795700000000011e+01 7.603306530054013135e-02
1.970660000000000078e+00 2.496160499999999871e+01 7.610963749874716244e-02
1.975403000000000020e+00 2.508018700000000223e+01 7.626964574556642507e-02
1.980145999999999962e+00 2.502105399999999946e+01 7.620065435670024534e-02
1.984888999999999903e+00 2.514926400000000228e+01 7.641591781753132029e-02
1.989632000000000067e+00 2.498532399999999853e+01 7.618648405761878351e-02
1.994375000000000009e+00 2.501813500000000090e+01 7.620864292306547827e-02
1.999117999999999951e+00 2.490734799999999893e+01 7.593037190914317391e-02
2.003861000000000114e+00 2.504866700000000179e+01 7.606454861253762745e-02
2.008602999999999916e+00 2.503717699999999979e+01 7.596596462251564708e-02
2.013345999999999858e+00 2.513437000000000410e+01 7.670777313475082848e-02
2.018088999999999800e+00 2.508390299999999939e+01 7.886695948507144172e-02
2.022832000000000185e+00 2.494189899999999938e+01 7.994490033097670367e-02
2.027575000000000127e+00 2.502450599999999525e+01 8.108991871915337268e-02
2.032318000000000069e+00 2.490764500000000226e+01 8.176774678883355629e-02
2.037061000000000011e+00 2.493218399999999946e+01 8.258678508456120115e-02
2.041802999999999813e+00 2.491583100000000428e+01 8.325938511002947684e-02
2.046546000000000198e+00 2.498098699999999894e+01 8.374919183030485326e-02
2.051289000000000140e+00 2.500710000000000122e+01 8.405040808564703814e-02
2.056032000000000082e+00 2.497459700000000282e+01 8.423388781484267285e-02
2.060775000000000023e+00 2.490499500000000310e+01 8.433872521734900318e-02
2.065517999999999965e+00 2.483069900000000629e+01 8.442082484347566973e-02
2.070260999999999907e+00 2.492842599999999820e+01 8.478425344388543228e-02
2.075003000000000153e+00 2.490877700000000061e+01 8.493798234219541998e-02
2.079746000000000095e+00 2.498731200000000285e+01 8.302743909361351426e-02
2.084489000000000036e+00 2.511488200000000148e+01 8.112458578034281720e-02
2.089231999999999978e+00 2.498350299999999535e+01 7.975487568897464408e-02
2.093974999999999920e+00 2.511942900000000023e+01 7.909493427562350187e-02
2.098717999999999861e+00 2.498861800000000244e+01 7.816824435596657350e-02
2.103460999999999803e+00 2.486894399999999550e+01 7.736157113591023149e-02
2.108204000000000189e+00 2.496302599999999572e+01 7.707707354285449342e-02
2.112945999999999991e+00 2.485105599999999981e+01 7.669934229951649862e-02
2.117688999999999933e+00 2.496234199999999959e+01 7.668496873617799969e-02
2.122431999999999874e+00 2.492339399999999827e+01 7.645160636095554851e-02
2.127174999999999816e+00 2.500225599999999559e+01 7.641017949160766598e-02
2.131918000000000202e+00 2.498103599999999958e+01 7.622421361343847956e-02
2.136661000000000143e+00 2.494355499999999992e+01 7.602110882819981819e-02
2.141404000000000085e+00 2.489047099999999801e+01 7.580032088630166143e-02
2.146145999999999887e+00 2.498261700000000118e+01 7.580643389180762026e-02
2.150888999999999829e+00 2.496058400000000077e+01 7.564365945712368811e-02
2.155632000000000215e+00 2.481954800000000105e+01 7.530543136037466667e-02
2.160375000000000156e+00 2.487923100000000076e+01 7.527455474005143032e-02
2.165118000000000098e+00 2.488535700000000261e+01 7.516629806823667270e-02
2.169861000000000040e+00 2.497603200000000001e+01 7.518847906378742230e-02
2.174603999999999981e+00 2.492749999999999844e+01 7.500349082762082509e-02
2.179346999999999923e+00 2.493325600000000009e+01 7.490243716444010269e-02
2.184089000000000169e+00 2.492510500000000206e+01 7.478320912078927074e-02
2.188832000000000111e+00 2.489229399999999970e+01 7.462925117804747321e-02
2.193575000000000053e+00 2.488678300000000121e+01 7.451802985202440888e-02
2.198317999999999994e+00 2.492286199999999852e+01 7.447048578692970489e-02
2.203060999999999936e+00 2.483283300000000082e+01 7.423648410726224611e-02
2.207803999999999878e+00 2.485043699999999944e+01 7.416530908640170394e-02
2.212546999999999819e+00 2.476234099999999572e+01 7.393755849896585519e-02
2.217289000000000065e+00 2.477845199999999792e+01 7.386638738483289335e-02
2.222032000000000007e+00 2.487874500000000211e+01 7.392178892720670247e-02
2.226774999999999949e+00 2.497572500000000062e+01 7.397303368899371678e-02
2.231517999999999891e+00 2.496658400000000100e+01 7.386797733126512777e-02
2.236260999999999832e+00 2.481921199999999672e+01 7.355893371944362269e-02
2.241004000000000218e+00 2.475471299999999886e+01 7.337417866243342579e-02
2.245747000000000160e+00 2.478414199999999568e+01 7.332952154863892069e-02
2.250490000000000101e+00 2.476376000000000133e+01 7.321220110169070205e-02
2.255231999999999903e+00 2.487043800000000005e+01 7.328280883839402571e-02
2.259974999999999845e+00 2.482445899999999739e+01 7.312931150398245539e-02
2.264717999999999787e+00 2.479808700000000243e+01 7.300575238524700805e-02
2.269461000000000173e+00 2.482264099999999729e+01 7.295779852870357129e-02
2.274204000000000114e+00 2.474816200000000066e+01 7.276459272663524103e-02
2.278947000000000056e+00 2.469714400000000154e+01 7.260703686101230292e-02
2.283689999999999998e+00 2.477858699999999814e+01 7.264466676283401481e-02
2.288431999999999800e+00 2.484473499999999646e+01 7.266033013108527672e-02
2.293175000000000185e+00 2.488572599999999824e+01 7.263903382352837612e-02
2.297918000000000127e+00 2.482621699999999976e+01 7.247193594027069585e-02
2.302661000000000069e+00 2.475887999999999778e+01 7.229396091271247937e-02
2.307404000000000011e+00 2.484503599999999679e+01 7.234077798799995462e-02
2.312146999999999952e+00 2.482453000000000287e+01 7.223216692440771747e-02
2.316889999999999894e+00 2.474447099999999722e+01 7.203761015413684410e-02
2.321632000000000140e+00 2.475578599999999696e+01 7.197704427106117742e-02
2.326375000000000082e+00 2.480818199999999862e+01 7.197627432949901816e-02
2.331118000000000023e+00 2.481594899999999981e+01 7.191069181007300748e-02
2.335860999999999965e+00 2.469479199999999963e+01 7.165930725430438852e-02
2.340603999999999907e+00 2.474916299999999936e+01 7.166253845191014604e-02
2.345346999999999849e+00 2.469200500000000176e+01 7.150510207962995635e-02
2.350089999999999790e+00 2.461856700000000231e+01 7.132418415949880186e-02
2.354833000000000176e+00 2.483220999999999634e+01 7.155844235233674300e-02
2.359574999999999978e+00 2.470247800000000282e+01 7.129783841697798219e-02
2.364317999999999920e+00 2.475534700000000043e+01 7.130067743008408621e-02
2.369060999999999861e+00 2.467328999999999795e+01 7.110953819444054691e-02
2.373803999999999803e+00 2.477357100000000045e+01 7.118132013208311459e-02
2.378547000000000189e+00 2.477658900000000486e+01 7.111323369831876184e-02
2.383290000000000131e+00 2.476097299999999990e+01 7.101905415092137075e-02
2.388033000000000072e+00 2.465022599999999642e+01 7.078862836850492724e-02
2.392774999999999874e+00 2.479692899999999867e+01 7.092774217475769638e-02
2.397517999999999816e+00 2.466339999999999932e+01 7.066591929587912047e-02
2.402261000000000202e+00 2.474373999999999896e+01 7.071078989086389266e-02
2.407004000000000143e+00 2.476831399999999661e+01 7.067528212297068124e-02
2.411747000000000085e+00 2.478353000000000250e+01 7.062729056238813141e-02
2.416490000000000027e+00 2.469785800000000009e+01 7.043582147827837092e-02
2.421232999999999969e+00 2.472242299999999915e+01 7.040174321116487999e-02
2.425975999999999910e+00 2.466364699999999743e+01 7.024909220672322097e-02
2.430718000000000156e+00 2.476923799999999432e+01 7.033069182572142253e-02
2.435461000000000098e+00 2.465216700000000216e+01 7.009648078918584435e-02
2.440204000000000040e+00 2.466809399999999997e+01 7.007614112508764315e-02
2.444946999999999981e+00 2.479876099999999894e+01 7.016880055718567599e-02
2.449689999999999923e+00 2.472288299999999950e+01 6.999387584823618669e-02
2.454432999999999865e+00 2.464283400000000057e+01 6.981355725054338990e-02
2.459175999999999807e+00 2.476354900000000114e+01 6.991766269040464166e-02
2.463918000000000053e+00 2.478161899999999918e+01 6.987610992801260301e-02
2.468660999999999994e+00 2.468887099999999890e+01 6.967911540021873296e-02
2.473403999999999936e+00 2.468582899999999825e+01 6.960888995920852529e-02
2.478146999999999878e+00 2.471672000000000224e+01 6.958693313978639439e-02
2.482889999999999819e+00 2.457710799999999907e+01 6.932471171927438724e-02
2.487633000000000205e+00 2.470760700000000298e+01 6.944320595676513330e-02
2.492376000000000147e+00 2.469047199999999975e+01 6.935437216164241914e-02
2.497117999999999949e+00 2.465686800000000289e+01 6.924253194706415926e-02
2.501860999999999891e+00 2.466929700000000381e+01 6.919542583733190311e-02
2.506603999999999832e+00 2.467996299999999721e+01 6.914620110782369877e-02
2.511347000000000218e+00 2.463621199999999689e+01 6.901945962484783148e-02
2.516090000000000160e+00 2.462847599999999915e+01 6.889201488865599743e-02
2.520833000000000101e+00 2.468718099999999893e+01 6.883271287110148684e-02
2.525576000000000043e+00 2.461253100000000060e+01 6.858879042880985932e-02
2.530318999999999985e+00 2.479713399999999979e+01 6.873280855139342338e-02
2.535060999999999787e+00 2.469766200000000111e+01 6.853211600990152808e-02
2.539804000000000173e+00 2.465519499999999553e+01 6.841116821875140031e-02
2.544547000000000114e+00 2.470230100000000206e+01 6.841536890234020674e-02
2.549290000000000056e+00 2.475160900000000552e+01 6.842204032003283698e-02
2.554032999999999998e+00 2.467602600000000024e+01 6.825671245594897019e-02
2.558775999999999939e+00 2.471314999999999884e+01 6.824696604345353856e-02
2.563518999999999881e+00 2.460689199999999843e+01 6.804196215436765505e-02
2.568261000000000127e+00 2.470103300000000246e+01 6.816620918201994617e-02
2.573004000000000069e+00 2.459869899999999987e+01 6.804057874016579410e-02
2.577747000000000011e+00 2.472484599999999944e+01 6.822984966853290478e-02
2.582489999999999952e+00 2.472486199999999812e+01 6.821122266869653061e-02
2.587232999999999894e+00 2.476315500000000114e+01 6.820400436858821414e-02
2.591975999999999836e+00 2.460642899999999855e+01 6.792753049892656658e-02
2.596719000000000221e+00 2.458970700000000065e+01 6.784417757268709770e-02
2.601462000000000163e+00 2.457482500000000059e+01 6.776383543477081106e-02
2.606203999999999965e+00 2.449220700000000051e+01 6.759054126123935358e-02
2.610946999999999907e+00 2.450260700000000114e+01 6.754543730512520272e-02
2.615689999999999849e+00 2.459950800000000015e+01 6.761976857459954526e-02
2.620432999999999790e+00 2.457059100000000029e+01 6.752085921868442031e-02
2.625176000000000176e+00 2.465356799999999993e+01 6.757598344670094626e-02
2.629919000000000118e+00 2.455030000000000001e+01 6.737562972429868291e-02
2.634662000000000059e+00 2.448444999999999894e+01 6.724129186876839914e-02
2.639403999999999861e+00 2.455791299999999922e+01 6.729549082312498431e-02
2.644146999999999803e+00 2.462663600000000130e+01 6.730913998568248402e-02
2.648890000000000189e+00 2.449815600000000160e+01 6.707161910656996018e-02
2.653633000000000131e+00 2.463378500000000315e+01 6.720921813683075619e-02
2.658376000000000072e+00 2.455804199999999682e+01 6.704985827702397705e-02
2.663119000000000014e+00 2.450300699999999665e+01 6.690575298483233957e-02
2.667861999999999956e+00 2.467874800000000235e+01 6.708764146575210696e-02
2.672604999999999897e+00 2.476814399999999949e+01 6.715154515354579412e-02
2.677347000000000143e+00 2.467734300000000047e+01 6.697142348034271220e-02
2.682090000000000085e+00 2.452801799999999943e+01 6.671181008736308538e-02
2.686833000000000027e+00 2.468572100000000091e+01 6.686931365317652642e-02
2.691575999999999969e+00 2.461449800000000110e+01 6.671604684799077589e-02
2.696318999999999910e+00 2.463093900000000147e+01 6.668203523389114318e-02
2.701061999999999852e+00 2.453813900000000103e+01 6.650033831177326604e-02
2.705804999999999794e+00 2.461140899999999831e+01 6.654354559191220930e-02
2.710547000000000040e+00 2.457163399999999953e+01 6.643390788776540323e-02
2.715289999999999981e+00 2.459656800000000132e+01 6.641210309880193896e-02
2.720032999999999923e+00 2.458857499999999874e+01 6.634585874543716399e-02
2.724775999999999865e+00 2.459794199999999975e+01 6.630326932617576496e-02
2.729518999999999807e+00 2.462174400000000318e+01 6.627994102270158561e-02
2.734262000000000192e+00 2.461379399999999862e+01 6.621426543630004602e-02
2.739005000000000134e+00 2.464304200000000122e+01 6.619871999648709038e-02
2.743746999999999936e+00 2.464021900000000187e+01 6.614009794491916561e-02
2.748489999999999878e+00 2.461680300000000088e+01 6.605413302015325505e-02
2.753232999999999819e+00 2.463749899999999826e+01 6.602734276459867879e-02
2.757976000000000205e+00 2.458253200000000760e+01 6.589953146245047799e-02
2.762719000000000147e+00 2.457395199999999846e+01 6.583393467005295430e-02
2.767462000000000089e+00 2.454849399999999804e+01 6.574576843856569375e-02
2.772205000000000030e+00 2.457022299999999859e+01 6.572125717721397087e-02
2.776947999999999972e+00 2.462906100000000009e+01 6.574622840530017220e-02
2.781690000000000218e+00 2.456541499999999800e+01 6.560770539421417746e-02
2.786433000000000160e+00 2.453755500000000112e+01 6.551700350332118061e-02
2.791176000000000101e+00 2.451362900000000167e+01 6.543197095573921596e-02
2.795919000000000043e+00 2.454988799999999927e+01 6.542737096079360992e-02
2.800661999999999985e+00 2.451542899999999747e+01 6.534355021050891610e-02
2.805404999999999927e+00 2.459011699999999934e+01 6.538069571704097083e-02
2.810147999999999868e+00 2.469105800000000173e+01 6.549319268388203996e-02
2.814890000000000114e+00 2.469687900000000269e+01 6.545669682039875759e-02
2.819633000000000056e+00 2.475466400000000178e+01 6.674765115770292523e-02
2.824375999999999998e+00 2.464023899999999756e+01 6.799095454418183082e-02
2.829118999999999939e+00 2.449684200000000089e+01 6.866902621214095170e-02
2.833861999999999881e+00 2.464822199999999697e+01 6.959990515566957803e-02
2.838604999999999823e+00 2.464275999999999911e+01 7.020117259764113715e-02
2.843348000000000209e+00 2.445262199999999808e+01 7.022482834769835924e-02
2.848091000000000150e+00 2.453313500000000502e+01 7.055381528770644783e-02
2.852832999999999952e+00 2.447698499999999910e+01 7.067868439644089951e-02
2.857575999999999894e+00 2.439904800000000051e+01 7.075560778434666909e-02
2.862318999999999836e+00 2.449797600000000131e+01 7.107561565981471152e-02
2.867062000000000221e+00 2.463485100000000116e+01 7.144091842820962657e-02
2.871805000000000163e+00 2.443447000000000457e+01 7.130688772634029282e-02
2.876548000000000105e+00 2.437904599999999888e+01 7.137467428944108128e-02
2.881291000000000047e+00 2.451905199999999851e+01 7.138580024354843068e-02
2.886032999999999848e+00 2.465906700000000029e+01 6.954808011058535855e-02
2.890775999999999790e+00 2.471729300000000507e+01 6.853578006542421219e-02
2.895519000000000176e+00 2.457209399999999988e+01 6.759596713564428039e-02
2.900262000000000118e+00 2.459635200000000310e+01 6.704450726037890218e-02
2.905005000000000059e+00 2.457598899999999986e+01 6.665576717805218876e-02
2.909748000000000001e+00 2.459719399999999467e+01 6.650965948358780744e-02
2.914490999999999943e+00 2.449126300000000001e+01 6.621095634455448353e-02
2.919233000000000189e+00 2.450283800000000056e+01 6.608555515926758939e-02
2.923976000000000131e+00 2.454467400000000055e+01 6.601206687586140542e-02
2.928719000000000072e+00 2.452404400000000351e+01 6.586382011889835297e-02
2.933462000000000014e+00 2.453499300000000005e+01 6.576480762180256234e-02
2.938204999999999956e+00 2.455414599999999936e+01 6.568288753885520581e-02
2.942947999999999897e+00 2.455097799999999708e+01 6.557669671598517769e-02
2.947690999999999839e+00 2.446180200000000227e+01 6.536013556164338434e-02
2.952433999999999781e+00 2.451098999999999961e+01 6.533971349113340543e-02
2.957176000000000027e+00 2.453300699999999779e+01 6.528495100227998948e-02
2.961918999999999969e+00 2.453405500000000217e+01 6.518575565269993377e-02
2.966661999999999910e+00 2.455364900000000006e+01 6.512754685950408740e-02
2.971404999999999852e+00 2.449035800000000407e+01 6.496152918035642820e-02
2.976147999999999794e+00 2.449254900000000390e+01 6.488444822265809764e-02
2.980891000000000179e+00 2.450512400000000213e+01 6.482332589431831493e-02
2.985634000000000121e+00 2.455935799999999958e+01 6.481884759643910532e-02
2.990375999999999923e+00 2.451656300000000144e+01 6.470470543052878054e-02
2.995118999999999865e+00 2.446394800000000203e+01 6.454841207504644074e-02
2.999861999999999806e+00 2.458694500000000005e+01 6.463589078326452408e-02
3.004605000000000192e+00 2.462181500000000156e+01 6.461127426549564956e-02
3.009348000000000134e+00 2.451278300000000243e+01 6.439903112791525719e-02
3.014091000000000076e+00 2.440189899999999668e+01 6.420468543014208607e-02
3.018834000000000017e+00 2.442565200000000303e+01 6.414937313271347474e-02
3.023576999999999959e+00 2.447904299999999722e+01 6.415358683240476867e-02
3.028319000000000205e+00 2.445485000000000042e+01 6.405668892557045413e-02
3.033062000000000147e+00 2.445373399999999720e+01 6.399069885725425233e-02
3.037805000000000089e+00 2.447524600000000206e+01 6.395551280834280150e-02
3.042548000000000030e+00 2.441211200000000048e+01 6.381039655287294721e-02
3.047290999999999972e+00 2.444897099999999668e+01 6.379657290966733729e-02
3.052033999999999914e+00 2.436279900000000254e+01 6.362276234112677897e-02
3.056776999999999855e+00 2.440778899999999751e+01 6.362090798293985883e-02
3.061519000000000101e+00 2.447395799999999966e+01 6.364672037624562184e-02
3.066262000000000043e+00 2.453128599999999793e+01 6.366186974951175415e-02
3.071004999999999985e+00 2.446561200000000014e+01 6.353048414590195536e-02
3.075747999999999927e+00 2.440269299999999930e+01 6.339318430300058815e-02
3.080490999999999868e+00 2.443797999999999959e+01 6.337431710682490948e-02
3.085233999999999810e+00 2.445115700000000203e+01 6.332477137018104052e-02
3.089977000000000196e+00 2.455155900000000457e+01 6.341550339966481320e-02
3.094720000000000137e+00 2.444639799999999852e+01 6.320585695191624498e-02
3.099461999999999939e+00 2.446122000000000085e+01 6.316816050878638900e-02
3.104204999999999881e+00 2.446852899999999664e+01 6.312177953982048284e-02
3.108947999999999823e+00 2.452013900000000035e+01 6.313254826268935305e-02
3.113691000000000209e+00 2.450394000000000005e+01 6.305697077949035112e-02
3.118434000000000150e+00 2.443469199999999475e+01 6.291330499523452302e-02
3.123177000000000092e+00 2.452672999999999703e+01 6.297710064452873013e-02
3.127920000000000034e+00 2.449145700000000403e+01 6.287775458883690383e-02
3.132661999999999836e+00 2.454432700000000267e+01 6.289191895969703516e-02
3.137405000000000221e+00 2.451544400000000223e+01 6.280184073219111096e-02
3.142148000000000163e+00 2.444075100000000234e+01 6.265285704056519633e-02
3.146891000000000105e+00 2.452571900000000227e+01 6.271696772499288364e-02
3.151634000000000047e+00 2.449161600000000050e+01 6.262324418117126701e-02
3.156376999999999988e+00 2.448216999999999643e+01 6.254908705406898861e-02
3.161119999999999930e+00 2.442184800000000067e+01 6.242064074299141785e-02
3.165862000000000176e+00 2.450165499999999952e+01 6.251431044629621181e-02
3.170605000000000118e+00 2.443081899999999962e+01 6.235635665792301635e-02
3.175348000000000059e+00 2.443283900000000131e+01 6.228050979216291638e-02
3.180091000000000001e+00 2.446469199999999944e+01 6.227017984727360039e-02
3.184833999999999943e+00 2.447567000000000093e+01 6.223344241886913375e-02
3.189576999999999884e+00 2.446852399999999506e+01 6.217400084404574312e-02
3.194319999999999826e+00 2.444868499999999756e+01 6.208082247419004218e-02
3.199063000000000212e+00 2.443072700000000097e+01 6.194424622847064660e-02
3.203805000000000014e+00 2.446601599999999976e+01 6.187423431478163149e-02
3.208547999999999956e+00 2.442453200000000635e+01 6.174569785271035588e-02
3.213290999999999897e+00 2.441040399999999977e+01 6.167910854248138952e-02
3.218033999999999839e+00 2.438834100000000049e+01 6.160277844061336910e-02
3.222776999999999781e+00 2.437576800000000077e+01 6.153866912312209309e-02
3.227520000000000167e+00 2.447073400000000021e+01 6.161025076286250762e-02
3.232263000000000108e+00 2.449566700000000097e+01 6.159362801746378485e-02
3.237004999999999910e+00 2.447605899999999934e+01 6.152131333780595096e-02
3.241747999999999852e+00 2.450974700000000084e+01 6.151606382471004608e-02
3.246490999999999794e+00 2.444888700000000270e+01 6.139235042343305082e-02
3.251234000000000179e+00 2.433840900000000218e+01 6.122372553707426668e-02
3.255977000000000121e+00 2.443959899999999763e+01 6.136658283990074209e-02
3.260720000000000063e+00 2.449872199999999722e+01 6.145825341341389081e-02
3.265463000000000005e+00 2.444726300000000307e+01 6.137153660766529045e-02
3.270205999999999946e+00 2.443265699999999896e+01 6.130653488521105310e-02
3.274948000000000192e+00 2.441645100000000213e+01 6.123958682068240955e-02
3.279691000000000134e+00 2.442937300000000178e+01 6.120900805890257257e-02
3.284434000000000076e+00 2.432242299999999702e+01 6.102883890092536401e-02
3.289177000000000017e+00 2.440225600000000128e+01 6.108287843364375302e-02
3.293919999999999959e+00 2.437749500000000324e+01 6.100559740182207730e-02
3.298662999999999901e+00 2.434335499999999897e+01 6.091711606662284645e-02
3.303405999999999842e+00 2.448495199999999983e+01 6.104832073805142867e-02
3.308148000000000089e+00 2.444335899999999739e+01 6.095101911492293439e-02
3.312891000000000030e+00 2.436435599999999724e+01 6.080689970700857427e-02
3.317633999999999972e+00 2.437537499999999824e+01 6.077557669635722665e-02
3.322376999999999914e+00 2.442418099999999725e+01 6.079205766927370247e-02
3.327119999999999855e+00 2.443553599999999548e+01 6.077619364100635135e-02
3.331862999999999797e+00 2.446629599999999982e+01 6.075365277589076657e-02
3.336606000000000183e+00 2.452426399999999873e+01 6.078087539004517481e-02
3.341347999999999985e+00 2.438748600000000266e+01 6.056667594949800837e-02
3.346090999999999926e+00 2.443554500000000473e+01 6.058194643607450747e-02
3.350833999999999868e+00 2.438697600000000065e+01 6.047702554112264345e-02
3.355576999999999810e+00 2.434706900000000118e+01 6.038361985681713062e-02
3.360320000000000196e+00 2.448516999999999655e+01 6.051058683403012090e-02
3.365063000000000137e+00 2.447498999999999825e+01 6.045421785151387783e-02
3.369806000000000079e+00 2.445756899999999945e+01 6.038890638930299870e-02
3.374549000000000021e+00 2.452107500000000329e+01 6.042332004832819820e-02
3.379290999999999823e+00 2.451988200000000262e+01 6.105008374937335308e-02
3.384034000000000209e+00 2.448511899999999741e+01 6.243847631884526239e-02
3.388777000000000150e+00 2.441975699999999705e+01 6.317934174773429112e-02
3.393520000000000092e+00 2.443969299999999834e+01 6.385632762527689021e-02
3.398263000000000034e+00 2.432194300000000098e+01 6.408759505776917553e-02
3.403005999999999975e+00 2.443146699999999782e+01 6.440489513813371647e-02
3.407748999999999917e+00 2.454726799999999898e+01 6.452406275201291730e-02
3.412491000000000163e+00 2.437978099999999770e+01 6.433907362073298941e-02
3.417234000000000105e+00 2.434908799999999829e+01 6.446978973570412219e-02
3.421977000000000046e+00 2.444269699999999901e+01 6.474984117329554700e-02
3.426719999999999988e+00 2.433787199999999729e+01 6.474255624670839648e-02
3.431462999999999930e+00 2.442605799999999761e+01 6.499497700943511480e-02
3.436205999999999872e+00 2.435462599999999966e+01 6.504016172628493409e-02
3.440948999999999813e+00 2.431166700000000347e+01 6.510062856154155697e-02
3.445692000000000199e+00 2.442098400000000069e+01 6.537560691779006894e-02
3.450434000000000001e+00 2.444031799999999777e+01 6.549256628922704715e-02
3.455176999999999943e+00 2.442312199999999933e+01 6.557694979323451523e-02
3.459919999999999884e+00 2.445660300000000120e+01 6.572492880196448284e-02
3.464662999999999826e+00 2.438521600000000333e+01 6.572801671919745181e-02
3.469406000000000212e+00 2.438224999999999909e+01 6.582007468799318251e-02
3.474149000000000154e+00 2.443718100000000248e+01 6.598704284602924242e-02
3.478892000000000095e+00 2.441622000000000270e+01 6.604897848736798749e-02
3.483633999999999897e+00 2.437011499999999842e+01 6.607339459097436030e-02
3.488376999999999839e+00 2.434448199999999929e+01 6.612325336969514245e-02
3.493119999999999781e+00 2.438968000000000202e+01 6.626672715575818162e-02
3.497863000000000167e+00 2.430834899999999621e+01 6.623614060928821601e-02
3.502606000000000108e+00 2.442226700000000150e+01 6.646939460251385934e-02
3.507349000000000050e+00 2.434993199999999902e+01 6.644661464729637035e-02
3.512091999999999992e+00 2.440198400000000234e+01 6.659199383527422689e-02
3.516833999999999794e+00 2.451024000000000314e+01 6.681203887104254779e-02
3.521577000000000179e+00 2.440141000000000560e+01 6.673397274792351730e-02
3.526320000000000121e+00 2.438079499999999911e+01 6.677509049969980459e-02
3.531063000000000063e+00 2.424036800000000014e+01 6.664998991136232565e-02
3.535806000000000004e+00 2.450031900000000107e+01 6.707285598095476253e-02
3.540548999999999946e+00 2.437956299999999743e+01 6.697170269626269434e-02
3.545291999999999888e+00 2.444254400000000160e+01 6.712190906818651936e-02
3.550034999999999830e+00 2.438955999999999946e+01 6.711156403070710208e-02
3.554777000000000076e+00 2.442126499999999822e+01 6.721603837319631292e-02
3.559520000000000017e+00 2.427389699999999806e+01 6.707277825059880516e-02
3.564262999999999959e+00 2.436410599999999960e+01 6.725584663240365135e-02
3.569005999999999901e+00 2.435495300000000185e+01 6.731408436097530146e-02
3.573748999999999842e+00 2.442063099999999665e+01 6.748096883216260500e-02
3.578491999999999784e+00 2.442002000000000095e+01 6.750320355194040778e-02
3.583235000000000170e+00 2.436546200000000084e+01 6.748279960586624215e-02
3.587976999999999972e+00 2.445347400000000349e+01 6.763507536460501568e-02
3.592719999999999914e+00 2.436974999999999980e+01 6.746671497624737168e-02
3.597462999999999855e+00 2.432728799999999936e+01 6.734786386256136348e-02
3.602205999999999797e+00 2.438363499999999817e+01 6.736617345157953907e-02
3.606949000000000183e+00 2.436243199999999476e+01 6.727757692875019346e-02
3.611692000000000125e+00 2.436058200000000085e+01 6.726591949903308609e-02
3.616435000000000066e+00 2.438910899999999771e+01 6.737237048241066784e-02
3.621178000000000008e+00 2.455080500000000043e+01 6.841247206571328399e-02
3.625919999999999810e+00 2.451318799999999598e+01 7.080414997866438243e-02
3.630663000000000196e+00 2.443773599999999746e+01 7.207166506782813897e-02
3.635406000000000137e+00 2.436199799999999982e+01 7.298696691252896940e-02
3.640149000000000079e+00 2.436240299999999337e+01 7.374439227988728585e-02
3.644892000000000021e+00 2.433370399999999378e+01 7.420489818787773251e-02
3.649634999999999962e+00 2.433125799999999828e+01 7.467951897308189313e-02
3.654377999999999904e+00 2.429648800000000364e+01 7.504105470956015655e-02
3.659120000000000150e+00 2.433368499999999912e+01 7.551760833716465726e-02
3.663863000000000092e+00 2.430653899999999723e+01 7.587921906200274791e-02
3.668606000000000034e+00 2.435766100000000023e+01 7.634995728481386301e-02
3.673348999999999975e+00 2.426060900000000231e+01 7.657763213318494189e-02
3.678091999999999917e+00 2.424746099999999771e+01 7.692744232783252367e-02
3.682834999999999859e+00 2.422445100000000195e+01 7.725352946280578115e-02
3.687577999999999800e+00 2.429749899999999840e+01 7.772682726071158954e-02
3.692321000000000186e+00 2.430932299999999557e+01 7.809665804178947401e-02
3.697062999999999988e+00 2.438843199999999456e+01 7.856970854651555702e-02
3.701805999999999930e+00 2.429732299999999867e+01 7.876395357224712235e-02
3.706548999999999872e+00 2.435348900000000327e+01 7.919241878906087273e-02
3.711291999999999813e+00 2.422703199999999768e+01 7.931940084204934516e-02
3.716035000000000199e+00 2.429831300000000027e+01 7.976619539035192941e-02
3.720778000000000141e+00 2.444450900000000004e+01 8.033415104468771828e-02
3.725521000000000083e+00 2.428168999999999400e+01 8.039083835880117546e-02
3.730262999999999884e+00 2.447393199999999780e+01 8.103249182948035756e-02
3.735005999999999826e+00 2.439828399999999675e+01 8.122784385522491268e-02
3.739749000000000212e+00 2.442683300000000202e+01 8.159506950278613835e-02
3.744492000000000154e+00 2.437876999999999938e+01 8.183235096408084108e-02
3.749235000000000095e+00 2.420431300000000263e+01 8.185391387089502313e-02
3.753978000000000037e+00 2.423587499999999650e+01 8.222146327487123152e-02
3.758720999999999979e+00 2.436734100000000325e+01 8.275773852407519726e-02
3.763462999999999781e+00 2.447149599999999481e+01 8.324790031749569608e-02
3.768206000000000166e+00 2.438586199999999593e+01 8.341403376496847599e-02
3.772949000000000108e+00 2.433879200000000154e+01 8.364426088734840115e-02
3.777692000000000050e+00 2.427149599999999907e+01 8.383819457257472851e-02
3.782434999999999992e+00 2.433905499999999833e+01 8.426441347600005516e-02
3.787177999999999933e+00 2.421291700000000446e+01 8.435441740025532986e-02
3.791920999999999875e+00 2.427431599999999889e+01 8.477011677560378211e-02
3.796663999999999817e+00 2.437622199999999850e+01 8.525671646809358795e-02
3.801406000000000063e+00 2.449525899999999723e+01 8.577460619045068624e-02
3.806149000000000004e+00 2.441060900000000089e+01 8.593518539541589174e-02
3.810891999999999946e+00 2.439435900000000146e+01 8.621539968873542792e-02
3.815634999999999888e+00 2.436551899999999904e+01 8.647273389938472943e-02
3.820377999999999830e+00 2.432293900000000164e+01 8.670590386791547644e-02
3.825121000000000215e+00 2.437509799999999771e+01 8.710777613341819103e-02
3.829864000000000157e+00 2.435698300000000671e+01 8.738493952113601804e-02
3.834605999999999959e+00 2.446943000000000268e+01 8.789667446745810797e-02
3.839348999999999901e+00 2.441189299999999918e+01 8.810435257820921351e-02
3.844091999999999842e+00 2.450598999999999705e+01 8.858501429222156998e-02
3.848834999999999784e+00 2.444648300000000063e+01 8.879179080503726840e-02
3.853578000000000170e+00 2.457432600000000278e+01 8.938413195004581147e-02
3.858321000000000112e+00 2.444314400000000020e+01 8.940780113933738393e-02
3.863064000000000053e+00 2.438568499999999872e+01 8.961604477518744782e-02
3.867806999999999995e+00 2.439590800000000215e+01 8.994894407599068886e-02
3.872548999999999797e+00 2.428484000000000265e+01 9.005750833366255037e-02
3.877292000000000183e+00 2.440277400000000085e+01 9.059143914459798219e-02
3.882035000000000124e+00 2.444412000000000162e+01 9.098526806922921373e-02
3.886778000000000066e+00 2.427126299999999759e+01 9.097971557894043992e-02
3.891521000000000008e+00 2.438625099999999790e+01 9.151272557391568196e-02
3.896263999999999950e+00 2.438889500000000155e+01 9.183663113854842464e-02
3.901006999999999891e+00 2.434502799999999567e+01 9.207351668367891318e-02
3.905749000000000137e+00 2.416611199999999826e+01 9.205483606078770920e-02
3.910492000000000079e+00 2.436151699999999920e+01 9.274889870957443716e-02
3.915235000000000021e+00 2.437181100000000100e+01 9.309192591541007311e-02
3.919977999999999962e+00 2.430179700000000054e+01 9.324157159065851741e-02
3.924720999999999904e+00 2.423344000000000165e+01 9.319306143744607307e-02
3.929463999999999846e+00 2.427830099999999547e+01 9.335069563153934602e-02
3.934206999999999788e+00 2.421381600000000134e+01 9.334955601369403222e-02
3.938949000000000034e+00 2.433504100000000037e+01 9.368501826105174457e-02
3.943691999999999975e+00 2.425357599999999891e+01 9.362910977622397601e-02
3.948434999999999917e+00 2.429475199999999901e+01 9.380923731811169342e-02
3.953177999999999859e+00 2.433901299999999779e+01 9.402128349623185832e-02
3.957920999999999800e+00 2.431704799999999977e+01 9.414468335352081663e-02
3.962664000000000186e+00 2.454312699999999836e+01 9.458952947391799371e-02
3.967407000000000128e+00 2.433566200000000279e+01 9.443166386081683350e-02
3.972150000000000070e+00 2.425025899999999623e+01 9.458390180108820766e-02
3.976891999999999872e+00 2.434656999999999982e+01 9.509120685006264284e-02
3.981634999999999813e+00 2.435305400000000020e+01 9.542511675178605435e-02
3.986378000000000199e+00 2.441460500000000167e+01 9.586896290145627275e-02
3.991121000000000141e+00 2.432779700000000389e+01 9.602212003468679757e-02
3.995864000000000082e+00 2.449646499999999349e+01 9.668176136690155575e-02
4.000606999999999580e+00 2.421960500000000138e+01 9.646009861104228034e-02
4.005349999999999966e+00 2.440292499999999976e+01 9.715469865782250247e-02
4.010092000000000212e+00 2.428755199999999803e+01 9.725521385181515321e-02
4.014834999999999710e+00 2.449056600000000117e+01 9.799470681515354276e-02
4.019578000000000095e+00 2.430264799999999781e+01 9.795248146095891784e-02
4.024320999999999593e+00 2.451214599999999777e+01 9.871071525045747863e-02
4.029063999999999979e+00 2.437913100000000099e+01 9.878176335460711610e-02
4.033807000000000365e+00 2.436455000000000126e+01 9.909205504654447494e-02
4.038549999999999862e+00 2.448417699999999542e+01 9.967841314877960712e-02
4.043293000000000248e+00 2.432587500000000347e+01 9.969959981703538365e-02
4.048034999999999606e+00 2.429714299999999838e+01 9.998666695797944759e-02
4.052777999999999992e+00 2.432533499999999904e+01 1.003924549536572564e-01
4.057521000000000377e+00 2.421988799999999742e+01 1.005240570999340333e-01
4.062263999999999875e+00 2.429189000000000220e+01 1.010256108460884372e-01
4.067007000000000261e+00 2.437352200000000124e+01 1.015503840924228129e-01
4.071749999999999758e+00 2.445831399999999789e+01 1.020848887886081774e-01
4.076493000000000144e+00 2.450629900000000205e+01 1.025451771716456850e-01
4.081235000000000390e+00 2.444005900000000153e+01 1.027682001781567572e-01
4.085977999999999888e+00 2.435145800000000094e+01 1.029463331960357025e-01
4.090721000000000274e+00 2.437267399999999640e+01 1.033577968466781877e-01
4.095463999999999771e+00 2.440011599999999703e+01 1.037851057126430721e-01
4.100207000000000157e+00 2.419077300000000008e+01 1.037087029995009679e-01
4.104949999999999655e+00 2.424360599999999977e+01 1.041960799445564440e-01
4.109693000000000040e+00 2.438160500000000042e+01 1.048685964011119021e-01
4.114436000000000426e+00 2.437338799999999850e+01 1.052296423205481696e-01
4.119177999999999784e+00 2.426837200000000649e+01 1.053845468548325615e-01
4.123921000000000170e+00 2.427343800000000229e+01 1.057791643468797699e-01
4.128663999999999668e+00 2.431001799999999946e+01 1.062466488822584043e-01
4.133407000000000053e+00 2.440251100000000051e+01 1.068397629343424693e-01
4.138150000000000439e+00 2.442173000000000016e+01 1.072753621056130313e-01
4.142892999999999937e+00 2.423311799999999749e+01 1.072554837656028576e-01
4.147636000000000323e+00 2.438774300000000039e+01 1.079962183095616590e-01
4.152377999999999680e+00 2.437727899999999792e+01 1.083761207318586217e-01
4.157121000000000066e+00 2.440553700000000248e+01 1.088447311351063984e-01
4.161863999999999564e+00 2.442118999999999929e+01 1.092890806671471815e-01
4.166606999999999950e+00 2.442882399999999876e+01 1.097186195086572447e-01
4.171350000000000335e+00 2.433966099999999955e+01 1.099329218050771190e-01
4.176092999999999833e+00 2.445056499999999744e+01 1.106090324002723529e-01
4.180836000000000219e+00 2.435429200000000449e+01 1.109653973030169383e-01
4.185577999999999577e+00 2.431668200000000013e+01 1.111868844274215562e-01
4.190320999999999962e+00 2.443405500000000430e+01 1.118447944994490906e-01
4.195064000000000348e+00 2.426420699999999897e+01 1.118870517127353026e-01
4.199806999999999846e+00 2.437588500000000025e+01 1.125808072778273355e-01
4.204550000000000232e+00 2.447529200000000316e+01 1.132513759616774057e-01
4.209292999999999729e+00 2.458784199999999487e+01 1.139584005556150414e-01
4.214036000000000115e+00 2.454174800000000189e+01 1.143006907541870565e-01
4.218778999999999613e+00 2.451399099999999720e+01 1.146900777850154707e-01
4.223520999999999859e+00 2.442551200000000122e+01 1.149395070192873181e-01
4.228264000000000244e+00 2.452961400000000225e+01 1.156464897813457016e-01
4.233006999999999742e+00 2.444874599999999987e+01 1.159207166071556799e-01
4.237750000000000128e+00 2.453024099999999663e+01 1.165840246889851411e-01
4.242492999999999626e+00 2.446336299999999753e+01 1.168997487028543558e-01
4.247236000000000011e+00 2.445817900000000122e+01 1.173652889898567919e-01
4.251979000000000397e+00 2.444725700000000046e+01 1.178270089985683222e-01
4.256720999999999755e+00 2.432898999999999745e+01 1.182275248220206187e-01
4.261464000000000141e+00 2.434440299999999979e+01 1.185920278060355326e-01
4.266206999999999638e+00 2.447209099999999893e+01 1.193612446608877387e-01
4.270950000000000024e+00 2.460817899999999980e+01 1.201969636251232487e-01
4.275693000000000410e+00 2.452398499999999970e+01 1.204985584536794468e-01
4.280435999999999908e+00 2.451347000000000165e+01 1.209866797648951886e-01
4.285179000000000293e+00 2.449470500000000328e+01 1.214587163907251133e-01
4.289921999999999791e+00 2.441245200000000182e+01 1.217774558084927239e-01
4.294664000000000037e+00 2.431171700000000158e+01 1.220536294076034478e-01
4.299407000000000423e+00 2.432644399999999862e+01 1.226226584317926804e-01
4.304149999999999920e+00 2.451133299999999693e+01 1.236275908687838321e-01
4.308893000000000306e+00 2.438145499999999899e+01 1.238458904180610859e-01
4.313635999999999804e+00 2.449440600000000501e+01 1.246837393638817737e-01
4.318379000000000190e+00 2.431116999999999706e+01 1.247723788662967737e-01
4.323121999999999687e+00 2.456154499999999885e+01 1.260670395647795761e-01
4.327863999999999933e+00 2.430389000000000621e+01 1.259467836855233114e-01
4.332607000000000319e+00 2.436419499999999516e+01 1.266163232198949107e-01
4.337349999999999817e+00 2.434347800000000461e+01 1.271455888484594454e-01
4.342093000000000202e+00 2.467573200000000000e+01 1.286031701753246048e-01
4.346835999999999700e+00 2.440335400000000021e+01 1.284875489058005804e-01
4.351579000000000086e+00 2.427952100000000257e+01 1.287624737870805558e-01
4.356321999999999584e+00 2.442296999999999940e+01 1.297529915857411065e-01
4.361063999999999830e+00 2.458310499999999976e+01 1.307982082676616975e-01
4.365807000000000215e+00 2.465951499999999896e+01 1.316308644561540453e-01
4.370549999999999713e+00 2.462284400000000062e+01 1.321681021858489014e-01
4.375293000000000099e+00 2.470825199999999811e+01 1.330417765621415560e-01
4.380035999999999596e+00 2.457887900000000059e+01 1.334058663030734393e-01
4.384778999999999982e+00 2.453887499999999733e+01 1.340100231850726020e-01
4.389522000000000368e+00 2.446770700000000076e+01 1.343681984584987332e-01
4.394264999999999866e+00 2.427148400000000450e+01 1.344854741705092116e-01
4.399007000000000112e+00 2.439929300000000367e+01 1.351033002730277766e-01
4.403749999999999609e+00 2.442774299999999954e+01 1.352748933744100102e-01
4.408492999999999995e+00 2.436765099999999862e+01 1.352001104971312651e-01
4.413236000000000381e+00 2.446848600000000218e+01 1.355703060388594172e-01
4.417978999999999878e+00 2.411031799999999947e+01 1.346646276266785791e-01
4.422722000000000264e+00 2.429053900000000255e+01 1.352585478232614380e-01
4.427464999999999762e+00 2.423999500000000396e+01 1.352046373021887349e-01
4.432207000000000008e+00 2.453382300000000171e+01 1.361112770690041107e-01
4.436950000000000394e+00 2.470808200000000099e+01 1.367580080792141495e-01
4.441692999999999891e+00 2.447386700000000559e+01 1.367244502209582768e-01
4.446436000000000277e+00 2.442665199999999714e+01 1.372925822152839259e-01
4.451178999999999775e+00 2.425610200000000205e+01 1.375174283032289113e-01
4.455922000000000160e+00 2.427326899999999910e+01 1.382813577103924052e-01
4.460664999999999658e+00 2.434821900000000383e+01 1.392217489909008399e-01
4.465408000000000044e+00 2.423913700000000304e+01 1.396446816652965051e-01
4.470150000000000290e+00 2.446357599999999977e+01 1.410386574194639198e-01
4.474892999999999788e+00 2.439431500000000241e+01 1.415977807082522966e-01
4.479636000000000173e+00 2.471358400000000088e+01 1.432948727059747129e-01
4.484378999999999671e+00 2.459167000000000058e+01 1.437261817235885586e-01
4.489122000000000057e+00 2.426887799999999729e+01 1.435704899511609234e-01
4.493865000000000443e+00 2.425779500000000155e+01 1.443398196453559990e-01
4.498607999999999940e+00 2.454876399999999848e+01 1.460219324451775547e-01
4.503350000000000186e+00 2.449658000000000158e+01 1.466966457492590303e-01
4.508092999999999684e+00 2.467914199999999525e+01 1.480895809417519526e-01
4.512836000000000070e+00 2.444993200000000044e+01 1.482564528324757380e-01
4.517578999999999567e+00 2.429402099999999720e+01 1.486494848371517352e-01
4.522321999999999953e+00 2.454925000000000423e+01 1.503132104805013358e-01
4.527065000000000339e+00 2.431624800000000164e+01 1.504939520729607350e-01
4.531807999999999836e+00 2.458671700000000016e+01 1.522445693107346842e-01
4.536551000000000222e+00 2.435154299999999949e+01 1.524398911235343435e-01
4.541292999999999580e+00 2.421242199999999656e+01 1.529430237971546036e-01
4.546035999999999966e+00 2.467212699999999970e+01 1.553527614675783708e-01
4.550779000000000352e+00 2.456308899999999795e+01 1.559867058188023903e-01
4.555521999999999849e+00 2.460458200000000062e+01 1.571161557577870349e-01
4.560265000000000235e+00 2.417963100000000054e+01 1.567568779236671872e-01
4.565007999999999733e+00 2.445132700000000270e+01 1.586667168472124800e-01
4.569751000000000118e+00 2.476359700000000075e+01 1.607291502542746442e-01
4.574493000000000364e+00 2.458348000000000155e+01 1.612148707569646122e-01
4.579235999999999862e+00 2.451412599999999742e+01 1.620757890002587631e-01
4.583979000000000248e+00 2.464170299999999969e+01 1.636084900701259559e-01
4.588721999999999746e+00 2.449087000000000103e+01 1.642377047383377087e-01
4.593465000000000131e+00 2.457698100000000352e+01 1.656804767083756291e-01
4.598207999999999629e+00 2.463777400000000029e+01 1.670631714911152976e-01
4.602951000000000015e+00 2.457907400000000209e+01 1.680650082161140868e-01
4.607693000000000261e+00 2.438524100000000061e+01 1.686214640410778343e-01
4.612435999999999758e+00 2.468182200000000037e+01 1.708964298767142176e-01
4.617179000000000144e+00 2.438020300000000162e+01 1.711196875814960383e-01
4.621921999999999642e+00 2.452338299999999549e+01 1.729250621365489016e-01
4.626665000000000028e+00 2.468438699999999741e+01 1.748281130783884973e-01
4.631408000000000413e+00 2.476165599999999500e+01 1.764667989898935641e-01
4.636150999999999911e+00 2.446513999999999811e+01 1.767959145147737776e-01
4.640894000000000297e+00 2.448086699999999638e+01 1.782745593477198798e-01
4.645635999999999655e+00 2.470261700000000005e+01 1.805364151124143612e-01
4.650379000000000040e+00 2.466024200000000022e+01 1.818743445788759405e-01
4.655122000000000426e+00 2.437204799999999949e+01 1.823286203052968124e-01
4.659864999999999924e+00 2.462145399999999995e+01 1.848223497554521977e-01
4.664608000000000310e+00 2.459180200000000127e+01 1.863139349618613549e-01
4.669350999999999807e+00 2.487874299999999650e+01 1.890480847561164801e-01
4.674094000000000193e+00 2.478890600000000077e+01 1.903982214522625394e-01
4.678836000000000439e+00 2.487104199999999921e+01 1.924500293948834262e-01
4.683578999999999937e+00 2.468904199999999705e+01 1.935203251024485982e-01
4.688322000000000322e+00 2.461223299999999625e+01 1.950388169979107023e-01
4.693064999999999820e+00 2.461063199999999895e+01 1.969054313241247189e-01
4.697808000000000206e+00 2.447867300000000057e+01 1.982925327133061855e-01
4.702550999999999704e+00 2.433912399999999820e+01 1.996965222350474412e-01
4.707294000000000089e+00 2.446347999999999701e+01 2.022371001023657300e-01
4.712036999999999587e+00 2.464146799999999615e+01 2.050696857579354382e-01
4.716778999999999833e+00 2.456329999999999814e+01 2.069020204513027372e-01
4.721522000000000219e+00 2.474912199999999984e+01 2.099153879862934446e-01
4.726264999999999716e+00 2.470743999999999829e+01 2.120423290426883267e-01
4.731008000000000102e+00 2.457895299999999850e+01 2.138613559163954903e-01
4.735750999999999600e+00 2.487148799999999937e+01 2.175976800548486967e-01
4.740493999999999986e+00 2.468769099999999739e+01 2.193292949385852175e-01
4.745237000000000371e+00 2.476444800000000157e+01 2.222968595096142808e-01
4.749978999999999729e+00 2.478036999999999779e+01 2.250948698525617464e-01
4.754722000000000115e+00 2.466040899999999780e+01 2.273674154870072850e-01
4.759464999999999613e+00 2.506715200000000010e+01 2.321812059445544363e-01
4.764207999999999998e+00 2.494957399999999836e+01 2.346857155740857959e-01
4.768951000000000384e+00 2.492901400000000223e+01 2.377580138488143702e-01
4.773693999999999882e+00 2.485625800000000396e+01 2.407087313082857671e-01
4.778437000000000268e+00 2.469275200000000225e+01 2.433364725930531325e-01
4.783178999999999625e+00 2.429205399999999671e+01 2.448904918486164983e-01
4.787922000000000011e+00 2.466054499999999550e+01 2.504632205772369113e-01
4.792665000000000397e+00 2.438873399999999947e+01 2.529476575748694223e-01
4.797407999999999895e+00 2.460564499999999910e+01 2.581396529376519533e-01
4.802151000000000280e+00 2.480340699999999998e+01 2.634566181367530291e-01
4.806893999999999778e+00 2.430095299999999980e+01 2.652271952728230131e-01
4.811637000000000164e+00 2.475624499999999983e+01 2.724248008719564185e-01
4.816379999999999661e+00 2.478105399999999747e+01 2.775422162495401190e-01
4.821121999999999908e+00 2.449655399999999972e+01 2.811727274531820586e-01
4.825865000000000293e+00 2.485135800000000117e+01 2.887755367616547386e-01
4.830607999999999791e+00 2.458245600000000053e+01 2.930855058425187454e-01
4.835351000000000177e+00 2.493767700000000076e+01 3.014864688325694653e-01
4.840093999999999674e+00 2.471630400000000094e+01 3.068197257505153042e-01
4.844837000000000060e+00 2.545709799999999845e+01 3.186225286309103955e-01
4.849579999999999558e+00 2.456888999999999612e+01 3.206380196152090467e-01
4.854321999999999804e+00 2.461762800000000340e+01 3.291636117003366446e-01
4.859065000000000190e+00 2.472076700000000216e+01 3.387326788845298475e-01
4.863807999999999687e+00 2.505291899999999927e+01 3.506957740039648441e-01
4.868551000000000073e+00 2.447626600000000252e+01 3.570709575778881484e-01
4.873293999999999571e+00 2.488383599999999873e+01 3.715480616373741940e-01
4.878036999999999956e+00 2.451591900000000379e+01 3.813960882192422575e-01
4.882780000000000342e+00 2.450412700000000044e+01 3.952618391970568190e-01
4.887522999999999840e+00 2.477436899999999653e+01 4.131312447564938206e-01
4.892265000000000086e+00 2.483311199999999630e+01 4.313306584439134950e-01
4.897007999999999583e+00 2.459428699999999779e+01 4.493299370472770837e-01
4.901750999999999969e+00 2.533776299999999893e+01 4.795778022470910673e-01
4.906494000000000355e+00 2.561018999999999934e+01 5.098459028761239686e-01
4.911236999999999853e+00 2.541543899999999923e+01 5.408539756331277593e-01
4.915980000000000238e+00 2.486928100000000086e+01 5.747947456244533182e-01
4.920722999999999736e+00 2.502615700000000487e+01 6.270041008160951446e-01
4.925464999999999982e+00 2.592139100000000695e+01 7.056366162970003630e-01
4.930208000000000368e+00 2.665249800000000135e+01 8.114612032636866479e-01
4.934950999999999866e+00 2.640121299999999493e+01 9.558647478894490845e-01
4.939694000000000251e+00 2.603801100000000091e+01 1.225821041713548887e+00
4.944436999999999749e+00 7.798278900000001457e+00 1.162264478916489985e+00