0.03082862 4.08626849999996 2.217025798866084
0.03557149 15.436800000000176 3.436686534866117
0.04031435 14.399315709999883 7.85084929487322
0.04505722 18.126403149999987 3.131879589229902
0.04980008 13.018656729999975 1.8498514613657977
0.05454295 9.594678699999974 1.2068944194559783
0.05928581 7.171842649999974 0.924500182876888
0.06402868 5.635266949999988 0.6529091408652357
0.06877154 4.942409709999993 0.5112021046253887
0.07351441 4.170294709999979 0.3938271457589889
0.07825728 3.6307671400000174 0.3170245705284704
0.08300014 3.2495281399999953 0.2634071656284683
0.08774301 3.002940030000005 0.23550790214767353
0.09248587 2.657762829999996 0.1747894048195456
0.09722874 2.717352809999994 0.15247104075895862
0.1019716 2.3585293600000057 0.09083272966265621
0.1067145 2.210588669999993 0.10313671029129333
0.1114573 2.184467529999999 0.07952829890959315
0.1162002 1.9674195300000008 0.09065821671463928
0.1209431 1.8721096700000004 0.09922475200995919
0.1256859 1.8178269 0.0848537136156887
0.1304288 1.8662013900000005 0.06793568760481487
0.1351717 1.8421950299999992 0.06672477877952147
0.1399145 1.828562869999999 0.060842534466980326
0.1446574 1.759268910000003 0.058798997086914
0.1494003 1.7924971999999997 0.041241633803912395
0.1541431 1.8120960899999972 0.047331146840141294
0.158886 1.7795658900000006 0.04804197633050584
0.1636288 1.6923261999999966 0.039070662116580904
0.1683717 1.6741742099999968 0.049673499319450164
0.1731146 1.7326720100000017 0.04839945854476655
0.1778574 1.7787580299999988 0.053450366240509355
0.1826003 1.7093666000000027 0.030361604796752456
0.1873432 1.6342044999999956 0.03148040540377352
0.192086 1.6897290999999974 0.03184688406851367
0.1968289 1.6834244999999974 0.028925262902126766
0.2015718 1.6854694899999991 0.04361857037684261
0.2063146 1.6758072099999985 0.03671921518763971
0.2110575 1.6297244999999982 0.026751159510278795
0.2158004 1.6732207000000017 0.030415845602582692
0.2205432 1.7074224999999998 0.028330993935575432
0.2252861 1.7219840399999988 0.03669053507446515
0.230029 1.6929629000000013 0.027815745847173095
0.2347718 1.731522039999998 0.034004441810031996
0.2395147 1.6635765300000003 0.030504825739210907
0.2442576 1.65726394 0.0298324707566636
0.2490004 1.7009359400000008 0.03066132593516014
0.2537433 1.6409065999999974 0.022704867542702966
0.2584862 1.648845510000001 0.029358821884289434
0.263229 1.687475039999999 0.02960674801927173
0.2679719 1.6665028999999976 0.030473930069979362
0.2727147 1.731706599999999 0.03433638485603429
0.2774576 1.7363575000000004 0.0316514876565404
0.2822005 1.7346710000000023 0.01913151113689188
0.2869433 1.7059867000000004 0.02814503757700531
0.2916862 1.6765696000000005 0.028607207734769196
0.2964291 1.6620125700000017 0.03148457849477188
0.3011719 1.6442812999999994 0.020219597408568313
0.3059148 1.6737392 0.027367941501188143
0.3106577 1.6560711999999995 0.021390827213352087
0.3154005 1.6424117999999979 0.026546182982890753
0.3201434 1.6591535700000009 0.034887924319003095
0.3248863 1.659654800000002 0.02437258927760452
0.3296291 1.733239410000003 0.02731704036643774
0.334372 1.68084554 0.027370635844865845
0.3391149 1.6963745999999986 0.02573424870319255
0.3438577 1.6332748000000024 0.02616496425304899
0.3486006 1.687503190000001 0.029585282295790175
0.3533435 1.6769579000000014 0.03054836581062466
0.3580863 1.701716300000001 0.025089975962844808
0.3628292 1.6463034999999984 0.02517096636275129
0.367572 1.7158490999999998 0.02287324467118014
0.3723149 1.6396857399999973 0.031913755846334005
0.3770578 1.6778140000000015 0.02200228785156529
0.3818006 1.6376206400000015 0.028627251441554185
0.3865435 1.6800360099999985 0.029651863986907768
0.3912864 1.6655931000000024 0.024971448210681865
0.3960292 1.5995017999999988 0.02305769480720011
0.4007721 1.6563576100000006 0.03398819836193902
0.405515 1.6138484599999998 0.03943175507737366
0.4102578 1.6484947000000005 0.029366455492058883
0.4150007 1.7100893 0.03764824311939649
0.4197436 1.6254947299999998 0.0347091245997478
0.4244864 1.623689859999999 0.0400015679221646
0.4292293 1.6438088999999998 0.024131254878824605
0.4339722 1.6619969999999995 0.0331472742015917
0.438715 1.6247025399999977 0.03384233599386463
0.4434579 1.6447096600000002 0.042399197127352385
0.4482008 1.670784770000001 0.03236906394255442
0.4529436 1.6828754900000007 0.04007882198448185
0.4576865 1.6837610999999981 0.04205714976779022
0.4624294 1.649860910000001 0.031617161367829924
0.4671722 1.6592566600000005 0.04146915765485959
0.4719151 1.7577657999999978 0.0372628466185279
0.4766579 1.7113610000000001 0.031782421332203104
0.4814008 1.7038086999999997 0.02722786792941151
0.4861437 1.6368824900000014 0.04095055558350895
0.4908865 1.6532334000000013 0.03175473871198721
0.4956294 1.6726077400000001 0.038039817006204624
0.5003723 1.6752905300000016 0.03143980220285714
0.5051151 1.6299367900000021 0.028261577935809884
0.509858 1.6539625300000012 0.029283870797943003
0.5146009 1.6209890000000016 0.022666057427081204
0.5193437 1.5886627299999994 0.036395791032519574
0.5240866 1.5708000999999996 0.023401298934915105
0.5288295 1.6136070999999994 0.02776059814533641
0.5335723 1.6198555299999988 0.04144603846526352
0.5383152 1.6728852399999994 0.0363441746836726
0.5430581 1.667089390000001 0.03399322046591466
0.5478009 1.5990779699999997 0.02877679707462768
0.5525438 1.5980996699999999 0.029998773004993814
0.5572867 1.6238553700000011 0.03515651145884149
0.5620295 1.62257344 0.029354438405983244
0.5667724 1.5717672 0.02348204660571369
0.5715152 1.61327249 0.028110113349646703
0.5762581 1.5895515399999987 0.02743222503416232
0.581001 1.620550729999998 0.03402829528522135
0.5857438 1.5794169999999994 0.024660521058824596
0.5904867 1.650764940000002 0.03174724914252903
0.5952296 1.6354802300000024 0.029710850197888838
0.5999724 1.6346870299999985 0.03167446375729206
0.6047153 1.638839309999998 0.02958446669818444
0.6094582 1.6515979000000023 0.021691133604683464
0.614201 1.6399849699999969 0.03024308560453845
0.6189439 1.6915825600000005 0.027693855504514444
0.6236868 1.6412244999999999 0.024879907777698492
0.6284296 1.587077390000001 0.03126006313198731
0.6331725 1.6331150699999988 0.03351837955374598
0.6379154 1.6087853099999982 0.03443288405174894
0.6426582 1.593356759999999 0.02884910481603617
0.6474011 1.5932625000000016 0.02381779772777269
0.652144 1.583752190000002 0.03201593077895196
0.6568868 1.5752848999999998 0.03133737455295893
0.6616297 1.5986925400000018 0.036307980044556765
0.6663726 1.606216400000001 0.02466626736217244
0.6711154 1.6138286400000013 0.03073618674846051
0.6758583 1.613810400000002 0.026049989996917315
0.6806011 1.5826924300000016 0.028136037232361494
0.685344 1.6281360099999986 0.027863841502709652
0.6900869 1.6204217900000017 0.027293271160436318
0.6948297 1.5697985400000007 0.03173772079608005
0.6995726 1.538573869999997 0.029589642566613242
0.7043155 1.5762077399999974 0.028655526558808236
0.7090583 1.5898637999999998 0.024513122711275006
0.7138012 1.6221959900000016 0.03063980119317338
0.7185441 1.635759310000001 0.028275045627375674
0.7232869 1.5929515599999995 0.028914059522699785
0.7280298 1.6042130900000018 0.03233719104892423
0.7327727 1.6167431299999997 0.034605036783411224
0.7375155 1.57478287 0.027279006097451618
0.7422584 1.604174999999998 0.024988864200816596
0.7470013 1.6030444000000017 0.024988365373048122
0.7517441 1.5948276999999997 0.024160558385354986
0.756487 1.6114762999999996 0.019155299582010555
0.7612299 1.6068555000000018 0.02335599557233491
0.7659727 1.540555170000001 0.029754881764088935
0.7707156 1.5550145000000022 0.025042779823182905
0.7754585 1.5733244400000004 0.029606073212166614
0.7802013 1.5763629599999973 0.031362437901955365
0.7849442 1.5951973000000024 0.026214185586471286
0.789687 1.6171425699999986 0.030016458093301435
0.7944299 1.599552039999999 0.03652161611943899
0.7991728 1.5894177999999997 0.023297194290231388
0.8039156 1.5956299999999999 0.028903354946837174
0.8086585 1.5680280000000018 0.025432785706637
0.8134014 1.6373666 0.023867286427680486
0.8181442 1.645838040000001 0.029549581726542914
0.8228871 1.64574571 0.03655843533824767
0.82763 1.6140882699999999 0.0325133781577382
0.8323728 1.6412455000000001 0.0213808524293345
0.8371157 1.5409198100000019 0.03145316998375841
0.8418586 1.5857314900000006 0.03031932762081607
0.8466014 1.5825363099999983 0.04173425529926056
0.8513443 1.5700159000000014 0.02487429461007422
0.8560872 1.6036728999999994 0.038265248415863616
0.86083 1.5653663000000009 0.0254130548643667
0.8655729 1.6056475699999986 0.031620589212310916
0.8703158 1.586492800000002 0.028872081629077548
0.8750586 1.6146148999999994 0.0359192521712008
0.8798015 1.5628297899999986 0.031960443007985735
0.8845443 1.5779756099999993 0.03488152160379713
0.8892872 1.6096107999999987 0.022663950837013894
0.8940301 1.5546682000000018 0.02655257764064696
0.8987729 1.5693829000000008 0.028418929385880542
0.9035158 1.625384799999999 0.02367907523922141
0.9082587 1.5868587000000005 0.016780198398525625
0.9130015 1.5870727999999978 0.025540230330081105
0.9177444 1.5844271000000028 0.025389959765359234
0.9224873 1.5178390000000022 0.02439966484822014
0.9272301 1.5471135000000018 0.02530800576294956
0.931973 1.6096879999999985 0.028947197825006023
0.9367159 1.558531470000002 0.031056768216288173
0.9414587 1.5826513999999996 0.025538402385318397
0.9462016 1.5744805 0.023590704227324472
0.9509445 1.6005298599999982 0.026919816741406137
0.9556873 1.5651416100000013 0.0343577043206509
0.9604302 1.6090319899999983 0.02690097917449041
0.9651731 1.6102837 0.022510576236194832
0.9699159 1.5793177000000007 0.024074693585420567
0.9746588 1.5606592399999997 0.027486751341890305
0.9794017 1.5821086000000015 0.026856560273214255
0.9841445 1.583849709999999 0.029740445621730276
0.9888874 1.5683785000000015 0.025286693209933795
0.9936302 1.5239617999999986 0.025016698814416483
0.9983731 1.57574683 0.02916629762868133
1.003116 1.59189821 0.02675755435365342
1.007859 1.543764890000002 0.03028118578812804
1.012602 1.5346381999999998 0.023386845761145587
1.017345 1.5321916899999977 0.029680279354803055
1.022087 1.5431063999999992 0.024890418796360895
1.02683 1.5497083699999976 0.029505499757184986
1.031573 1.5509720400000013 0.02929334269575537
1.036316 1.5815847900000009 0.029669718203086386
1.041059 1.558990399999999 0.030028084113277835
1.045802 1.554801900000001 0.02380254954412936
1.050545 1.5272075300000019 0.02606403793114229
1.055287 1.5406414999999996 0.018520753289849215
1.06003 1.5384011000000015 0.021729367604291523
1.064773 1.562907599999999 0.01653938180282586
1.069516 1.5308081700000002 0.028976286167219863
1.074259 1.5465526300000008 0.03274556160899684
1.079002 1.5493752 0.020686093029156444
1.083745 1.56957843 0.02622827923551359
1.088488 1.5473628999999995 0.020435560628186532
1.09323 1.5147341999999995 0.015249022103326758
1.097973 1.5484823399999996 0.029182035262185824
1.102716 1.561276209999999 0.029722031216295523
1.107459 1.5325284000000003 0.023079646922517592
1.112202 1.577477400000003 0.01835054650631128
1.116945 1.5901216000000034 0.02436747807622286
1.121688 1.5374440400000005 0.029298828883664963
1.12643 1.5984095000000025 0.02073373583525554
1.131173 1.546898800000001 0.02249192687229435
1.135916 1.5466833999999992 0.024100687109856765
1.140659 1.5566715000000002 0.023675833979456957
1.145402 1.5086749699999977 0.030366227674568088
1.150145 1.5370461000000013 0.0218356944363417
1.154888 1.5517265999999985 0.023533265245290248
1.159631 1.5476522999999993 0.018886777381254178
1.164373 1.534635699999999 0.024669303546702034
1.169116 1.5164116000000014 0.02038400541619243
1.173859 1.5009975000000004 0.023835347682271406
1.178602 1.5049390000000002 0.022156251256666513
1.183345 1.5380687000000002 0.0272481301051272
1.188088 1.5619611100000022 0.03166585845893817
1.192831 1.5378219000000009 0.023452313812988682
1.197573 1.5377021000000006 0.021870161421006208
1.202316 1.5473013000000009 0.024026180818706156
1.207059 1.5602868999999977 0.02299232748544842
1.211802 1.4824937000000027 0.02440366284064304
1.216545 1.51809467 0.029919577256284833
1.221288 1.5552568000000022 0.015777298229355058
1.226031 1.5658949 0.03057095714978802
1.230774 1.5658357999999986 0.02384277093971264
1.235516 1.5386858999999973 0.027100264245566223
1.240259 1.5375975599999983 0.028378523217343868
1.245002 1.497016600000002 0.026514041479953447
1.249745 1.516753399999999 0.023518888264281154
1.254488 1.5298311700000014 0.03551814896327378
1.259231 1.515321740000001 0.03434807708875315
1.263974 1.5226377000000006 0.025274912441771318
1.268716 1.4844623099999978 0.026704813538915947
1.273459 1.5127756000000012 0.02367130227854054
1.278202 1.540394199999998 0.017498128414740948
1.282945 1.5226173000000003 0.024327048856705773
1.287688 1.4862986099999986 0.027892622466246186
1.292431 1.5357412000000004 0.022068590127800086
1.297174 1.5251344600000003 0.0295747366591541
1.301916 1.5410041999999997 0.02193043490273984
1.306659 1.536239460000001 0.02907190018849503
1.311402 1.5094266000000012 0.021785090461605545
1.316145 1.5140660999999973 0.0205668089761308
1.320888 1.4957104099999974 0.033532562188806556
1.325631 1.5219575000000027 0.021415982954497308
1.330374 1.5476290999999982 0.018403997798933674
1.335117 1.5331927999999984 0.025020640777058185
1.339859 1.517537100000002 0.024356739757705068
1.344602 1.5173687999999999 0.02143740995730068
1.349345 1.4799165999999992 0.02216090025367172
1.354088 1.51344731 0.02899214257155397
1.358831 1.5013010300000005 0.02831988951644848
1.363574 1.4767869000000005 0.025985397309031825
1.368317 1.4983253300000001 0.026791600139498342
1.373059 1.5449646999999977 0.015533425132499636
1.377802 1.512652199999998 0.02061289602008774
1.382545 1.5176254 0.020505333703872947
1.387288 1.5467805000000006 0.02176712639950454
1.392031 1.5174819999999976 0.018038354159813384
1.396774 1.5381104000000008 0.02048245013017923
1.401517 1.4885574000000013 0.023688328292570508
1.40626 1.5129427 0.021519116606387497
1.411002 1.5114003000000018 0.023473490213653248
1.415745 1.5177073000000014 0.02326282138692093
1.420488 1.4947563000000024 0.02006583971799158
1.425231 1.5275605999999975 0.027875304876398322
1.429974 1.5211271999999987 0.02329026161709893
1.434717 1.5673037 0.017995460682467296
1.43946 1.5127677999999989 0.016507756757499537
1.444202 1.4836347999999973 0.024404128847100973
1.448945 1.5227535000000003 0.025034648903705187
1.453688 1.525183969999997 0.030856123204244395
1.458431 1.4822809300000017 0.026485040630562635
1.463174 1.5199967600000015 0.030323131395461347
1.467917 1.5053518000000032 0.02191297804844204
1.47266 1.4942732399999983 0.02589904106236526
1.477402 1.5087371000000012 0.022263796621709898
1.482145 1.487271500000002 0.0204473240933484
1.486888 1.4972015999999968 0.017691150836681605
1.491631 1.5137442000000014 0.020727966014868378
1.496374 1.5109020000000015 0.02273033557093423
1.501117 1.5178785999999995 0.017360091484083302
1.50586 1.4831371000000004 0.020218082173916973
1.510603 1.487463199999997 0.02473904839649671
1.515345 1.4983296999999993 0.019819931336465414
1.520088 1.5637056300000012 0.02886405349651468
1.524831 1.5168520999999977 0.01673679059523734
1.529574 1.4919206999999979 0.01705429684800684
1.534317 1.5062426000000002 0.016891184303986943
1.53906 1.4962963999999985 0.022588570538938927
1.543803 1.502121859999999 0.030949065864770923
1.548545 1.4932972000000007 0.01916010255350091
1.553288 1.475929200000003 0.023885562451679002
1.558031 1.4760093999999988 0.022956538496204288
1.562774 1.501896930000001 0.025954883433790567
1.567517 1.4895248000000016 0.017434269683304936
1.57226 1.5015596000000002 0.022828570969374847
1.577003 1.4678663999999984 0.01888599424218309
1.581746 1.501259000000001 0.018432902429145345
1.586488 1.4921130999999974 0.02367206406303564
1.591231 1.470324299999998 0.022926652065518485
1.595974 1.4746346999999993 0.024042444203965237
1.600717 1.4922362000000007 0.022488286949188942
1.60546 1.4731205000000003 0.023380455548746928
1.610203 1.4706513999999977 0.014915936722466255
1.614946 1.5029952000000009 0.015432012848726367
1.619688 1.4590864000000003 0.019933856986562117
1.624431 1.4225670000000008 0.02379385571542062
1.629174 1.4849891 0.02776876397996371
1.633917 1.4661167000000006 0.018717936011229997
1.63866 1.4567796000000008 0.02384183094139694
1.643403 1.5001525999999998 0.018602258425234067
1.648146 1.4815963999999973 0.029192473677527496
1.652889 1.4776635599999999 0.026936962229779024
1.657631 1.4672809399999984 0.025604015915793893
1.662374 1.5026025000000018 0.020203905372105743
1.667117 1.4668571000000021 0.019673847666353488
1.67186 1.4978906000000016 0.01917091367352984
1.676603 1.5053999000000005 0.023531008431123667
1.681346 1.4755026399999984 0.030015261009518093
1.686089 1.4670778999999996 0.020864480351888853
1.690831 1.4408983999999982 0.017346001846056242
1.695574 1.4574304900000001 0.026610464698350614
1.700317 1.4621998000000005 0.022427110271339267
1.70506 1.4365737000000003 0.022723902465946813
1.709803 1.4840350999999998 0.02196589608002679
1.714546 1.4502227999999988 0.02433599671460287
1.719289 1.4511664999999994 0.02411623407194149
1.724031 1.4477404000000007 0.02289715256181512
1.728774 1.4680636000000007 0.019362552968202003
1.733517 1.4282310000000003 0.021020771864442414
1.73826 1.4776694999999975 0.018769917812288768
1.743003 1.4964538000000012 0.021127884774998957
1.747746 1.4719829400000002 0.025953466574094704
1.752489 1.440157199999998 0.0157148148733994
1.757232 1.4643544599999991 0.02629824706986953
1.761974 1.4348138000000006 0.020544157638643798
1.766717 1.4608540999999988 0.016594976019171842
1.77146 1.457097000000001 0.02430246482538675
1.776203 1.4432276999999978 0.015918047402540835
1.780946 1.4359241999999988 0.02267032939149968
1.785689 1.434695099999999 0.01713232882595926
1.790432 1.4618856000000022 0.020111650321337476
1.795174 1.4537759000000001 0.024422071311987432
1.799917 1.4307540000000003 0.018320498427867506
1.80466 1.4835707000000014 0.017930950070805928
1.809403 1.4434487000000011 0.01826065455747557
1.814146 1.4744154999999992 0.024778819378361315
1.818889 1.4796714999999985 0.01706801974985042
1.823632 1.4840585999999973 0.017135522851280772
1.828375 1.4495607000000028 0.016640944735455136
1.833117 1.4343381000000015 0.015536984498595592
1.83786 1.422011900000001 0.021717106384546846
1.842603 1.4242312300000002 0.0272608951783295
1.847346 1.4301236999999993 0.02216849991564511
1.852089 1.4699559999999998 0.019899810257369813
1.856832 1.450532299999999 0.01813099279567591
1.861575 1.4615398000000006 0.022952309588654452
1.866317 1.4020972900000004 0.02575770063140059
1.87106 1.4145921000000001 0.01669574682308678
1.875803 1.4509925999999993 0.012438708333306153
1.880546 1.4507695999999974 0.019988713886502175
1.885289 1.4527730999999982 0.019013958692041224
1.890032 1.467076800000001 0.01842622779990627
1.894775 1.4375001999999988 0.017101669044405982
1.899517 1.4372577999999976 0.017803754781304755
1.90426 1.4441376000000012 0.022166051402674476
1.909003 1.4523477000000007 0.015861624520542007
1.913746 1.4365164999999998 0.020675994228198637
1.918489 1.4330551000000007 0.02292403680591556
1.923232 1.4381398999999995 0.023157814541882035
1.927975 1.4228408899999998 0.026653368639581267
1.932718 1.4474954999999987 0.02071753564512399
1.93746 1.4367267999999989 0.018258525719070294
1.942203 1.4171958000000018 0.02311039993555356
1.946946 1.3817711999999993 0.017916252114749436
1.951689 1.4127587999999989 0.0193098317551547
1.956432 1.4240418999999989 0.02126179714915533
1.961175 1.432807099999998 0.022531686132697657
1.965918 1.4005627599999997 0.025199183434540046
1.97066 1.418686600000001 0.020264021151308216
1.975403 1.4321693000000018 0.018348419860895897
1.980146 1.434191300000002 0.020407694042427628
1.984889 1.4237543000000024 0.01877991531288906
1.989632 1.4241241000000002 0.021366619703300352
1.994375 1.4474042999999988 0.013731063546250623
1.999118 1.4667063999999996 0.018152696820636336
2.003861 1.3965438 0.018566217343174065
2.008603 1.4215370000000007 0.022806882569599826
2.013346 1.4205044999999998 0.019601416352990106
2.018089 1.4199097999999992 0.01793368859467016
2.022832 1.3963532 0.023445998902848326
2.027575 1.4074430999999983 0.024466701353901544
2.032318 1.3991019999999992 0.023878443610798477
2.037061 1.4091714000000017 0.018008004447150294
2.041803 1.3936620000000026 0.02111345754135895
2.046546 1.4285132999999988 0.02455427834641823
2.051289 1.4212164999999999 0.022775321994488295
2.056032 1.415893699999998 0.02299995122905404
2.060775 1.401329099999998 0.022334933866292025
2.065518 1.4081630999999994 0.019366581862541248
2.070261 1.3883037999999992 0.021966612879487493
2.075003 1.4165288000000018 0.01787863174166396
2.079746 1.400565499999999 0.01926859301781519
2.084489 1.4144368000000007 0.01966014500745767
2.089232 1.4139628000000002 0.024276270363122365
2.093975 1.4345196999999992 0.021658042374061375
2.098718 1.4114226999999993 0.01676011076993927
2.103461 1.4095982000000014 0.024293635351767814
2.108204 1.348405900000003 0.012337985928003618
2.112946 1.3979411000000006 0.020644198775591593
2.117689 1.3950066999999997 0.018855128275644836
2.122432 1.3830905000000016 0.018305046034519774
2.127175 1.4327565999999976 0.01882984719291055
2.131918 1.3999071 0.01403770939612505
2.136661 1.3946106 0.017488122300693576
2.141404 1.4108684999999994 0.022152622259437336
2.146146 1.374152800000001 0.015410101891026514
2.150889 1.3949736000000001 0.019642078710995003
2.155632 1.3786815000000026 0.01784526437932899
2.160375 1.4386583000000002 0.01688200523331823
2.165118 1.3972561 0.01920617916442255
2.169861 1.3915401000000003 0.020763265573072145
2.174604 1.4004903000000013 0.01210196529107685
2.179347 1.3969016999999972 0.012832100158926513
2.184089 1.3747456000000007 0.017063453682751493
2.188832 1.3988371900000018 0.025890783597681533
2.193575 1.3759317000000024 0.02347697468007636
2.198318 1.3904399999999981 0.017096780652473206
2.203061 1.3677081000000015 0.019126770495259873
2.207804 1.3901575999999984 0.023951545891058256
2.212547 1.3602413999999996 0.016978994928409687
2.217289 1.3683230000000002 0.018821401668741248
2.222032 1.3818972999999986 0.02017976450297659
2.226775 1.3920347 0.020961353521791213
2.231518 1.3978750000000026 0.018446170056886216
2.236261 1.4069348999999995 0.02054654065707506
2.241004 1.375824999999999 0.021859574185316286
2.245747 1.3522699999999972 0.015709169948012348
2.25049 1.379123700000001 0.018206260173206482
2.255232 1.3449129999999982 0.015270078712941093
2.259975 1.370219500000001 0.018524884264480467
2.264718 1.3683438000000017 0.015450536447280764
2.269461 1.3906580999999996 0.02022061516065728
2.274204 1.3936369999999982 0.022452157023410267
2.278947 1.3769887999999995 0.023927301129136398
2.28369 1.3539321999999991 0.02252490011476217
2.288432 1.3778486 0.022050756554583578
2.293175 1.4016543000000006 0.019452555462197315
2.297918 1.3897934999999997 0.018929728727165772
2.302661 1.3818652 0.02113022324403161
2.307404 1.3546296000000027 0.014647937321042172
2.312147 1.353439899999998 0.015890343814039483
2.31689 1.3655375999999997 0.018395314620035214
2.321632 1.346483499999998 0.016659547218597012
2.326375 1.3506320999999986 0.017657424701924895
2.331118 1.3895733999999997 0.018254499500980317
2.335861 1.4026351000000012 0.021504185350577087
2.340604 1.3889272999999989 0.019173931053235366
2.345347 1.3706043 0.017465327720927137
2.35009 1.3638385 0.015045704921599548
2.354833 1.3626204000000008 0.017120960870358085
2.359575 1.3392152000000017 0.023990604277149993
2.364318 1.356462399999998 0.018474492904287185
2.369061 1.3552535900000002 0.02727674137275421
2.373804 1.3722692000000016 0.018246389016549944
2.378547 1.368856700000002 0.02390779290704006
2.38329 1.350205599999999 0.01537319829207397
2.388033 1.3665410000000016 0.02074830095968124
2.392775 1.367310400000001 0.01954958624605564
2.397518 1.3692202000000009 0.015124848780574535
2.402261 1.3452587999999999 0.022446090146381572
2.407004 1.3522636999999982 0.014462125064147742
2.411747 1.3652721999999997 0.023965028714169865
2.41649 1.3485987999999978 0.02083296313919089
2.421233 1.3387885999999973 0.017372615777643766
2.425976 1.3644515000000013 0.015525876812936037
2.430718 1.376857300000001 0.013717483511641617
2.435461 1.3349045000000004 0.01855059202825918
2.440204 1.3500107999999997 0.016163717586241935
2.444947 1.325068899999998 0.017700104967756834
2.44969 1.3292551999999986 0.013385334495125863
2.454433 1.3318359999999991 0.017218135511219725
2.459176 1.3642325 0.018378330221255002
2.463918 1.354751199999999 0.017190153000808915
2.468661 1.3236884999999994 0.023189592311615638
2.473404 1.3450853999999985 0.018762700179472347
2.478147 1.331185699999999 0.016751822704619557
2.48289 1.3234812999999974 0.014638239142555695
2.487633 1.3227638000000006 0.014588016199385113
2.492376 1.316632000000002 0.019588885070909712
2.497118 1.3021256 0.019458082918490563
2.501861 1.3194994999999992 0.021886805639626576
2.506604 1.3552912999999975 0.021334635010700362
2.511347 1.3486997999999986 0.01682388856958344
2.51609 1.3320192000000013 0.020261689807510856
2.520833 1.3420867100000002 0.027327968736039918
2.525576 1.3160784999999997 0.01808547872347863
2.530319 1.3316806999999997 0.011731609132626336
2.535061 1.3387973999999971 0.020134250736252697
2.539804 1.3229498999999976 0.020625456973586597
2.544547 1.3550898999999994 0.022175339925534145
2.54929 1.3293418999999993 0.01696814405061374
2.554033 1.3132454999999972 0.022478582343636814
2.558776 1.281717699999998 0.02233248067457799
2.563519 1.3296245000000013 0.01534417641979002
2.568261 1.3219585999999985 0.02166722291770866
2.573004 1.3040698000000006 0.016555106432614587
2.577747 1.3150425999999982 0.01630436159447601
2.58249 1.3163982999999995 0.018735008099259598
2.587233 1.3179227000000004 0.020318576813982334
2.591976 1.3216250999999986 0.016897043882880596
2.596719 1.3345122000000025 0.02063059236675297
2.601462 1.3387537000000016 0.014735985106030683
2.606204 1.3470434000000004 0.01485446305618521
2.610947 1.3123994000000003 0.023987551145106853
2.61569 1.3045829999999974 0.0165977557759971
2.620433 1.3193347000000024 0.0193123392502497
2.625176 1.3302098999999998 0.02045231995907759
2.629919 1.3145279999999993 0.02323679599810504
2.634662 1.289458400000001 0.01789341983347783
2.639404 1.2996581999999997 0.019062710100805312
2.644147 1.3157862999999992 0.015661291876941787
2.64889 1.3038817000000016 0.015097972299088974
2.653633 1.3336374000000006 0.021707697176356545
2.658376 1.3157241000000006 0.01707101986888387
2.663119 1.3043782999999998 0.022072325307413886
2.667862 1.2781713000000003 0.014782033908238863
2.672605 1.2701793000000023 0.015577214505995245
2.677347 1.3072558 0.018081247353758025
2.68209 1.3083668000000017 0.021573874521920586
2.686833 1.3250387000000003 0.01585406198094455
2.691576 1.2976631999999988 0.019849751533950955
2.696319 1.2805511000000003 0.022608267750316862
2.701062 1.2927153999999987 0.015172812247938785
2.705805 1.2823978999999994 0.014560565137884729
2.710547 1.3262804000000017 0.015947394894021184
2.71529 1.2986361699999982 0.024570098651041733
2.720033 1.290742599999998 0.01827425323783995
2.724776 1.2991582000000008 0.019195600615648203
2.729519 1.298088700000001 0.0209041519122995
2.734262 1.2996985999999993 0.01456574081657671
2.739005 1.2955804999999998 0.015026647947648138
2.743747 1.2812762999999983 0.017953925980030313
2.74849 1.3048059000000016 0.015639807672587856
2.753233 1.2719750000000012 0.020249423920291044
2.757976 1.2954261000000002 0.01791414604900644
2.762719 1.2693136000000003 0.016367275209388524
2.767462 1.2802459000000006 0.015874044996883635
2.772205 1.2750996000000008 0.015235656169656716
2.776948 1.2822303999999995 0.01954127708563164
2.78169 1.3089026000000032 0.02041719208857634
2.786433 1.2842811999999988 0.016792188325343585
2.791176 1.2781798999999978 0.012839206445022013
2.795919 1.3071012999999994 0.015852432495072774
2.800662 1.2650112 0.015262812472202006
2.805405 1.2589380000000006 0.01798025159795898
2.810148 1.2742834999999992 0.01747829600794302
2.81489 1.289435000000001 0.016885303273665178
2.819633 1.3062539000000015 0.024038000224685916
2.824376 1.2680311000000017 0.016564189536690335
2.829119 1.2656659999999995 0.01799905389389532
2.833862 1.2675511000000022 0.02030423434077392
2.838605 1.2863784999999979 0.016903992975532786
2.843348 1.292442900000001 0.014141916144473424
2.848091 1.2883780999999992 0.019538614062249993
2.852833 1.2571980000000025 0.01902393652574021
2.857576 1.2529435000000007 0.016108087202920975
2.862319 1.3144867999999974 0.020425515411874824
2.867062 1.262089200000002 0.0192867099525926
2.871805 1.2604788000000013 0.019495685026985628
2.876548 1.274481699999999 0.01915439453259248
2.881291 1.2682073000000003 0.017048928369629623
2.886033 1.2462297999999983 0.015868929802164786
2.890776 1.2403784000000009 0.020147245631507573
2.895519 1.2540441999999992 0.02215259685053296
2.900262 1.2532706000000005 0.02250936719949194
2.905005 1.2441995000000006 0.017437935464943592
2.909748 1.2627349999999993 0.018437362920986522
2.914491 1.2540268999999995 0.018566126687506863
2.919233 1.2494119999999995 0.017920658938405037
2.923976 1.2542842000000007 0.014421865628193063
2.928719 1.2505581000000028 0.015012278330275118
2.933462 1.2677350999999994 0.01625091014165609
2.938205 1.2723201000000017 0.016535757230983675
2.942948 1.2508687000000016 0.014469062066924313
2.947691 1.2474957999999994 0.02075760892803639
2.952434 1.2417953999999973 0.01632790297980283
2.957176 1.2837895999999986 0.019966326081213324
2.961919 1.2688047000000005 0.023798979679198914
2.966662 1.297744999999999 0.013165105659123755
2.971405 1.264882 0.012258751808217928
2.976148 1.2431991999999994 0.019266593605436838
2.980891 1.2316572000000008 0.02066421595041389
2.985634 1.2332192999999982 0.021662158401788912
2.990376 1.270267699999998 0.016041682741554347
2.995119 1.2771250000000016 0.017786708969370044
2.999862 1.272053200000002 0.016369710016684906
3.004605 1.2745227000000021 0.02286586001636601
3.009348 1.2489103999999998 0.014672413775529306
3.014091 1.2234975000000006 0.021596977613126817
3.018834 1.245497499999999 0.016504710275467387
3.023577 1.2270606000000015 0.019699516723793633
3.028319 1.2587040999999992 0.013451525407071462
3.033062 1.2615344000000022 0.015564684567920786
3.037805 1.2531431000000026 0.016060069604338208
3.042548 1.2439866999999971 0.02163023995109416
3.047291 1.259887599999999 0.01948431579177748
3.052034 1.2571456999999988 0.021296689386815226
3.056777 1.2158096999999977 0.022459383156416178
3.061519 1.213201399999999 0.020957156773942623
3.066262 1.241658600000001 0.016416537463155502
3.071005 1.2444318999999986 0.01402261048626731
3.075748 1.225382500000002 0.01795602203088939
3.080491 1.243865200000002 0.02063607918930005
3.085234 1.247271399999999 0.013624805286274227
3.089977 1.254308599999998 0.016906074351418186
3.09472 1.2423189000000008 0.015586258688975124
3.099462 1.2299924000000004 0.021355180316144293
3.104205 1.2628020999999983 0.017664251155671627
3.108948 1.2759471000000033 0.01725906241605795
3.113691 1.2388638999999984 0.01710476849785262
3.118434 1.2535127000000017 0.013410332258968035
3.123177 1.2439401999999973 0.01375303831696917
3.12792 1.2412746000000006 0.01624270522294257
3.132662 1.2665346999999976 0.013618259878650863
3.137405 1.2410823000000022 0.01900563900370228
3.142148 1.244439400000001 0.021665971436798496
3.146891 1.2365600999999984 0.01273411820271588
3.151634 1.2067251000000034 0.0154972917841125
3.156377 1.2463586999999983 0.017906582091295538
3.16112 1.2376612000000016 0.014570620736741821
3.165862 1.2536810000000003 0.014835944947786242
3.170605 1.2218532000000017 0.017726045368332947
3.175348 1.2153607999999991 0.02167712949452619
3.180091 1.2170245000000008 0.01764496675995833
3.184834 1.2226426000000004 0.022431394370500263
3.189577 1.232135399999997 0.022280759302129704
3.19432 1.228713299999999 0.019820917407398077
3.199063 1.2218318000000004 0.016885229002361404
3.203805 1.2454910000000012 0.010315847091400593
3.208548 1.2025837999999993 0.011405859557065605
3.213291 1.1877455999999995 0.019703633309839364
3.218034 1.1918547000000004 0.01557374069974892
3.222777 1.220205700000001 0.020082596992274708
3.22752 1.2196286999999977 0.017205796332209512
3.232263 1.2280459000000015 0.015516760874563792
3.237005 1.200542200000001 0.018801874764549708
3.241748 1.200171700000002 0.01994089988210529
3.246491 1.1975111999999974 0.01523413666400153
3.251234 1.2124471999999997 0.01700661111042463
3.255977 1.204607499999998 0.015159647590103572
3.26072 1.1895379999999989 0.01502513580830571
3.265463 1.2058221000000025 0.01831315420933587
3.270206 1.184952199999998 0.014588961926439114
3.274948 1.1963797000000014 0.017332658307683053
3.279691 1.2230312000000012 0.013994584132602222
3.284434 1.2247377999999998 0.01954332535934025
3.289177 1.2175058000000014 0.013050326781494932
3.29392 1.2100508000000012 0.014654501889648588
3.298663 1.2181820000000023 0.02018799332955611
3.303406 1.2028663000000002 0.016011878350727187
3.308148 1.202327399999998 0.013132740312330181
3.312891 1.2192554000000015 0.015803323110859812
3.317634 1.208867399999999 0.021099306014199688
3.322377 1.1873971999999995 0.02308686498474688
3.32712 1.191070400000001 0.018157300036174887
3.331863 1.1855843000000021 0.016396375217861497
3.336606 1.1963203 0.015625832842499392
3.341348 1.2012851999999974 0.014829098406754242
3.346091 1.1901724000000016 0.019955110667991036
3.350834 1.1938311999999982 0.014402873868752152
3.355577 1.2031555000000012 0.01712456131929211
3.36032 1.1820975000000011 0.01669727602651111
3.365063 1.2067243000000012 0.020687975278580985
3.369806 1.1890610000000024 0.017597178784382814
3.374549 1.2089981000000023 0.014631570428442656
3.379291 1.2223995999999993 0.017272778480523904
3.384034 1.1932898000000023 0.01941600445180577
3.388777 1.1945590999999993 0.016564955175214734
3.39352 1.1869380000000014 0.01944858237735734
3.398263 1.167424099999998 0.01375794476701172
3.403006 1.2106166999999992 0.015592835384015654
3.407749 1.1824514000000015 0.014767406535213115
3.412491 1.1926501999999992 0.011549007436457906
3.417234 1.2147465000000004 0.0172644164110808
3.421977 1.2085395999999982 0.0143762610637529
3.42672 1.2062510000000017 0.02082158148635821
3.431463 1.2055096000000027 0.015116090339636118
3.436206 1.208234400000002 0.011223001168448788
3.440949 1.172125600000001 0.0190168567576596
3.445692 1.1834035999999983 0.0221247190805322
3.450434 1.1496885999999975 0.013720624236560182
3.455177 1.155394900000001 0.018123042807261843
3.45992 1.152578700000003 0.020216837512588213
3.464663 1.1894863999999998 0.016570300054692767
3.469406 1.1873295000000006 0.0135681821060807
3.474149 1.1549247999999999 0.016222914705714183
3.478892 1.1737534600000004 0.02553569564122831
3.483634 1.1909059999999982 0.024072231851388962
3.488377 1.1657636000000018 0.02085581206332016
3.49312 1.1646518000000015 0.02063613605332874
3.497863 1.194060499999999 0.01686853995917415
3.502606 1.1856572000000014 0.02403901420582653
3.507349 1.179130500000003 0.017390547196451684
3.512092 1.1595870999999995 0.019780159154053432
3.516834 1.1635038000000009 0.020337711247627198
3.521577 1.1895801000000006 0.013478190341596209
3.52632 1.1695723999999998 0.024308003620686545
3.531063 1.175847300000001 0.018563374144754726
3.535806 1.1941759999999988 0.02037671149358385
3.540549 1.1311529 0.012981350130801365
3.545292 1.1568619000000027 0.01522241369026919
3.550035 1.1912884999999989 0.011971687478572779
3.554777 1.1813175000000022 0.018960397705298324
3.55952 1.1528308999999979 0.01767031853465903
3.564263 1.1475557999999992 0.015113474826792947
3.569006 1.174530100000002 0.01963809537546067
3.573749 1.1230420999999993 0.01627858874527563
3.578492 1.1373043999999979 0.015908765806749263
3.583235 1.1478364000000028 0.010859762636164616
3.587977 1.1335076999999991 0.015692430587458256
3.59272 1.1525807000000015 0.018368287091902975
3.597463 1.1590990000000012 0.01874810253965368
3.602206 1.1521727000000013 0.016397166544952622
3.606949 1.1709160999999995 0.02109367565286178
3.611692 1.1413896000000001 0.013366944145369609
3.616435 1.1679990000000018 0.013613940154035751
3.621178 1.1870379 0.018882660791427263
3.62592 1.134473289999999 0.02478340476762101
3.630663 1.1535885000000015 0.01760581562086007
3.635406 1.1397881000000005 0.016469035114623533
3.640149 1.147378100000001 0.01866233546476195
3.644892 1.1543384000000003 0.018759783180281007
3.649635 1.184896000000002 0.02072594370093838
3.654378 1.1447546000000024 0.01791915352633987
3.65912 1.1280305000000013 0.012325078598577068
3.663863 1.147757600000002 0.017960036628537804
3.668606 1.1474826 0.023399363730303973
3.673349 1.1252782000000003 0.016035812484175085
3.678092 1.1359901000000008 0.014327940510935952
3.682835 1.1347452000000011 0.019110597183268466
3.687578 1.1364072000000007 0.017105950307688335
3.692321 1.1525379000000022 0.015309539799468554
3.697063 1.1458779000000021 0.021344812701223286
3.701806 1.1425993000000005 0.016989964315636062
3.706549 1.1746420999999998 0.02342321521180035
3.711292 1.132295599999999 0.02226070155956024
3.716035 1.1665331300000013 0.02504559225869324
3.720778 1.1479412999999994 0.01883498751094708
3.725521 1.1396472000000024 0.02179060911860409
3.730263 1.115124599999998 0.021387459994123333
3.735006 1.1355962999999996 0.019970325440149612
3.739749 1.1472560000000023 0.019353502415198145
3.744492 1.1123930000000009 0.02414524707823043
3.749235 1.1368958000000013 0.022472087451708814
3.753978 1.116894900000002 0.021401218590369073
3.758721 1.1276753 0.023981033572795296
3.763463 1.1248809999999985 0.021418333645905605
3.768206 1.1427282000000005 0.021551380116850864
3.772949 1.1465244000000006 0.020917087992665916
3.777692 1.1219418000000019 0.020368401034610108
3.782435 1.1099578 0.020412919606305244
3.787178 1.0940534999999976 0.022683264869038048
3.791921 1.130640200000002 0.024019050882476627
3.796664 1.0881904999999996 0.019549553820181687
3.801406 1.1117130999999993 0.019561702539023913
3.806149 1.1408380099999995 0.025912180182042714
3.810892 1.117699899999998 0.020972850074242134
3.815635 1.1104242000000006 0.01868324810301281
3.820378 1.1456536000000028 0.024440256200751496
3.825121 1.1488216000000016 0.022527572617024
3.829864 1.1352163999999973 0.02007682804253867
3.834606 1.1067233000000023 0.021438042453691325
3.839349 1.1185105899999996 0.025787415974958587
3.844092 1.1077283000000016 0.02136680844604439
3.848835 1.1107014 0.019552250632033287
3.853578 1.1186025000000015 0.020609154083092225
3.858321 1.0966971 0.016060064359288487
3.863064 1.1274866900000013 0.026363468297533086
3.867807 1.1416378000000016 0.022391044439200525
3.872549 1.155303700000001 0.017970949654053176
3.877292 1.08429061 0.02788272994725737
3.882035 1.105095200000001 0.017301101257502043
3.886778 1.1184183000000019 0.02252717310252908
3.891521 1.1130352000000023 0.024644593137163693
3.896264 1.1052965000000015 0.02099430204131052
3.901007 1.1320619 0.027832907184799912
3.905749 1.1123405999999996 0.018925065753304156
3.910492 1.1209725299999995 0.028209014082873754
3.915235 1.1643900900000013 0.027147913148801696
3.919978 1.0914160300000013 0.025456883113154475
3.924721 1.074417069999999 0.0250812697290568
3.929464 1.0677990000000008 0.016248751660258704
3.934207 1.14682277 0.026373063260294375
3.938949 1.1326757 0.016419008520236894
3.943692 1.117974499999999 0.022992803162118502
3.948435 1.1025536900000006 0.027140584637736127
3.953178 1.1010316300000014 0.02649840139081837
3.957921 1.1642910000000022 0.022447393378574543
3.962664 1.1254384000000002 0.025755005455388384
3.967407 1.1450296000000009 0.021398178293162456
3.97215 1.137042730000001 0.02916424518388225
3.976892 1.1059138599999976 0.0256342683352937
3.981635 1.0714058400000006 0.027781894999117623
3.986378 1.0708405000000027 0.023937468647726556
3.991121 1.0723748000000022 0.026308344033406643
3.995864 1.0754108999999978 0.020618459079402816
4.000607 1.115756140000002 0.027345145897435887
4.00535 1.118048299999998 0.015844297834168283
4.010092 1.0983258000000014 0.020728768282408584
4.014835 1.0740479999999977 0.02426818687380136
4.019578 1.0361343400000003 0.02696658457438347
4.024321 1.0979972000000018 0.023382778304900462
4.029064 1.0156892000000006 0.02219758428723855
4.033807 1.047606799999997 0.02154072784330131
4.03855 1.1000847599999979 0.025911106421034665
4.043293 1.0918568700000009 0.030983776071331758
4.048035 1.05261711 0.027633244189984394
4.052778 1.0823910300000001 0.02640053951565083
4.057521 1.070647600000001 0.021184511158206073
4.062264 1.0814710000000005 0.021625009614931547
4.067007 1.083398510000002 0.029106663903249053
4.07175 1.0784648000000026 0.022452562332739717
4.076493 1.0478673300000025 0.03028497424524288
4.081235 1.0587078000000005 0.023240299606415774
4.085978 1.1150148299999998 0.026839525094235817
4.090721 1.0572823999999983 0.023524368978589866
4.095464 1.04604286 0.025829420398475043
4.100207 1.0740238000000026 0.023021304028030463
4.10495 1.0960704999999997 0.022173397105919652
4.109693 1.074188839999998 0.031444561328599
4.114436 1.0621296999999998 0.024275732564909534
4.119178 1.122987160000001 0.025780313946764735
4.123921 1.0690222600000006 0.026787853956192993
4.128664 1.0511430399999995 0.026201301063082036
4.133407 1.0499932599999973 0.026488451384445978
4.13815 1.0834996999999973 0.01940945573332272
4.142893 1.0719271999999975 0.02011906290721723
4.147636 1.0721741999999992 0.031742044601478156
4.152378 1.0996507000000015 0.023352126975578147
4.157121 1.0831478399999988 0.03136831383352088
4.161864 1.0630541999999998 0.03628374717777774
4.166607 1.0890161999999997 0.020207285939990362
4.17135 1.0614246300000012 0.03399194340142502
4.176093 1.0684351899999989 0.027019728395393842
4.180836 1.108970499999998 0.018725761190248935
4.185578 1.1146220699999994 0.030832053664320007
4.190321 1.0745132899999987 0.03221989191093082
4.195064 1.0411131400000002 0.026793284418104236
4.199807 1.0452815700000002 0.030645859430425127
4.20455 1.1235257900000022 0.03370714690801311
4.209293 1.09399406 0.03087289631544131
4.214036 1.0379003299999994 0.025025942622436993
4.218779 1.0298069100000014 0.035109634688114025
4.223521 1.029597410000001 0.035595665757072514
4.228264 1.0475038300000001 0.02643576329494451
4.233007 1.0537737000000007 0.030817578022610592
4.23775 1.0078752699999995 0.033880262623741234
4.242493 1.0426287999999992 0.022701512142319573
4.247236 1.0583048400000017 0.026465375466191907
4.251979 1.0756619399999998 0.03139413045738187
4.256721 1.0665726599999985 0.02774343990601434
4.261464 1.0557695299999992 0.029455473048988975
4.266207 1.0584315999999987 0.025217955297572953
4.27095 1.0777774999999998 0.021519895820557793
4.275693 1.0685815999999981 0.024838068319097288
4.280436 1.0635273000000005 0.027064862887005676
4.285179 1.07648661 0.029909105895908734
4.289922 1.0491412400000009 0.028725451727216997
4.294664 1.0504661100000021 0.026998613215861337
4.299407 1.0737282900000018 0.030009802283230785
4.30415 1.0798924999999997 0.02805055200005451
4.308893 1.0798951300000006 0.03190480638838111
4.313636 1.0670836000000001 0.030528499690640552
4.318379 1.0284060900000007 0.03228776133335345
4.323122 1.0918127999999996 0.02368424216452724
4.327864 0.9971239000000018 0.03492452489568511
4.332607 1.1074183000000026 0.02396224174090286
4.33735 1.0478979899999992 0.03527445225128169
4.342093 1.048716129999999 0.03345609495661501
4.346836 1.0776798900000024 0.030112240123515936
4.351579 1.0159550599999996 0.029234158372403788
4.356322 1.0653950099999996 0.03391533003108419
4.361064 1.0900705299999984 0.03457030401986342
4.365807 1.0440382600000007 0.036504215807647275
4.37055 1.0624195400000005 0.029732058700478965
4.375293 1.0522544600000003 0.03279138061708204
4.380036 1.0660664100000012 0.04841272460359341
4.384779 1.0384601000000018 0.02785892729312929
4.389522 1.05087769 0.02606303252609519
4.394265 0.9830241700000002 0.03034536315823999
4.399007 1.0247340300000012 0.02955225977075605
4.40375 1.0536357299999999 0.02834324879239828
4.408493 1.025643640000002 0.030349398674791212
4.413236 1.094531400000001 0.0392568539447894
4.417979 1.1028141599999977 0.04355177899061914
4.422722 1.0538862400000006 0.03142637054384906
4.427465 1.0293758000000004 0.03356619496255219
4.432207 0.9954112599999974 0.034128935680224855
4.43695 0.9577165000000001 0.02481992187264805
4.441693 0.9959641599999998 0.029725873048423022
4.446436 1.0258351999999995 0.02628335952396102
4.451179 1.0230253900000008 0.029597460698783953
4.455922 1.0808576100000025 0.032799779744551845
4.460665 1.0245774999999995 0.03572788488371102
4.465408 1.0064310999999968 0.03914122339757356
4.47015 1.081837010000001 0.03710612664845226
4.474893 1.0238225400000012 0.026571136995004588
4.479636 1.030012290000002 0.028417154657510355
4.484379 0.9614440099999975 0.043198669612575125
4.489122 1.0306949000000003 0.02750593980128272
4.493865 1.014448429999998 0.037439499463098644
4.498608 1.0643636700000023 0.03172390665414068
4.50335 1.0818032399999993 0.03375092859183344
4.508093 0.9816163700000011 0.029465961428986935
4.512836 1.026088429999998 0.03256632501076362
4.517579 1.0827949699999984 0.03794013193043066
4.522322 1.044590939999999 0.04071689945693905
4.527065 0.9904413099999978 0.03405783538076093
4.531808 0.9865398299999981 0.028725225548129587
4.536551 1.0316234699999995 0.04917137126816096
4.541293 1.0423081100000005 0.03252990346283479
4.546036 1.0334619599999968 0.043581951957387094
4.550779 1.0263896399999979 0.04788835366005777
4.555522 0.9656155599999998 0.041168637346911806
4.560265 0.9207085100000008 0.04958502492552225
4.565008 0.9984900999999979 0.02769751835163346
4.569751 0.9278316000000011 0.043018291346900696
4.574493 1.026385010000002 0.04327001532324446
4.579236 0.9939803000000005 0.02626903572901262
4.583979 1.004310959999998 0.0438142330463878
4.588722 1.0097579299999992 0.03912457104356677
4.593465 1.0478764900000002 0.03948962730973594
4.598208 0.9684041599999986 0.05078039096373865
4.602951 1.0284366600000006 0.05822846067465613
4.607693 0.9417795099999999 0.047126284622457854
4.612436 1.0118603399999984 0.03763279057279886
4.617179 1.0070803300000009 0.03674238807397543
4.621922 1.0535372999999986 0.027546732484217913
4.626665 0.9548153100000007 0.04610542046066172
4.631408 0.9880466299999995 0.04418862426860573
4.636151 1.0308597999999982 0.043027768030060934
4.640894 1.0054448399999991 0.04296546758571586
4.645636 1.0337382599999998 0.03959985303814083
4.650379 1.0468151099999972 0.03723416924346641
4.655122 1.0211498599999977 0.04475158045665714
4.659865 1.0806916100000024 0.05579433374334872
4.664608 0.9271115600000002 0.04693336571308913
4.669351 0.9997358600000013 0.04914255240424486
4.674094 0.98054007 0.04510004669068027
4.678836 1.0089861000000013 0.0630204175234803
4.683579 1.0186057599999998 0.056794644956987037
4.688322 1.0217469000000001 0.044283755367885855
4.693065 1.0729187000000024 0.02585234696597408
4.697808 0.9898069700000001 0.04935074441666216
4.702551 0.9208515000000013 0.049871008393614094
4.707294 0.8928336399999992 0.061854359429530395
4.712037 0.9580765000000007 0.048254424614104986
4.716779 0.9536198699999971 0.039748801638440086
4.721522 0.9509570300000014 0.05536789838436417
4.726265 1.01026169 0.07436070519257824
4.731008 1.0232528300000006 0.060396515806699705
4.735751 0.9072977699999996 0.05460620576506334
4.740494 0.9194817700000009 0.05622906617960812
4.745237 0.9935027299999994 0.05142710953229126
4.749979 0.9953932999999999 0.06985526645006432
4.754722 1.0368465700000016 0.055474854877378056
4.759465 0.930556499999998 0.04923840946013891
4.764208 0.9044992599999979 0.053799936987129
4.768951 0.9483201399999999 0.06892551343627998
4.773694 1.0534869400000026 0.05978737769869899
4.778437 0.9600254400000026 0.055515089235834564
4.783179 0.9128633599999993 0.05721420870889135
4.787922 0.9110182000000009 0.052431356637702056
4.792665 0.7840289600000006 0.0660999764018152
4.797408 0.9210555599999992 0.08141288481467383
4.802151 0.8444651999999984 0.05464251239127326
4.806894 0.9045090600000023 0.07476951319666236
4.811637 1.0031589699999977 0.08077000338869256
4.81638 0.9981508600000026 0.0723176245519674
4.821122 1.0070456000000014 0.08293882827453564
4.825865 0.9947405700000012 0.06665467876289631
4.830608 1.00013869 0.04841874145997645
4.835351 1.0336636899999974 0.08857091423813182
4.840094 1.0149265199999995 0.06773923411540539
4.844837 0.9753435099999983 0.09245025256820666
4.84958 1.1391571800000015 0.07811553282898158
4.854322 0.9996542599999998 0.07111451238453442
4.859065 0.8310690699999981 0.09572755294577731
4.863808 1.1044369299999985 0.08016922899300268
4.868551 1.0988031100000022 0.1093439649745449
4.873294 0.93691836 0.07686117581677371
4.878037 0.9443366699999984 0.10857043761407845
4.88278 1.0276821499999969 0.10397102454702752
4.887523 1.0861522800000003 0.08073621470564062
4.892265 0.9820577699999973 0.1301378224830007
4.897008 0.972826229999999 0.10467797101425781
4.901751 0.9953258100000006 0.13853390494370757
4.906494 0.8489247599999992 0.12137180942637463
4.911237 1.092660930000001 0.14469232799494416
4.91598 1.0277685100000014 0.15517512342573633
4.920723 0.9150293600000019 0.12387570753165288
4.925465 0.4038515500000024 0.2184118742973543
4.930208 0.4942779299999991 0.2337194503478228
4.934951 1.09726079 0.22542384723256811
4.939694 0.7247962900000005 0.2538638189662688
4.944437 0.26195929000000007 0.2933921392152728
