# [4] Sgs_R01_0.4
# Sample c= 1.0 mg/ml
#
# Number of frames collected: 10
# Exposure time per frame: 0.5
# No significant radiation damage detected, merging 10 files
# Merged from: /data/visitor/mx1905/bm29/20170412/Poker/1d/Sxl_10gs_073_00001.dat
# Merged from: /data/visitor/mx1905/bm29/20170412/Poker/1d/Sxl_10gs_073_00002.dat
# Merged from: /data/visitor/mx1905/bm29/20170412/Poker/1d/Sxl_10gs_073_00003.dat
# Merged from: /data/visitor/mx1905/bm29/20170412/Poker/1d/Sxl_10gs_073_00004.dat
# Merged from: /data/visitor/mx1905/bm29/20170412/Poker/1d/Sxl_10gs_073_00005.dat
# Merged from: /data/visitor/mx1905/bm29/20170412/Poker/1d/Sxl_10gs_073_00006.dat
# Merged from: /data/visitor/mx1905/bm29/20170412/Poker/1d/Sxl_10gs_073_00007.dat
# Merged from: /data/visitor/mx1905/bm29/20170412/Poker/1d/Sxl_10gs_073_00008.dat
# Merged from: /data/visitor/mx1905/bm29/20170412/Poker/1d/Sxl_10gs_073_00009.dat
# Merged from: /data/visitor/mx1905/bm29/20170412/Poker/1d/Sxl_10gs_073_00010.dat
#
# Sample Information:
# Storage Temperature (degrees C): 20.0
# Measurement Temperature (degrees C): 20.03
# Concentration: 1.0
# Code: 
3.082862000000000102e-02 6.273839300000000776e+02 8.265373241867909115e+00
3.557148999999999728e-02 1.418176500000000033e+03 5.124002740521222066e+00
4.031434999999999880e-02 1.587702900000000000e+03 3.571408884688215046e+00
4.505722000000000199e-02 1.072166609999999991e+03 2.086896287291950980e+00
4.980007999999999657e-02 7.184216499999999996e+02 1.529667252014810019e+00
5.454294999999999977e-02 5.157215399999998908e+02 1.219266676454564546e+00
5.928581000000000129e-02 3.801450699999999756e+02 9.951722347707757654e-01
6.402868000000000448e-02 2.979014200000000301e+02 8.399569798519207486e-01
6.877154000000000600e-02 2.436715100000000405e+02 7.297142988902232119e-01
7.351441000000000225e-02 2.026345900000000313e+02 6.412117077657659703e-01
7.825727999999999851e-02 1.713441600000000165e+02 5.676005261083890696e-01
8.300014000000000003e-02 1.501630399999999952e+02 5.143741955672835875e-01
8.774300999999999628e-02 1.326527299999999912e+02 4.690854143282329747e-01
9.248586999999999780e-02 1.197204100000000153e+02 4.330663544744616233e-01
9.722873999999999406e-02 1.089115299999999991e+02 4.010642368893542198e-01
1.019715999999999956e-01 1.001934239999999932e+02 3.748941983946403878e-01
1.067145000000000038e-01 9.394780400000000498e+01 3.543473637064906701e-01
1.114572999999999953e-01 8.875922299999999154e+01 3.366272572073152891e-01
1.162002000000000035e-01 8.426861999999998432e+01 3.208348431057636563e-01
1.209430999999999978e-01 8.006610700000000236e+01 3.061695226374998025e-01
1.256858999999999893e-01 7.747652899999999931e+01 2.951635227398861638e-01
1.304288000000000114e-01 7.505302100000000110e+01 2.849473232945120560e-01
1.351717000000000057e-01 7.268118300000000431e+01 2.751598555348946928e-01
1.399144999999999972e-01 7.098367799999999761e+01 2.669948787004816637e-01
1.446573999999999915e-01 6.879823500000000536e+01 2.582880161074173619e-01
1.494003000000000136e-01 6.724952699999998629e+01 2.510951272477753848e-01
1.541431000000000051e-01 6.598375599999999963e+01 2.450809762079517173e-01
1.588859999999999995e-01 6.475503100000000245e+01 2.389470361402049325e-01
1.636287999999999909e-01 6.354718499999999892e+01 2.331045522423594585e-01
1.683717000000000130e-01 6.253281400000000900e+01 2.278321460121922881e-01
1.731146000000000074e-01 6.197482199999999608e+01 2.235612607841117039e-01
1.778573999999999988e-01 6.095373700000000383e+01 2.185983776010469448e-01
1.826002999999999932e-01 6.049225400000000263e+01 2.148133622956667765e-01
1.873431999999999875e-01 5.958353500000000480e+01 2.103845432074618882e-01
1.920860000000000067e-01 5.850592100000000073e+01 2.057830173352857006e-01
1.968289000000000011e-01 5.801228700000000060e+01 2.023223376610588375e-01
2.015717999999999954e-01 5.789491900000000157e+01 1.996432338619869018e-01
2.063145999999999869e-01 5.733590699999999885e+01 1.962952833029578958e-01
2.110575000000000090e-01 5.671463400000000377e+01 1.927445099411373708e-01
2.158004000000000033e-01 5.633009600000000461e+01 1.898877302072187745e-01
2.205431999999999948e-01 5.606783199999999567e+01 1.873468297726729737e-01
2.252860999999999891e-01 5.551631599999999622e+01 1.844100780692820574e-01
2.300290000000000112e-01 5.548415899999999823e+01 1.824004663059853593e-01
2.347718000000000027e-01 5.474090599999999540e+01 1.792799748106979618e-01
2.395146999999999970e-01 5.445083000000001050e+01 1.769749668648854524e-01
2.442575999999999914e-01 5.403898900000000083e+01 1.745340568828470662e-01
2.490004000000000106e-01 5.372920499999999322e+01 1.723140172016888183e-01
2.537433000000000050e-01 5.362254000000000076e+01 1.704665707550289677e-01
2.584861999999999993e-01 5.348871300000000417e+01 1.686468580707334020e-01
2.632289999999999908e-01 5.310630600000000356e+01 1.664971517956484459e-01
2.679718999999999851e-01 5.261181800000000663e+01 1.642193743152466912e-01
2.727146999999999766e-01 5.265547199999999606e+01 1.628167362567896348e-01
2.774576000000000264e-01 5.226238399999999729e+01 1.608283676875360557e-01
2.822005000000000208e-01 5.194550300000000931e+01 1.590345419104871594e-01
2.869433000000000122e-01 5.186164200000000335e+01 1.575555034404825250e-01
2.916862000000000066e-01 5.163532999999999618e+01 1.558887504925724199e-01
2.964291000000000009e-01 5.144666700000000503e+01 1.543225611809857789e-01
3.011718999999999924e-01 5.125203799999999177e+01 1.527853144673057273e-01
3.059147999999999867e-01 5.101085899999999640e+01 1.512130514257654934e-01
3.106576999999999811e-01 5.078214200000000034e+01 1.496842808317032092e-01
3.154004999999999725e-01 5.062004499999999041e+01 1.482941579659657338e-01
3.201434000000000224e-01 5.004101999999999606e+01 1.463311616766726220e-01
3.248863000000000167e-01 4.999482100000000173e+01 1.451706126043718625e-01
3.296291000000000082e-01 4.992936799999999664e+01 1.439991500151962811e-01
3.343720000000000026e-01 4.995413000000000636e+01 1.429880436713276415e-01
3.391148999999999969e-01 4.989271100000000558e+01 1.433724147053456188e-01
3.438576999999999884e-01 5.002806600000000259e+01 1.454220384362336083e-01
3.486005999999999827e-01 4.934590200000000237e+01 1.481037300951090208e-01
3.533434999999999770e-01 4.924574900000000355e+01 1.506673637622948925e-01
3.580863000000000240e-01 4.888330299999999795e+01 1.519779661806092419e-01
3.628292000000000184e-01 4.854071499999999872e+01 1.529381119958766189e-01
3.675720000000000098e-01 4.862284100000000109e+01 1.543272988030396919e-01
3.723149000000000042e-01 4.849198800000000631e+01 1.552537941256270926e-01
3.770577999999999985e-01 4.827121900000000210e+01 1.559366051940438425e-01
3.818005999999999900e-01 4.798566799999999688e+01 1.563041709962120496e-01
3.865434999999999843e-01 4.789482800000000395e+01 1.569266146353747171e-01
3.912863999999999787e-01 4.778050100000000100e+01 1.573677349811418436e-01
3.960292000000000256e-01 4.727744099999999605e+01 1.571803501166456063e-01
4.007721000000000200e-01 4.747061199999999559e+01 1.581743469729769425e-01
4.055150000000000143e-01 4.744916900000000481e+01 1.635889781331560100e-01
4.102578000000000058e-01 4.700983899999999949e+01 1.670760060330360453e-01
4.150007000000000001e-01 4.699860300000000279e+01 1.707140302796513187e-01
4.197435999999999945e-01 4.703824200000000388e+01 1.734164242539953382e-01
4.244863999999999860e-01 4.668175599999999292e+01 1.755554098974981825e-01
4.292292999999999803e-01 4.623983799999999889e+01 1.773916874579443137e-01
4.339721999999999746e-01 4.624852899999999778e+01 1.801247328172247419e-01
4.387150000000000216e-01 4.603363800000000339e+01 1.823274656711530439e-01
4.434579000000000160e-01 4.585520600000000258e+01 1.846471225656189374e-01
4.482008000000000103e-01 4.572509099999999904e+01 1.874982154368691756e-01
4.529436000000000018e-01 4.560497999999999763e+01 1.903036667911811586e-01
4.576864999999999961e-01 4.565317000000000291e+01 1.923925598746640542e-01
4.624293999999999905e-01 4.528528299999999973e+01 1.932119832876270926e-01
4.671721999999999819e-01 4.494375000000000142e+01 1.915312064149228832e-01
4.719150999999999763e-01 4.521125800000000083e+01 1.845392789777032527e-01
4.766579000000000232e-01 4.485453399999999391e+01 1.803490684570106251e-01
4.814008000000000176e-01 4.466956100000000163e+01 1.776905692983130614e-01
4.861437000000000119e-01 4.466487800000000163e+01 1.759322952551634067e-01
4.908865000000000034e-01 4.451902399999998750e+01 1.742127054840564848e-01
4.956293999999999977e-01 4.427633900000000722e+01 1.725145068384928704e-01
5.003722999999999921e-01 4.419712599999999725e+01 1.712762174643584490e-01
5.051151000000000391e-01 4.397495400000000387e+01 1.698758172321193083e-01
5.098580000000000334e-01 4.379085199999999389e+01 1.686385519336562888e-01
5.146009000000000277e-01 4.352589100000000144e+01 1.673158049406627268e-01
5.193436999999999637e-01 4.329111000000000331e+01 1.661005143009617602e-01
5.240865999999999580e-01 4.316457399999999467e+01 1.651431737671975319e-01
5.288294999999999524e-01 4.302267200000000713e+01 1.641964547426441878e-01
5.335722999999999994e-01 4.296500200000000547e+01 1.631216455552990108e-01
5.383151999999999937e-01 4.256582299999999464e+01 1.611904855391524116e-01
5.430580999999999881e-01 4.262839599999999507e+01 1.601852600592413856e-01
5.478009000000000350e-01 4.227448300000000359e+01 1.584431590721903094e-01
5.525438000000000294e-01 4.216284400000000687e+01 1.571977287016097513e-01
5.572867000000000237e-01 4.234134799999999643e+01 1.565202228106537530e-01
5.620294999999999597e-01 4.182335500000000650e+01 1.545898372767958162e-01
5.667723999999999540e-01 4.182364500000000618e+01 1.536509185746460227e-01
5.715152000000000010e-01 4.158262000000000569e+01 1.522980978075970659e-01
5.762580999999999953e-01 4.144946399999999898e+01 1.511658715164150568e-01
5.810009999999999897e-01 4.130962999999999852e+01 1.500887589195683547e-01
5.857438000000000367e-01 4.112190900000000227e+01 1.492996138303602505e-01
5.904867000000000310e-01 4.108616500000000826e+01 1.488760009189852851e-01
5.952296000000000253e-01 4.076178500000000327e+01 1.479292054164014769e-01
5.999723999999999613e-01 4.100968500000000461e+01 1.481802868495576964e-01
6.047152999999999556e-01 4.069686799999999494e+01 1.472408355371678246e-01
6.094581999999999500e-01 4.063729600000000630e+01 1.466612012727176728e-01
6.142009999999999970e-01 4.038140400000000341e+01 1.459931250736694885e-01
6.189438999999999913e-01 4.035212800000000044e+01 1.454662374524679502e-01
6.236867999999999856e-01 3.996731599999999673e+01 1.444369303939408156e-01
6.284296000000000326e-01 3.983729299999999540e+01 1.438737770096569502e-01
6.331725000000000270e-01 3.955578000000000571e+01 1.430366265418959171e-01
6.379154000000000213e-01 3.975186699999999718e+01 1.430654800342063826e-01
6.426581999999999573e-01 3.947936499999999427e+01 1.422544570319753121e-01
6.474010999999999516e-01 3.918816799999999745e+01 1.414134784249160837e-01
6.521439999999999459e-01 3.919775299999999874e+01 1.411140606188228119e-01
6.568867999999999929e-01 3.915327200000000119e+01 1.407207478896431163e-01
6.616296999999999873e-01 3.902205200000000218e+01 1.401760445523014542e-01
6.663725999999999816e-01 3.869154499999999786e+01 1.392766006719251548e-01
6.711154000000000286e-01 3.850178600000000273e+01 1.386297880709304875e-01
6.758583000000000229e-01 3.855109500000000367e+01 1.384161910347225244e-01
6.806010999999999589e-01 3.830679400000001067e+01 1.376791150217693827e-01
6.853439999999999532e-01 3.836867099999999908e+01 1.374953899112261180e-01
6.900868999999999476e-01 3.802788699999999977e+01 1.365887624728517047e-01
6.948296999999999946e-01 3.792403099999999938e+01 1.361100442581571479e-01
6.995725999999999889e-01 3.783819499999999891e+01 1.356676355337572693e-01
7.043154999999999832e-01 3.780964399999999870e+01 1.353311316878743897e-01
7.090583000000000302e-01 3.756023899999999571e+01 1.345987768966932507e-01
7.138012000000000246e-01 3.741885900000000476e+01 1.340622331704607872e-01
7.185441000000000189e-01 3.729415999999999798e+01 1.335597522289660444e-01
7.232868999999999549e-01 3.721301800000000526e+01 1.331383246344259863e-01
7.280297999999999492e-01 3.705906899999999382e+01 1.325865870857667050e-01
7.327727000000000546e-01 3.722388200000000325e+01 1.326056089167041985e-01
7.375154999999999905e-01 3.686758900000000239e+01 1.316990204725509706e-01
7.422583999999999849e-01 3.670095799999999997e+01 1.311333905881469364e-01
7.470012999999999792e-01 3.662503100000000700e+01 1.307300287294380636e-01
7.517441000000000262e-01 3.656852300000000611e+01 1.303625751336897065e-01
7.564870000000000205e-01 3.640184499999999446e+01 1.298027477726696743e-01
7.612299000000000149e-01 3.615676899999999705e+01 1.291056611226021889e-01
7.659726999999999508e-01 3.622635699999999304e+01 1.289700042613122488e-01
7.707155999999999452e-01 3.595639699999999550e+01 1.282304542663547653e-01
7.754585000000000505e-01 3.594737599999999844e+01 1.279602122725196911e-01
7.802012999999999865e-01 3.592412300000000158e+01 1.277921812788885003e-01
7.849441999999999808e-01 3.575272999999999968e+01 1.271906242620284566e-01
7.896870000000000278e-01 3.539616099999999221e+01 1.262228505843533966e-01
7.944299000000000222e-01 3.542222600000000199e+01 1.260223527353342143e-01
7.991728000000000165e-01 3.537558899999999795e+01 1.256944155686051112e-01
8.039155999999999525e-01 3.519482800000000111e+01 1.251285920494041304e-01
8.086584999999999468e-01 3.510971400000001097e+01 1.247334981249034608e-01
8.134014000000000522e-01 3.486625999999999692e+01 1.240605439730932263e-01
8.181441999999999881e-01 3.498925299999999794e+01 1.241345981469718918e-01
8.228870999999999825e-01 3.496895300000000617e+01 1.237719768014036437e-01
8.276299999999999768e-01 3.460410000000000252e+01 1.228830794507083518e-01
8.323728000000000238e-01 3.438399499999999165e+01 1.222586072808348467e-01
8.371157000000000181e-01 3.443791599999999420e+01 1.221235753181989098e-01
8.418586000000000125e-01 3.437665299999999746e+01 1.217841165297293554e-01
8.466013999999999484e-01 3.404336899999999844e+01 1.209626026032079305e-01
8.513443000000000538e-01 3.422622600000000403e+01 1.210599225608000318e-01
8.560872000000000481e-01 3.383155099999999749e+01 1.201358126140294746e-01
8.608299999999999841e-01 3.384743400000000690e+01 1.199400493100119397e-01
8.655728999999999784e-01 3.402194499999999522e+01 1.200243235865489089e-01
8.703157999999999728e-01 3.396094300000000032e+01 1.196951601140313348e-01
8.750586000000000197e-01 3.377285799999999938e+01 1.191439467636816046e-01
8.798015000000000141e-01 3.340822900000000573e+01 1.182815001414861955e-01
8.845442999999999500e-01 3.367661099999999408e+01 1.185371252224264038e-01
8.892872000000000554e-01 3.343094999999999573e+01 1.178885010011794937e-01
8.940301000000000498e-01 3.323089999999999833e+01 1.173225992996681788e-01
8.987728999999999857e-01 3.325442799999999721e+01 1.171515949543974477e-01
9.035157999999999801e-01 3.324178799999999967e+01 1.169164602027212424e-01
9.082586999999999744e-01 3.300403599999999926e+01 1.162884621118686068e-01
9.130015000000000214e-01 3.292392300000000205e+01 1.159396469570802141e-01
9.177444000000000157e-01 3.288189099999999598e+01 1.156589003228061241e-01
9.224873000000000101e-01 3.294310299999999359e+01 1.155591028572089674e-01
9.272300999999999460e-01 3.265669799999999867e+01 1.148516477019798920e-01
9.319730000000000514e-01 3.242328300000000496e+01 1.142387818440117331e-01
9.367159000000000457e-01 3.255879499999999638e+01 1.142757942819926376e-01
9.414586999999999817e-01 3.251885000000000048e+01 1.140037609008702768e-01
9.462015999999999760e-01 3.230235300000000365e+01 1.134247175596192481e-01
9.509444999999999704e-01 3.220223500000000172e+01 1.130520738331995262e-01
9.556873000000000173e-01 3.220437600000000344e+01 1.128594170026843563e-01
9.604302000000000117e-01 3.215737400000000434e+01 1.125803632134321219e-01
9.651731000000000060e-01 3.187800999999999974e+01 1.118967361682229739e-01
9.699159000000000530e-01 3.191557300000000552e+01 1.117704929460570928e-01
9.746588000000000473e-01 3.186021400000000625e+01 1.114822073321115187e-01
9.794017000000000417e-01 3.165551700000000324e+01 1.109321419000106612e-01
9.841444999999999776e-01 3.166528999999999172e+01 1.107601405340210843e-01
9.888873999999999720e-01 3.167354599999999465e+01 1.105871462788347720e-01
9.936302000000000190e-01 3.155097299999999905e+01 1.101863734434989084e-01
9.983731000000000133e-01 3.134230799999999206e+01 1.096348617902512812e-01
1.003115999999999897e+00 3.126784699999999972e+01 1.093202334758913707e-01
1.007859000000000060e+00 3.139265599999999878e+01 1.093550742025526795e-01
1.012602000000000002e+00 3.127292399999999972e+01 1.089642802868274751e-01
1.017344999999999944e+00 3.123132100000000122e+01 1.087090405573938601e-01
1.022086999999999968e+00 3.112639799999999468e+01 1.083460545875953862e-01
1.026829999999999909e+00 3.107065200000000260e+01 1.080704565052641869e-01
1.031573000000000073e+00 3.096995700000000085e+01 1.077172826823476759e-01
1.036316000000000015e+00 3.078898600000000130e+01 1.072243162771709946e-01
1.041058999999999957e+00 3.088913700000000517e+01 1.072224183442348072e-01
1.045801999999999898e+00 3.068951699999999505e+01 1.067011808926766198e-01
1.050545000000000062e+00 3.059130299999999991e+01 1.063570669950614916e-01
1.055287000000000086e+00 3.068106399999999212e+01 1.063386236679669528e-01
1.060030000000000028e+00 3.065800899999999984e+01 1.061266513992022570e-01
1.064772999999999969e+00 3.066516000000000375e+01 1.059681347928909390e-01
1.069515999999999911e+00 3.056864099999999596e+01 1.056313618805168053e-01
1.074259000000000075e+00 3.033878599999999892e+01 1.050635015499431224e-01
1.079002000000000017e+00 3.028556700000000390e+01 1.048033671663887861e-01
1.083744999999999958e+00 3.024997599999999665e+01 1.045978034379250188e-01
1.088487999999999900e+00 3.018405100000000019e+01 1.043410626875234531e-01
1.093229999999999924e+00 3.018027000000000015e+01 1.041227107398880608e-01
1.097973000000000088e+00 3.013850599999999957e+01 1.038861473848010225e-01
1.102716000000000030e+00 3.014443300000000292e+01 1.037332089355559317e-01
1.107458999999999971e+00 2.999880399999999980e+01 1.033202260975947528e-01
1.112201999999999913e+00 3.001396099999999478e+01 1.031834363924956782e-01
1.116945000000000077e+00 2.985542899999999733e+01 1.027499431196475105e-01
1.121688000000000018e+00 2.981660800000000222e+01 1.025236790741046178e-01
1.126430000000000042e+00 2.969233600000000095e+01 1.021514360202782495e-01
1.131172999999999984e+00 2.952889200000000258e+01 1.017113871171369810e-01
1.135915999999999926e+00 2.938810999999999396e+01 1.013121398803953771e-01
1.140659000000000090e+00 2.958066800000000285e+01 1.014875871653647260e-01
1.145402000000000031e+00 2.977553299999999581e+01 1.016655619930141308e-01
1.150144999999999973e+00 2.964701600000000070e+01 1.012899459615370923e-01
1.154887999999999915e+00 2.954217200000000432e+01 1.009564935593828122e-01
1.159631000000000078e+00 2.947424899999999681e+01 1.006875072844709840e-01
1.164373000000000102e+00 2.934221999999999753e+01 1.003102505160698987e-01
1.169116000000000044e+00 2.919548800000000099e+01 9.998194961584716545e-02
1.173858999999999986e+00 2.933541800000000421e+01 1.000431514319056331e-01
1.178601999999999927e+00 2.923327000000000453e+01 9.967101235653975932e-02
1.183345000000000091e+00 2.914082499999999598e+01 9.936473793945667377e-02
1.188088000000000033e+00 2.889297099999999929e+01 9.879273160407500698e-02
1.192830999999999975e+00 2.898963099999999571e+01 9.881030467051248045e-02
1.197572999999999999e+00 2.890624599999999944e+01 9.852190420996895237e-02
1.202315999999999940e+00 2.885323999999999955e+01 9.828636903233886613e-02
1.207059000000000104e+00 2.900882700000000369e+01 9.872390232368097318e-02
1.211802000000000046e+00 2.887069900000000189e+01 1.017135937251329308e-01
1.216544999999999987e+00 2.877224800000000116e+01 1.036535750257182309e-01
1.221287999999999929e+00 2.895876600000000423e+01 1.055522119302556294e-01
1.226031000000000093e+00 2.895791200000000387e+01 1.068722017819339065e-01
1.230774000000000035e+00 2.873932700000000295e+01 1.076418614082755437e-01
1.235516000000000059e+00 2.857951300000000217e+01 1.084160643395119666e-01
1.240259000000000000e+00 2.864103500000000579e+01 1.095373463870752129e-01
1.245001999999999942e+00 2.872736299999999687e+01 1.106526060799252198e-01
1.249745000000000106e+00 2.874045699999999925e+01 1.115856134187212384e-01
1.254488000000000048e+00 2.845820900000000009e+01 1.119048675120573044e-01
1.259230999999999989e+00 2.841185399999999461e+01 1.123832475186044011e-01
1.263973999999999931e+00 2.857363600000000048e+01 1.129924327741477635e-01
1.268715999999999955e+00 2.846419099999999958e+01 1.130492783745566249e-01
1.273458999999999897e+00 2.845716300000000132e+01 1.111830632669409819e-01
1.278202000000000060e+00 2.866991900000000015e+01 1.074735688340779927e-01
1.282945000000000002e+00 2.853022600000000608e+01 1.051664302032606912e-01
1.287687999999999944e+00 2.840998099999999837e+01 1.034666980658864033e-01
1.292431000000000108e+00 2.836429899999999904e+01 1.021894977076509559e-01
1.297174000000000049e+00 2.834124399999999966e+01 1.011306557725707711e-01
1.301916000000000073e+00 2.823917499999999947e+01 1.000538418806354440e-01
1.306659000000000015e+00 2.814960099999999699e+01 9.909255125013030630e-02
1.311401999999999957e+00 2.798655099999999862e+01 9.807561619847922352e-02
1.316144999999999898e+00 2.810256199999999893e+01 9.760391694751599512e-02
1.320888000000000062e+00 2.813201799999999864e+01 9.716887539894757120e-02
1.325631000000000004e+00 2.794181499999999829e+01 9.659044016849285819e-02
1.330373999999999945e+00 2.787214599999999720e+01 9.623457737818461033e-02
1.335117000000000109e+00 2.802526100000000753e+01 9.627303447806244419e-02
1.339858999999999911e+00 2.806253200000000447e+01 9.611837505295696416e-02
1.344602000000000075e+00 2.789718000000000231e+01 9.562475844092366284e-02
1.349345000000000017e+00 2.795463399999999865e+01 9.552013156126409887e-02
1.354087999999999958e+00 2.771988200000000191e+01 9.492196007222405973e-02
1.358830999999999900e+00 2.772781699999999816e+01 9.474347127603093000e-02
1.363574000000000064e+00 2.773308700000000115e+01 9.456534689881965217e-02
1.368317000000000005e+00 2.769949900000000298e+01 9.432587270977671468e-02
1.373059000000000029e+00 2.762545599999999624e+01 9.402210810350136727e-02
1.377801999999999971e+00 2.764236599999999910e+01 9.387539421847879151e-02
1.382544999999999913e+00 2.759164299999999770e+01 9.361738481967865622e-02
1.387288000000000077e+00 2.763267100000000553e+01 9.351890504262171111e-02
1.392031000000000018e+00 2.755308299999999733e+01 9.321896296963938511e-02
1.396773999999999960e+00 2.754631999999999792e+01 9.304420847113269166e-02
1.401516999999999902e+00 2.744956300000000127e+01 9.272026455024220959e-02
1.406260000000000066e+00 2.745038500000000070e+01 9.256412720406810568e-02
1.411002000000000089e+00 2.742532399999999981e+01 9.236671522852536731e-02
1.415745000000000031e+00 2.719515799999999217e+01 9.182467326135715369e-02
1.420487999999999973e+00 2.733075000000000188e+01 9.190171791363858922e-02
1.425230999999999915e+00 2.731921399999999878e+01 9.173284561842612317e-02
1.429974000000000078e+00 2.735746199999999817e+01 9.164949496213004032e-02
1.434717000000000020e+00 2.726385300000000100e+01 9.134599720272969237e-02
1.439459999999999962e+00 2.718250600000000006e+01 9.106503875959477690e-02
1.444201999999999986e+00 2.725602799999999704e+01 9.104492117014820196e-02
1.448944999999999927e+00 2.717651299999999992e+01 9.077103397846805755e-02
1.453688000000000091e+00 2.732293999999999912e+01 9.087435250065280246e-02
1.458431000000000033e+00 2.725721100000000163e+01 9.062555575153843912e-02
1.463173999999999975e+00 2.712022900000000192e+01 9.028424713511987165e-02
1.467916999999999916e+00 2.724345100000000031e+01 9.035460577011114602e-02
1.472660000000000080e+00 2.710132099999999511e+01 8.995775799214707213e-02
1.477402000000000104e+00 2.704508900000000082e+01 8.973026505526271457e-02
1.482145000000000046e+00 2.701685900000000018e+01 8.955091191795425121e-02
1.486887999999999987e+00 2.700261500000000225e+01 8.939628482592439085e-02
1.491630999999999929e+00 2.711220700000000150e+01 8.944628412482040491e-02
1.496374000000000093e+00 2.712207900000000294e+01 8.933217373632471037e-02
1.501117000000000035e+00 2.713288899999999870e+01 8.926635637432614456e-02
1.505859999999999976e+00 2.729692200000000213e+01 9.113716958505678478e-02
1.510602999999999918e+00 2.700746300000000133e+01 9.320252240487485185e-02
1.515344999999999942e+00 2.704269699999999688e+01 9.480868197071774806e-02
1.520088000000000106e+00 2.700108399999999875e+01 9.598390435874391835e-02
1.524831000000000047e+00 2.709068700000000263e+01 9.723401415765112188e-02
1.529573999999999989e+00 2.709846300000000241e+01 9.801350107078413143e-02
1.534316999999999931e+00 2.710820099999999755e+01 9.530608672979601348e-02
1.539060000000000095e+00 2.699428900000000198e+01 9.362963872119341169e-02
1.543803000000000036e+00 2.700791199999999748e+01 9.266549709425779546e-02
1.548545000000000060e+00 2.686761399999999611e+01 9.145938106343821927e-02
1.553288000000000002e+00 2.680551299999999770e+01 9.054287361728917405e-02
1.558030999999999944e+00 2.681135599999999997e+01 8.979013230079795072e-02
1.562774000000000107e+00 2.671726800000000068e+01 8.873530845403705680e-02
1.567517000000000049e+00 2.680298399999999859e+01 8.805959635859512968e-02
1.572259999999999991e+00 2.672291100000000341e+01 8.741246316798652327e-02
1.577002999999999933e+00 2.675522600000000040e+01 8.712157511702367518e-02
1.581746000000000096e+00 2.674633300000000347e+01 8.693895236240255231e-02
1.586487999999999898e+00 2.678317699999999491e+01 8.702163925507723496e-02
1.591231000000000062e+00 2.666420000000000101e+01 8.693934282745700848e-02
1.595974000000000004e+00 2.645794700000000077e+01 8.670927117963858621e-02
1.600716999999999945e+00 2.652617799999999804e+01 8.689653932038490791e-02
1.605460000000000109e+00 2.656823299999999932e+01 8.685240915725309097e-02
1.610203000000000051e+00 2.662782599999999888e+01 8.680444174320113560e-02
1.614945999999999993e+00 2.654641099999999909e+01 8.653015330880500788e-02
1.619688000000000017e+00 2.653617499999999652e+01 8.637498230269631538e-02
1.624430999999999958e+00 2.650967299999999938e+01 8.619546675291397952e-02
1.629173999999999900e+00 2.639840600000000137e+01 8.588024087638611304e-02
1.633917000000000064e+00 2.655804199999999327e+01 8.600771065892928724e-02
1.638660000000000005e+00 2.649811700000000059e+01 8.578075172226400091e-02
1.643402999999999947e+00 2.642390999999999934e+01 8.553266507980680777e-02
1.648146000000000111e+00 2.630414600000000291e+01 8.521215539583716636e-02
1.652889000000000053e+00 2.638857199999999992e+01 8.522400206714361715e-02
1.657631000000000077e+00 2.638520499999999558e+01 8.509568171186127072e-02
1.662374000000000018e+00 2.637435300000000282e+01 8.495609894501453263e-02
1.667116999999999960e+00 2.630920400000000114e+01 8.473045219130133365e-02
1.671859999999999902e+00 2.632256199999999779e+01 8.463271809021674641e-02
1.676603000000000065e+00 2.625335899999999612e+01 8.440374190370057705e-02
1.681346000000000007e+00 2.627357299999999896e+01 8.431919530331630219e-02
1.686088999999999949e+00 2.610861499999999680e+01 8.393808473634836731e-02
1.690830999999999973e+00 2.615315100000000115e+01 8.389526057124144232e-02
1.695573999999999915e+00 2.624293200000000326e+01 8.392548937888714977e-02
1.700317000000000078e+00 2.613111800000000429e+01 8.363356927793347273e-02
1.705060000000000020e+00 2.627795400000000114e+01 8.375591560123858692e-02
1.709802999999999962e+00 2.618098300000000478e+01 8.349006713933999901e-02
1.714545999999999903e+00 2.631069699999999756e+01 8.358648758283901414e-02
1.719289000000000067e+00 2.621993499999999955e+01 8.333246141482442138e-02
1.724031000000000091e+00 2.612865699999999691e+01 8.307828945491654848e-02
1.728774000000000033e+00 2.613305700000000087e+01 8.297747584731533788e-02
1.733516999999999975e+00 2.612479499999999888e+01 8.285761338194759518e-02
1.738259999999999916e+00 2.613203599999999938e+01 8.276240436186166338e-02
1.743003000000000080e+00 2.600660399999999939e+01 8.245754464948491791e-02
1.747746000000000022e+00 2.610165100000000393e+01 8.250308272557274614e-02
1.752488999999999963e+00 2.606346800000000030e+01 8.233859879638043278e-02
1.757231999999999905e+00 2.609311600000000197e+01 8.228162794965410143e-02
1.761973999999999929e+00 2.607063800000000242e+01 8.214250550142720986e-02
1.766717000000000093e+00 2.615548800000000185e+01 8.217352907094534198e-02
1.771460000000000035e+00 2.602445999999999771e+01 8.186571099325468115e-02
1.776202999999999976e+00 2.607704800000000134e+01 8.188361887836968778e-02
1.780945999999999918e+00 2.603195900000000051e+01 8.171425303985223321e-02
1.785689000000000082e+00 2.601616000000000284e+01 8.154992645700914755e-02
1.790432000000000023e+00 2.583263999999999783e+01 8.116272032764365596e-02
1.795174000000000047e+00 2.595242700000000013e+01 8.125153897712092399e-02
1.799916999999999989e+00 2.586458000000000013e+01 8.101499781782506293e-02
1.804659999999999931e+00 2.599474999999999980e+01 8.112075379699698607e-02
1.809403000000000095e+00 2.584709900000000360e+01 8.079275648117904829e-02
1.814146000000000036e+00 2.585075400000000201e+01 8.070160095353251517e-02
1.818888999999999978e+00 2.598767600000000044e+01 8.081805862547615515e-02
1.823631999999999920e+00 2.584660200000000074e+01 8.050243672541471107e-02
1.828375000000000083e+00 2.573740899999999598e+01 8.023715377438685181e-02
1.833117000000000107e+00 2.574869100000000088e+01 8.015978248114448423e-02
1.837860000000000049e+00 2.574945599999999857e+01 8.006632884309608511e-02
1.842602999999999991e+00 2.586598500000000200e+01 8.015302307759826494e-02
1.847345999999999933e+00 2.586085999999999530e+01 8.005162301409197989e-02
1.852089000000000096e+00 2.581612699999999450e+01 7.995490022696608023e-02
1.856832000000000038e+00 2.568399600000000049e+01 7.959715277501325237e-02
1.861574999999999980e+00 2.565362799999999766e+01 7.945231607373444416e-02
1.866317000000000004e+00 2.570778999999999925e+01 7.944440831126253766e-02
1.871059999999999945e+00 2.582841700000000174e+01 7.953903125735692359e-02
1.875803000000000109e+00 2.574410900000000169e+01 7.931764744197283834e-02
1.880546000000000051e+00 2.574252499999999344e+01 7.922453294406536783e-02
1.885288999999999993e+00 2.559759799999999430e+01 7.891131529870733241e-02
1.890031999999999934e+00 2.565958999999999790e+01 7.891701025580923068e-02
1.894775000000000098e+00 2.573870499999999950e+01 7.894851846315800725e-02
1.899516999999999900e+00 2.572420599999999880e+01 7.883732841877824637e-02
1.904260000000000064e+00 2.567726800000000509e+01 7.867661910305627504e-02
1.909003000000000005e+00 2.563743900000000053e+01 7.852755226957096324e-02
1.913745999999999947e+00 2.554801400000000200e+01 7.830216208737023065e-02
1.918489000000000111e+00 2.555840200000000095e+01 7.823082285184784768e-02
1.923232000000000053e+00 2.561902799999999658e+01 7.823641890288754452e-02
1.927974999999999994e+00 2.555033599999999794e+01 7.804257483404811180e-02
1.932717999999999936e+00 2.564647699999999730e+01 7.804106675723172792e-02
1.937459999999999960e+00 2.555896199999999752e+01 7.772610131804244538e-02
1.942202999999999902e+00 2.531964299999999923e+01 7.715044421651309769e-02
1.946946000000000065e+00 2.546658800000000156e+01 7.718599236114800921e-02
1.951689000000000007e+00 2.552420200000000250e+01 7.712091844171592436e-02
1.956431999999999949e+00 2.558440200000000075e+01 7.712852853671783859e-02
1.961174999999999891e+00 2.558636999999999873e+01 7.705031539684116526e-02
1.965918000000000054e+00 2.545813100000000162e+01 7.677731792609258921e-02
1.970660000000000078e+00 2.545022099999999909e+01 7.672916903891309481e-02
1.975403000000000020e+00 2.547981599999999958e+01 7.675312911997660137e-02
1.980145999999999962e+00 2.554710700000000045e+01 7.687560240876228912e-02
1.984888999999999903e+00 2.544700299999999871e+01 7.674515098464593232e-02
1.989632000000000067e+00 2.543742900000000162e+01 7.675093400575397351e-02
1.994375000000000009e+00 2.540867800000000187e+01 7.667950510267851350e-02
1.999117999999999951e+00 2.558091900000000152e+01 7.682831176030031906e-02
2.003861000000000114e+00 2.552523100000000156e+01 7.666305886225452393e-02
2.008602999999999916e+00 2.552927999999999997e+01 7.658737166150761388e-02
2.013345999999999858e+00 2.556409099999999768e+01 7.723817198679355789e-02
2.018088999999999800e+00 2.547577599999999975e+01 7.935462753395418345e-02
2.022832000000000185e+00 2.548767000000000138e+01 8.068687975438944282e-02
2.027575000000000127e+00 2.541217800000000437e+01 8.158619689130877650e-02
2.032318000000000069e+00 2.537992600000000110e+01 8.240852794494148148e-02
2.037061000000000011e+00 2.541969699999999932e+01 8.325813667842081600e-02
2.041802999999999813e+00 2.526511400000000052e+01 8.370804505995824152e-02
2.046546000000000198e+00 2.539708499999999702e+01 8.430997495279191067e-02
2.051289000000000140e+00 2.525439300000000031e+01 8.433114181318429603e-02
2.056032000000000082e+00 2.511868399999999824e+01 8.434268314422833923e-02
2.060775000000000023e+00 2.520070100000000224e+01 8.470350182417075990e-02
2.065517999999999965e+00 2.518403599999999898e+01 8.488468330223303271e-02
2.070260999999999907e+00 2.523257300000000214e+01 8.516475418320657020e-02
2.075003000000000153e+00 2.512813599999999781e+01 8.517605946029846442e-02
2.079746000000000095e+00 2.518196099999999760e+01 8.321820127277385071e-02
2.084489000000000036e+00 2.532474200000000053e+01 8.133364961704842022e-02
2.089231999999999978e+00 2.534603899999999754e+01 8.020418568622651734e-02
2.093974999999999920e+00 2.533919600000000116e+01 7.931436328919938550e-02
2.098717999999999861e+00 2.524259199999999836e+01 7.844005813603212307e-02
2.103460999999999803e+00 2.524693899999999758e+01 7.782372190974613801e-02
2.108204000000000189e+00 2.530300199999999933e+01 7.747708584311169266e-02
2.112945999999999991e+00 2.522656399999999977e+01 7.715430303604264850e-02
2.117688999999999933e+00 2.534947900000000232e+01 7.715490650401309047e-02
2.122431999999999874e+00 2.520588900000000265e+01 7.676192854878777228e-02
2.127174999999999816e+00 2.522527699999999840e+01 7.662869749902448402e-02
2.131918000000000202e+00 2.514829400000000348e+01 7.635790433594547011e-02
2.136661000000000143e+00 2.518586900000000028e+01 7.626853938532518473e-02
2.141404000000000085e+00 2.514926799999999929e+01 7.607278344522369617e-02
2.146145999999999887e+00 2.509493900000000366e+01 7.585627378291923129e-02
2.150888999999999829e+00 2.516700099999999907e+01 7.583541247207599423e-02
2.155632000000000215e+00 2.514479500000000201e+01 7.567721012367396860e-02
2.160375000000000156e+00 2.501933000000000007e+01 7.536655244126136410e-02
2.165118000000000098e+00 2.511308999999999969e+01 7.538981667728937575e-02
2.169861000000000040e+00 2.510131000000000157e+01 7.525743124795052086e-02
2.174603999999999981e+00 2.515006000000000341e+01 7.521828996003498968e-02
2.179346999999999923e+00 2.501487499999999997e+01 7.490610760980975780e-02
2.184089000000000169e+00 2.510374999999999801e+01 7.493182275725382424e-02
2.188832000000000111e+00 2.508205400000000296e+01 7.479445819769403592e-02
2.193575000000000053e+00 2.519432499999999919e+01 7.485838610988551634e-02
2.198317999999999994e+00 2.515212500000000517e+01 7.469377599975449145e-02
2.203060999999999936e+00 2.517778099999999952e+01 7.463179803839378734e-02
2.207803999999999878e+00 2.506111899999999792e+01 7.436101718842676178e-02
2.212546999999999819e+00 2.502801899999999691e+01 7.421539443750266307e-02
2.217289000000000065e+00 2.500342099999999945e+01 7.408342054068305094e-02
2.222032000000000007e+00 2.509153299999999831e+01 7.411974752331931815e-02
2.226774999999999949e+00 2.507915199999999345e+01 7.400865400230029201e-02
2.231517999999999891e+00 2.515370300000000015e+01 7.402684982781113088e-02
2.236260999999999832e+00 2.498922800000000422e+01 7.369360507849238850e-02
2.241004000000000218e+00 2.503128700000000251e+01 7.366610575426395247e-02
2.245747000000000160e+00 2.514177699999999760e+01 7.373982143652843546e-02
2.250490000000000101e+00 2.502893599999999807e+01 7.348666684110458092e-02
2.255231999999999903e+00 2.506634000000000384e+01 7.345436637893761056e-02
2.259974999999999845e+00 2.494379799999999747e+01 7.318877790118782922e-02
2.264717999999999787e+00 2.510430699999999860e+01 7.333878278708817755e-02
2.269461000000000173e+00 2.507774799999999971e+01 7.321555961309864080e-02
2.274204000000000114e+00 2.501394799999999918e+01 7.303839512231563580e-02
2.278947000000000056e+00 2.513520199999999960e+01 7.313216650653800444e-02
2.283689999999999998e+00 2.496834799999999888e+01 7.280676601838390050e-02
2.288431999999999800e+00 2.508817200000000369e+01 7.289976043973464548e-02
2.293175000000000185e+00 2.494974000000000558e+01 7.261716334310573673e-02
2.297918000000000127e+00 2.493412500000000165e+01 7.251424251503424401e-02
2.302661000000000069e+00 2.490370199999999912e+01 7.239029441524189035e-02
2.307404000000000011e+00 2.497755300000000034e+01 7.241872592504924877e-02
2.312146999999999952e+00 2.493384199999999851e+01 7.227644998874807603e-02
2.316889999999999894e+00 2.491756600000000077e+01 7.217465119243944571e-02
2.321632000000000140e+00 2.486904600000000443e+01 7.202728658250080740e-02
2.326375000000000082e+00 2.487138900000000064e+01 7.195375558453359632e-02
2.331118000000000023e+00 2.489693700000000121e+01 7.191396229736476964e-02
2.335860999999999965e+00 2.484035300000000035e+01 7.175617456978249098e-02
2.340603999999999907e+00 2.488390300000000011e+01 7.174342321654507415e-02
2.345346999999999849e+00 2.483169100000000284e+01 7.159342534581999984e-02
2.350089999999999790e+00 2.494385500000000278e+01 7.168004191007494585e-02
2.354833000000000176e+00 2.494301000000000457e+01 7.160428852035399805e-02
2.359574999999999978e+00 2.491686699999999988e+01 7.149307632632548315e-02
2.364317999999999920e+00 2.483679400000000115e+01 7.130476726907256091e-02
2.369060999999999861e+00 2.486969699999999506e+01 7.127887256521177328e-02
2.373803999999999803e+00 2.491646599999999623e+01 7.127326849198020731e-02
2.378547000000000189e+00 2.491659100000000393e+01 7.120090915925933461e-02
2.383290000000000131e+00 2.480483299999999858e+01 7.096937259087894578e-02
2.388033000000000072e+00 2.482963000000000164e+01 7.093318502792610170e-02
2.392774999999999874e+00 2.488060699999999414e+01 7.093472838150646775e-02
2.397517999999999816e+00 2.483919099999999247e+01 7.080497470115500180e-02
2.402261000000000202e+00 2.471438399999999547e+01 7.055697736132621189e-02
2.407004000000000143e+00 2.484353000000000122e+01 7.067041083208233654e-02
2.411747000000000085e+00 2.480630699999999678e+01 7.054776896904110806e-02
2.416490000000000027e+00 2.474085999999999785e+01 7.038551072770020400e-02
2.421232999999999969e+00 2.479922499999999985e+01 7.039944108355336572e-02
2.425975999999999910e+00 2.482856400000000008e+01 7.037196768361959898e-02
2.430718000000000156e+00 2.486202099999999859e+01 7.035070158129341777e-02
2.435461000000000098e+00 2.485724099999999837e+01 7.027594437821807483e-02
2.440204000000000040e+00 2.482762100000000061e+01 7.019098012032884415e-02
2.444946999999999981e+00 2.479187599999999847e+01 7.004789497032297418e-02
2.449689999999999923e+00 2.475631399999999971e+01 6.993002318104506176e-02
2.454432999999999865e+00 2.476366800000000268e+01 6.987362819232374733e-02
2.459175999999999807e+00 2.483200700000000083e+01 6.990330949485867862e-02
2.463918000000000053e+00 2.489614899999999764e+01 6.992657159993689864e-02
2.468660999999999994e+00 2.483304599999999951e+01 6.977165643298574582e-02
2.473403999999999936e+00 2.483494900000000172e+01 6.970828088315977888e-02
2.478146999999999878e+00 2.481590000000000273e+01 6.961594809355683977e-02
2.482889999999999819e+00 2.476270099999999985e+01 6.947570971819935770e-02
2.487633000000000205e+00 2.477980699999999814e+01 6.943440159313321591e-02
2.492376000000000147e+00 2.481025200000000197e+01 6.941221978108681745e-02
2.497117999999999949e+00 2.470541700000000063e+01 6.920076566152791320e-02
2.501860999999999891e+00 2.472307599999999894e+01 6.916114072829770976e-02
2.506603999999999832e+00 2.472893899999999689e+01 6.910520648259073362e-02
2.511347000000000218e+00 2.478535199999999605e+01 6.911836421794861907e-02
2.516090000000000160e+00 2.479285899999999998e+01 6.901202483146977318e-02
2.520833000000000101e+00 2.466743000000000308e+01 6.869623793814258472e-02
2.525576000000000043e+00 2.470218099999999950e+01 6.860475662091077009e-02
2.530318999999999985e+00 2.481902200000000036e+01 6.865419028539626600e-02
2.535060999999999787e+00 2.481449100000000030e+01 6.858525558389791388e-02
2.539804000000000173e+00 2.478444899999999862e+01 6.848159203682037399e-02
2.544547000000000114e+00 2.470064499999999796e+01 6.830467119225448747e-02
2.549290000000000056e+00 2.460057799999999517e+01 6.810498716525464902e-02
2.554032999999999998e+00 2.478355199999999670e+01 6.829693063970590505e-02
2.558775999999999939e+00 2.475441399999999703e+01 6.819581673625516038e-02
2.563518999999999881e+00 2.466228500000000068e+01 6.801067351189296617e-02
2.568261000000000127e+00 2.469199500000000214e+01 6.804592632453246304e-02
2.573004000000000069e+00 2.461607799999999813e+01 6.795677631184840473e-02
2.577747000000000011e+00 2.466853499999999855e+01 6.804415729324524154e-02
2.582489999999999952e+00 2.474364200000000125e+01 6.812915274238187657e-02
2.587232999999999894e+00 2.466231999999999758e+01 6.795714816974959827e-02
2.591975999999999836e+00 2.474310799999999944e+01 6.800796124745175919e-02
2.596719000000000221e+00 2.460830700000000348e+01 6.776241429454532561e-02
2.601462000000000163e+00 2.468584400000000301e+01 6.780909426565731590e-02
2.606203999999999965e+00 2.463415299999999775e+01 6.767878038863953116e-02
2.610946999999999907e+00 2.469999399999999667e+01 6.770964824580393004e-02
2.615689999999999849e+00 2.472566899999999990e+01 6.768551990538448915e-02
2.620432999999999790e+00 2.464723800000000509e+01 6.751897293050969362e-02
2.625176000000000176e+00 2.461759799999999743e+01 6.741966232729292019e-02
2.629919000000000118e+00 2.461179599999999823e+01 6.735316580179064039e-02
2.634662000000000059e+00 2.469019099999999867e+01 6.741619910340837518e-02
2.639403999999999861e+00 2.467859100000000083e+01 6.735374138269009658e-02
2.644146999999999803e+00 2.471025799999999961e+01 6.731652736516567648e-02
2.648890000000000189e+00 2.467446600000000245e+01 6.720577171260663785e-02
2.653633000000000131e+00 2.467971200000000209e+01 6.716532403095885895e-02
2.658376000000000072e+00 2.465022200000000296e+01 6.706919373847652910e-02
2.663119000000000014e+00 2.463780299999999812e+01 6.698326438202679978e-02
2.667861999999999956e+00 2.459258499999999970e+01 6.686428774561201105e-02
2.672604999999999897e+00 2.452385599999999855e+01 6.671382892633806461e-02
2.677347000000000143e+00 2.464177199999999957e+01 6.681714166655439158e-02
2.682090000000000085e+00 2.463590799999999703e+01 6.675244759970003217e-02
2.686833000000000027e+00 2.466170299999999926e+01 6.673093679579435167e-02
2.691575999999999969e+00 2.472657199999999733e+01 6.676197194311445093e-02
2.696318999999999910e+00 2.457126799999999633e+01 6.649584368914947252e-02
2.701061999999999852e+00 2.467865000000000109e+01 6.658497119386476426e-02
2.705804999999999794e+00 2.467060099999999778e+01 6.651818894986694097e-02
2.710547000000000040e+00 2.465394300000000172e+01 6.643974836482299806e-02
2.715289999999999981e+00 2.464006400000000241e+01 6.636554540539993385e-02
2.720032999999999923e+00 2.458598500000000087e+01 6.623730858654885978e-02
2.724775999999999865e+00 2.459600899999999868e+01 6.619559884479329914e-02
2.729518999999999807e+00 2.459718100000000263e+01 6.614177828648395985e-02
2.734262000000000192e+00 2.466549599999999742e+01 6.617871664184642178e-02
2.739005000000000134e+00 2.458714100000000258e+01 6.601887249536302071e-02
2.743746999999999936e+00 2.470858600000000038e+01 6.612676855917730412e-02
2.748489999999999878e+00 2.458512700000000351e+01 6.590701495446292524e-02
2.753232999999999819e+00 2.457165600000000083e+01 6.583475017600202983e-02
2.757976000000000205e+00 2.468690800000000252e+01 6.593471142554807596e-02
2.762719000000000147e+00 2.462882399999999805e+01 6.580301276834595037e-02
2.767462000000000089e+00 2.461858000000000146e+01 6.573537491391831522e-02
2.772205000000000030e+00 2.460489199999999954e+01 6.566342599055199902e-02
2.776947999999999972e+00 2.461594000000000193e+01 6.562463278054132820e-02
2.781690000000000218e+00 2.456739500000000476e+01 6.550642178035295804e-02
2.786433000000000160e+00 2.462454199999999815e+01 6.552909872306501848e-02
2.791176000000000101e+00 2.460412400000000233e+01 6.544872190470948925e-02
2.795919000000000043e+00 2.459529500000000368e+01 6.538424848359503105e-02
2.800661999999999985e+00 2.458337399999999917e+01 6.533035254656215096e-02
2.805404999999999927e+00 2.452469099999999713e+01 6.519018528372658161e-02
2.810147999999999868e+00 2.459356600000000270e+01 6.526025097037936595e-02
2.814890000000000114e+00 2.468969700000000245e+01 6.534341991444815589e-02
2.819633000000000056e+00 2.474942300000000017e+01 6.663494626184671143e-02
2.824375999999999998e+00 2.467604900000000612e+01 6.793266037258366419e-02
2.829118999999999939e+00 2.469369599999999920e+01 6.883514622302840114e-02
2.833861999999999881e+00 2.461675999999999576e+01 6.944539804685764817e-02
2.838604999999999823e+00 2.448698599999999814e+01 6.986812589194160705e-02
2.843348000000000209e+00 2.455647100000000549e+01 7.026221405858627811e-02
2.848091000000000150e+00 2.451910500000000326e+01 7.042182688998134543e-02
2.852832999999999952e+00 2.457816899999999904e+01 7.071247730218763183e-02
2.857575999999999894e+00 2.451475800000000049e+01 7.081084655826747065e-02
2.862318999999999836e+00 2.441762100000000046e+01 7.084671714962662015e-02
2.867062000000000221e+00 2.454073500000000152e+01 7.119141261478872940e-02
2.871805000000000163e+00 2.449035799999999696e+01 7.127529463951938482e-02
2.876548000000000105e+00 2.448079800000000006e+01 7.141022884500861090e-02
2.881291000000000047e+00 2.449691400000000030e+01 7.124056662502130377e-02
2.886032999999999848e+00 2.473989500000000064e+01 6.955175016047475400e-02
2.890775999999999790e+00 2.465522599999999898e+01 6.834129207251499194e-02
2.895519000000000176e+00 2.469013199999999841e+01 6.765083493819126770e-02
2.900262000000000118e+00 2.455442299999999634e+01 6.688112631501581806e-02
2.905005000000000059e+00 2.458749699999999905e+01 6.656563300668746908e-02
2.909748000000000001e+00 2.455673300000000125e+01 6.634961118109584943e-02
2.914490999999999943e+00 2.462710699999999875e+01 6.628914966855511959e-02
2.919233000000000189e+00 2.453044499999999672e+01 6.601804714028050580e-02
2.923976000000000131e+00 2.452530899999999647e+01 6.588153900507257021e-02
2.928719000000000072e+00 2.458865300000000076e+01 6.584603016825082977e-02
2.933462000000000014e+00 2.455916700000000219e+01 6.569304305016779311e-02
2.938204999999999956e+00 2.461345999999999989e+01 6.565819098994808700e-02
2.942947999999999897e+00 2.448119700000000165e+01 6.537985567164247835e-02
2.947690999999999839e+00 2.445554800000000029e+01 6.524841391971301918e-02
2.952433999999999781e+00 2.455179299999999643e+01 6.529056868839019923e-02
2.957176000000000027e+00 2.453840299999999885e+01 6.518869926093096012e-02
2.961918999999999969e+00 2.451781300000000030e+01 6.506098926979976549e-02
2.966661999999999910e+00 2.447675899999999771e+01 6.492254329244426247e-02
2.971404999999999852e+00 2.451823800000000375e+01 6.489547461582202692e-02
2.976147999999999794e+00 2.453651900000000197e+01 6.483982121292748702e-02
2.980891000000000179e+00 2.453171199999999885e+01 6.475577812692934199e-02
2.985634000000000121e+00 2.464208200000000204e+01 6.482518425327768452e-02
2.990375999999999923e+00 2.456675299999999851e+01 6.466835129745074351e-02
2.995118999999999865e+00 2.457661099999999621e+01 6.459435858799900121e-02
2.999861999999999806e+00 2.448433299999999591e+01 6.439868637807528995e-02
3.004605000000000192e+00 2.448826599999999942e+01 6.433367799573797008e-02
3.009348000000000134e+00 2.449653400000000403e+01 6.427566201225312637e-02
3.014091000000000076e+00 2.445489900000000461e+01 6.417257328923393900e-02
3.018834000000000017e+00 2.452658099999999664e+01 6.417993468022384351e-02
3.023576999999999959e+00 2.458239700000000028e+01 6.418702531556669255e-02
3.028319000000000205e+00 2.458996899999999997e+01 6.413144366054999990e-02
3.033062000000000147e+00 2.450427600000000083e+01 6.395519149804886061e-02
3.037805000000000089e+00 2.445127500000000254e+01 6.382296676698365201e-02
3.042548000000000030e+00 2.445450800000000413e+01 6.376477311403137838e-02
3.047290999999999972e+00 2.456448500000000124e+01 6.384588046841942199e-02
3.052033999999999914e+00 2.446816899999999961e+01 6.365923066525938645e-02
3.056776999999999855e+00 2.442947599999999753e+01 6.354841806688345252e-02
3.061519000000000101e+00 2.454371299999999678e+01 6.363651513865212217e-02
3.066262000000000043e+00 2.447881199999999779e+01 6.349298215884728591e-02
3.071004999999999985e+00 2.448146399999999900e+01 6.345020326095181240e-02
3.075747999999999927e+00 2.462598600000000104e+01 6.358159072144152490e-02
3.080490999999999868e+00 2.458639199999999647e+01 6.346587843235922122e-02
3.085233999999999810e+00 2.448181100000000043e+01 6.326401321908925457e-02
3.089977000000000196e+00 2.445401799999999781e+01 6.318918966892754507e-02
3.094720000000000137e+00 2.443981399999999837e+01 6.309723512835010983e-02
3.099461999999999939e+00 2.444136500000000112e+01 6.304257256805038956e-02
3.104204999999999881e+00 2.446802600000000183e+01 6.302108625410388076e-02
3.108947999999999823e+00 2.449046699999999888e+01 6.299446474567746423e-02
3.113691000000000209e+00 2.444858999999999938e+01 6.288591127445639084e-02
3.118434000000000150e+00 2.448521100000000317e+01 6.287864849489928354e-02
3.123177000000000092e+00 2.449627600000000172e+01 6.283838064787475308e-02
3.127920000000000034e+00 2.447299200000000141e+01 6.275459520376894251e-02
3.132661999999999836e+00 2.444992799999999988e+01 6.267151215656920071e-02
3.137405000000000221e+00 2.455339200000000233e+01 6.275090752863340948e-02
3.142148000000000163e+00 2.452734800000000348e+01 6.266444190771189304e-02
3.146891000000000105e+00 2.454183499999999540e+01 6.263825898160484129e-02
3.151634000000000047e+00 2.453730100000000292e+01 6.258212046019853703e-02
3.156376999999999988e+00 2.443616999999999706e+01 6.239132038186000206e-02
3.161119999999999930e+00 2.434866699999999540e+01 6.222815083014358178e-02
3.165862000000000176e+00 2.444336200000000048e+01 6.234084046438097271e-02
3.170605000000000118e+00 2.439374099999999856e+01 6.221037727572949205e-02
3.175348000000000059e+00 2.449135499999999510e+01 6.225628288179595182e-02
3.180091000000000001e+00 2.451321500000000242e+01 6.223305941573496758e-02
3.184833999999999943e+00 2.452235800000000054e+01 6.219406794284564055e-02
3.189576999999999884e+00 2.437674699999999817e+01 6.195905443474828550e-02
3.194319999999999826e+00 2.446894800000000458e+01 6.200822147614620805e-02
3.199063000000000212e+00 2.455008999999999730e+01 6.199696041389286816e-02
3.203805000000000014e+00 2.449637900000000101e+01 6.181452051030809219e-02
3.208547999999999956e+00 2.444537700000000058e+01 6.167413343463205855e-02
3.213290999999999897e+00 2.452153999999999812e+01 6.172130271483096398e-02
3.218033999999999839e+00 2.444586000000000325e+01 6.157771892159857874e-02
3.222776999999999781e+00 2.440500400000000170e+01 6.147793869556785612e-02
3.227520000000000167e+00 2.438897499999999852e+01 6.140990438917731664e-02
3.232263000000000108e+00 2.439184000000000196e+01 6.136572730358860056e-02
3.237004999999999910e+00 2.442033199999999837e+01 6.135407278972276890e-02
3.241747999999999852e+00 2.439271199999999951e+01 6.127189615476168194e-02
3.246490999999999794e+00 2.453603199999999873e+01 6.140431423357075452e-02
3.251234000000000179e+00 2.451177699999999859e+01 6.134399664502142302e-02
3.255977000000000121e+00 2.451685300000000112e+01 6.136613955561812800e-02
3.260720000000000063e+00 2.446690399999999954e+01 6.132104033601600002e-02
3.265463000000000005e+00 2.438963700000000046e+01 6.120216621980058974e-02
3.270205999999999946e+00 2.440913800000000222e+01 6.117999070823483543e-02
3.274948000000000192e+00 2.445337500000000119e+01 6.118857801063283530e-02
3.279691000000000134e+00 2.440939200000000042e+01 6.108702652648023701e-02
3.284434000000000076e+00 2.449810499999999891e+01 6.115178699681474150e-02
3.289177000000000017e+00 2.440307199999999810e+01 6.098697682134440745e-02
3.293919999999999959e+00 2.439587600000000123e+01 6.093198726001721605e-02
3.298662999999999901e+00 2.451770800000000605e+01 6.103807993498239215e-02
3.303405999999999842e+00 2.443541300000000049e+01 6.088984130024318459e-02
3.308148000000000089e+00 2.457125899999999774e+01 6.101346037428789781e-02
3.312891000000000030e+00 2.447880400000000023e+01 6.085294867822840098e-02
3.317633999999999972e+00 2.453296600000000183e+01 6.087512220065762619e-02
3.322376999999999914e+00 2.450266900000000447e+01 6.079318101193751517e-02
3.327119999999999855e+00 2.441548500000000033e+01 6.065509973600900773e-02
3.331862999999999797e+00 2.448787199999999942e+01 6.068411157172526327e-02
3.336606000000000183e+00 2.452941699999999869e+01 6.069091472047195845e-02
3.341347999999999985e+00 2.442144499999999852e+01 6.051275418691500624e-02
3.346090999999999926e+00 2.436657599999999846e+01 6.040047001587321718e-02
3.350833999999999868e+00 2.441857399999999956e+01 6.042038304301868695e-02
3.355576999999999810e+00 2.450351299999999810e+01 6.048130242242059917e-02
3.360320000000000196e+00 2.442627999999999844e+01 6.034217651304681768e-02
3.365063000000000137e+00 2.448002699999999976e+01 6.036472966050705768e-02
3.369806000000000079e+00 2.444191700000000012e+01 6.027394816842929215e-02
3.374549000000000021e+00 2.452166900000000282e+01 6.032828577191133579e-02
3.379290999999999823e+00 2.466129499999999908e+01 6.112917843659523148e-02
3.384034000000000209e+00 2.456349400000000216e+01 6.243925826994183026e-02
3.388777000000000150e+00 2.448966800000000177e+01 6.316960579394095832e-02
3.393520000000000092e+00 2.443465500000000290e+01 6.374885636137403444e-02
3.398263000000000034e+00 2.445197099999999679e+01 6.415694240820862815e-02
3.403005999999999975e+00 2.448150499999999852e+01 6.436866771239482810e-02
3.407748999999999917e+00 2.435647699999999816e+01 6.417107629638604815e-02
3.412491000000000163e+00 2.439194200000000379e+01 6.425334216973542512e-02
3.417234000000000105e+00 2.432208600000000587e+01 6.433196110515052024e-02
3.421977000000000046e+00 2.437225699999999762e+01 6.455408339378773674e-02
3.426719999999999988e+00 2.445112099999999700e+01 6.479021284422671612e-02
3.431462999999999930e+00 2.443895599999999746e+01 6.490916643514535456e-02
3.436205999999999872e+00 2.453203299999999842e+01 6.517332304412749855e-02
3.440948999999999813e+00 2.443201600000000084e+01 6.515847206373473477e-02
3.445692000000000199e+00 2.441463300000000203e+01 6.526380078470070401e-02
3.450434000000000001e+00 2.438597899999999896e+01 6.531628468242739460e-02
3.455176999999999943e+00 2.444262900000000371e+01 6.549925495841078804e-02
3.459919999999999884e+00 2.445258399999999810e+01 6.561531387538124815e-02
3.464662999999999826e+00 2.448409200000000041e+01 6.575688547232448611e-02
3.469406000000000212e+00 2.445844100000000054e+01 6.581841697220239262e-02
3.474149000000000154e+00 2.444629300000000072e+01 6.589473612589399898e-02
3.478892000000000095e+00 2.452288200000000273e+01 6.608813418060613398e-02
3.483633999999999897e+00 2.439837400000000045e+01 6.600702865150347154e-02
3.488376999999999839e+00 2.431081599999999909e+01 6.597286791976456066e-02
3.493119999999999781e+00 2.435188000000000130e+01 6.611042384129298122e-02
3.497863000000000167e+00 2.450409600000000054e+01 6.639712890436076653e-02
3.502606000000000108e+00 2.449620900000000034e+01 6.646457453545309702e-02
3.507349000000000050e+00 2.443848299999999796e+01 6.646186776419317488e-02
3.512091999999999992e+00 2.437889200000000045e+01 6.645500495441859778e-02
3.516833999999999794e+00 2.442839299999999980e+01 6.659473858041789485e-02
3.521577000000000179e+00 2.441485699999999781e+01 6.664669680348606073e-02
3.526320000000000121e+00 2.432600300000000004e+01 6.659443654106099453e-02
3.531063000000000063e+00 2.445731099999999714e+01 6.684153950287799462e-02
3.535806000000000004e+00 2.449834800000000001e+01 6.696412178531351012e-02
3.540548999999999946e+00 2.441890199999999567e+01 6.691953064695463360e-02
3.545291999999999888e+00 2.444547800000000137e+01 6.701978850871584403e-02
3.550034999999999830e+00 2.439537400000000034e+01 6.701330425139249980e-02
3.554777000000000076e+00 2.436326299999999634e+01 6.702987820953579257e-02
3.559520000000000017e+00 2.429903099999999938e+01 6.700110016951288383e-02
3.564262999999999959e+00 2.440223599999999848e+01 6.720199583986476155e-02
3.569005999999999901e+00 2.444673099999999977e+01 6.733384197232027135e-02
3.573748999999999842e+00 2.443686500000000095e+01 6.739652092547657181e-02
3.578491999999999784e+00 2.439342500000000058e+01 6.735944016190084649e-02
3.583235000000000170e+00 2.445309999999999917e+01 6.749684628937858977e-02
3.587976999999999972e+00 2.432723699999999667e+01 6.735352100894428928e-02
3.592719999999999914e+00 2.433924800000000133e+01 6.731743669258508089e-02
3.597462999999999855e+00 2.439962100000000333e+01 6.734099058953543770e-02
3.602205999999999797e+00 2.438663799999999782e+01 6.726362022605533730e-02
3.606949000000000183e+00 2.446658299999999997e+01 6.731458534755450918e-02
3.611692000000000125e+00 2.440321099999999888e+01 6.721811803949065411e-02
3.616435000000000066e+00 2.449799300000000102e+01 6.741562586643248811e-02
3.621178000000000008e+00 2.462531200000000098e+01 6.840749496195794310e-02
3.625919999999999810e+00 2.437747699999999895e+01 7.049618408369137668e-02
3.630663000000000196e+00 2.454946399999999684e+01 7.212199571197194792e-02
3.635406000000000137e+00 2.442184000000000310e+01 7.296093485710075655e-02
3.640149000000000079e+00 2.437391000000000219e+01 7.364478475511486433e-02
3.644892000000000021e+00 2.433525600000000111e+01 7.408959051541316732e-02
3.649634999999999962e+00 2.434358500000000447e+01 7.458017115856868662e-02
3.654377999999999904e+00 2.429089400000000154e+01 7.491360285423803722e-02
3.659120000000000150e+00 2.439442500000000535e+01 7.549187569252667485e-02
3.663863000000000092e+00 2.442582499999999612e+01 7.594452907854455648e-02
3.668606000000000034e+00 2.445633199999999974e+01 7.638336260307934666e-02
3.673348999999999975e+00 2.443098799999999926e+01 7.672439891232905873e-02
3.678091999999999917e+00 2.450336899999999929e+01 7.720973641750503158e-02
3.682834999999999859e+00 2.428665699999999816e+01 7.723007123936569129e-02
3.687577999999999800e+00 2.434346199999999527e+01 7.767682181069074376e-02
3.692321000000000186e+00 2.428606900000000124e+01 7.793574957776502887e-02
3.697062999999999988e+00 2.439718900000000090e+01 7.845936541501977168e-02
3.701805999999999930e+00 2.435987000000000080e+01 7.874031660858749060e-02
3.706548999999999872e+00 2.432663600000000059e+01 7.902347526810246658e-02
3.711291999999999813e+00 2.428619699999999781e+01 7.929068048270868085e-02
3.716035000000000199e+00 2.447812200000000260e+01 7.993422403559004297e-02
3.720778000000000141e+00 2.451038800000000251e+01 8.031504465416176852e-02
3.725521000000000083e+00 2.434430100000000152e+01 8.036689483827030855e-02
3.730262999999999884e+00 2.427472099999999955e+01 8.057431538564258089e-02
3.735005999999999826e+00 2.438473299999999711e+01 8.107680103071283895e-02
3.739749000000000212e+00 2.443548799999999943e+01 8.148020553972050439e-02
3.744492000000000154e+00 2.440565899999999999e+01 8.174781714752511752e-02
3.749235000000000095e+00 2.437179900000000288e+01 8.200667905111144740e-02
3.753978000000000037e+00 2.438402999999999921e+01 8.234177353607220751e-02
3.758720999999999979e+00 2.427232000000000056e+01 8.246525504374858928e-02
3.763462999999999781e+00 2.441504499999999922e+01 8.302015778056676121e-02
3.768206000000000166e+00 2.438501100000000221e+01 8.328030242029145491e-02
3.772949000000000108e+00 2.439723199999999892e+01 8.361203949169340732e-02
3.777692000000000050e+00 2.429648399999999953e+01 8.374838769264039695e-02
3.782434999999999992e+00 2.432712200000000635e+01 8.411045651461893091e-02
3.787177999999999933e+00 2.440403599999999784e+01 8.455249845786225182e-02
3.791920999999999875e+00 2.444504500000000036e+01 8.493288338903312584e-02
3.796663999999999817e+00 2.438296799999999820e+01 8.513307625580554538e-02
3.801406000000000063e+00 2.433657000000000181e+01 8.536080323124953240e-02
3.806149000000000004e+00 2.441950000000000287e+01 8.581475639232451214e-02
3.810891999999999946e+00 2.421439700000000173e+01 8.576070375343593233e-02
3.815634999999999888e+00 2.432568900000000056e+01 8.626526388836064374e-02
3.820377999999999830e+00 2.433634699999999995e+01 8.659252047650305151e-02
3.825121000000000215e+00 2.438508499999999657e+01 8.698773845513804726e-02
3.829864000000000157e+00 2.446213000000000193e+01 8.743463976527780790e-02
3.834605999999999959e+00 2.443046300000000315e+01 8.768770028883923762e-02
3.839348999999999901e+00 2.432445899999999739e+01 8.780741307592712652e-02
3.844091999999999842e+00 2.444951999999999970e+01 8.834295877844311473e-02
3.848834999999999784e+00 2.437559499999999701e+01 8.852253624099515328e-02
3.853578000000000170e+00 2.433891299999999802e+01 8.881401504368721667e-02
3.858321000000000112e+00 2.430961800000000039e+01 8.902201405288301395e-02
3.863064000000000053e+00 2.434583499999999745e+01 8.940091414637268974e-02
3.867806999999999995e+00 2.437713199999999603e+01 8.977216167380007439e-02
3.872548999999999797e+00 2.428021099999999777e+01 8.990642900456674580e-02
3.877292000000000183e+00 2.440385200000000054e+01 9.045010849824117183e-02
3.882035000000000124e+00 2.445981900000000309e+01 9.087033669941803338e-02
3.886778000000000066e+00 2.437450600000000378e+01 9.102830107518594671e-02
3.891521000000000008e+00 2.444224799999999931e+01 9.147258255545101524e-02
3.896263999999999950e+00 2.440673600000000221e+01 9.172471950755858860e-02
3.901006999999999891e+00 2.437255899999999897e+01 9.197972072120680354e-02
3.905749000000000137e+00 2.440826200000000057e+01 9.236870316064527131e-02
3.910492000000000079e+00 2.433047499999999985e+01 9.254311415353819181e-02
3.915235000000000021e+00 2.443486599999999953e+01 9.306449380715073327e-02
3.919977999999999962e+00 2.433269299999999902e+01 9.315271068660911646e-02
3.924720999999999904e+00 2.435931399999999769e+01 9.328648374479553418e-02
3.929463999999999846e+00 2.454428599999999960e+01 9.371191729865151199e-02
3.934206999999999788e+00 2.445069399999999504e+01 9.365620961386489363e-02
3.938949000000000034e+00 2.438948900000000108e+01 9.364089831506476613e-02
3.943691999999999975e+00 2.432078400000000329e+01 9.361035917386226202e-02
3.948434999999999917e+00 2.441813700000000154e+01 9.389808663620415052e-02
3.953177999999999859e+00 2.431937800000000038e+01 9.383438951231153069e-02
3.957920999999999800e+00 2.436969500000000011e+01 9.409746054310710872e-02
3.962664000000000186e+00 2.438533400000000029e+01 9.413585326622848914e-02
3.967407000000000128e+00 2.423634399999999545e+01 9.408970506006754386e-02
3.972150000000000070e+00 2.435299499999999995e+01 9.463386808936163908e-02
3.976891999999999872e+00 2.440097699999999747e+01 9.504653401580828720e-02
3.981634999999999813e+00 2.434561000000000064e+01 9.525924318069349528e-02
3.986378000000000199e+00 2.440287200000000212e+01 9.569403235972137600e-02
3.991121000000000141e+00 2.424701399999999651e+01 9.571076844191410415e-02
3.995864000000000082e+00 2.429270299999999594e+01 9.612643665186751396e-02
4.000606999999999580e+00 2.436191800000000285e+01 9.659015622843303284e-02
4.005349999999999966e+00 2.425178899999999516e+01 9.669988543919584567e-02
4.010092000000000212e+00 2.430243199999999959e+01 9.713086252951581845e-02
4.014834999999999710e+00 2.446936700000000187e+01 9.779721737241045543e-02
4.019578000000000095e+00 2.439351299999999867e+01 9.797988340726274115e-02
4.024320999999999593e+00 2.430287999999999826e+01 9.813259173079706688e-02
4.029063999999999979e+00 2.431179500000000004e+01 9.848876279212009921e-02
4.033807000000000365e+00 2.436601900000000143e+01 9.893814302467628108e-02
4.038549999999999862e+00 2.441882899999999879e+01 9.938777997718030444e-02
4.043293000000000248e+00 2.449980900000000261e+01 9.989686620674795292e-02
4.048034999999999606e+00 2.438232400000000411e+01 1.000032191274905918e-01
4.052777999999999992e+00 2.452618200000000215e+01 1.006464739433061417e-01
4.057521000000000377e+00 2.436795099999999792e+01 1.006712778883580156e-01
4.062263999999999875e+00 2.435435400000000428e+01 1.009954489801114796e-01
4.067007000000000261e+00 2.436687599999999776e+01 1.013757227325911697e-01
4.071749999999999758e+00 2.445278400000000119e+01 1.019115459233427695e-01
4.076493000000000144e+00 2.429111799999999732e+01 1.019322038418305765e-01
4.081235000000000390e+00 2.422154500000000255e+01 1.021456573163856962e-01
4.085977999999999888e+00 2.436493800000000221e+01 1.028116004130229522e-01
4.090721000000000274e+00 2.436552100000000110e+01 1.031784214049425163e-01
4.095463999999999771e+00 2.428994499999999945e+01 1.033863678745186448e-01
4.100207000000000157e+00 2.430378300000000280e+01 1.037860336158921565e-01
4.104949999999999655e+00 2.444122300000000081e+01 1.044540645374812532e-01
4.109693000000000040e+00 2.447170799999999957e+01 1.048955217193465322e-01
4.114436000000000426e+00 2.438961200000000318e+01 1.050981161399009156e-01
4.119177999999999784e+00 2.432956399999999775e+01 1.053503042355009162e-01
4.123921000000000170e+00 2.438231399999999738e+01 1.058482605043946922e-01
4.128663999999999668e+00 2.443789199999999795e+01 1.063569475515666607e-01
4.133407000000000053e+00 2.441387399999999985e+01 1.066953922587686038e-01
4.138150000000000439e+00 2.445381599999999978e+01 1.071755975788593329e-01
4.142892999999999937e+00 2.449597900000000195e+01 1.076648992976977637e-01
4.147636000000000323e+00 2.447758299999999920e+01 1.080234510007303805e-01
4.152377999999999680e+00 2.425916000000000139e+01 1.079420958774078149e-01
4.157121000000000066e+00 2.420790600000000126e+01 1.082314880061629736e-01
4.161863999999999564e+00 2.438056599999999818e+01 1.090251287031540339e-01
4.166606999999999950e+00 2.461666600000000216e+01 1.099655253691633056e-01
4.171350000000000335e+00 2.445536400000000299e+01 1.100192951525985896e-01
4.176092999999999833e+00 2.436211099999999874e+01 1.102338000764978565e-01
4.180836000000000219e+00 2.436737500000000267e+01 1.108193334661046470e-01
4.185577999999999577e+00 2.438856600000000086e+01 1.111749179056926440e-01
4.190320999999999962e+00 2.455006500000000358e+01 1.119325583879846875e-01
4.195064000000000348e+00 2.444308400000000248e+01 1.121211231675655340e-01
4.199806999999999846e+00 2.445278499999999866e+01 1.125796901016306722e-01
4.204550000000000232e+00 2.450337200000000237e+01 1.131370543259117289e-01
4.209292999999999729e+00 2.439540399999999920e+01 1.133319258468168805e-01
4.214036000000000115e+00 2.439588600000000085e+01 1.137800373726999686e-01
4.218778999999999613e+00 2.439712899999999962e+01 1.142348736277057214e-01
4.223520999999999859e+00 2.429914000000000129e+01 1.144600193802041144e-01
4.228264000000000244e+00 2.438359200000000016e+01 1.151192869064245894e-01
4.233006999999999742e+00 2.430398100000000028e+01 1.153939202705475953e-01
4.237750000000000128e+00 2.447463499999999925e+01 1.162674434268135826e-01
4.242492999999999626e+00 2.448536500000000160e+01 1.167672255313707275e-01
4.247236000000000011e+00 2.435860999999999876e+01 1.169407811431914385e-01
4.251979000000000397e+00 2.441999299999999806e+01 1.175750511843886015e-01
4.256720999999999755e+00 2.456641100000000222e+01 1.186147997026260753e-01
4.261464000000000141e+00 2.431397699999999773e+01 1.183301243631832006e-01
4.266206999999999638e+00 2.438258599999999632e+01 1.189539805608740564e-01
4.270950000000000024e+00 2.449430999999999869e+01 1.197287581691236780e-01
4.275693000000000410e+00 2.424284500000000264e+01 1.196161628265800109e-01
4.280435999999999908e+00 2.440757699999999986e+01 1.205340215519784264e-01
4.285179000000000293e+00 2.455785799999999952e+01 1.214224532311104499e-01
4.289921999999999791e+00 2.446708500000000086e+01 1.217203003167627029e-01
4.294664000000000037e+00 2.441596400000000244e+01 1.221212544225463714e-01
4.299407000000000423e+00 2.437997299999999967e+01 1.225627881905519551e-01
4.304149999999999920e+00 2.451292899999999975e+01 1.234359849889152122e-01
4.308893000000000306e+00 2.463057900000000444e+01 1.242798946339431082e-01
4.313635999999999804e+00 2.480985500000000243e+01 1.252854898372896264e-01
4.318379000000000190e+00 2.460606699999999947e+01 1.253283664651534401e-01
4.323121999999999687e+00 2.449493799999999766e+01 1.256969105812704712e-01
4.327863999999999933e+00 2.450805000000000078e+01 1.262743500231171268e-01
4.332607000000000319e+00 2.443724799999999675e+01 1.266051421258382326e-01
4.337349999999999817e+00 2.459563100000000446e+01 1.275997452157953960e-01
4.342093000000000202e+00 2.456018499999999705e+01 1.280984880447216812e-01
4.346835999999999700e+00 2.469961399999999685e+01 1.290603329556087864e-01
4.351579000000000086e+00 2.462477799999999917e+01 1.294690661891326200e-01
4.356321999999999584e+00 2.469442300000000046e+01 1.302655594210964107e-01
4.361063999999999830e+00 2.443075899999999834e+01 1.301858377271149225e-01
4.365807000000000215e+00 2.440003599999999651e+01 1.307290751704417164e-01
4.370549999999999713e+00 2.446802600000000183e+01 1.315431479444968965e-01
4.375293000000000099e+00 2.460823099999999997e+01 1.325621771208062294e-01
4.380035999999999596e+00 2.438519400000000203e+01 1.326689172213932622e-01
4.384778999999999982e+00 2.440282699999999849e+01 1.334264238087624899e-01
4.389522000000000368e+00 2.436675400000000025e+01 1.338781913706635074e-01
4.394264999999999866e+00 2.442265499999999889e+01 1.346897588201790563e-01
4.399007000000000112e+00 2.455384600000000006e+01 1.353158221115117743e-01
4.403749999999999609e+00 2.479469499999999726e+01 1.360711243325787301e-01
4.408492999999999995e+00 2.451835299999999762e+01 1.354026140966266556e-01
4.413236000000000381e+00 2.445576700000000159e+01 1.353202203756275201e-01
4.417978999999999878e+00 2.462973199999999707e+01 1.358918403582481393e-01
4.422722000000000264e+00 2.444588099999999997e+01 1.354752236576168278e-01
4.427464999999999762e+00 2.447402500000000103e+01 1.356404391357581285e-01
4.432207000000000008e+00 2.446761099999999800e+01 1.357123562864870348e-01
4.436950000000000394e+00 2.455143000000000342e+01 1.361079920205224281e-01
4.441692999999999891e+00 2.444531399999999977e+01 1.364282702402804803e-01
4.446436000000000277e+00 2.452153799999999961e+01 1.373411035221415166e-01
4.451178999999999775e+00 2.439885300000000257e+01 1.377029279239323223e-01
4.455922000000000160e+00 2.441679500000000047e+01 1.384697915969151094e-01
4.460664999999999658e+00 2.450899499999999875e+01 1.394590982503924048e-01
4.465408000000000044e+00 2.439989699999999928e+01 1.398851583882972371e-01
4.470150000000000290e+00 2.449615100000000112e+01 1.409090178982470298e-01
4.474892999999999788e+00 2.451040599999999969e+01 1.417095655048606906e-01
4.479636000000000173e+00 2.438387700000000180e+01 1.421104585902364381e-01
4.484378999999999671e+00 2.467969299999999677e+01 1.437551342110430508e-01
4.489122000000000057e+00 2.464840299999999829e+01 1.444594071473768726e-01
4.493865000000000443e+00 2.444792699999999996e+01 1.446747846360180167e-01
4.498607999999999940e+00 2.455703899999999607e+01 1.458151479007589180e-01
4.503350000000000186e+00 2.468706300000000198e+01 1.470330271378859355e-01
4.508092999999999684e+00 2.472796100000000408e+01 1.480009710371888165e-01
4.512836000000000070e+00 2.449698800000000176e+01 1.481638627390407248e-01
4.517578999999999567e+00 2.459972699999999790e+01 1.493446335679464720e-01
4.522321999999999953e+00 2.452397500000000008e+01 1.499977211981248781e-01
4.527065000000000339e+00 2.453549100000000038e+01 1.509314333765074401e-01
4.531807999999999836e+00 2.458992399999999989e+01 1.520134021126808288e-01
4.536551000000000222e+00 2.439871399999999824e+01 1.523456892845485022e-01
4.541292999999999580e+00 2.471115900000000210e+01 1.542653966882015781e-01
4.546035999999999966e+00 2.447911899999999719e+01 1.544990189775342915e-01
4.550779000000000352e+00 2.436191699999999827e+01 1.551008968645697372e-01
4.555521999999999849e+00 2.474019499999999638e+01 1.572990475259119225e-01
4.560265000000000235e+00 2.479588700000000046e+01 1.584903588301051769e-01
4.565007999999999733e+00 2.471557799999999716e+01 1.592691311013923472e-01
4.569751000000000118e+00 2.456985499999999689e+01 1.598459091647568553e-01
4.574493000000000364e+00 2.473577099999999973e+01 1.614576721877145626e-01
4.579235999999999862e+00 2.459344800000000220e+01 1.620804017942860387e-01
4.583979000000000248e+00 2.455944200000000066e+01 1.630763890441835340e-01
4.588721999999999746e+00 2.470515199999999822e+01 1.646935600361498497e-01
4.593465000000000131e+00 2.468928900000000581e+01 1.657952608518762916e-01
4.598207999999999629e+00 2.430516100000000534e+01 1.656682164693019932e-01
4.602951000000000015e+00 2.441982999999999748e+01 1.672540364596830920e-01
4.607693000000000261e+00 2.444207100000000210e+01 1.685503212991155686e-01
4.612435999999999758e+00 2.462467799999999585e+01 1.704280685677635188e-01
4.617179000000000144e+00 2.482743199999999817e+01 1.724084547045773574e-01
4.621921999999999642e+00 2.462656799999999890e+01 1.730142992841002259e-01
4.626665000000000028e+00 2.473354400000000197e+01 1.747252257651126794e-01
4.631408000000000413e+00 2.457926199999999994e+01 1.755373778860288836e-01
4.636150999999999911e+00 2.457337499999999864e+01 1.769057899320053417e-01
4.640894000000000297e+00 2.458602199999999982e+01 1.783739363212195894e-01
4.645635999999999655e+00 2.439938500000000232e+01 1.791408398410395952e-01
4.650379000000000040e+00 2.469816299999999742e+01 1.817258399413990977e-01
4.655122000000000426e+00 2.463728800000000163e+01 1.830277545088282443e-01
4.659864999999999924e+00 2.438872599999999835e+01 1.836555930308110818e-01
4.664608000000000310e+00 2.455261899999999997e+01 1.858705987337644916e-01
4.669350999999999807e+00 2.471739300000000128e+01 1.881356591698477021e-01
4.674094000000000193e+00 2.457948400000000078e+01 1.892921438723376981e-01
4.678836000000000439e+00 2.490091299999999563e+01 1.922603420493038118e-01
4.683578999999999937e+00 2.456312100000000243e+01 1.927201590891544358e-01
4.688322000000000322e+00 2.496196599999999677e+01 1.961085447505472590e-01
4.693064999999999820e+00 2.482714600000000260e+01 1.974561307574689839e-01
4.697808000000000206e+00 2.457797699999999708e+01 1.983792765037888373e-01
4.702550999999999704e+00 2.473498199999999869e+01 2.009949770952970671e-01
4.707294000000000089e+00 2.478955300000000150e+01 2.032580094326538467e-01
4.712036999999999587e+00 2.472603600000000057e+01 2.050962442243701722e-01
4.716778999999999833e+00 2.461495599999999939e+01 2.067913937348145603e-01
4.721522000000000219e+00 2.440969400000000178e+01 2.081406772295819052e-01
4.726264999999999716e+00 2.471395700000000062e+01 2.117345311348444170e-01
4.731008000000000102e+00 2.495647400000000005e+01 2.151563984736591661e-01
4.735750999999999600e+00 2.496743700000000388e+01 2.176716850181164564e-01
4.740493999999999986e+00 2.482987400000000022e+01 2.196114896743367184e-01
4.745237000000000371e+00 2.456606599999999574e+01 2.210540778770472836e-01
4.749978999999999729e+00 2.472834200000000138e+01 2.245023315667186714e-01
4.754722000000000115e+00 2.498764200000000102e+01 2.285084888373996592e-01
4.759464999999999613e+00 2.463787599999999856e+01 2.298201943054136720e-01
4.764207999999999998e+00 2.509051799999999943e+01 2.349755468006401171e-01
4.768951000000000384e+00 2.490849800000000158e+01 2.372833250143303041e-01
4.773693999999999882e+00 2.442827000000000126e+01 2.382491784164083859e-01
4.778437000000000268e+00 2.453196200000000005e+01 2.421588279995924575e-01
4.783178999999999625e+00 2.460594899999999896e+01 2.460770498782019755e-01
4.787922000000000011e+00 2.475770399999999682e+01 2.505588240156845781e-01
4.792665000000000397e+00 2.452977299999999872e+01 2.532758432598602449e-01
4.797407999999999895e+00 2.467915900000000207e+01 2.581152971155915021e-01
4.802151000000000280e+00 2.427934899999999985e+01 2.602460589782967237e-01
4.806893999999999778e+00 2.423980700000000255e+01 2.644738035899899531e-01
4.811637000000000164e+00 2.459157800000000549e+01 2.710873507744252509e-01
4.816379999999999661e+00 2.488919199999999776e+01 2.777065801631678488e-01
4.821121999999999908e+00 2.470387400000000255e+01 2.819123342942496668e-01
4.825865000000000293e+00 2.476497300000000124e+01 2.878169547753170465e-01
4.830607999999999791e+00 2.516127299999999778e+01 2.960460491337296718e-01
4.835351000000000177e+00 2.456157900000000183e+01 2.987305671070233926e-01
4.840093999999999674e+00 2.474032100000000156e+01 3.064825870234431648e-01
4.844837000000000060e+00 2.500204999999999700e+01 3.152617293614565774e-01
4.849579999999999558e+00 2.479254800000000003e+01 3.215838103948936433e-01
4.854321999999999804e+00 2.478569299999999842e+01 3.297616907338540293e-01
4.859065000000000190e+00 2.517895799999999795e+01 3.413163075022346282e-01
4.863807999999999687e+00 2.436557599999999724e+01 3.453042796539741444e-01
4.868551000000000073e+00 2.488752699999999862e+01 3.594880372017822401e-01
4.873293999999999571e+00 2.509565500000000071e+01 3.725345667740914690e-01
4.878036999999999956e+00 2.531077900000000369e+01 3.869158438579377024e-01
4.882780000000000342e+00 2.443136099999999900e+01 3.940494348765773425e-01
4.887522999999999840e+00 2.464006999999999792e+01 4.113577197226885862e-01
4.892265000000000086e+00 2.506477000000000288e+01 4.326510439257485463e-01
4.897007999999999583e+00 2.532273100000000099e+01 4.552126904368659632e-01
4.901750999999999969e+00 2.496934100000000711e+01 4.753239967307877900e-01
4.906494000000000355e+00 2.499508499999999955e+01 5.028882266106057264e-01
4.911236999999999853e+00 2.474653599999999898e+01 5.328429642032161961e-01
4.915980000000000238e+00 2.499442499999999967e+01 5.753260890466032063e-01
4.920722999999999736e+00 2.541990400000000250e+01 6.309158532574451472e-01
4.925464999999999982e+00 2.575558000000000192e+01 7.022614323870632891e-01
4.930208000000000368e+00 2.613549099999999470e+01 8.022806838994378520e-01
4.934950999999999866e+00 2.526660600000000301e+01 9.336187450347008809e-01
4.939694000000000251e+00 2.252624399999999838e+01 1.138352481756485624e+00
4.944436999999999749e+00 8.312011699999999337e+00 1.198029425112851820e+00