# copyA
# Sample c= 0.0 mg/ml
#
# Number of frames collected: 10
# Exposure time per frame: 0.5
# No significant radiation damage detected, merging 10 files
# Merged from: /data/visitor/mx1905/bm29/20170412/Poker/1d/Sxl_10gs_150_00001.dat
# Merged from: /data/visitor/mx1905/bm29/20170412/Poker/1d/Sxl_10gs_150_00002.dat
# Merged from: /data/visitor/mx1905/bm29/20170412/Poker/1d/Sxl_10gs_150_00003.dat
# Merged from: /data/visitor/mx1905/bm29/20170412/Poker/1d/Sxl_10gs_150_00004.dat
# Merged from: /data/visitor/mx1905/bm29/20170412/Poker/1d/Sxl_10gs_150_00005.dat
# Merged from: /data/visitor/mx1905/bm29/20170412/Poker/1d/Sxl_10gs_150_00006.dat
# Merged from: /data/visitor/mx1905/bm29/20170412/Poker/1d/Sxl_10gs_150_00007.dat
# Merged from: /data/visitor/mx1905/bm29/20170412/Poker/1d/Sxl_10gs_150_00008.dat
# Merged from: /data/visitor/mx1905/bm29/20170412/Poker/1d/Sxl_10gs_150_00009.dat
# Merged from: /data/visitor/mx1905/bm29/20170412/Poker/1d/Sxl_10gs_150_00010.dat
#
# Sample Information:
# Storage Temperature (degrees C): 20.0
# Measurement Temperature (degrees C): 20.03
# Concentration: 0.0
# Code: 
3.082862000000000102e-02 6.155161299999999756e+02 8.314902221926304904e+00
3.557148999999999728e-02 1.201391700000000128e+03 4.789937380850297188e+00
4.031434999999999880e-02 1.161358100000000150e+03 3.102293906503427845e+00
4.505722000000000199e-02 9.118425700000001370e+02 1.954666432866301262e+00
4.980007999999999657e-02 6.229093300000000681e+02 1.446646029841609060e+00
5.454294999999999977e-02 4.452192900000000009e+02 1.150589769120775596e+00
5.928581000000000129e-02 3.239990699999999606e+02 9.331204778071265915e-01
6.402868000000000448e-02 2.516436100000000238e+02 7.840717907280365662e-01
6.877154000000000600e-02 2.016472499999999854e+02 6.741998270011421157e-01
7.351441000000000225e-02 1.640483199999999897e+02 5.859662921663668644e-01
7.825727999999999851e-02 1.353634299999999939e+02 5.123901652984763633e-01
8.300014000000000003e-02 1.155084599999999853e+02 4.581909546913382481e-01
8.774300999999999628e-02 9.995344500000000210e+01 4.135563055509370867e-01
9.248586999999999780e-02 8.869623700000001065e+01 3.785862200494096164e-01
9.722873999999999406e-02 7.799300199999998995e+01 3.447042462171302502e-01
1.019715999999999956e-01 6.972786900000001253e+01 3.176391727237177220e-01
1.067145000000000038e-01 6.460402099999998882e+01 2.984403604346734240e-01
1.114572999999999953e-01 5.927771599999999808e+01 2.794024271324479503e-01
1.162002000000000035e-01 5.503618499999998903e+01 2.633384899753308250e-01
1.209430999999999978e-01 5.157771499999999776e+01 2.495803988618807701e-01
1.256858999999999893e-01 4.898000800000000510e+01 2.383576024160051765e-01
1.304288000000000114e-01 4.680706200000000194e+01 2.285481951617496232e-01
1.351717000000000057e-01 4.453136899999999798e+01 2.187503248384730925e-01
1.399144999999999972e-01 4.255733099999999780e+01 2.099678104488080788e-01
1.446573999999999915e-01 4.126316500000000076e+01 2.031601648098999013e-01
1.494003000000000136e-01 3.951635799999999676e+01 1.954897275392085687e-01
1.541431000000000051e-01 3.840680700000000058e+01 1.899052190887507152e-01
1.588859999999999995e-01 3.753664299999999798e+01 1.847712064130748177e-01
1.636287999999999909e-01 3.626449499999999659e+01 1.788484334769622763e-01
1.683717000000000130e-01 3.547840300000000013e+01 1.742949389772175672e-01
1.731146000000000074e-01 3.481722799999999296e+01 1.701875233178854474e-01
1.778573999999999988e-01 3.414307600000000065e+01 1.661651347476061358e-01
1.826002999999999932e-01 3.367506399999999900e+01 1.627823564227846576e-01
1.873431999999999875e-01 3.275912900000000150e+01 1.584376863945848035e-01
1.920860000000000067e-01 3.258374899999999741e+01 1.559738588310201624e-01
1.968289000000000011e-01 3.185610300000000095e+01 1.522726608233119505e-01
2.015717999999999954e-01 3.141271699999999711e+01 1.493580948539241504e-01
2.063145999999999869e-01 3.095435199999999298e+01 1.464869914067952472e-01
2.110575000000000090e-01 3.081091400000000391e+01 1.442874242233618820e-01
2.158004000000000033e-01 3.064188100000000148e+01 1.422414051805900859e-01
2.205431999999999948e-01 3.020934300000000050e+01 1.396695538472805531e-01
2.252860999999999891e-01 3.020045799999999758e+01 1.381410289296214067e-01
2.300290000000000112e-01 2.987106400000000050e+01 1.359277997886278455e-01
2.347718000000000027e-01 2.943512500000000642e+01 1.335212221118560749e-01
2.395146999999999970e-01 2.921928199999999975e+01 1.316697097824332530e-01
2.442575999999999914e-01 2.920759899999999831e+01 1.303214686717722171e-01
2.490004000000000106e-01 2.891235700000000364e+01 1.283803991942671918e-01
2.537433000000000050e-01 2.863124399999999170e+01 1.265107004494734344e-01
2.584861999999999993e-01 2.820707900000000024e+01 1.243849389702173791e-01
2.632289999999999908e-01 2.838998699999999786e+01 1.236396964934632081e-01
2.679718999999999851e-01 2.834971500000000333e+01 1.224330612498417403e-01
2.727146999999999766e-01 2.798848399999999970e+01 1.205614842166050221e-01
2.774576000000000264e-01 2.798765500000000017e+01 1.195343882452585271e-01
2.822005000000000208e-01 2.789980499999999708e+01 1.183748785967107253e-01
2.869433000000000122e-01 2.771456099999999623e+01 1.169784782474784929e-01
2.916862000000000066e-01 2.776583100000000215e+01 1.161016072122905418e-01
2.964291000000000009e-01 2.769006699999999910e+01 1.149885184214319844e-01
3.011718999999999924e-01 2.723975699999999733e+01 1.131278158223020663e-01
3.059147999999999867e-01 2.726947100000000290e+01 1.122891763422005085e-01
3.106576999999999811e-01 2.740246000000000137e+01 1.116752875924333643e-01
3.154004999999999725e-01 2.727841500000000252e+01 1.105640855213549933e-01
3.201434000000000224e-01 2.720216199999999773e+01 1.095763880517385963e-01
3.248863000000000167e-01 2.730141500000000221e+01 1.089558305162137558e-01
3.296291000000000082e-01 2.709012900000000101e+01 1.077281213618835054e-01
3.343720000000000026e-01 2.709730499999999864e+01 1.069593701907644856e-01
3.391148999999999969e-01 2.710762199999999922e+01 1.073333050617132634e-01
3.438576999999999884e-01 2.709673900000000302e+01 1.086984775976296697e-01
3.486005999999999827e-01 2.701165899999999809e+01 1.112904053236621199e-01
3.533434999999999770e-01 2.685973999999999862e+01 1.130127003308964290e-01
3.580863000000000240e-01 2.677950599999999781e+01 1.142466079111703892e-01
3.628292000000000184e-01 2.680065700000000106e+01 1.154188839697131153e-01
3.675720000000000098e-01 2.682508500000000140e+01 1.164219238278907803e-01
3.723149000000000042e-01 2.655687999999999960e+01 1.166909837045112114e-01
3.770577999999999985e-01 2.681003499999999917e+01 1.180304894977653590e-01
3.818005999999999900e-01 2.649911499999999975e+01 1.179701414264745229e-01
3.865434999999999843e-01 2.655421199999999970e+01 1.186753234787586153e-01
3.912863999999999787e-01 2.674157599999999846e+01 1.195708313574276316e-01
3.960292000000000256e-01 2.655135500000000093e+01 1.196343611039253352e-01
4.007721000000000200e-01 2.675896599999999736e+01 1.206146005542351463e-01
4.055150000000000143e-01 2.677758400000000094e+01 1.248150975975006044e-01
4.102578000000000058e-01 2.658295299999999628e+01 1.276036352136262486e-01
4.150007000000000001e-01 2.647455199999999920e+01 1.301315577071465168e-01
4.197435999999999945e-01 2.640521499999999833e+01 1.319627312538115826e-01
4.244863999999999860e-01 2.656619600000000148e+01 1.345076301566368315e-01
4.292292999999999803e-01 2.651319400000000570e+01 1.364262089611724960e-01
4.339721999999999746e-01 2.660213099999999642e+01 1.387471939425432288e-01
4.387150000000000216e-01 2.686423700000000281e+01 1.414631293061407447e-01
4.434579000000000160e-01 2.641735299999999853e+01 1.423424583280965272e-01
4.482008000000000103e-01 2.634900800000000487e+01 1.445585222497470235e-01
4.529436000000000018e-01 2.624610099999999946e+01 1.466273607143349644e-01
4.576864999999999961e-01 2.634876300000000171e+01 1.484480056938670967e-01
4.624293999999999905e-01 2.627875399999999928e+01 1.494857136163452727e-01
4.671721999999999819e-01 2.660486900000000077e+01 1.496673747414238309e-01
4.719150999999999763e-01 2.670793899999999965e+01 1.440547831423170944e-01
4.766579000000000232e-01 2.647476500000000144e+01 1.407241551916610378e-01
4.814008000000000176e-01 2.667704999999999771e+01 1.394662179006773139e-01
4.861437000000000119e-01 2.627806500000000511e+01 1.370568647502506399e-01
4.908865000000000034e-01 2.643168999999999613e+01 1.363361571040477838e-01
4.956293999999999977e-01 2.635477100000000661e+01 1.351795075322180517e-01
5.003722999999999921e-01 2.619385499999999567e+01 1.339187243858188103e-01
5.051151000000000391e-01 2.625038299999999936e+01 1.333024678782928629e-01
5.098580000000000334e-01 2.645153200000000382e+01 1.331165830800343786e-01
5.146009000000000277e-01 2.632774900000000073e+01 1.321635289263868862e-01
5.193436999999999637e-01 2.642396999999999707e+01 1.317990546336755553e-01
5.240865999999999580e-01 2.632711600000000018e+01 1.309906231325986825e-01
5.288294999999999524e-01 2.634230200000000011e+01 1.304919151951238754e-01
5.335722999999999994e-01 2.593436600000000070e+01 1.287163536937898090e-01
5.383151999999999937e-01 2.592266000000000048e+01 1.277586381981543340e-01
5.430580999999999881e-01 2.607712900000000289e+01 1.272461077657120465e-01
5.478009000000000350e-01 2.616824700000000092e+01 1.266086165151377174e-01
5.525438000000000294e-01 2.609063299999999685e+01 1.255929332583239078e-01
5.572867000000000237e-01 2.611049799999999976e+01 1.248352947012774938e-01
5.620294999999999597e-01 2.612819599999999554e+01 1.240989245449601042e-01
5.667723999999999540e-01 2.616918800000000189e+01 1.234413481233508775e-01
5.715152000000000010e-01 2.622169200000000089e+01 1.228316994383839844e-01
5.762580999999999953e-01 2.603172400000000408e+01 1.216710762736386703e-01
5.810009999999999897e-01 2.605237599999999887e+01 1.210564000484208175e-01
5.857438000000000367e-01 2.601477399999999918e+01 1.206073751829211255e-01
5.904867000000000310e-01 2.616650299999999874e+01 1.206677655238746760e-01
5.952296000000000253e-01 2.592087300000000027e+01 1.198102089773663559e-01
5.999723999999999613e-01 2.613068200000000019e+01 1.201335193803203250e-01
6.047152999999999556e-01 2.614835599999999971e+01 1.198702627861756298e-01
6.094581999999999500e-01 2.612061999999999529e+01 1.194224803931722284e-01
6.142009999999999970e-01 2.601176299999999486e+01 1.190058556063305628e-01
6.189438999999999913e-01 2.601930899999999980e+01 1.186366038061727329e-01
6.236867999999999856e-01 2.621694499999999906e+01 1.188115059006942253e-01
6.284296000000000326e-01 2.606412699999999560e+01 1.181951925302459072e-01
6.331725000000000270e-01 2.605494099999999591e+01 1.179041647816530675e-01
6.379154000000000213e-01 2.604986900000000105e+01 1.176252468949685187e-01
6.426581999999999573e-01 2.595793300000000414e+01 1.171541102242081023e-01
6.474010999999999516e-01 2.603167699999999485e+01 1.170593386293767579e-01
6.521439999999999459e-01 2.615648399999999896e+01 1.170768495103451379e-01
6.568867999999999929e-01 2.608602300000000085e+01 1.166594050558342338e-01
6.616296999999999873e-01 2.610398099999999744e+01 1.164431099488857646e-01
6.663725999999999816e-01 2.598634400000000255e+01 1.159268729556784117e-01
6.711154000000000286e-01 2.594620499999999907e+01 1.155831600672606596e-01
6.758583000000000229e-01 2.598615099999999956e+01 1.154200016542531460e-01
6.806010999999999589e-01 2.596118999999999843e+01 1.151155531181082409e-01
6.853439999999999532e-01 2.608946599999999805e+01 1.151526487147820632e-01
6.900868999999999476e-01 2.620560599999999951e+01 1.151602483432065255e-01
6.948296999999999946e-01 2.587594299999999592e+01 1.141885276743767330e-01
6.995725999999999889e-01 2.590270999999999546e+01 1.140053034847791774e-01
7.043154999999999832e-01 2.589053000000000182e+01 1.137387573340380847e-01
7.090583000000000302e-01 2.604893700000000223e+01 1.138448678214608878e-01
7.138012000000000246e-01 2.591277900000000045e+01 1.133077675390067734e-01
7.185441000000000189e-01 2.577767400000000109e+01 1.127765351037093994e-01
7.232868999999999549e-01 2.578154500000000127e+01 1.125516182615483307e-01
7.280297999999999492e-01 2.591615800000000291e+01 1.126106027403725590e-01
7.327727000000000546e-01 2.588633800000000207e+01 1.123125239439337897e-01
7.375154999999999905e-01 2.603289399999999887e+01 1.123991058939549648e-01
7.422583999999999849e-01 2.594677300000000031e+01 1.119845236750779821e-01
7.470012999999999792e-01 2.604154600000000030e+01 1.119595885152124826e-01
7.517441000000000262e-01 2.577438100000000532e+01 1.111565585439203974e-01
7.564870000000000205e-01 2.599142200000000003e+01 1.113983382381519283e-01
7.612299000000000149e-01 2.605422200000000288e+01 1.113092347988126340e-01
7.659726999999999508e-01 2.602735999999999805e+01 1.110281692539087234e-01
7.707155999999999452e-01 2.600987500000000097e+01 1.107678855619285557e-01
7.754585000000000505e-01 2.586554600000000192e+01 1.102411340291916675e-01
7.802012999999999865e-01 2.576324999999999932e+01 1.099140126450717653e-01
7.849441999999999808e-01 2.593214800000000153e+01 1.100173203763889218e-01
7.896870000000000278e-01 2.587603299999999606e+01 1.096100281276704280e-01
7.944299000000000222e-01 2.586894899999999708e+01 1.093807043866362044e-01
7.991728000000000165e-01 2.597758600000000229e+01 1.093969206860311988e-01
8.039155999999999525e-01 2.575990799999999581e+01 1.087253921054295580e-01
8.086584999999999468e-01 2.579430499999999782e+01 1.085857855192626092e-01
8.134014000000000522e-01 2.590397600000000011e+01 1.086065338564954769e-01
8.181441999999999881e-01 2.573575799999999703e+01 1.081274436398132754e-01
8.228870999999999825e-01 2.576179600000000391e+01 1.078973562416517123e-01
8.276299999999999768e-01 2.607579799999999892e+01 1.083399768049587431e-01
8.323728000000000238e-01 2.571666399999999797e+01 1.073867037517363954e-01
8.371157000000000181e-01 2.601925200000000515e+01 1.078127118963158326e-01
8.418586000000000125e-01 2.595450500000000105e+01 1.074748655897498628e-01
8.466013999999999484e-01 2.585790200000000638e+01 1.070713100273131130e-01
8.513443000000000538e-01 2.568600599999999901e+01 1.065149954110617275e-01
8.560872000000000481e-01 2.583160400000000578e+01 1.066175995352634243e-01
8.608299999999999841e-01 2.592647699999999844e+01 1.066141443687586010e-01
8.655728999999999784e-01 2.580990500000000409e+01 1.061755739808483423e-01
8.703157999999999728e-01 2.573143499999999761e+01 1.058182239410683928e-01
8.750586000000000197e-01 2.567770600000000059e+01 1.055134832142807372e-01
8.798015000000000141e-01 2.577413700000000318e+01 1.055173680717454154e-01
8.845442999999999500e-01 2.582376100000000108e+01 1.054245404285050619e-01
8.892872000000000554e-01 2.567377900000000324e+01 1.049260968455917598e-01
8.940301000000000498e-01 2.565518199999999638e+01 1.046983161947058483e-01
8.987728999999999857e-01 2.561889000000000038e+01 1.044347503198930494e-01
9.035157999999999801e-01 2.582129199999999969e+01 1.046559652930209305e-01
9.082586999999999744e-01 2.571301499999999507e+01 1.042487736506602786e-01
9.130015000000000214e-01 2.568060600000000093e+01 1.039969563265541047e-01
9.177444000000000157e-01 2.584837900000000133e+01 1.041498807777128388e-01
9.224873000000000101e-01 2.588667799999999986e+01 1.040403099395945663e-01
9.272300999999999460e-01 2.576447099999999679e+01 1.036103830436332363e-01
9.319730000000000514e-01 2.571101699999999823e+01 1.033204318886559864e-01
9.367159000000000457e-01 2.577811799999999920e+01 1.032731528270387500e-01
9.414586999999999817e-01 2.573893499999999790e+01 1.030122049909834858e-01
9.462015999999999760e-01 2.578817099999999840e+01 1.029301112900418425e-01
9.509444999999999704e-01 2.581437900000000241e+01 1.028035360985759122e-01
9.556873000000000173e-01 2.552264500000000425e+01 1.020433844610242335e-01
9.604302000000000117e-01 2.568907799999999497e+01 1.021970235170296115e-01
9.651731000000000060e-01 2.564901100000000156e+01 1.019410073157549224e-01
9.699159000000000530e-01 2.579939500000000407e+01 1.020639279078847661e-01
9.746588000000000473e-01 2.563235999999999848e+01 1.015586823326110333e-01
9.794017000000000417e-01 2.554057700000000608e+01 1.012022016399752172e-01
9.841444999999999776e-01 2.542763300000000015e+01 1.008060306004536499e-01
9.888873999999999720e-01 2.560219899999999527e+01 1.009802082740845763e-01
9.936302000000000190e-01 2.563190999999999775e+01 1.008680319617697163e-01
9.983731000000000133e-01 2.562309300000000434e+01 1.006793847756058680e-01
1.003115999999999897e+00 2.565717300000000023e+01 1.005767513028756471e-01
1.007859000000000060e+00 2.581380299999999650e+01 1.007146030062691516e-01
1.012602000000000002e+00 2.571670200000000506e+01 1.003573408653313237e-01
1.017344999999999944e+00 2.560507400000000189e+01 9.997124701269761993e-02
1.022086999999999968e+00 2.557042099999999962e+01 9.973763638476700055e-02
1.026829999999999909e+00 2.560841300000000231e+01 9.964705930208778151e-02
1.031573000000000073e+00 2.558671299999999604e+01 9.944061832555849134e-02
1.036316000000000015e+00 2.552988099999999605e+01 9.916568784207116516e-02
1.041058999999999957e+00 2.557239699999999871e+01 9.908553775115468143e-02
1.045801999999999898e+00 2.554690599999999634e+01 9.887468346235046834e-02
1.050545000000000062e+00 2.550051100000000304e+01 9.862420551330083884e-02
1.055287000000000086e+00 2.541349999999999554e+01 9.829458689229077228e-02
1.060030000000000028e+00 2.565080999999999634e+01 9.859268745229890496e-02
1.064772999999999969e+00 2.570468200000000181e+01 9.853726921735857236e-02
1.069515999999999911e+00 2.561279200000000245e+01 9.820304541931274001e-02
1.074259000000000075e+00 2.553040899999999880e+01 9.788663114746007365e-02
1.079002000000000017e+00 2.557364899999999963e+01 9.781273880445737201e-02
1.083744999999999958e+00 2.566094199999999859e+01 9.784484818357581937e-02
1.088487999999999900e+00 2.559840600000000421e+01 9.759204329214241080e-02
1.093229999999999924e+00 2.572481799999999907e+01 9.763414562520736362e-02
1.097973000000000088e+00 2.551095099999999860e+01 9.707371084436558495e-02
1.102716000000000030e+00 2.567115199999999930e+01 9.722513776611119152e-02
1.107458999999999971e+00 2.550317300000000031e+01 9.675469912780876314e-02
1.112201999999999913e+00 2.557873099999999766e+01 9.674520904955086209e-02
1.116945000000000077e+00 2.560411800000000682e+01 9.664216279823625855e-02
1.121688000000000018e+00 2.556388000000000105e+01 9.641618919080030548e-02
1.126430000000000042e+00 2.549072600000000222e+01 9.612912994788780363e-02
1.131172999999999984e+00 2.542612100000000197e+01 9.585790230550166047e-02
1.135915999999999926e+00 2.544074099999999561e+01 9.573748991473038372e-02
1.140659000000000090e+00 2.546068700000000007e+01 9.562814830247054476e-02
1.145402000000000031e+00 2.555614099999999667e+01 9.566064079518860064e-02
1.150144999999999973e+00 2.541898699999999778e+01 9.525688642391530458e-02
1.154887999999999915e+00 2.549932400000000143e+01 9.526179221264052810e-02
1.159631000000000078e+00 2.552493399999999824e+01 9.516516042900784178e-02
1.164373000000000102e+00 2.557501800000000003e+01 9.511483997093303500e-02
1.169116000000000044e+00 2.563711900000000199e+01 9.515681265531124311e-02
1.173858999999999986e+00 2.555151599999999945e+01 9.482897296458134284e-02
1.178601999999999927e+00 2.553094200000000313e+01 9.460306220690532786e-02
1.183345000000000091e+00 2.545829199999999659e+01 9.432738033342599748e-02
1.188088000000000033e+00 2.562670599999999510e+01 9.449677207532328205e-02
1.192830999999999975e+00 2.555086499999999816e+01 9.421612571149590165e-02
1.197572999999999999e+00 2.546514300000000119e+01 9.391860648894924390e-02
1.202315999999999940e+00 2.559717099999999590e+01 9.402288528369515119e-02
1.207059000000000104e+00 2.572994600000000176e+01 9.443178425782390584e-02
1.211802000000000046e+00 2.557780400000000043e+01 9.723520799699972295e-02
1.216544999999999987e+00 2.533832299999999904e+01 9.879334781428808498e-02
1.221287999999999929e+00 2.537307500000000005e+01 1.003472089891064289e-01
1.226031000000000093e+00 2.555368800000000107e+01 1.019646290919866000e-01
1.230774000000000035e+00 2.552278199999999941e+01 1.030264581999905393e-01
1.235516000000000059e+00 2.549144199999999927e+01 1.039931830310679428e-01
1.240259000000000000e+00 2.546419300000000163e+01 1.048997534015090050e-01
1.245001999999999942e+00 2.538429699999999656e+01 1.056423600805354024e-01
1.249745000000000106e+00 2.548249899999999712e+01 1.067146276400273985e-01
1.254488000000000048e+00 2.544122300000000081e+01 1.074621324082976753e-01
1.259230999999999989e+00 2.535446100000000058e+01 1.078252697260976001e-01
1.263973999999999931e+00 2.564146500000000017e+01 1.087124821610991471e-01
1.268715999999999955e+00 2.541532399999999470e+01 1.084945160502414491e-01
1.273458999999999897e+00 2.553781400000000446e+01 1.069734949237543670e-01
1.278202000000000060e+00 2.560687000000000424e+01 1.031592922480796259e-01
1.282945000000000002e+00 2.555885299999999916e+01 1.010967309865556524e-01
1.287687999999999944e+00 2.546701999999999799e+01 9.949374864495155735e-02
1.292431000000000108e+00 2.572008000000000294e+01 9.883208330298769162e-02
1.297174000000000049e+00 2.552043399999999806e+01 9.746738574034957692e-02
1.301916000000000073e+00 2.551255400000000151e+01 9.658869385116458650e-02
1.306659000000000015e+00 2.551107800000000125e+01 9.581000252558967423e-02
1.311401999999999957e+00 2.544311700000000087e+01 9.497583504913867380e-02
1.316144999999999898e+00 2.552402900000000230e+01 9.447360459323597692e-02
1.320888000000000062e+00 2.547223400000000026e+01 9.390780222051998971e-02
1.325631000000000004e+00 2.553800399999999726e+01 9.378682401743912433e-02
1.330373999999999945e+00 2.561021400000000270e+01 9.369021059060599066e-02
1.335117000000000109e+00 2.554955100000000456e+01 9.336046955146273807e-02
1.339858999999999911e+00 2.560175899999999771e+01 9.324371184578025828e-02
1.344602000000000075e+00 2.555885699999999972e+01 9.296134947649049851e-02
1.349345000000000017e+00 2.559151000000000309e+01 9.282345350889127655e-02
1.354087999999999958e+00 2.558810300000000026e+01 9.262575431551367533e-02
1.358830999999999900e+00 2.547984299999999536e+01 9.224256250222237496e-02
1.363574000000000064e+00 2.543992200000000281e+01 9.198837042312849044e-02
1.368317000000000005e+00 2.545418000000000092e+01 9.183668100325163841e-02
1.373059000000000029e+00 2.544779199999999975e+01 9.165189664318244833e-02
1.377801999999999971e+00 2.549043500000000151e+01 9.155746510780757297e-02
1.382544999999999913e+00 2.549404499999999985e+01 9.139634685995826069e-02
1.387288000000000077e+00 2.550499699999999592e+01 9.125192207065832561e-02
1.392031000000000018e+00 2.531127000000000038e+01 9.074402337663126095e-02
1.396773999999999960e+00 2.547547999999999746e+01 9.087837718942388954e-02
1.401516999999999902e+00 2.544993000000000194e+01 9.067590089690534538e-02
1.406260000000000066e+00 2.550499299999999891e+01 9.061965812717348578e-02
1.411002000000000089e+00 2.555947100000000560e+01 9.056438610919471943e-02
1.415745000000000031e+00 2.560688099999999778e+01 9.049692954471162676e-02
1.420487999999999973e+00 2.552106699999999861e+01 9.019645108239790487e-02
1.425230999999999915e+00 2.549185100000000403e+01 8.999807477645396792e-02
1.429974000000000078e+00 2.538178199999999762e+01 8.965922866381965950e-02
1.434717000000000020e+00 2.543765299999999741e+01 8.961404413290027793e-02
1.439459999999999962e+00 2.538469900000000479e+01 8.937879538744858410e-02
1.444201999999999986e+00 2.543204800000000176e+01 8.932174382721544403e-02
1.448944999999999927e+00 2.554231000000000051e+01 8.937621372254028751e-02
1.453688000000000091e+00 2.533746299999999962e+01 8.887934685774867560e-02
1.458431000000000033e+00 2.545327300000000292e+01 8.894539030843981453e-02
1.463173999999999975e+00 2.541779100000000113e+01 8.877190349471278386e-02
1.467916999999999916e+00 2.547989899999999963e+01 8.874823761581579484e-02
1.472660000000000080e+00 2.533431300000000164e+01 8.833634587682694106e-02
1.477402000000000104e+00 2.551196600000000103e+01 8.851326640951229230e-02
1.482145000000000046e+00 2.546065300000000065e+01 8.829360873310933278e-02
1.486887999999999987e+00 2.548335400000000206e+01 8.820362792066491209e-02
1.491630999999999929e+00 2.546498799999999818e+01 8.804271639058622312e-02
1.496374000000000093e+00 2.560948799999999892e+01 8.816340426759505799e-02
1.501117000000000035e+00 2.553802699999999959e+01 8.795790336401215770e-02
1.505859999999999976e+00 2.557423200000000207e+01 8.959450814548791664e-02
1.510602999999999918e+00 2.549499199999999988e+01 9.197182590362877608e-02
1.515344999999999942e+00 2.555831999999999837e+01 9.361184575348303893e-02
1.520088000000000106e+00 2.546097400000000022e+01 9.466440625800967568e-02
1.524831000000000047e+00 2.541255999999999915e+01 9.564758870686704273e-02
1.529573999999999989e+00 2.560625799999999685e+01 9.676719515418022444e-02
1.534316999999999931e+00 2.580087100000000078e+01 9.443414765619054241e-02
1.539060000000000095e+00 2.561712400000000045e+01 9.263693710620025945e-02
1.543803000000000036e+00 2.561339899999999759e+01 9.165319633497349960e-02
1.548545000000000060e+00 2.541738099999999889e+01 9.034846801897694624e-02
1.553288000000000002e+00 2.545204400000000078e+01 8.960767457743226694e-02
1.558030999999999944e+00 2.546788500000000255e+01 8.888065494317590187e-02
1.562774000000000107e+00 2.550310599999999894e+01 8.805178960317047721e-02
1.567517000000000049e+00 2.550401299999999694e+01 8.724303260483154410e-02
1.572259999999999991e+00 2.536652299999999371e+01 8.649746200337440905e-02
1.577002999999999933e+00 2.547464499999999887e+01 8.634103574454328467e-02
1.581746000000000096e+00 2.536869099999999833e+01 8.599492366669383991e-02
1.586487999999999898e+00 2.540822999999999610e+01 8.608452617932330075e-02
1.591231000000000062e+00 2.549704599999999743e+01 8.634536992507704789e-02
1.595974000000000004e+00 2.537753300000000323e+01 8.624891006686924433e-02
1.600716999999999945e+00 2.526229800000000125e+01 8.612776096308552565e-02
1.605460000000000109e+00 2.540469200000000072e+01 8.625795630209830145e-02
1.610203000000000051e+00 2.523596500000000020e+01 8.582735301569191511e-02
1.614945999999999993e+00 2.536106600000000100e+01 8.589938884770019489e-02
1.619688000000000017e+00 2.553404700000000105e+01 8.605380614084828794e-02
1.624430999999999958e+00 2.539163999999999888e+01 8.567799480554093294e-02
1.629173999999999900e+00 2.539486899999999991e+01 8.554977739142108351e-02
1.633917000000000064e+00 2.521982200000000063e+01 8.512389692830032994e-02
1.638660000000000005e+00 2.535575999999999652e+01 8.522403095450953314e-02
1.643402999999999947e+00 2.534770499999999771e+01 8.508329618204563127e-02
1.648146000000000111e+00 2.536965000000000003e+01 8.499396376441328838e-02
1.652889000000000053e+00 2.541988999999999876e+01 8.495373113229223727e-02
1.657631000000000077e+00 2.536969599999999758e+01 8.474747999539218590e-02
1.662374000000000018e+00 2.536392399999999725e+01 8.461618938006898460e-02
1.667116999999999960e+00 2.540787900000000121e+01 8.456899008516301219e-02
1.671859999999999902e+00 2.541953799999999930e+01 8.446930494397654476e-02
1.676603000000000065e+00 2.520662299999999689e+01 8.399784839892031341e-02
1.681346000000000007e+00 2.534192600000000439e+01 8.410619634536388445e-02
1.686088999999999949e+00 2.529715999999999809e+01 8.391594511427788450e-02
1.690830999999999973e+00 2.539565400000000039e+01 8.396466651066029907e-02
1.695573999999999915e+00 2.536144699999999830e+01 8.379469489820402794e-02
1.700317000000000078e+00 2.533770999999999773e+01 8.364259147428002028e-02
1.705060000000000020e+00 2.526921699999999760e+01 8.341754446584243032e-02
1.709802999999999962e+00 2.529764600000000030e+01 8.335345452686648837e-02
1.714545999999999903e+00 2.525362600000000413e+01 8.317127276449602646e-02
1.719289000000000067e+00 2.534876200000000068e+01 8.321820748932652612e-02
1.724031000000000091e+00 2.535189499999999541e+01 8.311441475404914014e-02
1.728774000000000033e+00 2.524466299999999919e+01 8.283068677008961767e-02
1.733516999999999975e+00 2.521100200000000058e+01 8.266895836290186206e-02
1.738259999999999916e+00 2.531771400000000227e+01 8.273718096694436530e-02
1.743003000000000080e+00 2.531584099999999893e+01 8.262789017779105516e-02
1.747746000000000022e+00 2.521103800000000206e+01 8.235183188765202167e-02
1.752488999999999963e+00 2.522680299999999676e+01 8.227360508659990745e-02
1.757231999999999905e+00 2.520465300000000042e+01 8.213381756051765792e-02
1.761973999999999929e+00 2.519269500000000050e+01 8.201085431871321663e-02
1.766717000000000093e+00 2.543667599999999851e+01 8.230420126587949248e-02
1.771460000000000035e+00 2.533578999999999581e+01 8.203890089327196822e-02
1.776202999999999976e+00 2.529012099999999919e+01 8.190023023990225526e-02
1.780945999999999918e+00 2.533306299999999922e+01 8.187084988322888834e-02
1.785689000000000082e+00 2.532436700000000229e+01 8.171712090580958432e-02
1.790432000000000023e+00 2.534219699999999875e+01 8.164617382553331082e-02
1.795174000000000047e+00 2.524250400000000027e+01 8.138615866445780833e-02
1.799916999999999989e+00 2.514931699999999992e+01 8.113674548069881032e-02
1.804659999999999931e+00 2.513160099999999986e+01 8.101048859488195475e-02
1.809403000000000095e+00 2.527748799999999818e+01 8.114756847831855469e-02
1.814146000000000036e+00 2.535560500000000417e+01 8.117538603668909836e-02
1.818888999999999978e+00 2.515256299999999712e+01 8.075279400210309821e-02
1.823631999999999920e+00 2.518614000000000175e+01 8.071039456403369949e-02
1.828375000000000083e+00 2.524242199999999769e+01 8.070493688469745908e-02
1.833117000000000107e+00 2.518316200000000293e+01 8.051477938088572039e-02
1.837860000000000049e+00 2.520803700000000092e+01 8.045934151403054402e-02
1.842602999999999991e+00 2.525771199999999794e+01 8.044408117924088664e-02
1.847345999999999933e+00 2.520880799999999766e+01 8.027243783674195554e-02
1.852089000000000096e+00 2.522772599999999699e+01 8.027500275137397501e-02
1.856832000000000038e+00 2.531988100000000230e+01 8.026737054010550654e-02
1.861574999999999980e+00 2.529334300000000013e+01 8.012654356998247240e-02
1.866317000000000004e+00 2.515986400000000245e+01 7.982275363135689361e-02
1.871059999999999945e+00 2.524025799999999720e+01 7.985827124133668131e-02
1.875803000000000109e+00 2.517426099999999778e+01 7.966187229861786123e-02
1.880546000000000051e+00 2.519081200000000109e+01 7.959696457826140326e-02
1.885288999999999993e+00 2.519125299999999967e+01 7.950713162818603963e-02
1.890031999999999934e+00 2.517208500000000271e+01 7.938649163579468426e-02
1.894775000000000098e+00 2.513708100000000201e+01 7.924094018766435210e-02
1.899516999999999900e+00 2.526348400000000183e+01 7.935041203523079956e-02
1.904260000000000064e+00 2.523603700000000316e+01 7.921797387982414118e-02
1.909003000000000005e+00 2.511915899999999979e+01 7.894570623871574599e-02
1.913745999999999947e+00 2.517632400000000104e+01 7.894653378458424409e-02
1.918489000000000111e+00 2.519117599999999868e+01 7.888180069349140511e-02
1.923232000000000053e+00 2.524146599999999907e+01 7.887281602331820685e-02
1.927974999999999994e+00 2.510278100000000023e+01 7.856624623765792736e-02
1.932717999999999936e+00 2.509243000000000023e+01 7.840110921773875419e-02
1.937459999999999960e+00 2.515256300000000067e+01 7.831188411595330079e-02
1.942202999999999902e+00 2.512648400000000137e+01 7.805795516318436711e-02
1.946946000000000065e+00 2.516835700000000031e+01 7.793318752325224807e-02
1.951689000000000007e+00 2.531218000000000501e+01 7.800139637933220516e-02
1.956431999999999949e+00 2.511323900000000009e+01 7.761042545340542109e-02
1.961174999999999891e+00 2.514873899999999907e+01 7.758360107273185036e-02
1.965918000000000054e+00 2.501202599999999876e+01 7.729215845331335877e-02
1.970660000000000078e+00 2.515359799999999879e+01 7.747406470327666828e-02
1.975403000000000020e+00 2.512877800000000406e+01 7.741505558394567998e-02
1.980145999999999962e+00 2.508029300000000106e+01 7.736165915442351493e-02
1.984888999999999903e+00 2.509021699999999910e+01 7.739746700236836696e-02
1.989632000000000067e+00 2.520110599999999579e+01 7.758867457571691495e-02
1.994375000000000009e+00 2.512041199999999819e+01 7.743595039855583062e-02
1.999117999999999951e+00 2.514457600000000070e+01 7.736191767477522407e-02
2.003861000000000114e+00 2.520242599999999555e+01 7.736855260962233194e-02
2.008602999999999916e+00 2.515121199999999746e+01 7.720741567935426874e-02
2.013345999999999858e+00 2.525275499999999695e+01 7.796729284089515266e-02
2.018088999999999800e+00 2.517916999999999916e+01 8.012558570383120082e-02
2.022832000000000185e+00 2.503999400000000009e+01 8.122623176488430463e-02
2.027575000000000127e+00 2.519330699999999723e+01 8.250499377991916961e-02
2.032318000000000069e+00 2.509667299999999557e+01 8.322952323698365462e-02
2.037061000000000011e+00 2.503847199999999873e+01 8.392422566755382285e-02
2.041802999999999813e+00 2.511523500000000197e+01 8.476508267960045084e-02
2.046546000000000198e+00 2.507061500000000009e+01 8.507683807961424760e-02
2.051289000000000140e+00 2.504112800000000405e+01 8.528809219645436257e-02
2.056032000000000082e+00 2.501445400000000063e+01 8.548420798533259979e-02
2.060775000000000023e+00 2.498969199999999802e+01 8.566766634716158069e-02
2.065517999999999965e+00 2.505046599999999657e+01 8.598377985021710135e-02
2.070260999999999907e+00 2.503289500000000345e+01 8.615422871067618393e-02
2.075003000000000153e+00 2.498486100000000221e+01 8.626159276770978268e-02
2.079746000000000095e+00 2.515950299999999729e+01 8.448228601885782174e-02
2.084489000000000036e+00 2.515309199999999734e+01 8.232564615800290475e-02
2.089231999999999978e+00 2.513904999999999745e+01 8.112571931435801076e-02
2.093974999999999920e+00 2.516378200000000120e+01 8.027587268001763754e-02
2.098717999999999861e+00 2.517355600000000138e+01 7.955825687039153049e-02
2.103460999999999803e+00 2.512107099999999704e+01 7.884397012027490048e-02
2.108204000000000189e+00 2.503834499999999963e+01 7.827663336650728110e-02
2.112945999999999991e+00 2.502391300000000385e+01 7.804596267177822677e-02
2.117688999999999933e+00 2.520598899999999887e+01 7.813987591014462386e-02
2.122431999999999874e+00 2.502952800000000266e+01 7.768950614663475140e-02
2.127174999999999816e+00 2.513253900000000129e+01 7.768426208399484278e-02
2.131918000000000202e+00 2.507558700000000229e+01 7.744024535032026368e-02
2.136661000000000143e+00 2.490504200000000168e+01 7.702860607239948865e-02
2.141404000000000085e+00 2.497588000000000008e+01 7.699602129375127113e-02
2.146145999999999887e+00 2.500105999999999895e+01 7.689879847264520507e-02
2.150888999999999829e+00 2.498410300000000106e+01 7.674143045276196617e-02
2.155632000000000215e+00 2.507505899999999954e+01 7.675447975934238110e-02
2.160375000000000156e+00 2.492144399999999749e+01 7.639585349717745166e-02
2.165118000000000098e+00 2.497432299999999827e+01 7.635739105249668424e-02
2.169861000000000040e+00 2.485703799999999575e+01 7.606187416207545182e-02
2.174603999999999981e+00 2.485225799999999907e+01 7.594129758260585727e-02
2.179346999999999923e+00 2.486126199999999997e+01 7.584389742719778449e-02
2.184089000000000169e+00 2.488221300000000014e+01 7.576760071564889176e-02
2.188832000000000111e+00 2.495281899999999808e+01 7.576862515605189974e-02
2.193575000000000053e+00 2.500475400000000192e+01 7.574281164902976760e-02
2.198317999999999994e+00 2.497171100000000266e+01 7.558969881555951953e-02
2.203060999999999936e+00 2.489844599999999986e+01 7.537773765686126004e-02
2.207803999999999878e+00 2.502091399999999766e+01 7.546368146079078520e-02
2.212546999999999819e+00 2.509547900000000453e+01 7.547786019983475370e-02
2.217289000000000065e+00 2.501834200000000052e+01 7.526477360229684443e-02
2.222032000000000007e+00 2.493464999999999776e+01 7.504343352486678165e-02
2.226774999999999949e+00 2.503495500000000362e+01 7.510015403209104046e-02
2.231517999999999891e+00 2.501760900000000021e+01 7.498118025339424453e-02
2.236260999999999832e+00 2.497042199999999568e+01 7.481825040816178496e-02
2.241004000000000218e+00 2.494498399999999805e+01 7.468942695719923974e-02
2.245747000000000160e+00 2.484913099999999986e+01 7.445624668570663407e-02
2.250490000000000101e+00 2.497330999999999790e+01 7.455321105874314347e-02
2.255231999999999903e+00 2.495373299999999617e+01 7.443576038365026792e-02
2.259974999999999845e+00 2.501792499999999819e+01 7.444411886070785578e-02
2.264717999999999787e+00 2.491776399999999825e+01 7.420883777589096231e-02
2.269461000000000173e+00 2.498914300000000210e+01 7.422944935229278118e-02
2.274204000000000114e+00 2.497900999999999883e+01 7.412922863126594764e-02
2.278947000000000056e+00 2.492340099999999836e+01 7.396256392092352694e-02
2.283689999999999998e+00 2.490583500000000328e+01 7.385320154128119374e-02
2.288431999999999800e+00 2.497896000000000072e+01 7.387896271954892680e-02
2.293175000000000185e+00 2.491758800000000207e+01 7.370577270056939689e-02
2.297918000000000127e+00 2.487927299999999775e+01 7.356753610110780550e-02
2.302661000000000069e+00 2.498030699999999982e+01 7.363585351390856959e-02
2.307404000000000011e+00 2.495058200000000070e+01 7.351195511331677646e-02
2.312146999999999952e+00 2.493851400000000140e+01 7.341404662253880886e-02
2.316889999999999894e+00 2.494732400000000183e+01 7.334757431568271480e-02
2.321632000000000140e+00 2.495317400000000063e+01 7.327767691229164493e-02
2.326375000000000082e+00 2.489881600000000006e+01 7.311970544780456438e-02
2.331118000000000023e+00 2.487211899999999787e+01 7.300258608760720747e-02
2.335860999999999965e+00 2.491174399999999878e+01 7.298346128621881201e-02
2.340603999999999907e+00 2.494324800000000053e+01 7.295269809953776330e-02
2.345346999999999849e+00 2.486925699999999750e+01 7.276838579137784313e-02
2.350089999999999790e+00 2.494714399999999443e+01 7.280624774438797242e-02
2.354833000000000176e+00 2.481389300000000020e+01 7.253604414909389786e-02
2.359574999999999978e+00 2.480837999999999965e+01 7.245332551441513447e-02
2.364317999999999920e+00 2.486521199999999965e+01 7.246175467316190444e-02
2.369060999999999861e+00 2.478994499999999590e+01 7.227782735452138729e-02
2.373803999999999803e+00 2.491796800000000545e+01 7.239045134292297623e-02
2.378547000000000189e+00 2.491839700000000235e+01 7.231731470950093776e-02
2.383290000000000131e+00 2.496348400000000112e+01 7.230984233653119098e-02
2.388033000000000072e+00 2.496016599999999741e+01 7.223194305352445554e-02
2.392774999999999874e+00 2.479633599999999660e+01 7.192235265698834756e-02
2.397517999999999816e+00 2.488695999999999486e+01 7.198177403890307358e-02
2.402261000000000202e+00 2.494919600000000059e+01 7.200037910808942954e-02
2.407004000000000143e+00 2.476526500000000297e+01 7.166291184328474340e-02
2.411747000000000085e+00 2.495475300000000018e+01 7.186555188523775783e-02
2.416490000000000027e+00 2.489193000000000211e+01 7.170459426856343188e-02
2.421232999999999969e+00 2.476178399999999868e+01 7.144678488285530205e-02
2.425975999999999910e+00 2.468163399999999541e+01 7.126096025347398999e-02
2.430718000000000156e+00 2.481278300000000314e+01 7.138042324812385320e-02
2.435461000000000098e+00 2.467767800000000378e+01 7.111717349088263196e-02
2.440204000000000040e+00 2.475205300000000008e+01 7.118052019633672178e-02
2.444946999999999981e+00 2.482779599999999931e+01 7.119531373047877088e-02
2.449689999999999923e+00 2.478525599999999685e+01 7.106571474827365342e-02
2.454432999999999865e+00 2.478493599999999830e+01 7.099720057995385913e-02
2.459175999999999807e+00 2.490234500000000040e+01 7.109741475719423554e-02
2.463918000000000053e+00 2.486708300000000094e+01 7.097904476915564698e-02
2.468660999999999994e+00 2.487715999999999994e+01 7.092617928052799559e-02
2.473403999999999936e+00 2.484903300000000215e+01 7.081881972572121042e-02
2.478146999999999878e+00 2.477152600000000149e+01 7.064170138905065399e-02
2.482889999999999819e+00 2.477482800000000296e+01 7.057981089746698244e-02
2.487633000000000205e+00 2.487096599999999924e+01 7.065035589032513108e-02
2.492376000000000147e+00 2.480440299999999709e+01 7.048981799108719470e-02
2.497117999999999949e+00 2.487561799999999934e+01 7.052511482004052146e-02
2.501860999999999891e+00 2.476736700000000013e+01 7.030597720114058202e-02
2.506603999999999832e+00 2.470256200000000035e+01 7.014881994706040347e-02
2.511347000000000218e+00 2.475094600000000256e+01 7.015090441675717048e-02
2.516090000000000160e+00 2.481805599999999501e+01 7.012725219150255096e-02
2.520833000000000101e+00 2.474047100000000654e+01 6.987412987349896076e-02
2.525576000000000043e+00 2.467989700000000042e+01 6.964658781184544789e-02
2.530318999999999985e+00 2.461123600000000167e+01 6.943581619867372767e-02
2.535060999999999787e+00 2.479538400000000209e+01 6.963134490372994978e-02
2.539804000000000173e+00 2.473158000000000101e+01 6.947876764797070170e-02
2.544547000000000114e+00 2.470662200000000297e+01 6.938167528085639746e-02
2.549290000000000056e+00 2.471972000000000236e+01 6.933771575765458606e-02
2.554032999999999998e+00 2.492267799999999767e+01 6.955978421305085424e-02
2.558775999999999939e+00 2.473156799999999933e+01 6.923062041239988473e-02
2.563518999999999881e+00 2.462078100000000092e+01 6.901644498113403137e-02
2.568261000000000127e+00 2.463893600000000461e+01 6.903616101911011493e-02
2.573004000000000069e+00 2.474928399999999939e+01 6.920642394978951395e-02
2.577747000000000011e+00 2.483380799999999766e+01 6.933996200374284435e-02
2.582489999999999952e+00 2.477213400000000121e+01 6.923482213390383389e-02
2.587232999999999894e+00 2.475845400000000041e+01 6.915458590418209484e-02
2.591975999999999836e+00 2.475882899999999864e+01 6.909386794016239564e-02
2.596719000000000221e+00 2.476413399999999854e+01 6.904008692419788540e-02
2.601462000000000163e+00 2.475214100000000172e+01 6.896252525891508056e-02
2.606203999999999965e+00 2.466505299999999679e+01 6.878074323587453354e-02
2.610946999999999907e+00 2.467366000000000170e+01 6.873211238413526325e-02
2.615689999999999849e+00 2.477325499999999892e+01 6.881052258501094143e-02
2.620432999999999790e+00 2.470809900000000070e+01 6.865983851405783878e-02
2.625176000000000176e+00 2.473350100000000040e+01 6.863527000341078377e-02
2.629919000000000118e+00 2.477463499999999641e+01 6.863272271389356249e-02
2.634662000000000059e+00 2.463995999999999498e+01 6.840127265027604042e-02
2.639403999999999861e+00 2.472890999999999906e+01 6.847719783283044703e-02
2.644146999999999803e+00 2.476524500000000018e+01 6.844554795781240819e-02
2.648890000000000189e+00 2.475788100000000114e+01 6.837255715917021914e-02
2.653633000000000131e+00 2.464006799999999942e+01 6.816135204512890899e-02
2.658376000000000072e+00 2.471265100000000459e+01 6.820453762389566688e-02
2.663119000000000014e+00 2.478037400000000190e+01 6.822770325341750985e-02
2.667861999999999956e+00 2.473707999999999885e+01 6.810951497106700059e-02
2.672604999999999897e+00 2.477772399999999919e+01 6.810720224879376894e-02
2.677347000000000143e+00 2.473089099999999974e+01 6.798505956277819950e-02
2.682090000000000085e+00 2.474032199999999904e+01 6.794024953431433700e-02
2.686833000000000027e+00 2.473517299999999963e+01 6.787575747640316182e-02
2.691575999999999969e+00 2.477320899999999781e+01 6.787024641609311348e-02
2.696318999999999910e+00 2.468856500000000054e+01 6.769705654436609932e-02
2.701061999999999852e+00 2.470906000000000091e+01 6.766823236765165395e-02
2.705804999999999794e+00 2.465229000000000070e+01 6.753366651209011251e-02
2.710547000000000040e+00 2.468128799999999856e+01 6.751643289965636452e-02
2.715289999999999981e+00 2.465452900000000014e+01 6.742352249211101822e-02
2.720032999999999923e+00 2.463362699999999705e+01 6.733865906338720730e-02
2.724775999999999865e+00 2.475468000000000401e+01 6.744773730269162937e-02
2.729518999999999807e+00 2.472618800000000050e+01 6.735252608585071132e-02
2.734262000000000192e+00 2.471574500000000185e+01 6.728255629405514859e-02
2.739005000000000134e+00 2.470453900000000047e+01 6.721154912445553853e-02
2.743746999999999936e+00 2.475764300000000162e+01 6.722800403410174319e-02
2.748489999999999878e+00 2.480247400000000368e+01 6.723342453848978051e-02
2.753232999999999819e+00 2.464276599999999817e+01 6.696130829460099354e-02
2.757976000000000205e+00 2.461901999999999902e+01 6.687407584490420720e-02
2.762719000000000147e+00 2.461197499999999749e+01 6.680959746135206601e-02
2.767462000000000089e+00 2.466598099999999860e+01 6.682797506517088038e-02
2.772205000000000030e+00 2.472682599999999553e+01 6.685581516232824706e-02
2.776947999999999972e+00 2.472666500000000411e+01 6.680102221223563341e-02
2.781690000000000218e+00 2.459794699999999779e+01 6.657259632585543763e-02
2.786433000000000160e+00 2.469994499999999960e+01 6.665601332478038321e-02
2.791176000000000101e+00 2.470660000000000167e+01 6.661095990124522859e-02
2.795919000000000043e+00 2.472831299999999999e+01 6.658637868440285545e-02
2.800661999999999985e+00 2.468596100000000249e+01 6.649081416693211621e-02
2.805404999999999927e+00 2.467417500000000175e+01 6.641149930980928817e-02
2.810147999999999868e+00 2.474160600000000088e+01 6.648036550814984125e-02
2.814890000000000114e+00 2.482160500000000170e+01 6.654280239881470160e-02
2.819633000000000056e+00 2.490238299999999683e+01 6.788615845315081054e-02
2.824375999999999998e+00 2.474281799999999976e+01 6.908864480275901665e-02
2.829118999999999939e+00 2.476338799999999907e+01 7.001060257447225266e-02
2.833861999999999881e+00 2.467712599999999767e+01 7.061828266556754996e-02
2.838604999999999823e+00 2.458526699999999821e+01 7.110348330690698104e-02
2.843348000000000209e+00 2.458696699999999780e+01 7.140574386497279546e-02
2.848091000000000150e+00 2.453024099999999663e+01 7.153959962912638526e-02
2.852832999999999952e+00 2.466253399999999729e+01 7.194177292279570202e-02
2.857575999999999894e+00 2.461457899999999910e+01 7.206483487107634422e-02
2.862318999999999836e+00 2.453471299999999999e+01 7.212731902425459363e-02
2.867062000000000221e+00 2.459587400000000201e+01 7.238634950910978472e-02
2.871805000000000163e+00 2.463433999999999813e+01 7.260269936579492878e-02
2.876548000000000105e+00 2.461134900000000059e+01 7.272041545889641745e-02
2.881291000000000047e+00 2.462031599999999543e+01 7.253701411562721302e-02
2.886032999999999848e+00 2.467952299999999610e+01 7.055361841705498627e-02
2.890775999999999790e+00 2.477153999999999812e+01 6.957402015733027412e-02
2.895519000000000176e+00 2.480374200000000329e+01 6.886713214562371899e-02
2.900262000000000118e+00 2.480672600000000116e+01 6.827568787747216594e-02
2.905005000000000059e+00 2.464935100000000290e+01 6.769203655558532484e-02
2.909748000000000001e+00 2.466782899999999756e+01 6.753995525988745752e-02
2.914490999999999943e+00 2.472865799999999936e+01 6.746478078809045598e-02
2.919233000000000189e+00 2.467399199999999837e+01 6.724670774334531864e-02
2.923976000000000131e+00 2.471204200000000029e+01 6.716638293343851762e-02
2.928719000000000072e+00 2.455015299999999812e+01 6.682375509917487522e-02
2.933462000000000014e+00 2.455487600000000015e+01 6.671500539834573917e-02
2.938204999999999956e+00 2.459937800000000152e+01 6.666624817045728457e-02
2.942947999999999897e+00 2.458342400000000083e+01 6.654127498534424812e-02
2.947690999999999839e+00 2.456927599999999501e+01 6.642309914434961493e-02
2.952433999999999781e+00 2.477267800000000264e+01 6.660954638598584610e-02
2.957176000000000027e+00 2.467051200000000222e+01 6.638655286582215154e-02
2.961918999999999969e+00 2.452310100000000048e+01 6.608594583518949406e-02
2.966661999999999910e+00 2.468049600000000510e+01 6.621198033246777914e-02
2.971404999999999852e+00 2.467584999999999695e+01 6.612225393782943106e-02
2.976147999999999794e+00 2.461987199999999731e+01 6.596605652115487828e-02
2.980891000000000179e+00 2.461246600000000129e+01 6.587687167673492161e-02
2.985634000000000121e+00 2.461287999999999698e+01 6.580017526007966855e-02
2.990375999999999923e+00 2.465620499999999993e+01 6.579944343719329458e-02
2.995118999999999865e+00 2.466266399999999948e+01 6.571977144942836579e-02
2.999861999999999806e+00 2.456310999999999467e+01 6.551127323768558830e-02
3.004605000000000192e+00 2.464428799999999598e+01 6.554794534082361568e-02
3.009348000000000134e+00 2.462711600000000089e+01 6.545496383168583621e-02
3.014091000000000076e+00 2.455499999999999972e+01 6.530973935149182730e-02
3.018834000000000017e+00 2.461727099999999879e+01 6.530440431398175372e-02
3.023576999999999959e+00 2.456900999999999868e+01 6.517347834777963145e-02
3.028319000000000205e+00 2.464219500000000096e+01 6.520394906380209965e-02
3.033062000000000147e+00 2.454668600000000112e+01 6.501202652548603023e-02
3.037805000000000089e+00 2.463203299999999629e+01 6.506048241303778734e-02
3.042548000000000030e+00 2.460305699999999618e+01 6.495871463615024433e-02
3.047290999999999972e+00 2.464462299999999928e+01 6.495038141947975796e-02
3.052033999999999914e+00 2.458088500000000209e+01 6.480381948464149222e-02
3.056776999999999855e+00 2.458744200000000291e+01 6.475093304834610153e-02
3.061519000000000101e+00 2.464146000000000214e+01 6.476061771236743536e-02
3.066262000000000043e+00 2.457733800000000102e+01 6.461600148624488393e-02
3.071004999999999985e+00 2.466875800000000041e+01 6.468905126532617511e-02
3.075747999999999927e+00 2.464898400000000223e+01 6.460644860172938542e-02
3.080490999999999868e+00 2.463154799999999867e+01 6.451786537604138616e-02
3.085233999999999810e+00 2.464644000000000190e+01 6.446944507753497866e-02
3.089977000000000196e+00 2.461817599999999828e+01 6.439265652578093913e-02
3.094720000000000137e+00 2.456796399999999991e+01 6.425220190460480263e-02
3.099461999999999939e+00 2.459950100000000006e+01 6.423560621363046119e-02
3.104204999999999881e+00 2.461933699999999803e+01 6.420465909888861678e-02
3.108947999999999823e+00 2.458325999999999922e+01 6.410096181946882410e-02
3.113691000000000209e+00 2.450837300000000241e+01 6.394777881714970580e-02
3.118434000000000150e+00 2.464146500000000017e+01 6.406574889131320949e-02
3.123177000000000092e+00 2.458237399999999795e+01 6.393341847904975006e-02
3.127920000000000034e+00 2.458200499999999877e+01 6.387802721655780336e-02
3.132661999999999836e+00 2.457802599999999771e+01 6.381856056188592308e-02
3.137405000000000221e+00 2.460287300000000243e+01 6.379679294541537593e-02
3.142148000000000163e+00 2.457201500000000038e+01 6.370253209024348551e-02
3.146891000000000105e+00 2.466538399999999953e+01 6.377797422821454565e-02
3.151634000000000047e+00 2.458230199999999854e+01 6.361951628621519139e-02
3.156376999999999988e+00 2.460727800000000087e+01 6.358883324229262779e-02
3.161119999999999930e+00 2.456569600000000264e+01 6.348275935544704651e-02
3.165862000000000176e+00 2.460201300000000302e+01 6.352126278147893212e-02
3.170605000000000118e+00 2.471971999999999881e+01 6.360431714522137014e-02
3.175348000000000059e+00 2.463248899999999963e+01 6.341222956917222375e-02
3.180091000000000001e+00 2.463109199999999888e+01 6.335843285745237918e-02
3.184833999999999943e+00 2.465172000000000097e+01 6.333350715484339921e-02
3.189576999999999884e+00 2.457579499999999939e+01 6.318474383533813354e-02
3.194319999999999826e+00 2.445331600000000094e+01 6.295832650126907681e-02
3.199063000000000212e+00 2.450888099999999881e+01 6.291407334831135290e-02
3.203805000000000014e+00 2.460750200000000021e+01 6.292373779922247334e-02
3.208547999999999956e+00 2.456069900000000317e+01 6.278652850067600877e-02
3.213290999999999897e+00 2.449694799999999617e+01 6.265538000292793230e-02
3.218033999999999839e+00 2.455270499999999601e+01 6.267743928671304365e-02
3.222776999999999781e+00 2.452585900000000407e+01 6.259413649662162737e-02
3.227520000000000167e+00 2.449266099999999824e+01 6.250309745835240516e-02
3.232263000000000108e+00 2.442439999999999856e+01 6.236738968585585352e-02
3.237004999999999910e+00 2.449505900000000125e+01 6.240920997227652339e-02
3.241747999999999852e+00 2.446501900000000163e+01 6.232253789161269764e-02
3.246490999999999794e+00 2.446930300000000358e+01 6.228004890280915140e-02
3.251234000000000179e+00 2.454206200000000138e+01 6.234229015589979467e-02
3.255977000000000121e+00 2.459451200000000171e+01 6.242483889172402434e-02
3.260720000000000063e+00 2.455228199999999816e+01 6.238888019820600095e-02
3.265463000000000005e+00 2.453998500000000149e+01 6.235092878553455398e-02
3.270205999999999946e+00 2.461455600000000032e+01 6.239807082480595263e-02
3.274948000000000192e+00 2.456204199999999815e+01 6.228379020598297233e-02
3.279691000000000134e+00 2.460107699999999653e+01 6.228584340543523445e-02
3.284434000000000076e+00 2.448678100000000057e+01 6.209415797137923798e-02
3.289177000000000017e+00 2.453040299999999974e+01 6.210260209263054193e-02
3.293919999999999959e+00 2.459603600000000156e+01 6.213843833404971567e-02
3.298662999999999901e+00 2.450481699999999918e+01 6.197665258776001440e-02
3.303405999999999842e+00 2.466716300000000217e+01 6.213494648957621630e-02
3.308148000000000089e+00 2.457953799999999944e+01 6.197833961568105510e-02
3.312891000000000030e+00 2.457362999999999786e+01 6.192458960387545869e-02
3.317633999999999972e+00 2.467296099999999726e+01 6.200345066139867356e-02
3.322376999999999914e+00 2.459735000000000227e+01 6.186337703672343397e-02
3.327119999999999855e+00 2.460989900000000219e+01 6.184867686195073821e-02
3.331862999999999797e+00 2.460809400000000124e+01 6.178446489189495100e-02
3.336606000000000183e+00 2.458038199999999662e+01 6.170437394891953309e-02
3.341347999999999985e+00 2.453244600000000020e+01 6.159899747554176130e-02
3.346090999999999926e+00 2.449436600000000297e+01 6.150600758005432545e-02
3.350833999999999868e+00 2.447835700000000259e+01 6.144076291482878510e-02
3.355576999999999810e+00 2.449418099999999754e+01 6.141593668950919016e-02
3.360320000000000196e+00 2.452659400000000645e+01 6.141184128060728220e-02
3.365063000000000137e+00 2.459508900000000153e+01 6.145289100271361660e-02
3.369806000000000079e+00 2.459606500000000295e+01 6.140941622540146971e-02
3.374549000000000021e+00 2.465363299999999924e+01 6.143675201617514181e-02
3.379290999999999823e+00 2.470309100000000058e+01 6.213787075623609241e-02
3.384034000000000209e+00 2.462501200000000168e+01 6.349533617783434392e-02
3.388777000000000150e+00 2.457233799999999846e+01 6.426596100193009142e-02
3.393520000000000092e+00 2.443633799999999923e+01 6.474820229950326023e-02
3.398263000000000034e+00 2.445633500000000282e+01 6.516638770507154899e-02
3.403005999999999975e+00 2.467817000000000149e+01 6.563789945212217258e-02
3.407748999999999917e+00 2.465270100000000042e+01 6.557004405733460328e-02
3.412491000000000163e+00 2.459480500000000092e+01 6.552915728830868702e-02
3.417234000000000105e+00 2.457725600000000199e+01 6.568019069821280642e-02
3.421977000000000046e+00 2.455770899999999912e+01 6.581289256729792869e-02
3.426719999999999988e+00 2.457292400000000043e+01 6.596733985549137202e-02
3.431462999999999930e+00 2.453010699999999744e+01 6.604722387910562376e-02
3.436205999999999872e+00 2.454197499999999721e+01 6.620637915889979186e-02
3.440948999999999813e+00 2.450224100000000504e+01 6.627273513941009386e-02
3.445692000000000199e+00 2.447488200000000091e+01 6.636636111112541314e-02
3.450434000000000001e+00 2.441861700000000113e+01 6.638244067542184434e-02
3.455176999999999943e+00 2.449592099999999917e+01 6.659631992888195851e-02
3.459919999999999884e+00 2.451584999999999681e+01 6.672812347594903049e-02
3.464662999999999826e+00 2.440744699999999767e+01 6.668099352341114172e-02
3.469406000000000212e+00 2.447702900000000170e+01 6.687359536963449758e-02
3.474149000000000154e+00 2.454445899999999980e+01 6.705989555687363879e-02
3.478892000000000095e+00 2.452727099999999538e+01 6.712805315829739605e-02
3.483633999999999897e+00 2.449929900000000060e+01 6.717817405972717482e-02
3.488376999999999839e+00 2.451183400000000034e+01 6.728146215784255868e-02
3.493119999999999781e+00 2.455374600000000029e+01 6.742251565237758482e-02
3.497863000000000167e+00 2.446327199999999635e+01 6.737960221047169240e-02
3.502606000000000108e+00 2.446304400000000001e+01 6.745873054433207394e-02
3.507349000000000050e+00 2.451447700000000296e+01 6.760655141396801349e-02
3.512091999999999992e+00 2.458593799999999518e+01 6.778070724341699049e-02
3.516833999999999794e+00 2.455341200000000157e+01 6.780939459144359749e-02
3.521577000000000179e+00 2.453355600000000081e+01 6.785377111941090500e-02
3.526320000000000121e+00 2.456544900000000098e+01 6.796831718188262039e-02
3.531063000000000063e+00 2.462813899999999734e+01 6.812402238145660871e-02
3.535806000000000004e+00 2.456233900000000148e+01 6.810039982065377306e-02
3.540548999999999946e+00 2.448736000000000246e+01 6.806171030483292028e-02
3.545291999999999888e+00 2.458933100000000493e+01 6.826814737180143811e-02
3.550034999999999830e+00 2.455658400000000086e+01 6.828624318425416395e-02
3.554777000000000076e+00 2.460368399999999767e+01 6.841357045798297787e-02
3.559520000000000017e+00 2.454749300000000289e+01 6.839644181376616783e-02
3.564262999999999959e+00 2.446451099999999812e+01 6.834026227787759478e-02
3.569005999999999901e+00 2.449427700000000030e+01 6.845385712155159508e-02
3.573748999999999842e+00 2.454344299999999990e+01 6.860000308222295728e-02
3.578491999999999784e+00 2.447637900000000144e+01 6.852963283951914175e-02
3.583235000000000170e+00 2.450366299999999953e+01 6.862367959941378937e-02
3.587976999999999972e+00 2.444975999999999772e+01 6.857914657475623621e-02
3.592719999999999914e+00 2.443247700000000222e+01 6.850173420889138498e-02
3.597462999999999855e+00 2.448835500000000209e+01 6.851882807554213195e-02
3.602205999999999797e+00 2.447061999999999671e+01 6.843327461845516435e-02
3.606949000000000183e+00 2.452539499999999961e+01 6.844955597687614468e-02
3.611692000000000125e+00 2.455880400000000208e+01 6.848700194794629659e-02
3.616435000000000066e+00 2.456710700000000003e+01 6.856683715961528480e-02
3.621178000000000008e+00 2.467892099999999900e+01 6.955333651629014291e-02
3.625919999999999810e+00 2.458169900000000041e+01 7.189819419523831023e-02
3.630663000000000196e+00 2.457642400000000293e+01 7.329033747597769877e-02
3.635406000000000137e+00 2.461092699999999667e+01 7.438851844078896158e-02
3.640149000000000079e+00 2.450253199999999509e+01 7.499418079092737277e-02
3.644892000000000021e+00 2.448839100000000002e+01 7.548520840203395976e-02
3.649634999999999962e+00 2.452843600000000279e+01 7.603406411836342860e-02
3.654377999999999904e+00 2.447693599999999492e+01 7.637638653853624782e-02
3.659120000000000150e+00 2.441470899999999844e+01 7.670491905993317983e-02
3.663863000000000092e+00 2.443937299999999979e+01 7.715392168030993369e-02
3.668606000000000034e+00 2.450536299999999912e+01 7.765601061248510184e-02
3.673348999999999975e+00 2.443683800000000161e+01 7.793384757790032535e-02
3.678091999999999917e+00 2.430227199999999854e+01 7.809501226574459831e-02
3.682834999999999859e+00 2.437786600000000448e+01 7.858559185699563743e-02
3.687577999999999800e+00 2.444891300000000101e+01 7.906308259376874925e-02
3.692321000000000186e+00 2.437865700000000047e+01 7.930567901254487184e-02
3.697062999999999988e+00 2.439861300000000099e+01 7.968899422664210697e-02
3.701805999999999930e+00 2.442203500000000105e+01 8.007415986916129047e-02
3.706548999999999872e+00 2.445185800000000143e+01 8.046600307140151787e-02
3.711291999999999813e+00 2.451019099999999895e+01 8.090153017942428026e-02
3.716035000000000199e+00 2.442173599999999922e+01 8.109076645513842163e-02
3.720778000000000141e+00 2.438421699999999959e+01 8.136114124147166005e-02
3.725521000000000083e+00 2.456272299999999831e+01 8.198936377268882525e-02
3.730262999999999884e+00 2.442902900000000344e+01 8.209435483112648146e-02
3.735005999999999826e+00 2.436356599999999872e+01 8.230932002723446994e-02
3.739749000000000212e+00 2.436420299999999983e+01 8.263431732640319494e-02
3.744492000000000154e+00 2.441960499999999712e+01 8.305039628318458544e-02
3.749235000000000095e+00 2.435607300000000208e+01 8.326251601619123754e-02
3.753978000000000037e+00 2.439532799999999924e+01 8.364951723699128039e-02
3.758720999999999979e+00 2.441779899999999870e+01 8.400616834062304972e-02
3.763462999999999781e+00 2.433318600000000131e+01 8.417730096846418042e-02
3.768206000000000166e+00 2.443997799999999998e+01 8.467836281924032149e-02
3.772949000000000108e+00 2.450987199999999788e+01 8.511586239307687707e-02
3.777692000000000050e+00 2.444135299999999944e+01 8.531190643830964537e-02
3.782434999999999992e+00 2.445258100000000212e+01 8.564654998436831146e-02
3.787177999999999933e+00 2.437848100000000073e+01 8.583035731610348662e-02
3.791920999999999875e+00 2.454964400000000069e+01 8.644606449446730345e-02
3.796663999999999817e+00 2.446961100000000044e+01 8.661874609940159453e-02
3.801406000000000063e+00 2.456000300000000180e+01 8.709312456974373229e-02
3.806149000000000004e+00 2.427000500000000116e+01 8.689005150952552881e-02
3.810891999999999946e+00 2.443321499999999702e+01 8.749524917177160799e-02
3.815634999999999888e+00 2.450288099999999503e+01 8.793341482764842343e-02
3.820377999999999830e+00 2.443724199999999769e+01 8.812925805470053775e-02
3.825121000000000215e+00 2.434436000000000178e+01 8.827473422226997379e-02
3.829864000000000157e+00 2.442022400000000104e+01 8.872621295945691544e-02
3.834605999999999959e+00 2.448758899999999983e+01 8.916339901180247995e-02
3.839348999999999901e+00 2.447366700000000250e+01 8.945402342923262917e-02
3.844091999999999842e+00 2.442257400000000089e+01 8.967552989850799405e-02
3.848834999999999784e+00 2.435848700000000022e+01 8.987612447324372367e-02
3.853578000000000170e+00 2.435779900000000353e+01 9.023839022891033679e-02
3.858321000000000112e+00 2.438422899999999771e+01 9.055342256338741458e-02
3.863064000000000053e+00 2.442272100000000279e+01 9.094280102846183378e-02
3.867806999999999995e+00 2.445931799999999612e+01 9.132992872690311181e-02
3.872548999999999797e+00 2.453799300000000727e+01 9.179626905141788362e-02
3.877292000000000183e+00 2.446194900000000061e+01 9.197427231383187296e-02
3.882035000000000124e+00 2.442926999999999893e+01 9.223442968829427546e-02
3.886778000000000066e+00 2.452523300000000361e+01 9.273799331933595125e-02
3.891521000000000008e+00 2.454957399999999978e+01 9.310747203357526425e-02
3.896263999999999950e+00 2.445242100000000107e+01 9.324677749428877949e-02
3.901006999999999891e+00 2.436281500000000122e+01 9.339988034281468399e-02
3.905749000000000137e+00 2.438732399999999600e+01 9.377353379533640010e-02
3.910492000000000079e+00 2.433192399999999722e+01 9.399340923323347419e-02
3.915235000000000021e+00 2.429315799999999825e+01 9.424603836258477196e-02
3.919977999999999962e+00 2.439354300000000109e+01 9.472846363763111344e-02
3.924720999999999904e+00 2.455140199999999950e+01 9.511880750314313793e-02
3.929463999999999846e+00 2.443117399999999861e+01 9.495856656324432044e-02
3.934206999999999788e+00 2.448430300000000415e+01 9.518675644291331450e-02
3.938949000000000034e+00 2.446865400000000079e+01 9.526033078340480353e-02
3.943691999999999975e+00 2.429709399999999775e+01 9.502850580210339682e-02
3.948434999999999917e+00 2.431155299999999642e+01 9.515869912245386586e-02
3.953177999999999859e+00 2.437059500000000156e+01 9.540264151329982956e-02
3.957920999999999800e+00 2.439454900000000137e+01 9.561803241918230556e-02
3.962664000000000186e+00 2.442215599999999753e+01 9.568065656882168701e-02
3.967407000000000128e+00 2.444202499999999745e+01 9.596607006977465881e-02
3.972150000000000070e+00 2.442273800000000250e+01 9.625180878438804877e-02
3.976891999999999872e+00 2.441657000000000366e+01 9.656442214083145459e-02
3.981634999999999813e+00 2.434321200000000118e+01 9.674475786362637941e-02
3.986378000000000199e+00 2.430874000000000379e+01 9.700349717652709258e-02
3.991121000000000141e+00 2.441575000000000273e+01 9.754560864528705189e-02
3.995864000000000082e+00 2.447962199999999910e+01 9.800492099000487900e-02
4.000606999999999580e+00 2.454246899999999343e+01 9.846387005699247519e-02
4.005349999999999966e+00 2.453231799999999652e+01 9.877906996770216552e-02
4.010092000000000212e+00 2.439318099999999845e+01 9.883473218608071487e-02
4.014834999999999710e+00 2.430602200000000224e+01 9.899488672869119488e-02
4.019578000000000095e+00 2.432503300000000124e+01 9.937282469567522425e-02
4.024320999999999593e+00 2.443824300000000349e+01 9.994521569607421607e-02
4.029063999999999979e+00 2.444241099999999989e+01 1.002978848647158722e-01
4.033807000000000365e+00 2.456565200000000004e+01 1.008967241509554497e-01
4.038549999999999862e+00 2.436726099999999917e+01 1.008359980110158788e-01
4.043293000000000248e+00 2.439566900000000516e+01 1.012439000451627324e-01
4.048034999999999606e+00 2.444081800000000015e+01 1.016894092895022084e-01
4.052777999999999992e+00 2.432978100000000055e+01 1.018109336545879040e-01
4.057521000000000377e+00 2.451457800000000020e+01 1.025533109087785472e-01
4.062263999999999875e+00 2.459110600000000346e+01 1.030727316074348671e-01
4.067007000000000261e+00 2.463569899999999890e+01 1.035280076648628506e-01
4.071749999999999758e+00 2.459938100000000105e+01 1.038156065554485946e-01
4.076493000000000144e+00 2.430955600000000061e+01 1.035660865717924206e-01
4.081235000000000390e+00 2.437268999999999863e+01 1.040668682056772598e-01
4.085977999999999888e+00 2.458272300000000143e+01 1.048858452174725037e-01
4.090721000000000274e+00 2.440172099999999844e+01 1.048706949617413536e-01
4.095463999999999771e+00 2.433496399999999937e+01 1.051011323847017287e-01
4.100207000000000157e+00 2.447922799999999910e+01 1.057897498253569102e-01
4.104949999999999655e+00 2.445119800000000154e+01 1.061101010805898665e-01
4.109693000000000040e+00 2.436738599999999977e+01 1.063094126469251305e-01
4.114436000000000426e+00 2.444635600000000153e+01 1.068661552998885489e-01
4.119177999999999784e+00 2.451258200000000187e+01 1.074001412725732879e-01
4.123921000000000170e+00 2.440638099999999966e+01 1.075571449240472210e-01
4.128663999999999668e+00 2.440114600000000067e+01 1.079395277799884562e-01
4.133407000000000053e+00 2.427878999999999721e+01 1.080642868081893165e-01
4.138150000000000439e+00 2.422843599999999853e+01 1.083494925652907642e-01
4.142892999999999937e+00 2.443650500000000036e+01 1.092163313531437918e-01
4.147636000000000323e+00 2.441151699999999991e+01 1.095654379159304026e-01
4.152377999999999680e+00 2.423799800000000104e+01 1.095830267518542317e-01
4.157121000000000066e+00 2.441015700000000166e+01 1.103828330549714715e-01
4.161863999999999564e+00 2.445516800000000046e+01 1.108999798966014277e-01
4.166606999999999950e+00 2.437971599999999484e+01 1.111469935728312819e-01
4.171350000000000335e+00 2.445568899999999957e+01 1.117413051464936080e-01
4.176092999999999833e+00 2.451975999999999800e+01 1.123199659309229992e-01
4.180836000000000219e+00 2.459251099999999823e+01 1.130718452115693495e-01
4.185577999999999577e+00 2.459600199999999859e+01 1.133933409814628368e-01
4.190320999999999962e+00 2.449502099999999771e+01 1.135560741326623324e-01
4.195064000000000348e+00 2.436100599999999972e+01 1.136838062331434196e-01
4.199806999999999846e+00 2.443056100000000086e+01 1.142886936847398588e-01
4.204550000000000232e+00 2.452660300000000149e+01 1.149614283846034091e-01
4.209292999999999729e+00 2.452258099999999885e+01 1.154042982700627107e-01
4.214036000000000115e+00 2.448495799999999889e+01 1.157707280572744801e-01
4.218778999999999613e+00 2.439849099999999993e+01 1.160255055911130206e-01
4.223520999999999859e+00 2.432432700000000025e+01 1.163110157999611011e-01
4.228264000000000244e+00 2.457512500000000344e+01 1.173786049757454819e-01
4.233006999999999742e+00 2.458066800000000285e+01 1.178645154159851521e-01
4.237750000000000128e+00 2.445273999999999859e+01 1.180332728503255407e-01
4.242492999999999626e+00 2.452744399999999914e+01 1.186954838128245759e-01
4.247236000000000011e+00 2.446717999999999904e+01 1.190343058752534600e-01
4.251979000000000397e+00 2.456192199999999914e+01 1.197608901985689894e-01
4.256720999999999755e+00 2.435511299999999935e+01 1.199512785567823786e-01
4.261464000000000141e+00 2.441471699999999601e+01 1.204300284051809944e-01
4.266206999999999638e+00 2.453038300000000049e+01 1.211805782548424776e-01
4.270950000000000024e+00 2.461167700000000025e+01 1.218926573173470390e-01
4.275693000000000410e+00 2.444986300000000057e+01 1.220049785423119593e-01
4.280435999999999908e+00 2.456732599999999778e+01 1.228195120581994509e-01
4.285179000000000293e+00 2.465748499999999765e+01 1.235718255847537417e-01
4.289921999999999791e+00 2.452944099999999850e+01 1.237818349053248640e-01
4.294664000000000037e+00 2.451092300000000179e+01 1.242727712460690304e-01
4.299407000000000423e+00 2.447726199999999963e+01 1.247282435140834450e-01
4.304149999999999920e+00 2.440461899999999673e+01 1.250896438764996232e-01
4.308893000000000306e+00 2.462631199999999865e+01 1.262132143249905525e-01
4.313635999999999804e+00 2.484201099999999585e+01 1.273276971171158900e-01
4.318379000000000190e+00 2.449269299999999916e+01 1.269953810156771168e-01
4.323121999999999687e+00 2.451035499999999701e+01 1.277031784318949648e-01
4.327863999999999933e+00 2.458615999999999957e+01 1.284541630921353372e-01
4.332607000000000319e+00 2.450632800000000344e+01 1.287676918210084176e-01
4.337349999999999817e+00 2.447089199999999920e+01 1.292670585583280130e-01
4.342093000000000202e+00 2.432757799999999904e+01 1.294849487194820736e-01
4.346835999999999700e+00 2.448436500000000038e+01 1.305069631938453323e-01
4.351579000000000086e+00 2.435610399999999842e+01 1.307751855245821992e-01
4.356321999999999584e+00 2.425163499999999672e+01 1.311119958426119614e-01
4.361063999999999830e+00 2.448618100000000197e+01 1.323724231898290860e-01
4.365807000000000215e+00 2.451538499999999843e+01 1.330877477780501861e-01
4.370549999999999713e+00 2.460835600000000412e+01 1.339836908007724647e-01
4.375293000000000099e+00 2.458528199999999941e+01 1.345732393063111820e-01
4.380035999999999596e+00 2.451428900000000155e+01 1.351004355841053661e-01
4.384778999999999982e+00 2.453621799999999809e+01 1.358835367771508151e-01
4.389522000000000368e+00 2.454386000000000223e+01 1.364660584722999781e-01
4.394264999999999866e+00 2.428995800000000216e+01 1.364249015375646190e-01
4.399007000000000112e+00 2.447999599999999276e+01 1.372257594458241581e-01
4.403749999999999609e+00 2.441320999999999941e+01 1.371328537927177238e-01
4.408492999999999995e+00 2.423281199999999913e+01 1.367177367527523946e-01
4.413236000000000381e+00 2.444190699999999694e+01 1.373982237675163698e-01
4.417978999999999878e+00 2.448427900000000079e+01 1.376095756792291847e-01
4.422722000000000264e+00 2.450797199999999876e+01 1.377694930680123386e-01
4.427464999999999762e+00 2.425158300000000366e+01 1.371351485675758597e-01
4.432207000000000008e+00 2.449471399999999832e+01 1.379120150101781350e-01
4.436950000000000394e+00 2.453009700000000493e+01 1.381770980655850356e-01
4.441692999999999891e+00 2.439840900000000090e+01 1.384294677308194887e-01
4.446436000000000277e+00 2.464672099999999944e+01 1.398452711055393760e-01
4.451178999999999775e+00 2.461213099999999798e+01 1.404672638614000990e-01
4.455922000000000160e+00 2.447504700000000000e+01 1.408037878170697588e-01
4.460664999999999658e+00 2.476861099999999993e+01 1.423889281335055101e-01
4.465408000000000044e+00 2.443827200000000133e+01 1.421851892471195644e-01
4.470150000000000290e+00 2.461764899999999656e+01 1.434680828022292243e-01
4.474892999999999788e+00 2.460922300000000362e+01 1.442163109444042912e-01
4.479636000000000173e+00 2.454678499999999985e+01 1.448152244870486716e-01
4.484378999999999671e+00 2.446726899999999816e+01 1.453745755356489477e-01
4.489122000000000057e+00 2.455546399999999707e+01 1.464425856371069368e-01
4.493865000000000443e+00 2.447922500000000312e+01 1.470322928450508715e-01
4.498607999999999940e+00 2.458892200000000017e+01 1.481925572497438393e-01
4.503350000000000186e+00 2.446340900000000218e+01 1.486550675276049893e-01
4.508092999999999684e+00 2.446889900000000040e+01 1.495268129850753636e-01
4.512836000000000070e+00 2.457815599999999634e+01 1.507307871499668495e-01
4.517578999999999567e+00 2.450844100000000125e+01 1.513994511212319316e-01
4.522321999999999953e+00 2.466265899999999789e+01 1.527745847942592050e-01
4.527065000000000339e+00 2.455896200000000107e+01 1.533660509257658289e-01
4.531807999999999836e+00 2.449920800000000298e+01 1.541065822751513659e-01
4.536551000000000222e+00 2.439027500000000259e+01 1.547024195813640202e-01
4.541292999999999580e+00 2.465125800000000211e+01 1.564888280561561318e-01
4.546035999999999966e+00 2.471555299999999988e+01 1.576720114858217170e-01
4.550779000000000352e+00 2.453552199999999672e+01 1.580877843780192082e-01
4.555521999999999849e+00 2.476355999999999824e+01 1.598354841217837774e-01
4.560265000000000235e+00 2.475126699999999857e+01 1.608250522592279408e-01
4.565007999999999733e+00 2.485757800000000017e+01 1.622247756886656955e-01
4.569751000000000118e+00 2.458673600000000192e+01 1.624020191491534204e-01
4.574493000000000364e+00 2.459579300000000046e+01 1.635186260036088357e-01
4.579235999999999862e+00 2.447713300000000203e+01 1.642265220006357551e-01
4.583979000000000248e+00 2.466916600000000059e+01 1.659974252835037523e-01
4.588721999999999746e+00 2.467486000000000246e+01 1.671673994319077816e-01
4.593465000000000131e+00 2.470249099999999842e+01 1.684340241294017826e-01
4.598207999999999629e+00 2.447337699999999927e+01 1.688413540572240856e-01
4.602951000000000015e+00 2.453764499999999771e+01 1.702800197455127118e-01
4.607693000000000261e+00 2.458429099999999679e+01 1.716845060370891518e-01
4.612435999999999758e+00 2.466372000000000142e+01 1.732316083396225892e-01
4.617179000000000144e+00 2.474942500000000223e+01 1.748303180447189908e-01
4.621921999999999642e+00 2.440149600000000163e+01 1.749159158676859838e-01
4.626665000000000028e+00 2.455114599999999925e+01 1.768028301387989665e-01
4.631408000000000413e+00 2.443518399999999957e+01 1.777600575389117199e-01
4.636150999999999911e+00 2.444090600000000180e+01 1.791885965023022886e-01
4.640894000000000297e+00 2.441696400000000011e+01 1.805406031403340716e-01
4.645635999999999655e+00 2.455262099999999847e+01 1.825137870225888026e-01
4.650379000000000040e+00 2.495738599999999607e+01 1.855349721871574764e-01
4.655122000000000426e+00 2.482396600000000220e+01 1.865937519657316912e-01
4.659864999999999924e+00 2.437617399999999890e+01 1.864807487791726448e-01
4.664608000000000310e+00 2.470418199999999942e+01 1.893601379424410258e-01
4.669350999999999807e+00 2.462314300000000600e+01 1.907142955866667489e-01
4.674094000000000193e+00 2.483953200000000194e+01 1.932677307320836702e-01
4.678836000000000439e+00 2.495060600000000406e+01 1.954631675094353760e-01
4.683578999999999937e+00 2.498040800000000061e+01 1.973911258858224438e-01
4.688322000000000322e+00 2.457603900000000152e+01 1.976309829610617963e-01
4.693064999999999820e+00 2.463766899999999893e+01 1.997785265316830705e-01
4.697808000000000206e+00 2.466149000000000058e+01 2.018251970338842405e-01
4.702550999999999704e+00 2.458611099999999539e+01 2.035243192412376223e-01
4.707294000000000089e+00 2.439719299999999791e+01 2.047977279809732321e-01
4.712036999999999587e+00 2.468241599999999991e+01 2.081205870917519629e-01
4.716778999999999833e+00 2.432039500000000132e+01 2.087661739729156918e-01
4.721522000000000219e+00 2.459356700000000018e+01 2.121918673765780805e-01
4.726264999999999716e+00 2.498272499999999852e+01 2.162133987582966765e-01
4.731008000000000102e+00 2.451127400000000023e+01 2.165644620954158273e-01
4.735750999999999600e+00 2.465300900000000084e+01 2.196807484628229834e-01
4.740493999999999986e+00 2.487462000000000018e+01 2.232480809988059145e-01
4.745237000000000371e+00 2.476928199999999691e+01 2.254390822633458025e-01
4.749978999999999729e+00 2.471821900000000127e+01 2.279677365317980819e-01
4.754722000000000115e+00 2.476833699999999538e+01 2.310623801509079089e-01
4.759464999999999613e+00 2.466556399999999982e+01 2.335466036226412356e-01
4.764207999999999998e+00 2.481482600000000360e+01 2.373364287417106533e-01
4.768951000000000384e+00 2.480330999999999975e+01 2.404862374568615679e-01
4.773693999999999882e+00 2.475800900000000127e+01 2.436041470330431447e-01
4.778437000000000268e+00 2.433227300000000071e+01 2.449444621795087706e-01
4.783178999999999625e+00 2.475567199999999701e+01 2.506859312249060112e-01
4.787922000000000011e+00 2.434588899999999967e+01 2.523532460288856472e-01
4.792665000000000397e+00 2.459421099999999782e+01 2.575759869854635786e-01
4.797407999999999895e+00 2.439802299999999846e+01 2.606558090738574363e-01
4.802151000000000280e+00 2.466910299999999978e+01 2.664302868401079438e-01
4.806893999999999778e+00 2.484120799999999818e+01 2.719232169461577864e-01
4.811637000000000164e+00 2.490927300000000244e+01 2.771011392935700535e-01
4.816379999999999661e+00 2.449404499999999629e+01 2.798032014826444258e-01
4.821121999999999908e+00 2.511091299999999649e+01 2.886718319309035108e-01
4.825865000000000293e+00 2.507370099999999979e+01 2.941360050820699401e-01
4.830607999999999791e+00 2.505869400000000269e+01 3.000641195144874152e-01
4.835351000000000177e+00 2.553523299999999807e+01 3.093591046542021328e-01
4.840093999999999674e+00 2.512860599999999778e+01 3.137106127493630159e-01
4.844837000000000060e+00 2.465536900000000031e+01 3.179657679275020854e-01
4.849579999999999558e+00 2.480938199999999938e+01 3.267251741573503621e-01
4.854321999999999804e+00 2.479854599999999465e+01 3.350079224797377631e-01
4.859065000000000190e+00 2.522061599999999970e+01 3.469425755478274809e-01
4.863807999999999687e+00 2.491860799999999898e+01 3.546642405918871144e-01
4.868551000000000073e+00 2.454271399999999659e+01 3.625731911777537730e-01
4.873293999999999571e+00 2.518819900000000089e+01 3.790597115617142521e-01
4.878036999999999956e+00 2.522711199999999820e+01 3.923188286598159324e-01
4.882780000000000342e+00 2.450301900000000188e+01 4.007999623384712606e-01
4.887522999999999840e+00 2.479654800000000137e+01 4.191164778843943783e-01
4.892265000000000086e+00 2.525062899999999999e+01 4.410454962910515531e-01
4.897007999999999583e+00 2.519891199999999998e+01 4.612024947736840241e-01
4.901750999999999969e+00 2.514649700000000010e+01 4.844693571239774843e-01
4.906494000000000355e+00 2.557941600000000193e+01 5.166911484277721955e-01
4.911236999999999853e+00 2.582573000000000008e+01 5.528531081475802633e-01
4.915980000000000238e+00 2.603523500000000013e+01 5.963699288113376573e-01
4.920722999999999736e+00 2.539247200000000149e+01 6.404402133010543841e-01
4.925464999999999982e+00 2.517792899999999534e+01 7.052026663426762543e-01
4.930208000000000368e+00 2.706830599999999976e+01 8.292442911451546328e-01
4.934950999999999866e+00 2.655928799999999868e+01 9.721764875979257425e-01
4.939694000000000251e+00 2.597983700000000340e+01 1.241630694601921547e+00
4.944436999999999749e+00 8.908220000000001804e+00 1.259654172485202395e+00