# copyA
# Sample c= 0.0 mg/ml
#
# Number of frames collected: 10
# Exposure time per frame: 0.5
# No significant radiation damage detected, merging 10 files
# Merged from: /data/visitor/mx1905/bm29/20170412/Poker/1d/Sxl_10gs_090_00001.dat
# Merged from: /data/visitor/mx1905/bm29/20170412/Poker/1d/Sxl_10gs_090_00002.dat
# Merged from: /data/visitor/mx1905/bm29/20170412/Poker/1d/Sxl_10gs_090_00003.dat
# Merged from: /data/visitor/mx1905/bm29/20170412/Poker/1d/Sxl_10gs_090_00004.dat
# Merged from: /data/visitor/mx1905/bm29/20170412/Poker/1d/Sxl_10gs_090_00005.dat
# Merged from: /data/visitor/mx1905/bm29/20170412/Poker/1d/Sxl_10gs_090_00006.dat
# Merged from: /data/visitor/mx1905/bm29/20170412/Poker/1d/Sxl_10gs_090_00007.dat
# Merged from: /data/visitor/mx1905/bm29/20170412/Poker/1d/Sxl_10gs_090_00008.dat
# Merged from: /data/visitor/mx1905/bm29/20170412/Poker/1d/Sxl_10gs_090_00009.dat
# Merged from: /data/visitor/mx1905/bm29/20170412/Poker/1d/Sxl_10gs_090_00010.dat
#
# Sample Information:
# Storage Temperature (degrees C): 20.0
# Measurement Temperature (degrees C): 20.03
# Concentration: 0.0
# Code: 
3.082862000000000102e-02 6.056909500000000435e+02 8.133874202030604295e+00
3.557148999999999728e-02 1.190102399999999761e+03 4.701258817787635991e+00
4.031434999999999880e-02 1.160089699999999993e+03 3.057595520790122201e+00
4.505722000000000199e-02 9.107369800000000168e+02 1.926387571170983248e+00
4.980007999999999657e-02 6.222028200000000879e+02 1.425772750041892412e+00
5.454294999999999977e-02 4.454258700000000317e+02 1.134895012712753060e+00
5.928581000000000129e-02 3.246688199999999824e+02 9.211292615411854623e-01
6.402868000000000448e-02 2.511964199999999892e+02 7.725100657365249202e-01
6.877154000000000600e-02 2.017051299999999969e+02 6.649445393489370471e-01
7.351441000000000225e-02 1.644288099999999986e+02 5.785089568984822517e-01
7.825727999999999851e-02 1.362889899999999841e+02 5.070082285094296148e-01
8.300014000000000003e-02 1.150653099999999966e+02 4.509684867166995348e-01
8.774300999999999628e-02 9.968673699999999371e+01 4.072759328579212412e-01
9.248586999999999780e-02 8.728294999999999959e+01 3.703491791419281642e-01
9.722873999999999406e-02 7.791844699999998625e+01 3.397608076044086878e-01
1.019715999999999956e-01 6.966084299999999985e+01 3.130831905413474781e-01
1.067145000000000038e-01 6.417642900000001305e+01 2.933254710140989485e-01
1.114572999999999953e-01 5.883292800000000256e+01 2.744915301917492667e-01
1.162002000000000035e-01 5.436826200000000142e+01 2.581055443841325236e-01
1.209430999999999978e-01 5.151864299999999730e+01 2.459778494089199241e-01
1.256858999999999893e-01 4.884163999999999817e+01 2.347193042889925696e-01
1.304288000000000114e-01 4.664872899999999589e+01 2.249968693101155048e-01
1.351717000000000057e-01 4.435557700000000381e+01 2.152902961630400736e-01
1.399144999999999972e-01 4.232002400000000364e+01 2.064774788160689545e-01
1.446573999999999915e-01 4.079388300000000100e+01 1.991999297283340020e-01
1.494003000000000136e-01 3.916733399999999676e+01 1.919250783786957126e-01
1.541431000000000051e-01 3.802391099999999824e+01 1.863354087718684104e-01
1.588859999999999995e-01 3.720921799999999990e+01 1.814120389272657896e-01
1.636287999999999909e-01 3.619047899999999629e+01 1.761877674356608081e-01
1.683717000000000130e-01 3.527525700000000342e+01 1.713847487114034396e-01
1.731146000000000074e-01 3.455596599999999796e+01 1.671961719773180088e-01
1.778573999999999988e-01 3.396368300000000318e+01 1.634293914066374254e-01
1.826002999999999932e-01 3.312783900000000870e+01 1.592150324929282601e-01
1.873431999999999875e-01 3.278269199999999728e+01 1.562964554567530806e-01
1.920860000000000067e-01 3.206734699999999805e+01 1.525868956391776832e-01
1.968289000000000011e-01 3.177450400000000030e+01 1.499682614254282953e-01
2.015717999999999954e-01 3.162311400000000461e+01 1.477790034546535292e-01
2.063145999999999869e-01 3.086322199999999683e+01 1.442425030540585851e-01
2.110575000000000090e-01 3.063983400000000046e+01 1.418906835832730029e-01
2.158004000000000033e-01 3.024003600000000347e+01 1.393458265989875322e-01
2.205431999999999948e-01 2.986294099999999929e+01 1.369404644733692167e-01
2.252860999999999891e-01 2.990061000000000035e+01 1.355471312905300874e-01
2.300290000000000112e-01 2.977289199999999525e+01 1.338221086810976179e-01
2.347718000000000027e-01 2.944855700000000098e+01 1.316994204250447609e-01
2.395146999999999970e-01 2.911971699999999785e+01 1.296221360634960962e-01
2.442575999999999914e-01 2.897250100000000117e+01 1.279957682279941611e-01
2.490004000000000106e-01 2.881292900000000401e+01 1.263819842777600955e-01
2.537433000000000050e-01 2.862542099999999934e+01 1.247434035806526953e-01
2.584861999999999993e-01 2.829341600000000057e+01 1.228473568908086122e-01
2.632289999999999908e-01 2.829914800000000241e+01 1.217296788747596337e-01
2.679718999999999851e-01 2.802093199999999840e+01 1.200328346606090169e-01
2.727146999999999766e-01 2.797297500000000170e+01 1.188564093123740395e-01
2.774576000000000264e-01 2.779385800000000017e+01 1.174677033930181941e-01
2.822005000000000208e-01 2.784019600000000239e+01 1.166083494129013937e-01
2.869433000000000122e-01 2.751964199999999749e+01 1.149497057874764583e-01
2.916862000000000066e-01 2.749160099999999574e+01 1.139245546720798058e-01
2.964291000000000009e-01 2.730171100000000095e+01 1.125956851396384684e-01
3.011718999999999924e-01 2.719017199999999690e+01 1.114571764010155591e-01
3.059147999999999867e-01 2.727204699999999704e+01 1.107370438821792813e-01
3.106576999999999811e-01 2.721697100000000091e+01 1.097530715782556038e-01
3.154004999999999725e-01 2.703122099999999861e+01 1.085354843615501663e-01
3.201434000000000224e-01 2.683322799999999830e+01 1.073213636777202995e-01
3.248863000000000167e-01 2.698730300000000426e+01 1.068247618267263166e-01
3.296291000000000082e-01 2.686338299999999890e+01 1.057884364903853569e-01
3.343720000000000026e-01 2.697164499999999521e+01 1.052310034540367700e-01
3.391148999999999969e-01 2.721303300000000291e+01 1.060502303061671842e-01
3.438576999999999884e-01 2.704636300000000304e+01 1.070912103817269340e-01
3.486005999999999827e-01 2.700578300000000098e+01 1.097348981167080711e-01
3.533434999999999770e-01 2.690697399999999817e+01 1.115432639620631827e-01
3.580863000000000240e-01 2.694096899999999550e+01 1.130011926726205013e-01
3.628292000000000184e-01 2.663015500000000202e+01 1.134555152535023231e-01
3.675720000000000098e-01 2.657050199999999762e+01 1.142611413543790783e-01
3.723149000000000042e-01 2.669025000000000247e+01 1.153611686494801364e-01
3.770577999999999985e-01 2.666929600000000278e+01 1.160875628142278709e-01
3.818005999999999900e-01 2.664518899999999846e+01 1.166541788690152320e-01
3.865434999999999843e-01 2.663271100000000047e+01 1.172022673700146428e-01
3.912863999999999787e-01 2.628865799999999808e+01 1.169096887354136027e-01
3.960292000000000256e-01 2.651604599999999934e+01 1.178966597208127159e-01
4.007721000000000200e-01 2.657795499999999578e+01 1.185387865297928417e-01
4.055150000000000143e-01 2.661291999999999547e+01 1.227049607879815846e-01
4.102578000000000058e-01 2.667364299999999844e+01 1.260482779898047523e-01
4.150007000000000001e-01 2.671194500000000360e+01 1.289008415550278730e-01
4.197435999999999945e-01 2.644604099999999747e+01 1.302330378207872397e-01
4.244863999999999860e-01 2.640495599999999854e+01 1.322389231686457722e-01
4.292292999999999803e-01 2.630937499999999929e+01 1.340158406391587786e-01
4.339721999999999746e-01 2.636961299999999753e+01 1.362235694557226706e-01
4.387150000000000216e-01 2.644462500000000205e+01 1.384073659625169594e-01
4.434579000000000160e-01 2.643397200000000069e+01 1.404124213683636269e-01
4.482008000000000103e-01 2.651197400000000215e+01 1.429937257550057406e-01
4.529436000000000018e-01 2.621485399999999544e+01 1.445076291870744101e-01
4.576864999999999961e-01 2.622342900000000299e+01 1.460406008462975247e-01
4.624293999999999905e-01 2.620042000000000115e+01 1.471925312948405007e-01
4.671721999999999819e-01 2.607820399999999950e+01 1.461233640788303367e-01
4.719150999999999763e-01 2.643366699999999625e+01 1.413254281641194710e-01
4.766579000000000232e-01 2.642001000000000133e+01 1.386287265892145459e-01
4.814008000000000176e-01 2.642550499999999758e+01 1.368819863841743978e-01
4.861437000000000119e-01 2.631241599999999536e+01 1.352442151065201548e-01
4.908865000000000034e-01 2.636997900000000072e+01 1.342882044153465571e-01
4.956293999999999977e-01 2.640095900000000739e+01 1.334214703702949756e-01
5.003722999999999921e-01 2.632057199999999852e+01 1.323804002744001507e-01
5.051151000000000391e-01 2.622161399999999887e+01 1.313815769659433808e-01
5.098580000000000334e-01 2.617513299999999532e+01 1.305826670546504642e-01
5.146009000000000277e-01 2.617391699999999943e+01 1.299491777443543550e-01
5.193436999999999637e-01 2.632275399999999621e+01 1.297219044015716638e-01
5.240865999999999580e-01 2.613103499999999713e+01 1.286919158752219405e-01
5.288294999999999524e-01 2.630868600000000157e+01 1.285999454466972280e-01
5.335722999999999994e-01 2.611356800000000433e+01 1.273689124416205465e-01
5.383151999999999937e-01 2.616455899999999701e+01 1.265731983999744403e-01
5.430580999999999881e-01 2.606148400000000009e+01 1.254436381217389485e-01
5.478009000000000350e-01 2.610105399999999776e+01 1.246922261706743251e-01
5.525438000000000294e-01 2.593663099999999844e+01 1.234849976339186667e-01
5.572867000000000237e-01 2.615784599999999571e+01 1.232154820244193150e-01
5.620294999999999597e-01 2.601051700000000011e+01 1.221018131113170702e-01
5.667723999999999540e-01 2.610241899999999760e+01 1.215739871765798286e-01
5.715152000000000010e-01 2.606382300000000285e+01 1.207629631416598653e-01
5.762580999999999953e-01 2.604493999999999687e+01 1.200139814960594353e-01
5.810009999999999897e-01 2.623505600000000371e+01 1.197952213290755380e-01
5.857438000000000367e-01 2.607646600000000348e+01 1.190755217094584123e-01
5.904867000000000310e-01 2.616422300000000334e+01 1.189890025780429017e-01
5.952296000000000253e-01 2.604404900000000112e+01 1.184288729099770565e-01
5.999723999999999613e-01 2.596110399999999885e+01 1.180822935786000893e-01
6.047152999999999556e-01 2.589408099999999990e+01 1.176316117193703104e-01
6.094581999999999500e-01 2.576949799999999868e+01 1.169719565181018134e-01
6.142009999999999970e-01 2.593322500000000019e+01 1.171779603919218260e-01
6.189438999999999913e-01 2.603990699999999947e+01 1.170374443634745604e-01
6.236867999999999856e-01 2.599137399999999687e+01 1.166585438456232415e-01
6.284296000000000326e-01 2.619102099999999922e+01 1.168392864670214359e-01
6.331725000000000270e-01 2.587586500000000456e+01 1.158686118758026906e-01
6.379154000000000213e-01 2.584594999999999843e+01 1.155389002559103345e-01
6.426581999999999573e-01 2.602864800000000400e+01 1.156865162209053527e-01
6.474010999999999516e-01 2.605820800000000048e+01 1.154946151566093732e-01
6.521439999999999459e-01 2.603389800000000420e+01 1.151821973845515712e-01
6.568867999999999929e-01 2.595359399999999894e+01 1.147489728945828152e-01
6.616296999999999873e-01 2.596815300000000093e+01 1.145289391665119672e-01
6.663725999999999816e-01 2.587447499999999678e+01 1.140727385669025595e-01
6.711154000000000286e-01 2.590614699999999715e+01 1.138920746232700010e-01
6.758583000000000229e-01 2.595346500000000134e+01 1.137475866888665033e-01
6.806010999999999589e-01 2.585726399999999714e+01 1.132915283367520870e-01
6.853439999999999532e-01 2.584399000000000157e+01 1.130200629976355203e-01
6.900868999999999476e-01 2.585734800000000178e+01 1.128059181003124439e-01
6.948296999999999946e-01 2.590860699999999639e+01 1.126759056169521073e-01
6.995725999999999889e-01 2.595019599999999826e+01 1.125271595939016100e-01
7.043154999999999832e-01 2.605566400000000016e+01 1.125183447534032072e-01
7.090583000000000302e-01 2.595359599999999745e+01 1.120602577290182589e-01
7.138012000000000246e-01 2.588870999999999611e+01 1.116843636476270579e-01
7.185441000000000189e-01 2.574633400000000094e+01 1.111447569473000413e-01
7.232868999999999549e-01 2.580512300000000181e+01 1.110413631572906290e-01
7.280297999999999492e-01 2.572439399999999665e+01 1.106371403768861006e-01
7.327727000000000546e-01 2.592390499999999776e+01 1.108351144466472593e-01
7.375154999999999905e-01 2.577372300000000038e+01 1.102871265162353315e-01
7.422583999999999849e-01 2.578215899999999650e+01 1.100804816268429187e-01
7.470012999999999792e-01 2.593752299999999877e+01 1.101860616567209156e-01
7.517441000000000262e-01 2.596994500000000272e+01 1.100298752111271011e-01
7.564870000000000205e-01 2.581795100000000076e+01 1.094861021978794230e-01
7.612299000000000149e-01 2.565361900000000261e+01 1.089182793091646173e-01
7.659726999999999508e-01 2.571140499999999562e+01 1.088216680954620375e-01
7.707155999999999452e-01 2.585779000000000138e+01 1.089117512187596920e-01
7.754585000000000505e-01 2.589247300000000251e+01 1.087687387882970702e-01
7.802012999999999865e-01 2.586019099999999682e+01 1.085933254818402666e-01
7.849441999999999808e-01 2.580548600000000192e+01 1.082262166564418732e-01
7.896870000000000278e-01 2.590031800000000572e+01 1.081405113809676688e-01
7.944299000000000222e-01 2.575318299999999994e+01 1.076219870118913235e-01
7.991728000000000165e-01 2.570510499999999610e+01 1.073123514308450960e-01
8.039155999999999525e-01 2.598072000000000159e+01 1.076759630702182335e-01
8.086584999999999468e-01 2.586042999999999736e+01 1.072169300430855510e-01
8.134014000000000522e-01 2.593441900000000189e+01 1.071631381197126059e-01
8.181441999999999881e-01 2.571897700000000242e+01 1.065929008575078607e-01
8.228870999999999825e-01 2.583561299999999505e+01 1.065531467490829221e-01
8.276299999999999768e-01 2.578106799999999765e+01 1.062318726682472680e-01
8.323728000000000238e-01 2.577081400000000144e+01 1.060086949604040624e-01
8.371157000000000181e-01 2.578554600000000008e+01 1.058389203375398324e-01
8.418586000000000125e-01 2.576875299999999669e+01 1.056042976693694901e-01
8.466013999999999484e-01 2.581190099999999887e+01 1.054922821751269196e-01
8.513443000000000538e-01 2.573485699999999810e+01 1.051375031755781286e-01
8.560872000000000481e-01 2.573725699999999961e+01 1.049466405275890635e-01
8.608299999999999841e-01 2.578841799999999651e+01 1.048551702306419475e-01
8.655728999999999784e-01 2.586707499999999982e+01 1.048188760502496708e-01
8.703157999999999728e-01 2.565192200000000255e+01 1.041892139948891183e-01
8.750586000000000197e-01 2.593121600000000626e+01 1.045623871990650489e-01
8.798015000000000141e-01 2.588669100000000256e+01 1.042807868925460235e-01
8.845442999999999500e-01 2.563254099999999625e+01 1.035766830591702270e-01
8.892872000000000554e-01 2.566080200000000033e+01 1.034447016557754895e-01
8.940301000000000498e-01 2.582857900000000129e+01 1.035945105953075956e-01
8.987728999999999857e-01 2.574736999999999654e+01 1.032442663602546051e-01
9.035157999999999801e-01 2.566875299999999882e+01 1.028991553597054659e-01
9.082586999999999744e-01 2.577388499999999993e+01 1.029245198342562118e-01
9.130015000000000214e-01 2.575259100000000245e+01 1.026981662243304089e-01
9.177444000000000157e-01 2.559334600000000393e+01 1.021974644104593211e-01
9.224873000000000101e-01 2.567279000000000266e+01 1.021726304886675651e-01
9.272300999999999460e-01 2.560718099999999708e+01 1.018609819290276636e-01
9.319730000000000514e-01 2.568061900000000009e+01 1.018271736216193046e-01
9.367159000000000457e-01 2.551979999999999649e+01 1.013291783266823815e-01
9.414586999999999817e-01 2.569437500000000085e+01 1.014955038719380920e-01
9.462015999999999760e-01 2.577709099999999509e+01 1.014807153801154521e-01
9.509444999999999704e-01 2.560280799999999957e+01 1.009613756363501452e-01
9.556873000000000173e-01 2.547345599999999877e+01 1.005310696868948056e-01
9.604302000000000117e-01 2.570372699999999710e+01 1.008083435355943136e-01
9.651731000000000060e-01 2.571824799999999911e+01 1.006626860049939232e-01
9.699159000000000530e-01 2.548793099999999967e+01 1.000389640971696553e-01
9.746588000000000473e-01 2.570068900000000056e+01 1.002835373936111080e-01
9.794017000000000417e-01 2.578069499999999792e+01 1.002666074785154987e-01
9.841444999999999776e-01 2.569331799999999788e+01 9.992587927734937481e-02
9.888873999999999720e-01 2.557523699999999778e+01 9.952728589667961256e-02
9.936302000000000190e-01 2.555854599999999976e+01 9.932662189860379243e-02
9.983731000000000133e-01 2.582051800000000341e+01 9.966469056094742762e-02
1.003115999999999897e+00 2.573955799999999883e+01 9.934092444527230226e-02
1.007859000000000060e+00 2.560645500000000396e+01 9.891807303714321431e-02
1.012602000000000002e+00 2.547702400000000011e+01 9.850315311234762727e-02
1.017344999999999944e+00 2.562689900000000165e+01 9.862674411100519345e-02
1.022086999999999968e+00 2.564185300000000467e+01 9.849160194102743460e-02
1.026829999999999909e+00 2.543416900000000069e+01 9.793012130154490902e-02
1.031573000000000073e+00 2.551501100000000477e+01 9.792395089831701371e-02
1.036316000000000015e+00 2.554034200000000254e+01 9.781040541875184180e-02
1.041058999999999957e+00 2.543276399999999882e+01 9.744415722751262332e-02
1.045801999999999898e+00 2.548143699999999967e+01 9.737831614272758618e-02
1.050545000000000062e+00 2.550483300000000497e+01 9.726452884745240279e-02
1.055287000000000086e+00 2.549999200000000243e+01 9.709613496421573564e-02
1.060030000000000028e+00 2.561251999999999995e+01 9.715265851363255600e-02
1.064772999999999969e+00 2.548203499999999622e+01 9.674883070138626251e-02
1.069515999999999911e+00 2.559919799999999768e+01 9.681529546122813468e-02
1.074259000000000075e+00 2.556636099999999701e+01 9.659690390607610089e-02
1.079002000000000017e+00 2.544650299999999987e+01 9.621601942151576659e-02
1.083744999999999958e+00 2.554278599999999955e+01 9.626536128253401770e-02
1.088487999999999900e+00 2.550698000000000221e+01 9.606653571118664581e-02
1.093229999999999924e+00 2.547666500000000411e+01 9.581451425973364078e-02
1.097973000000000088e+00 2.539645900000000012e+01 9.551229645107534028e-02
1.102716000000000030e+00 2.552242799999999789e+01 9.559860600979547263e-02
1.107458999999999971e+00 2.548812399999999911e+01 9.538462731557009744e-02
1.112201999999999913e+00 2.560765300000000622e+01 9.545730332227755910e-02
1.116945000000000077e+00 2.554700700000000069e+01 9.519543255975625173e-02
1.121688000000000018e+00 2.555489100000000136e+01 9.506231120448366267e-02
1.126430000000000042e+00 2.555448800000000276e+01 9.491444754477527945e-02
1.131172999999999984e+00 2.559941299999999842e+01 9.484995779999483290e-02
1.135915999999999926e+00 2.559801999999999822e+01 9.470099563183008440e-02
1.140659000000000090e+00 2.551112399999999880e+01 9.439519461809536827e-02
1.145402000000000031e+00 2.544794999999999874e+01 9.413404668086090832e-02
1.150144999999999973e+00 2.545982499999999860e+01 9.401124457789769573e-02
1.154887999999999915e+00 2.553740200000000016e+01 9.401072143321739794e-02
1.159631000000000078e+00 2.551474299999999928e+01 9.382658690296477588e-02
1.164373000000000102e+00 2.539572499999999167e+01 9.346629255422833626e-02
1.169116000000000044e+00 2.553671000000000291e+01 9.365315136852950251e-02
1.173858999999999986e+00 2.557775000000000176e+01 9.356176348679304255e-02
1.178601999999999927e+00 2.532176000000000116e+01 9.290800002318852502e-02
1.183345000000000091e+00 2.541448299999999705e+01 9.293899832649907267e-02
1.188088000000000033e+00 2.556010199999999699e+01 9.306494012256817661e-02
1.192830999999999975e+00 2.544891199999999643e+01 9.272387771217886765e-02
1.197572999999999999e+00 2.549563500000000005e+01 9.267140594156106359e-02
1.202315999999999940e+00 2.547947900000000487e+01 9.250544424809060973e-02
1.207059000000000104e+00 2.557515900000000286e+01 9.284156709845757527e-02
1.211802000000000046e+00 2.546062999999999832e+01 9.566671479242452869e-02
1.216544999999999987e+00 2.564593300000000298e+01 9.801269963037852195e-02
1.221287999999999929e+00 2.553887900000000144e+01 9.927828136594629704e-02
1.226031000000000093e+00 2.559433899999999795e+01 1.006303829167354558e-01
1.230774000000000035e+00 2.548279299999999736e+01 1.015178981416094972e-01
1.235516000000000059e+00 2.538791499999999957e+01 1.023424532584704255e-01
1.240259000000000000e+00 2.533497400000000255e+01 1.031820307598222408e-01
1.245001999999999942e+00 2.536946600000000274e+01 1.041467350824820670e-01
1.249745000000000106e+00 2.543967699999999610e+01 1.051461718056530270e-01
1.254488000000000048e+00 2.539188299999999998e+01 1.058689303261622638e-01
1.259230999999999989e+00 2.534681099999999532e+01 1.063137365610883761e-01
1.263973999999999931e+00 2.545743600000000129e+01 1.068193298699893629e-01
1.268715999999999955e+00 2.524923199999999923e+01 1.066395648182919959e-01
1.273458999999999897e+00 2.540235500000000357e+01 1.052097290563505788e-01
1.278202000000000060e+00 2.562030299999999627e+01 1.017551735867651130e-01
1.282945000000000002e+00 2.558105899999999977e+01 9.973781086148171549e-02
1.287687999999999944e+00 2.544430300000000145e+01 9.807006411886146080e-02
1.292431000000000108e+00 2.548617199999999983e+01 9.701708421065693977e-02
1.297174000000000049e+00 2.540385400000000260e+01 9.589568170417007986e-02
1.301916000000000073e+00 2.543195100000000508e+01 9.509845049784355908e-02
1.306659000000000015e+00 2.550876600000000138e+01 9.447683605111201199e-02
1.311401999999999957e+00 2.546167099999999905e+01 9.369272077796599041e-02
1.316144999999999898e+00 2.546496499999999941e+01 9.305546919402266082e-02
1.320888000000000062e+00 2.560219200000000228e+01 9.284126317021058894e-02
1.325631000000000004e+00 2.545992800000000500e+01 9.234455416449689757e-02
1.330373999999999945e+00 2.546782299999999566e+01 9.213361014431162288e-02
1.335117000000000109e+00 2.550165300000000101e+01 9.197931846791211619e-02
1.339858999999999911e+00 2.542725399999999780e+01 9.163653499362631183e-02
1.344602000000000075e+00 2.528075199999999967e+01 9.117195465645891450e-02
1.349345000000000017e+00 2.545935600000000321e+01 9.129934057155998650e-02
1.354087999999999958e+00 2.560719000000000278e+01 9.137511879200814480e-02
1.358830999999999900e+00 2.537235199999999580e+01 9.077111898119412381e-02
1.363574000000000064e+00 2.547506899999999774e+01 9.077511558603931774e-02
1.368317000000000005e+00 2.542752499999999927e+01 9.051545700986544929e-02
1.373059000000000029e+00 2.542675100000000299e+01 9.034342215268359455e-02
1.377801999999999971e+00 2.545922699999999850e+01 9.023243997634608493e-02
1.382544999999999913e+00 2.551397700000000057e+01 9.016393699806869722e-02
1.387288000000000077e+00 2.551779900000000012e+01 9.000890252634236033e-02
1.392031000000000018e+00 2.543774499999999961e+01 8.970871353619502830e-02
1.396773999999999960e+00 2.524455699999999680e+01 8.921082445052394561e-02
1.401516999999999902e+00 2.532751000000000019e+01 8.920296497216166631e-02
1.406260000000000066e+00 2.545173500000000288e+01 8.926946609252740805e-02
1.411002000000000089e+00 2.540552999999999884e+01 8.903890794426221056e-02
1.415745000000000031e+00 2.537206499999999920e+01 8.883158399822328744e-02
1.420487999999999973e+00 2.528113700000000108e+01 8.852633178517564649e-02
1.425230999999999915e+00 2.540857399999999799e+01 8.860472665743629461e-02
1.429974000000000078e+00 2.562095499999999859e+01 8.883129539832963772e-02
1.434717000000000020e+00 2.540617900000000162e+01 8.831645087431447272e-02
1.439459999999999962e+00 2.529103899999999783e+01 8.797638171464203238e-02
1.444201999999999986e+00 2.539522999999999797e+01 8.801912132684977519e-02
1.448944999999999927e+00 2.543707199999999702e+01 8.795492136612710621e-02
1.453688000000000091e+00 2.533769099999999597e+01 8.764704903341183351e-02
1.458431000000000033e+00 2.528698899999999838e+01 8.742479192954707989e-02
1.463173999999999975e+00 2.528967999999999705e+01 8.731972851272271074e-02
1.467916999999999916e+00 2.545911699999999556e+01 8.748159694801073416e-02
1.472660000000000080e+00 2.545914400000000199e+01 8.732556331856611287e-02
1.477402000000000104e+00 2.547913099999999886e+01 8.722945869526933793e-02
1.482145000000000046e+00 2.551451500000000294e+01 8.716099631854663798e-02
1.486887999999999987e+00 2.539742499999999481e+01 8.683348038604522812e-02
1.491630999999999929e+00 2.536136399999999824e+01 8.664484415554626895e-02
1.496374000000000093e+00 2.533617800000000031e+01 8.647545333267990519e-02
1.501117000000000035e+00 2.542934199999999834e+01 8.655316450285224783e-02
1.505859999999999976e+00 2.558050300000000021e+01 8.836264734034114665e-02
1.510602999999999918e+00 2.545136799999999866e+01 9.061862465796807764e-02
1.515344999999999942e+00 2.546537700000000015e+01 9.214549182388685755e-02
1.520088000000000106e+00 2.533981299999999592e+01 9.312912957116961654e-02
1.524831000000000047e+00 2.528080899999999787e+01 9.407622721989225556e-02
1.529573999999999989e+00 2.538493100000000169e+01 9.501188112104190509e-02
1.534316999999999931e+00 2.562338100000000196e+01 9.280355250843633219e-02
1.539060000000000095e+00 2.547572299999999856e+01 9.109961830323715093e-02
1.543803000000000036e+00 2.547532800000000464e+01 9.013812260476364302e-02
1.548545000000000060e+00 2.533547999999999689e+01 8.895172860895396438e-02
1.553288000000000002e+00 2.541630999999999929e+01 8.830278480862821522e-02
1.558030999999999944e+00 2.530082599999999715e+01 8.735991846413435069e-02
1.562774000000000107e+00 2.525668700000000300e+01 8.641000038659356342e-02
1.567517000000000049e+00 2.532777600000000007e+01 8.573529389925772792e-02
1.572259999999999991e+00 2.521449500000000299e+01 8.504176585809881950e-02
1.577002999999999933e+00 2.527144799999999947e+01 8.480320217107782665e-02
1.581746000000000096e+00 2.527903899999999737e+01 8.465226741329615057e-02
1.586487999999999898e+00 2.524503299999999939e+01 8.461745801097431130e-02
1.591231000000000062e+00 2.531672800000000123e+01 8.484613253149964063e-02
1.595974000000000004e+00 2.519659500000000207e+01 8.474891473106012374e-02
1.600716999999999945e+00 2.530584399999999690e+01 8.500642685223276651e-02
1.605460000000000109e+00 2.522401400000000038e+01 8.475862273531052649e-02
1.610203000000000051e+00 2.521843500000000304e+01 8.460762306438172897e-02
1.614945999999999993e+00 2.525112200000000229e+01 8.452420290669471203e-02
1.619688000000000017e+00 2.529299800000000431e+01 8.445873008998774911e-02
1.624430999999999958e+00 2.526261099999999971e+01 8.427476871063188657e-02
1.629173999999999900e+00 2.537531700000000257e+01 8.433078601028036470e-02
1.633917000000000064e+00 2.537816500000000275e+01 8.420640094918022123e-02
1.638660000000000005e+00 2.523266899999999779e+01 8.383781849442827061e-02
1.643402999999999947e+00 2.530932399999999660e+01 8.383968100655679601e-02
1.648146000000000111e+00 2.527973599999999976e+01 8.366641397447245609e-02
1.652889000000000053e+00 2.523095400000000055e+01 8.346354099448691222e-02
1.657631000000000077e+00 2.530781299999999945e+01 8.347003243464806710e-02
1.662374000000000018e+00 2.539288300000000120e+01 8.349020297287280956e-02
1.667116999999999960e+00 2.526765499999999776e+01 8.316564374788065761e-02
1.671859999999999902e+00 2.529561799999999749e+01 8.309459285368091253e-02
1.676603000000000065e+00 2.530640000000000356e+01 8.299656326163211417e-02
1.681346000000000007e+00 2.530514900000000011e+01 8.287953338067366449e-02
1.686088999999999949e+00 2.531415700000000157e+01 8.277993169348957236e-02
1.690830999999999973e+00 2.524092999999999876e+01 8.254752824342530271e-02
1.695573999999999915e+00 2.542768699999999882e+01 8.274034019543972940e-02
1.700317000000000078e+00 2.526526799999999895e+01 8.236444486510122176e-02
1.705060000000000020e+00 2.523064099999999854e+01 8.219777636814454280e-02
1.709802999999999962e+00 2.527377399999999952e+01 8.215858311416221471e-02
1.714545999999999903e+00 2.536979999999999791e+01 8.220620465241901265e-02
1.719289000000000067e+00 2.528098200000000517e+01 8.195428433417255298e-02
1.724031000000000091e+00 2.526663100000000028e+01 8.182367912512918118e-02
1.728774000000000033e+00 2.528748900000000077e+01 8.175121416950392739e-02
1.733516999999999975e+00 2.511427400000000176e+01 8.136586229905820589e-02
1.738259999999999916e+00 2.520254099999999653e+01 8.140386724001631713e-02
1.743003000000000080e+00 2.527270800000000150e+01 8.141231980793815770e-02
1.747746000000000022e+00 2.513407800000000236e+01 8.108564180367508478e-02
1.752488999999999963e+00 2.512047500000000610e+01 8.096129561712807343e-02
1.757231999999999905e+00 2.516725199999999774e+01 8.093445887324508814e-02
1.761973999999999929e+00 2.522036000000000300e+01 8.091771793847499228e-02
1.766717000000000093e+00 2.519027399999999872e+01 8.076860510743638644e-02
1.771460000000000035e+00 2.531489400000000245e+01 8.086767441554010283e-02
1.776202999999999976e+00 2.521517299999999651e+01 8.064457647676749608e-02
1.780945999999999918e+00 2.515109199999999845e+01 8.044494248109697321e-02
1.785689000000000082e+00 2.519778299999999760e+01 8.038206286264119871e-02
1.790432000000000023e+00 2.506827899999999687e+01 8.007743413037596292e-02
1.795174000000000047e+00 2.522151699999999863e+01 8.022399670381674675e-02
1.799916999999999989e+00 2.514973800000000281e+01 8.001206165478989829e-02
1.804659999999999931e+00 2.518915300000000101e+01 7.997827501978146958e-02
1.809403000000000095e+00 2.527384699999999995e+01 8.001628210780414863e-02
1.814146000000000036e+00 2.519622600000000290e+01 7.979755719762980648e-02
1.818888999999999978e+00 2.519699399999999656e+01 7.970308086412594695e-02
1.823631999999999920e+00 2.505506700000000109e+01 7.938362183743571943e-02
1.828375000000000083e+00 2.518188999999999922e+01 7.949010898724381824e-02
1.833117000000000107e+00 2.515224500000000063e+01 7.934941993956413919e-02
1.837860000000000049e+00 2.517827499999999574e+01 7.929661551828236232e-02
1.842602999999999991e+00 2.527143599999999779e+01 7.934992566337160935e-02
1.847345999999999933e+00 2.514353300000000146e+01 7.905647703018645056e-02
1.852089000000000096e+00 2.508272099999999938e+01 7.893370809204582061e-02
1.856832000000000038e+00 2.520380800000000221e+01 7.897240650065122380e-02
1.861574999999999980e+00 2.499896500000000543e+01 7.855407527374311250e-02
1.866317000000000004e+00 2.508751999999999782e+01 7.860240455016945238e-02
1.871059999999999945e+00 2.513964800000000110e+01 7.859359279223529504e-02
1.875803000000000109e+00 2.523699300000000179e+01 7.865487398335910263e-02
1.880546000000000051e+00 2.519983699999999871e+01 7.850711332562419764e-02
1.885288999999999993e+00 2.514551099999999906e+01 7.833324184654047451e-02
1.890031999999999934e+00 2.513733200000000068e+01 7.823139745766082009e-02
1.894775000000000098e+00 2.513663700000000034e+01 7.814120957535850009e-02
1.899516999999999900e+00 2.517790899999999965e+01 7.811719971456093647e-02
1.904260000000000064e+00 2.509956299999999629e+01 7.790779260246051552e-02
1.909003000000000005e+00 2.511570299999999989e+01 7.784547170401243110e-02
1.913745999999999947e+00 2.511900599999999883e+01 7.776288179725465710e-02
1.918489000000000111e+00 2.499422599999999761e+01 7.748305739674964110e-02
1.923232000000000053e+00 2.520082199999999872e+01 7.771620151366637197e-02
1.927974999999999994e+00 2.505379800000000046e+01 7.740089241879449800e-02
1.932717999999999936e+00 2.510292899999999605e+01 7.732996407516688764e-02
1.937459999999999960e+00 2.505271300000000068e+01 7.707239659884854155e-02
1.942202999999999902e+00 2.514606500000000366e+01 7.700542800709311853e-02
1.946946000000000065e+00 2.520485599999999948e+01 7.690797606072208303e-02
1.951689000000000007e+00 2.506196299999999866e+01 7.653846900108141060e-02
1.956431999999999949e+00 2.500878799999999913e+01 7.637475021311100620e-02
1.961174999999999891e+00 2.505305899999999752e+01 7.636191589287685821e-02
1.965918000000000054e+00 2.511034300000000030e+01 7.636981062148903709e-02
1.970660000000000078e+00 2.499313099999999821e+01 7.615545310498454679e-02
1.975403000000000020e+00 2.496254800000000529e+01 7.608845922859917843e-02
1.980145999999999962e+00 2.502008999999999972e+01 7.619701480700671881e-02
1.984888999999999903e+00 2.497109499999999827e+01 7.614258009185334575e-02
1.989632000000000067e+00 2.503716200000000214e+01 7.626330631373715030e-02
1.994375000000000009e+00 2.499189200000000000e+01 7.616642401964726639e-02
1.999117999999999951e+00 2.506771700000000180e+01 7.617230882426304084e-02
2.003861000000000114e+00 2.509372800000000225e+01 7.613079613906188758e-02
2.008602999999999916e+00 2.511284800000000317e+01 7.607844533595306546e-02
2.013345999999999858e+00 2.524999100000000141e+01 7.688173805229300828e-02
2.018088999999999800e+00 2.510244699999999440e+01 7.889372647448211762e-02
2.022832000000000185e+00 2.507261700000000104e+01 8.015183950003018643e-02
2.027575000000000127e+00 2.505713000000000079e+01 8.114052390154687100e-02
2.032318000000000069e+00 2.507537699999999603e+01 8.204032944009366501e-02
2.037061000000000011e+00 2.511027800000000099e+01 8.287879819092214273e-02
2.041802999999999813e+00 2.498434900000000169e+01 8.337137676431041755e-02
2.046546000000000198e+00 2.481080800000000153e+01 8.346114211772626135e-02
2.051289000000000140e+00 2.486120999999999981e+01 8.380249803194055047e-02
2.056032000000000082e+00 2.479473600000000033e+01 8.392760782409564024e-02
2.060775000000000023e+00 2.480046199999999601e+01 8.415908090540676068e-02
2.065517999999999965e+00 2.475664200000000292e+01 8.429244803760357896e-02
2.070260999999999907e+00 2.483089299999999966e+01 8.461575264402190766e-02
2.075003000000000153e+00 2.491725500000000082e+01 8.494998197211815760e-02
2.079746000000000095e+00 2.500318899999999900e+01 8.305148315908812695e-02
2.084489000000000036e+00 2.496931099999999759e+01 8.088675968098733848e-02
2.089231999999999978e+00 2.501892000000000138e+01 7.980918328645270066e-02
2.093974999999999920e+00 2.514500900000000527e+01 7.913302905919689101e-02
2.098717999999999861e+00 2.500978200000000129e+01 7.819912451825339339e-02
2.103460999999999803e+00 2.491544199999999876e+01 7.743165334806366429e-02
2.108204000000000189e+00 2.500267600000000101e+01 7.713589913238129425e-02
2.112945999999999991e+00 2.502868400000000548e+01 7.697083028450257824e-02
2.117688999999999933e+00 2.495169800000000038e+01 7.666648935569699008e-02
2.122431999999999874e+00 2.505534100000000208e+01 7.665153621417056251e-02
2.127174999999999816e+00 2.507522200000000012e+01 7.651932265530386745e-02
2.131918000000000202e+00 2.494631300000000351e+01 7.616903423417024921e-02
2.136661000000000143e+00 2.501559900000000169e+01 7.612861166969091264e-02
2.141404000000000085e+00 2.506649900000000031e+01 7.606575301448806337e-02
2.146145999999999887e+00 2.482753100000000046e+01 7.556867574470721438e-02
2.150888999999999829e+00 2.495792499999999947e+01 7.563744093591347195e-02
2.155632000000000215e+00 2.500675000000000026e+01 7.558681032660129195e-02
2.160375000000000156e+00 2.502956800000000470e+01 7.549952297651223165e-02
2.165118000000000098e+00 2.493910699999999991e+01 7.524528033508613711e-02
2.169861000000000040e+00 2.506151299999999793e+01 7.531493824548421423e-02
2.174603999999999981e+00 2.500143800000000027e+01 7.511254984823907688e-02
2.179346999999999923e+00 2.501794299999999893e+01 7.502739648030111452e-02
2.184089000000000169e+00 2.492491799999999813e+01 7.478085040676121786e-02
2.188832000000000111e+00 2.478600399999999837e+01 7.446755239883341704e-02
2.193575000000000053e+00 2.499148500000000084e+01 7.467250497437125101e-02
2.198317999999999994e+00 2.486451199999999773e+01 7.438107785666997485e-02
2.203060999999999936e+00 2.482936100000000224e+01 7.422909255891183000e-02
2.207803999999999878e+00 2.485627600000000115e+01 7.417177768262399329e-02
2.212546999999999819e+00 2.498617899999999992e+01 7.426876832015325003e-02
2.217289000000000065e+00 2.488321900000000042e+01 7.402022458363254065e-02
2.222032000000000007e+00 2.498710900000000024e+01 7.408044526925780526e-02
2.226774999999999949e+00 2.490947200000000095e+01 7.387262949707286419e-02
2.231517999999999891e+00 2.490727599999999953e+01 7.377802121452634032e-02
2.236260999999999832e+00 2.490507299999999802e+01 7.368398857044859696e-02
2.241004000000000218e+00 2.492126499999999822e+01 7.361844562277039539e-02
2.245747000000000160e+00 2.486729799999999813e+01 7.345048456317357366e-02
2.250490000000000101e+00 2.493170300000000594e+01 7.345798462766114922e-02
2.255231999999999903e+00 2.480292299999999983e+01 7.318123446059036918e-02
2.259974999999999845e+00 2.485600099999999912e+01 7.317361140296957389e-02
2.264717999999999787e+00 2.489436599999999800e+01 7.314522624554933850e-02
2.269461000000000173e+00 2.487035399999999896e+01 7.302572824220104897e-02
2.274204000000000114e+00 2.494932299999999969e+01 7.305757711812513322e-02
2.278947000000000056e+00 2.482895900000000111e+01 7.279844464291940209e-02
2.283689999999999998e+00 2.482470500000000158e+01 7.271013236316035966e-02
2.288431999999999800e+00 2.496325000000000216e+01 7.283132277376061503e-02
2.293175000000000185e+00 2.486435900000000032e+01 7.260578915968685099e-02
2.297918000000000127e+00 2.491222400000000192e+01 7.259531964423394934e-02
2.302661000000000069e+00 2.489010999999999996e+01 7.248343333826633150e-02
2.307404000000000011e+00 2.487782899999999842e+01 7.238652138071768882e-02
2.312146999999999952e+00 2.478147000000000233e+01 7.216746306246327181e-02
2.316889999999999894e+00 2.490638600000000125e+01 7.227087499995969722e-02
2.321632000000000140e+00 2.490859200000000584e+01 7.219676499315463847e-02
2.326375000000000082e+00 2.488703200000000137e+01 7.208855511995923560e-02
2.331118000000000023e+00 2.484424800000000033e+01 7.194960536000805096e-02
2.335860999999999965e+00 2.486982900000000285e+01 7.191067777128096195e-02
2.340603999999999907e+00 2.469716900000000237e+01 7.158513666580654244e-02
2.345346999999999849e+00 2.485139600000000115e+01 7.173337458052422844e-02
2.350089999999999790e+00 2.480513400000000246e+01 7.159187072352349301e-02
2.354833000000000176e+00 2.478849600000000208e+01 7.149333865144080757e-02
2.359574999999999978e+00 2.478202099999999675e+01 7.141055593555899195e-02
2.364317999999999920e+00 2.477660699999999494e+01 7.132922024305396458e-02
2.369060999999999861e+00 2.484767300000000034e+01 7.135823871846612432e-02
2.373803999999999803e+00 2.485626500000000050e+01 7.129793400041967155e-02
2.378547000000000189e+00 2.479880200000000201e+01 7.114308295567249585e-02
2.383290000000000131e+00 2.473336800000000224e+01 7.097754378251969198e-02
2.388033000000000072e+00 2.476591200000000015e+01 7.095243259748464093e-02
2.392774999999999874e+00 2.485650100000000151e+01 7.101077702498966027e-02
2.397517999999999816e+00 2.478785199999999733e+01 7.084199911712825426e-02
2.402261000000000202e+00 2.478288500000000383e+01 7.076468849995172505e-02
2.407004000000000143e+00 2.474303000000000097e+01 7.063725938716691743e-02
2.411747000000000085e+00 2.474697199999999953e+01 7.057305418640671957e-02
2.416490000000000027e+00 2.479777499999999790e+01 7.057618594655069855e-02
2.421232999999999969e+00 2.474178999999999817e+01 7.042735555502989409e-02
2.425975999999999910e+00 2.470013900000000007e+01 7.029897371646545712e-02
2.430718000000000156e+00 2.481236100000000278e+01 7.038972932677678429e-02
2.435461000000000098e+00 2.468520600000000087e+01 7.014139977721216279e-02
2.440204000000000040e+00 2.468007899999999921e+01 7.009109541289607059e-02
2.444946999999999981e+00 2.465138199999999813e+01 6.995793633484338747e-02
2.449689999999999923e+00 2.470787299999999931e+01 6.997056370762923250e-02
2.454432999999999865e+00 2.487022400000000033e+01 7.013278322485283489e-02
2.459175999999999807e+00 2.492682199999999426e+01 7.014572554700820861e-02
2.463918000000000053e+00 2.486968600000000151e+01 6.999823914698712068e-02
2.468660999999999994e+00 2.479038199999999748e+01 6.982045417844472135e-02
2.473403999999999936e+00 2.477034199999999942e+01 6.972593864590566348e-02
2.478146999999999878e+00 2.475146300000000110e+01 6.963376277522133340e-02
2.482889999999999819e+00 2.473880899999999983e+01 6.955032661421584050e-02
2.487633000000000205e+00 2.482851199999999992e+01 6.961101712498388161e-02
2.492376000000000147e+00 2.473805700000000485e+01 6.941910905493096917e-02
2.497117999999999949e+00 2.474663699999999977e+01 6.936630082057208824e-02
2.501860999999999891e+00 2.463140499999999733e+01 6.914022185835680401e-02
2.506603999999999832e+00 2.476302199999999942e+01 6.926046333577259850e-02
2.511347000000000218e+00 2.474029900000000026e+01 6.916314556497268895e-02
2.516090000000000160e+00 2.476317699999999888e+01 6.907811282620132665e-02
2.520833000000000101e+00 2.467784100000000080e+01 6.881766501806421688e-02
2.525576000000000043e+00 2.470085600000000170e+01 6.870984124884368938e-02
2.530318999999999985e+00 2.462740499999999955e+01 6.849528132382551315e-02
2.535060999999999787e+00 2.461399100000000217e+01 6.841400444329727437e-02
2.539804000000000173e+00 2.474891300000000172e+01 6.853913556368652904e-02
2.544547000000000114e+00 2.466805800000000204e+01 6.836592012163369980e-02
2.549290000000000056e+00 2.462949999999999662e+01 6.825104346339914974e-02
2.554032999999999998e+00 2.460078899999999891e+01 6.815049943577890235e-02
2.558775999999999939e+00 2.464333600000000146e+01 6.814853485546039369e-02
2.563518999999999881e+00 2.467518199999999950e+01 6.813433691556262939e-02
2.568261000000000127e+00 2.470615799999999851e+01 6.817133148842774437e-02
2.573004000000000069e+00 2.455044500000000340e+01 6.797186729683758755e-02
2.577747000000000011e+00 2.471141899999999936e+01 6.820941896418632189e-02
2.582489999999999952e+00 2.472898800000000108e+01 6.821500741608624296e-02
2.587232999999999894e+00 2.479038800000000009e+01 6.823933930304790230e-02
2.591975999999999836e+00 2.474106499999999897e+01 6.811106493139788831e-02
2.596719000000000221e+00 2.466942600000000141e+01 6.795218714546133465e-02
2.601462000000000163e+00 2.470619300000000251e+01 6.794283556286195846e-02
2.606203999999999965e+00 2.471452000000000027e+01 6.789467717762123766e-02
2.610946999999999907e+00 2.469497199999999992e+01 6.780823606108479784e-02
2.615689999999999849e+00 2.468054900000000274e+01 6.772905835985319756e-02
2.620432999999999790e+00 2.478837899999999905e+01 6.781753012265781533e-02
2.625176000000000176e+00 2.469690500000000100e+01 6.763336696428472183e-02
2.629919000000000118e+00 2.451662200000000169e+01 6.732750145485795479e-02
2.634662000000000059e+00 2.453426900000000188e+01 6.730769971640762628e-02
2.639403999999999861e+00 2.468165199999999970e+01 6.746281849260599150e-02
2.644146999999999803e+00 2.471691799999999972e+01 6.743044044997111020e-02
2.648890000000000189e+00 2.463438600000000278e+01 6.725583542481797239e-02
2.653633000000000131e+00 2.459168199999999871e+01 6.714983503415700161e-02
2.658376000000000072e+00 2.449983999999999895e+01 6.696845377912573338e-02
2.663119000000000014e+00 2.471876900000000177e+01 6.719773773123616234e-02
2.667861999999999956e+00 2.472509700000000166e+01 6.714867704834101558e-02
2.672604999999999897e+00 2.464546999999999954e+01 6.698312031697986613e-02
2.677347000000000143e+00 2.466272000000000020e+01 6.694974015056069649e-02
2.682090000000000085e+00 2.459067100000000394e+01 6.679502142385913832e-02
2.686833000000000027e+00 2.467590599999999768e+01 6.685414218677029896e-02
2.691575999999999969e+00 2.464754500000000093e+01 6.675893381136414895e-02
2.696318999999999910e+00 2.451621100000000197e+01 6.652470942473856508e-02
2.701061999999999852e+00 2.462532299999999807e+01 6.661652851932618746e-02
2.705804999999999794e+00 2.468707700000000216e+01 6.664385033648566325e-02
2.710547000000000040e+00 2.454974100000000092e+01 6.640241153507905891e-02
2.715289999999999981e+00 2.464476400000000211e+01 6.647525355240249678e-02
2.720032999999999923e+00 2.461195599999999928e+01 6.637558677312239974e-02
2.724775999999999865e+00 2.466360300000000194e+01 6.638979165308699082e-02
2.729518999999999807e+00 2.456866499999999931e+01 6.620657981131181091e-02
2.734262000000000192e+00 2.468365699999999663e+01 6.630623467790869308e-02
2.739005000000000134e+00 2.461168800000000090e+01 6.615474817845126698e-02
2.743746999999999936e+00 2.454122800000000026e+01 6.600519469023934105e-02
2.748489999999999878e+00 2.450174799999999919e+01 6.589760985847741004e-02
2.753232999999999819e+00 2.459997800000000012e+01 6.597521317033996913e-02
2.757976000000000205e+00 2.462446100000000371e+01 6.595377267160461299e-02
2.762719000000000147e+00 2.458023500000000183e+01 6.584047509243383389e-02
2.767462000000000089e+00 2.471287699999999887e+01 6.596359661508914562e-02
2.772205000000000030e+00 2.470711000000000013e+01 6.590217305579763873e-02
2.776947999999999972e+00 2.455213199999999674e+01 6.564166797527619390e-02
2.781690000000000218e+00 2.454025999999999996e+01 6.557221457636994155e-02
2.786433000000000160e+00 2.449790899999999993e+01 6.546216201367091592e-02
2.791176000000000101e+00 2.452406800000000331e+01 6.544398307607277032e-02
2.795919000000000043e+00 2.463682400000000428e+01 6.554129267026474748e-02
2.800661999999999985e+00 2.462246599999999930e+01 6.548417718762296336e-02
2.805404999999999927e+00 2.467115199999999930e+01 6.548631213549058194e-02
2.810147999999999868e+00 2.461266799999999932e+01 6.538738141657837732e-02
2.814890000000000114e+00 2.472957199999999744e+01 6.549817820917845645e-02
2.819633000000000056e+00 2.473267000000000237e+01 6.671607972685145160e-02
2.824375999999999998e+00 2.468986999999999910e+01 6.805760663099606755e-02
2.829118999999999939e+00 2.467777999999999849e+01 6.892019072799494828e-02
2.833861999999999881e+00 2.459105999999999881e+01 6.951731573769731609e-02
2.838604999999999823e+00 2.463908599999999893e+01 7.019399374972691563e-02
2.843348000000000209e+00 2.453059300000000320e+01 7.033469858285666676e-02
2.848091000000000150e+00 2.446946200000000005e+01 7.046003342355082466e-02
2.852832999999999952e+00 2.446733400000000103e+01 7.066260526490514282e-02
2.857575999999999894e+00 2.448378999999999905e+01 7.087630694717381163e-02
2.862318999999999836e+00 2.455793800000000005e+01 7.116065387475652149e-02
2.867062000000000221e+00 2.448075600000000307e+01 7.121509523793112528e-02
2.871805000000000163e+00 2.454057099999999991e+01 7.145947569882246664e-02
2.876548000000000105e+00 2.456327999999999889e+01 7.164176916407145879e-02
2.881291000000000047e+00 2.461100799999999822e+01 7.151751484882287735e-02
2.886032999999999848e+00 2.474094900000000408e+01 6.966152758743954232e-02
2.890775999999999790e+00 2.459440299999999979e+01 6.836328248450332379e-02
2.895519000000000176e+00 2.459985499999999803e+01 6.763216003969710344e-02
2.900262000000000118e+00 2.459319100000000091e+01 6.703829696823823681e-02
2.905005000000000059e+00 2.455293999999999954e+01 6.662254019795552096e-02
2.909748000000000001e+00 2.448944700000000196e+01 6.636180310585072795e-02
2.914490999999999943e+00 2.453487200000000001e+01 6.626793457558791123e-02
2.919233000000000189e+00 2.460867900000000219e+01 6.622623474972286206e-02
2.923976000000000131e+00 2.457750700000000421e+01 6.605424001352752650e-02
2.928719000000000072e+00 2.462494599999999778e+01 6.599708815687779784e-02
2.933462000000000014e+00 2.453506700000000151e+01 6.576302514579146496e-02
2.938204999999999956e+00 2.448775200000000041e+01 6.559226849434848794e-02
2.942947999999999897e+00 2.449098400000000098e+01 6.549482088367904187e-02
2.947690999999999839e+00 2.447575999999999752e+01 6.537708225324681544e-02
2.952433999999999781e+00 2.460033600000000220e+01 6.545692767709158921e-02
2.957176000000000027e+00 2.460813699999999926e+01 6.538296334758543493e-02
2.961918999999999969e+00 2.452979799999999955e+01 6.517805828127515300e-02
2.966661999999999910e+00 2.451011799999999852e+01 6.506780928269062514e-02
2.971404999999999852e+00 2.455910300000000035e+01 6.505072594791007357e-02
2.976147999999999794e+00 2.440480099999999908e+01 6.476630181418344123e-02
2.980891000000000179e+00 2.455975399999999809e+01 6.489358796961222642e-02
2.985634000000000121e+00 2.450291299999999950e+01 6.474259280944963391e-02
2.990375999999999923e+00 2.452121400000000051e+01 6.470907176132648098e-02
2.995118999999999865e+00 2.462348600000000332e+01 6.475672805953833211e-02
2.999861999999999806e+00 2.459021200000000107e+01 6.463822384705739110e-02
3.004605000000000192e+00 2.461495799999999790e+01 6.460037992496019121e-02
3.009348000000000134e+00 2.453731300000000104e+01 6.442938070542739148e-02
3.014091000000000076e+00 2.454964499999999816e+01 6.439680700416364201e-02
3.018834000000000017e+00 2.457730099999999851e+01 6.434633821093707629e-02
3.023576999999999959e+00 2.450889400000000151e+01 6.419074018060938469e-02
3.028319000000000205e+00 2.446846499999999835e+01 6.407257719520496886e-02
3.033062000000000147e+00 2.450705800000000423e+01 6.405857817408844301e-02
3.037805000000000089e+00 2.449564700000000173e+01 6.398025638627904965e-02
3.042548000000000030e+00 2.451790799999999848e+01 6.394670406823246833e-02
3.047290999999999972e+00 2.445927699999999660e+01 6.380824217030821310e-02
3.052033999999999914e+00 2.448089000000000581e+01 6.377482768931407031e-02
3.056776999999999855e+00 2.450137199999999993e+01 6.374093151179860417e-02
3.061519000000000101e+00 2.455818999999999974e+01 6.375435069984007608e-02
3.066262000000000043e+00 2.437799700000000058e+01 6.346083991275644487e-02
3.071004999999999985e+00 2.447958799999999613e+01 6.354677981566572709e-02
3.075747999999999927e+00 2.454464099999999505e+01 6.357537249592486173e-02
3.080490999999999868e+00 2.455181900000000184e+01 6.351999497410638906e-02
3.085233999999999810e+00 2.458469299999999436e+01 6.349558795782034304e-02
3.089977000000000196e+00 2.453413999999999717e+01 6.339117903687625788e-02
3.094720000000000137e+00 2.442708000000000368e+01 6.317904411181685109e-02
3.099461999999999939e+00 2.452570899999999909e+01 6.324945359600113448e-02
3.104204999999999881e+00 2.449132000000000176e+01 6.314944878981526566e-02
3.108947999999999823e+00 2.450173899999999705e+01 6.310718042443189124e-02
3.113691000000000209e+00 2.448496899999999954e+01 6.303095190847748941e-02
3.118434000000000150e+00 2.452506400000000042e+01 6.302788538246067995e-02
3.123177000000000092e+00 2.445583500000000043e+01 6.288425014521441259e-02
3.127920000000000034e+00 2.441344899999999996e+01 6.277576203107612662e-02
3.132661999999999836e+00 2.451242300000000540e+01 6.284940625023278937e-02
3.137405000000000221e+00 2.447514899999999827e+01 6.274862982386866794e-02
3.142148000000000163e+00 2.440872799999999643e+01 6.261012098269257142e-02
3.146891000000000105e+00 2.448418500000000009e+01 6.266208246547827487e-02
3.151634000000000047e+00 2.447760399999999592e+01 6.260343970060670837e-02
3.156376999999999988e+00 2.446582400000000135e+01 6.252633637458937521e-02
3.161119999999999930e+00 2.441780900000000187e+01 6.241338781097290067e-02
3.165862000000000176e+00 2.448143300000000266e+01 6.248654749310206258e-02
3.170605000000000118e+00 2.456175900000000212e+01 6.252148241109370397e-02
3.175348000000000059e+00 2.453504800000000330e+01 6.240876908145361057e-02
3.180091000000000001e+00 2.449210399999999765e+01 6.230311906317612808e-02
3.184833999999999943e+00 2.449952599999999947e+01 6.226199421358184771e-02
3.189576999999999884e+00 2.450959299999999885e+01 6.222445344602474393e-02
3.194319999999999826e+00 2.451172499999999843e+01 6.215908456792779146e-02
3.199063000000000212e+00 2.451051800000000114e+01 6.204354027411716765e-02
3.203805000000000014e+00 2.440801000000000087e+01 6.179898966615958444e-02
3.208547999999999956e+00 2.455387499999999790e+01 6.190709411224452202e-02
3.213290999999999897e+00 2.445892699999999920e+01 6.173860525810086208e-02
3.218033999999999839e+00 2.438007700000000000e+01 6.159051590884021682e-02
3.222776999999999781e+00 2.448433199999999843e+01 6.167369105787329220e-02
3.227520000000000167e+00 2.451765999999999579e+01 6.166762990001967149e-02
3.232263000000000108e+00 2.456451200000000057e+01 6.167851405914218793e-02
3.237004999999999910e+00 2.444175900000000112e+01 6.147658502433914901e-02
3.241747999999999852e+00 2.459036099999999436e+01 6.161537634641371664e-02
3.246490999999999794e+00 2.447334900000000246e+01 6.142131570480398317e-02
3.251234000000000179e+00 2.455537499999999795e+01 6.149419884015645821e-02
3.255977000000000121e+00 2.452580300000000335e+01 6.147303140906913710e-02
3.260720000000000063e+00 2.444393999999999778e+01 6.138775280911575732e-02
3.265463000000000005e+00 2.453497700000000137e+01 6.147999558115468943e-02
3.270205999999999946e+00 2.449584099999999509e+01 6.138414461481319501e-02
3.274948000000000192e+00 2.441349699999999956e+01 6.123400448586553690e-02
3.279691000000000134e+00 2.438841499999999840e+01 6.115596812726376008e-02
3.284434000000000076e+00 2.446938600000000008e+01 6.121107879472473950e-02
3.289177000000000017e+00 2.446205700000000149e+01 6.115583974166571846e-02
3.293919999999999959e+00 2.441540699999999831e+01 6.105125659159195417e-02
3.298662999999999901e+00 2.446882899999999950e+01 6.107222885728340322e-02
3.303405999999999842e+00 2.457025700000000157e+01 6.115304812541726143e-02
3.308148000000000089e+00 2.445702999999999960e+01 6.096625727826664176e-02
3.312891000000000030e+00 2.448945099999999542e+01 6.096094838739059274e-02
3.317633999999999972e+00 2.453488700000000122e+01 6.097224992810007516e-02
3.322376999999999914e+00 2.463425300000000107e+01 6.105122352064207281e-02
3.327119999999999855e+00 2.456960600000000383e+01 6.094108708605713159e-02
3.331862999999999797e+00 2.460516299999999745e+01 6.092397976339693905e-02
3.336606000000000183e+00 2.456629999999999825e+01 6.083108971242501273e-02
3.341347999999999985e+00 2.453514200000000045e+01 6.074806219465440915e-02
3.346090999999999926e+00 2.453931899999999544e+01 6.070879186874254124e-02
3.350833999999999868e+00 2.445039900000000088e+01 6.055399893213494339e-02
3.355576999999999810e+00 2.448549100000000323e+01 6.055330359073400615e-02
3.360320000000000196e+00 2.449085800000000290e+01 6.051604980361904168e-02
3.365063000000000137e+00 2.453585500000000508e+01 6.052765892849069906e-02
3.369806000000000079e+00 2.445801900000000018e+01 6.038752197876560979e-02
3.374549000000000021e+00 2.444874800000000192e+01 6.033245863089701372e-02
3.379290999999999823e+00 2.460714100000000215e+01 6.115697084746350015e-02
3.384034000000000209e+00 2.460857500000000186e+01 6.259391448247506040e-02
3.388777000000000150e+00 2.448084400000000116e+01 6.325664731554463127e-02
3.393520000000000092e+00 2.445421800000000445e+01 6.387357905050335127e-02
3.398263000000000034e+00 2.441390700000000180e+01 6.420687937054565808e-02
3.403005999999999975e+00 2.440912900000000008e+01 6.437362715560465687e-02
3.407748999999999917e+00 2.442450299999999785e+01 6.436066143089348712e-02
3.412491000000000163e+00 2.447134499999999591e+01 6.445803455272895721e-02
3.417234000000000105e+00 2.442557799999999801e+01 6.456915999732612543e-02
3.421977000000000046e+00 2.446904399999999669e+01 6.478294924582933545e-02
3.426719999999999988e+00 2.451273100000000227e+01 6.497284672769232383e-02
3.431462999999999930e+00 2.440392000000000294e+01 6.496347921525062741e-02
3.436205999999999872e+00 2.455189899999999881e+01 6.530137518965048460e-02
3.440948999999999813e+00 2.445162099999999583e+01 6.528615629650745544e-02
3.445692000000000199e+00 2.443831200000000337e+01 6.539703542980293549e-02
3.450434000000000001e+00 2.439652900000000102e+01 6.543220646160649578e-02
3.455176999999999943e+00 2.442338199999999659e+01 6.557554412624952422e-02
3.459919999999999884e+00 2.442585799999999807e+01 6.568171831360078428e-02
3.464662999999999826e+00 2.436954799999999821e+01 6.570507572850137201e-02
3.469406000000000212e+00 2.443202600000000047e+01 6.588540164596631832e-02
3.474149000000000154e+00 2.441818400000000011e+01 6.595947517290219608e-02
3.478892000000000095e+00 2.440190899999999630e+01 6.602773683964868745e-02
3.483633999999999897e+00 2.447688699999999784e+01 6.621603736343711910e-02
3.488376999999999839e+00 2.439461000000000013e+01 6.618940804415990309e-02
3.493119999999999781e+00 2.443178999999999945e+01 6.632204649965725562e-02
3.497863000000000167e+00 2.445547400000000238e+01 6.643449946068233358e-02
3.502606000000000108e+00 2.438767799999999397e+01 6.642040683598753048e-02
3.507349000000000050e+00 2.443963099999999855e+01 6.656699029413076785e-02
3.512091999999999992e+00 2.451222999999999885e+01 6.674028656417427263e-02
3.516833999999999794e+00 2.451494299999999527e+01 6.681671411337435085e-02
3.521577000000000179e+00 2.447467999999999932e+01 6.683227057639445912e-02
3.526320000000000121e+00 2.431270599999999860e+01 6.667983140258754160e-02
3.531063000000000063e+00 2.430811599999999828e+01 6.674116500976440269e-02
3.535806000000000004e+00 2.439310899999999904e+01 6.692421454622160537e-02
3.540548999999999946e+00 2.441817599999999899e+01 6.702283622354324177e-02
3.545291999999999888e+00 2.437413499999999900e+01 6.702604787921334628e-02
3.550034999999999830e+00 2.454823400000000078e+01 6.732762478330198141e-02
3.554777000000000076e+00 2.462293199999999871e+01 6.749128469400919594e-02
3.559520000000000017e+00 2.441736200000000423e+01 6.726900608234448464e-02
3.564262999999999959e+00 2.434513900000000319e+01 6.722789165141206114e-02
3.569005999999999901e+00 2.446181500000000142e+01 6.745967128486693443e-02
3.573748999999999842e+00 2.447580299999999554e+01 6.755526959348397142e-02
3.578491999999999784e+00 2.446242099999999908e+01 6.755987805136344504e-02
3.583235000000000170e+00 2.438707499999999939e+01 6.751065338914000180e-02
3.587976999999999972e+00 2.445943300000000065e+01 6.764128704111269097e-02
3.592719999999999914e+00 2.437939499999999882e+01 6.747803246885981932e-02
3.597462999999999855e+00 2.433209699999999742e+01 6.735253110756936334e-02
3.602205999999999797e+00 2.436224299999999943e+01 6.733485172990136269e-02
3.606949000000000183e+00 2.438902099999999962e+01 6.731253586487660756e-02
3.611692000000000125e+00 2.445875200000000049e+01 6.739923987723822618e-02
3.616435000000000066e+00 2.450289199999999568e+01 6.752731659521500618e-02
3.621178000000000008e+00 2.475979099999999988e+01 6.870100110254288850e-02
3.625919999999999810e+00 2.452640300000000195e+01 7.082128578010145337e-02
3.630663000000000196e+00 2.445078399999999874e+01 7.208906790721669733e-02
3.635406000000000137e+00 2.441384900000000258e+01 7.306264205831801417e-02
3.640149000000000079e+00 2.443610099999999719e+01 7.385365816696759511e-02
3.644892000000000021e+00 2.440038400000000252e+01 7.430433336742750527e-02
3.649634999999999962e+00 2.436934899999999971e+01 7.473581811789846430e-02
3.654377999999999904e+00 2.433700000000000330e+01 7.510142831168525879e-02
3.659120000000000150e+00 2.429459999999999908e+01 7.545474737110449692e-02
3.663863000000000092e+00 2.434270099999999815e+01 7.593330874406829800e-02
3.668606000000000034e+00 2.438692800000000105e+01 7.639354818683577464e-02
3.673348999999999975e+00 2.433509600000000006e+01 7.669273198443447848e-02
3.678091999999999917e+00 2.440723600000000104e+01 7.717813594280442668e-02
3.682834999999999859e+00 2.444490800000000164e+01 7.760231012991108956e-02
3.687577999999999800e+00 2.438529700000000133e+01 7.786490231484080593e-02
3.692321000000000186e+00 2.453717999999999932e+01 7.845963190858723513e-02
3.697062999999999988e+00 2.435236699999999743e+01 7.850921222745838035e-02
3.701805999999999930e+00 2.429866700000000179e+01 7.876377045250754216e-02
3.706548999999999872e+00 2.434041200000000060e+01 7.916886354701449524e-02
3.711291999999999813e+00 2.448794799999999938e+01 7.974302172436845138e-02
3.716035000000000199e+00 2.444232200000000077e+01 7.999989052299195935e-02
3.720778000000000141e+00 2.427541599999999988e+01 8.005353380091287385e-02
3.725521000000000083e+00 2.437892800000000193e+01 8.054914623012958408e-02
3.730262999999999884e+00 2.438721800000000073e+01 8.088626209918529930e-02
3.735005999999999826e+00 2.438107199999999963e+01 8.119676547942596134e-02
3.739749000000000212e+00 2.435251600000000138e+01 8.146846524898392061e-02
3.744492000000000154e+00 2.433341300000000018e+01 8.175367687700474395e-02
3.749235000000000095e+00 2.435146899999999448e+01 8.210006324457125304e-02
3.753978000000000037e+00 2.427775500000000264e+01 8.229021118661258849e-02
3.758720999999999979e+00 2.447589899999999830e+01 8.293941109876354356e-02
3.763462999999999781e+00 2.443945000000000078e+01 8.319107960603769336e-02
3.768206000000000166e+00 2.437911600000000334e+01 8.340005336965018723e-02
3.772949000000000108e+00 2.446122700000000094e+01 8.385214864727319473e-02
3.777692000000000050e+00 2.442335100000000381e+01 8.409782612726086903e-02
3.782434999999999992e+00 2.436334099999999836e+01 8.430424666478966711e-02
3.787177999999999933e+00 2.430014800000000008e+01 8.450376004441044475e-02
3.791920999999999875e+00 2.446627799999999908e+01 8.510219811926539313e-02
3.796663999999999817e+00 2.434945500000000251e+01 8.520749481981382267e-02
3.801406000000000063e+00 2.447483599999999981e+01 8.573639243725793280e-02
3.806149000000000004e+00 2.453038700000000105e+01 8.614333560137313328e-02
3.810891999999999946e+00 2.444630500000000239e+01 8.630460409564717772e-02
3.815634999999999888e+00 2.434099700000000155e+01 8.642679453223058028e-02
3.820377999999999830e+00 2.442241100000000031e+01 8.688074757406441528e-02
3.825121000000000215e+00 2.459922999999999860e+01 8.750484158148165437e-02
3.829864000000000157e+00 2.438820400000000177e+01 8.743845752338155752e-02
3.834605999999999959e+00 2.437887899999999775e+01 8.773144951317002338e-02
3.839348999999999901e+00 2.429870100000000122e+01 8.789744986013474370e-02
3.844091999999999842e+00 2.441492400000000274e+01 8.841806244231772971e-02
3.848834999999999784e+00 2.444333799999999712e+01 8.878379239897055131e-02
3.853578000000000170e+00 2.430245299999999986e+01 8.888570053124798809e-02
3.858321000000000112e+00 2.446486099999999908e+01 8.944498472829318092e-02
3.863064000000000053e+00 2.429279499999999814e+01 8.944253504626756279e-02
3.867806999999999995e+00 2.427315700000000120e+01 8.971988328810397151e-02
3.872548999999999797e+00 2.425851700000000122e+01 9.000628968152558917e-02
3.877292000000000183e+00 2.430286499999999705e+01 9.040342997111447398e-02
3.882035000000000124e+00 2.417887499999999790e+01 9.048776620497159251e-02
3.886778000000000066e+00 2.434751299999999929e+01 9.111986143733154242e-02
3.891521000000000008e+00 2.439560099999999920e+01 9.152778328447325196e-02
3.896263999999999950e+00 2.432744499999999732e+01 9.171842774523177033e-02
3.901006999999999891e+00 2.441625600000000063e+01 9.220541670852802629e-02
3.905749000000000137e+00 2.444585899999999867e+01 9.258367843160855704e-02
3.910492000000000079e+00 2.442832999999999899e+01 9.287345671181837514e-02
3.915235000000000021e+00 2.443125899999999717e+01 9.320262202791078365e-02
3.919977999999999962e+00 2.435015699999999939e+01 9.333141381787110613e-02
3.924720999999999904e+00 2.427675800000000095e+01 9.327340056295255200e-02
3.929463999999999846e+00 2.430900899999999609e+01 9.340705796309881070e-02
3.934206999999999788e+00 2.431411199999999795e+01 9.353968536654108656e-02
3.938949000000000034e+00 2.445901600000000187e+01 9.392067916173306441e-02
3.943691999999999975e+00 2.431879600000000252e+01 9.375227894400060824e-02
3.948434999999999917e+00 2.451926700000000281e+01 9.423895392943355820e-02
3.953177999999999859e+00 2.457871100000000197e+01 9.448051583178723734e-02
3.957920999999999800e+00 2.455299600000000027e+01 9.459766199057194347e-02
3.962664000000000186e+00 2.446559299999999482e+01 9.443749619753533109e-02
3.967407000000000128e+00 2.430018800000000212e+01 9.436032019437513851e-02
3.972150000000000070e+00 2.427674999999999983e+01 9.463276290532471324e-02
3.976891999999999872e+00 2.436181699999999495e+01 9.511818970729153666e-02
3.981634999999999813e+00 2.436148100000000127e+01 9.543878498783081588e-02
3.986378000000000199e+00 2.441449800000000181e+01 9.586613796044513025e-02
3.991121000000000141e+00 2.442055900000000079e+01 9.620233626730953502e-02
3.995864000000000082e+00 2.441769300000000342e+01 9.652338366215774956e-02
4.000606999999999580e+00 2.450833599999999635e+01 9.703086786730188984e-02
4.005349999999999966e+00 2.430279700000000176e+01 9.695240751596888307e-02
4.010092000000000212e+00 2.432444999999999879e+01 9.732642523432624704e-02
4.014834999999999710e+00 2.433390400000000042e+01 9.767806972805512244e-02
4.019578000000000095e+00 2.430249500000000040e+01 9.794950654927618572e-02
4.024320999999999593e+00 2.448185900000000004e+01 9.864691070136408224e-02
4.029063999999999979e+00 2.435818800000000195e+01 9.873627623770049599e-02
4.033807000000000365e+00 2.447980800000000201e+01 9.932307568091515437e-02
4.038549999999999862e+00 2.445646799999999743e+01 9.961911086508501434e-02
4.043293000000000248e+00 2.443902800000000042e+01 9.992827848619528774e-02
4.048034999999999606e+00 2.433312700000000106e+01 1.000579226070669459e-01
4.052777999999999992e+00 2.453995999999999711e+01 1.008315736980361643e-01
4.057521000000000377e+00 2.438090800000000158e+01 1.008550581476184566e-01
4.062263999999999875e+00 2.430433299999999974e+01 1.010489422725487918e-01
4.067007000000000261e+00 2.443686899999999795e+01 1.016793892670943417e-01
4.071749999999999758e+00 2.431788499999999686e+01 1.017882439806572226e-01
4.076493000000000144e+00 2.445829999999999771e+01 1.024414294343567872e-01
4.081235000000000390e+00 2.443247099999999961e+01 1.027493375353490945e-01
4.085977999999999888e+00 2.428980900000000176e+01 1.028128660013526707e-01
4.090721000000000274e+00 2.438344899999999882e+01 1.033775767542826490e-01
4.095463999999999771e+00 2.419292399999999787e+01 1.033404725393942403e-01
4.100207000000000157e+00 2.432262200000000263e+01 1.039879567918718245e-01
4.104949999999999655e+00 2.438581200000000493e+01 1.044979060107378566e-01
4.109693000000000040e+00 2.447533200000000164e+01 1.050667550075869566e-01
4.114436000000000426e+00 2.441009400000000795e+01 1.053060982969447890e-01
4.119177999999999784e+00 2.436960599999999744e+01 1.056009882595792815e-01
4.123921000000000170e+00 2.446343699999999899e+01 1.061890123197381380e-01
4.128663999999999668e+00 2.445491599999999721e+01 1.065598198776260136e-01
4.133407000000000053e+00 2.444205600000000089e+01 1.069233012967697183e-01
4.138150000000000439e+00 2.420425800000000294e+01 1.067933521149429799e-01
4.142892999999999937e+00 2.438778399999999991e+01 1.075939786731729686e-01
4.147636000000000323e+00 2.446656300000000073e+01 1.081676965256490180e-01
4.152377999999999680e+00 2.442535600000000073e+01 1.084800168982744256e-01
4.157121000000000066e+00 2.448557000000000272e+01 1.090199482393988395e-01
4.161863999999999564e+00 2.443744300000000180e+01 1.093222792931838744e-01
4.166606999999999950e+00 2.431289900000000159e+01 1.094548853742307870e-01
4.171350000000000335e+00 2.434663300000000419e+01 1.099454687510499351e-01
4.176092999999999833e+00 2.451995199999999997e+01 1.107626142559293286e-01
4.180836000000000219e+00 2.445527099999999976e+01 1.111920770091623795e-01
4.185577999999999577e+00 2.434925000000000139e+01 1.112584847549642070e-01
4.190320999999999962e+00 2.439010100000000136e+01 1.117410850752649509e-01
4.195064000000000348e+00 2.453714400000000495e+01 1.125117161944239469e-01
4.199806999999999846e+00 2.435617699999999886e+01 1.125317718352803753e-01
4.204550000000000232e+00 2.429326599999999914e+01 1.128261845996890028e-01
4.209292999999999729e+00 2.441878399999999871e+01 1.135626490215440459e-01
4.214036000000000115e+00 2.447114399999999890e+01 1.141328731447381895e-01
4.218778999999999613e+00 2.439037799999999834e+01 1.143972235291914885e-01
4.223520999999999859e+00 2.424244900000000058e+01 1.145046396365326374e-01
4.228264000000000244e+00 2.442196999999999818e+01 1.153893802617862174e-01
4.233006999999999742e+00 2.435969500000000210e+01 1.157060924784900913e-01
4.237750000000000128e+00 2.434367299999999901e+01 1.161366947782409564e-01
4.242492999999999626e+00 2.441328999999999638e+01 1.167768620664342005e-01
4.247236000000000011e+00 2.428797399999999840e+01 1.169529367385864493e-01
4.251979000000000397e+00 2.432416699999999565e+01 1.175267857733593296e-01
4.256720999999999755e+00 2.449429900000000160e+01 1.186250676415322447e-01
4.261464000000000141e+00 2.466211099999999234e+01 1.193599786416552622e-01
4.266206999999999638e+00 2.461056800000000067e+01 1.196951644524004987e-01
4.270950000000000024e+00 2.458780399999999844e+01 1.201441282240638675e-01
4.275693000000000410e+00 2.438843999999999923e+01 1.201616278812275562e-01
4.280435999999999908e+00 2.451520400000000421e+01 1.209876157616431441e-01
4.285179000000000293e+00 2.452371299999999721e+01 1.215271236682227141e-01
4.289921999999999791e+00 2.431540199999999885e+01 1.215315420577275651e-01
4.294664000000000037e+00 2.448745299999999858e+01 1.224903149735671881e-01
4.299407000000000423e+00 2.436272100000000052e+01 1.227102237735344659e-01
4.304149999999999920e+00 2.430474399999999946e+01 1.231019878384000676e-01
4.308893000000000306e+00 2.447426499999999905e+01 1.240778340960652787e-01
4.313635999999999804e+00 2.428725999999999630e+01 1.241517685989531189e-01
4.318379000000000190e+00 2.447746899999999926e+01 1.251951348598367153e-01
4.323121999999999687e+00 2.454135300000000441e+01 1.260117749860404923e-01
4.327863999999999933e+00 2.438219099999999884e+01 1.261460644876525872e-01
4.332607000000000319e+00 2.427260899999999921e+01 1.263745661161501388e-01
4.337349999999999817e+00 2.447492199999999940e+01 1.274846140600021660e-01
4.342093000000000202e+00 2.447030899999999320e+01 1.280628804696528900e-01
4.346835999999999700e+00 2.429864800000000002e+01 1.282079388721638347e-01
4.351579000000000086e+00 2.432209500000000091e+01 1.288711603640954328e-01
4.356321999999999584e+00 2.446757900000000063e+01 1.298677638727548100e-01
4.361063999999999830e+00 2.458997799999999501e+01 1.308129333334490940e-01
4.365807000000000215e+00 2.467553000000000196e+01 1.316698090500172391e-01
4.370549999999999713e+00 2.443833099999999803e+01 1.316681032993469724e-01
4.375293000000000099e+00 2.424946699999999922e+01 1.317972835606599502e-01
4.380035999999999596e+00 2.446796599999999700e+01 1.331006300004395349e-01
4.384778999999999982e+00 2.453126600000000224e+01 1.339853631751748431e-01
4.389522000000000368e+00 2.451652599999999893e+01 1.344985227004657502e-01
4.394264999999999866e+00 2.440339200000000375e+01 1.348464371006130591e-01
4.399007000000000112e+00 2.427186199999999872e+01 1.347461195469568940e-01
4.403749999999999609e+00 2.437626999999999811e+01 1.351284927999950036e-01
4.408492999999999995e+00 2.439619500000000230e+01 1.352753148473741229e-01
4.413236000000000381e+00 2.428482499999999789e+01 1.350565745412169727e-01
4.417978999999999878e+00 2.435737200000000158e+01 1.353488714300581097e-01
4.422722000000000264e+00 2.428847699999999676e+01 1.352487305265749895e-01
4.427464999999999762e+00 2.447181600000000046e+01 1.358455886733496432e-01
4.432207000000000008e+00 2.470645300000000333e+01 1.365857697005057880e-01
4.436950000000000394e+00 2.446693399999999841e+01 1.360852163922172675e-01
4.441692999999999891e+00 2.451997099999999818e+01 1.368492346383037017e-01
4.446436000000000277e+00 2.447575699999999799e+01 1.374265426831942083e-01
4.451178999999999775e+00 2.455643000000000242e+01 1.383622310721170090e-01
4.455922000000000160e+00 2.426721100000000320e+01 1.382598758652910931e-01
4.460664999999999658e+00 2.464684000000000097e+01 1.400688066822595723e-01
4.465408000000000044e+00 2.479446099999999475e+01 1.412313984943259493e-01
4.470150000000000290e+00 2.473866799999999699e+01 1.418251821464925899e-01
4.474892999999999788e+00 2.456933000000000078e+01 1.421006535662711345e-01
4.479636000000000173e+00 2.419708700000000334e+01 1.417856979038693566e-01
4.484378999999999671e+00 2.466506299999999996e+01 1.439362845165377547e-01
4.489122000000000057e+00 2.431182499999999891e+01 1.436935243115127492e-01
4.493865000000000443e+00 2.441962299999999431e+01 1.448163159721123916e-01
4.498607999999999940e+00 2.422210400000000163e+01 1.450429855120760336e-01
4.503350000000000186e+00 2.428137800000000013e+01 1.460470705225780930e-01
4.508092999999999684e+00 2.468599100000000490e+01 1.481057723964555595e-01
4.512836000000000070e+00 2.435798199999999980e+01 1.479731840652568908e-01
4.517578999999999567e+00 2.447785300000000319e+01 1.492063289413039784e-01
4.522321999999999953e+00 2.450365300000000346e+01 1.501693721047251406e-01
4.527065000000000339e+00 2.467824999999999847e+01 1.516059684516015138e-01
4.531807999999999836e+00 2.435583099999999845e+01 1.515238011711367849e-01
4.536551000000000222e+00 2.460047499999999943e+01 1.532126299176608253e-01
4.541292999999999580e+00 2.465255299999999750e+01 1.543225163827304236e-01
4.546035999999999966e+00 2.450266099999999625e+01 1.548140404463499986e-01
4.550779000000000352e+00 2.446200699999999628e+01 1.556610058464476254e-01
4.555521999999999849e+00 2.456712299999999871e+01 1.569920382378141577e-01
4.560265000000000235e+00 2.439681099999999958e+01 1.574547047266559030e-01
4.565007999999999733e+00 2.451190100000000172e+01 1.588584661632294059e-01
4.569751000000000118e+00 2.481204799999999722e+01 1.608818140894168747e-01
4.574493000000000364e+00 2.450269699999999418e+01 1.609453474575565368e-01
4.579235999999999862e+00 2.437899700000000180e+01 1.616238642226787703e-01
4.583979000000000248e+00 2.462571000000000154e+01 1.635506264949037059e-01
4.588721999999999746e+00 2.452565100000000342e+01 1.643495337608260332e-01
4.593465000000000131e+00 2.454485199999999878e+01 1.655672976477634561e-01
4.598207999999999629e+00 2.466873500000000163e+01 1.671629718609115300e-01
4.602951000000000015e+00 2.460522699999999929e+01 1.681494407757542775e-01
4.607693000000000261e+00 2.453404199999999946e+01 1.691303521008837296e-01
4.612435999999999758e+00 2.442946300000000193e+01 1.700158772938107354e-01
4.617179000000000144e+00 2.471501400000000004e+01 1.722854309664517136e-01
4.621921999999999642e+00 2.446947999999999723e+01 1.727302814531626873e-01
4.626665000000000028e+00 2.448100100000000268e+01 1.741012988408162376e-01
4.631408000000000413e+00 2.473837900000000189e+01 1.763787652076162227e-01
4.636150999999999911e+00 2.470098800000000239e+01 1.776409207560270820e-01
4.640894000000000297e+00 2.458999999999999631e+01 1.786663524487621668e-01
4.645635999999999655e+00 2.461134099999999947e+01 1.801974882246775711e-01
4.650379000000000040e+00 2.471206500000000261e+01 1.820602443922728075e-01
4.655122000000000426e+00 2.450796500000000222e+01 1.828312467415780795e-01
4.659864999999999924e+00 2.465654100000000071e+01 1.849488131906247002e-01
4.664608000000000310e+00 2.452533100000000132e+01 1.860566753142942065e-01
4.669350999999999807e+00 2.449174799999999763e+01 1.875665434393279374e-01
4.674094000000000193e+00 2.454360600000000048e+01 1.894485148341456537e-01
4.678836000000000439e+00 2.465743599999999702e+01 1.916161840657435167e-01
4.683578999999999937e+00 2.473987600000000242e+01 1.937138588354751501e-01
4.688322000000000322e+00 2.453651899999999841e+01 1.947331164051430696e-01
4.693064999999999820e+00 2.478320799999999835e+01 1.975885224001908136e-01
4.697808000000000206e+00 2.438951599999999686e+01 1.979254537446199780e-01
4.702550999999999704e+00 2.461492200000000707e+01 2.008191176124001776e-01
4.707294000000000089e+00 2.467414700000000494e+01 2.031000219292329323e-01
4.712036999999999587e+00 2.500320599999999871e+01 2.065637018714885365e-01
4.716778999999999833e+00 2.449280399999999958e+01 2.065991399881758617e-01
4.721522000000000219e+00 2.461998200000000026e+01 2.093611692883463049e-01
4.726264999999999716e+00 2.468708699999999823e+01 2.119489243332923767e-01
4.731008000000000102e+00 2.477461199999999764e+01 2.147051189679519412e-01
4.735750999999999600e+00 2.480131799999999842e+01 2.172844409900260287e-01
4.740493999999999986e+00 2.515850499999999812e+01 2.214043759192972638e-01
4.745237000000000371e+00 2.480271099999999862e+01 2.224625214163877818e-01
4.749978999999999729e+00 2.479245399999999933e+01 2.251429935585262387e-01
4.754722000000000115e+00 2.464801999999999538e+01 2.273037116696183801e-01
4.759464999999999613e+00 2.483464799999999784e+01 2.310954556269086413e-01
4.764207999999999998e+00 2.465424900000000008e+01 2.332863075271339182e-01
4.768951000000000384e+00 2.486190699999999865e+01 2.374306310419394828e-01
4.773693999999999882e+00 2.473832900000000024e+01 2.401297409089253043e-01
4.778437000000000268e+00 2.463079599999999658e+01 2.430239457471717601e-01
4.783178999999999625e+00 2.457459700000000069e+01 2.463032080003149660e-01
4.787922000000000011e+00 2.462872200000000333e+01 2.502945401311053031e-01
4.792665000000000397e+00 2.421841099999999969e+01 2.520555662491140159e-01
4.797407999999999895e+00 2.501237499999999869e+01 2.602566417269382426e-01
4.802151000000000280e+00 2.497983100000000078e+01 2.643845624048798415e-01
4.806893999999999778e+00 2.495420700000000025e+01 2.687606093214429670e-01
4.811637000000000164e+00 2.467025799999999691e+01 2.719436026535226314e-01
4.816379999999999661e+00 2.483710500000000110e+01 2.778484655503047351e-01
4.821121999999999908e+00 2.440743099999999544e+01 2.806525115321580333e-01
4.825865000000000293e+00 2.468455499999999958e+01 2.877968503015816415e-01
4.830607999999999791e+00 2.490337299999999843e+01 2.949840726337095154e-01
4.835351000000000177e+00 2.487063400000000257e+01 3.010724267949185795e-01
4.840093999999999674e+00 2.488779100000000000e+01 3.078736884180298117e-01
4.844837000000000060e+00 2.549442499999999967e+01 3.188468427590922527e-01
4.849579999999999558e+00 2.474060499999999863e+01 3.217474956100146999e-01
4.854321999999999804e+00 2.512691799999999631e+01 3.325413334124646680e-01
4.859065000000000190e+00 2.498744300000000251e+01 3.405452339248781768e-01
4.863807999999999687e+00 2.491414399999999674e+01 3.497133595286859853e-01
4.868551000000000073e+00 2.553400900000000107e+01 3.646943894393221974e-01
4.873293999999999571e+00 2.468500200000000078e+01 3.700495666088530755e-01
4.878036999999999956e+00 2.492482700000000051e+01 3.845523490974798175e-01
4.882780000000000342e+00 2.488201300000000060e+01 3.982869368356311002e-01
4.887522999999999840e+00 2.557153900000000135e+01 4.197138268304130837e-01
4.892265000000000086e+00 2.467646399999999929e+01 4.299557491034630141e-01
4.897007999999999583e+00 2.485239899999999835e+01 4.516681239019862959e-01
4.901750999999999969e+00 2.532154599999999789e+01 4.794099833918041287e-01
4.906494000000000355e+00 2.492085099999999898e+01 5.029223123640469417e-01
4.911236999999999853e+00 2.508116799999999813e+01 5.372690173575431771e-01
4.915980000000000238e+00 2.514181299999999553e+01 5.779195192138002479e-01
4.920722999999999736e+00 2.489300400000000124e+01 6.253155323467505244e-01
4.925464999999999982e+00 2.586572000000000315e+01 7.048589912230671661e-01
4.930208000000000368e+00 2.715043799999999763e+01 8.189833633463136087e-01
4.934950999999999866e+00 2.602792200000000022e+01 9.490550549267993130e-01
4.939694000000000251e+00 2.184627900000000267e+01 1.122786721876416705e+00
4.944436999999999749e+00 7.709587399999999313e+00 1.155594543521874629e+00