# copyA
# Sample c= 0.0 mg/ml
#
# Number of frames collected: 10
# Exposure time per frame: 0.5
# No significant radiation damage detected, merging 10 files
# Merged from: /data/visitor/mx1905/bm29/20170412/Poker/1d/Sxl_10gs_110_00001.dat
# Merged from: /data/visitor/mx1905/bm29/20170412/Poker/1d/Sxl_10gs_110_00002.dat
# Merged from: /data/visitor/mx1905/bm29/20170412/Poker/1d/Sxl_10gs_110_00003.dat
# Merged from: /data/visitor/mx1905/bm29/20170412/Poker/1d/Sxl_10gs_110_00004.dat
# Merged from: /data/visitor/mx1905/bm29/20170412/Poker/1d/Sxl_10gs_110_00005.dat
# Merged from: /data/visitor/mx1905/bm29/20170412/Poker/1d/Sxl_10gs_110_00006.dat
# Merged from: /data/visitor/mx1905/bm29/20170412/Poker/1d/Sxl_10gs_110_00007.dat
# Merged from: /data/visitor/mx1905/bm29/20170412/Poker/1d/Sxl_10gs_110_00008.dat
# Merged from: /data/visitor/mx1905/bm29/20170412/Poker/1d/Sxl_10gs_110_00009.dat
# Merged from: /data/visitor/mx1905/bm29/20170412/Poker/1d/Sxl_10gs_110_00010.dat
#
# Sample Information:
# Storage Temperature (degrees C): 20.0
# Measurement Temperature (degrees C): 20.03
# Concentration: 0.0
# Code: 
3.082862000000000102e-02 6.070889199999999164e+02 8.181294433485572171e+00
3.557148999999999728e-02 1.195658100000000104e+03 4.734234948723605285e+00
4.031434999999999880e-02 1.169316800000000057e+03 3.084072021315481305e+00
4.505722000000000199e-02 9.149145199999999249e+02 1.939820862688054870e+00
4.980007999999999657e-02 6.207505499999999756e+02 1.430760790075290556e+00
5.454294999999999977e-02 4.463153599999999415e+02 1.141334706902996876e+00
5.928581000000000129e-02 3.253657000000000039e+02 9.264250985273173589e-01
6.402868000000000448e-02 2.524726799999999969e+02 7.780881009389361003e-01
6.877154000000000600e-02 2.026263799999999833e+02 6.695749803597054184e-01
7.351441000000000225e-02 1.641972599999999716e+02 5.808025525444597825e-01
7.825727999999999851e-02 1.354057599999999866e+02 5.077234941841375360e-01
8.300014000000000003e-02 1.155160900000000055e+02 4.539619172458523311e-01
8.774300999999999628e-02 9.979329800000000716e+01 4.093972808913366457e-01
9.248586999999999780e-02 8.766020399999999313e+01 3.728825067280979177e-01
9.722873999999999406e-02 7.777985999999999933e+01 3.410443612455863471e-01
1.019715999999999956e-01 6.975252300000001071e+01 3.147527546101375751e-01
1.067145000000000038e-01 6.463605400000001566e+01 2.957492388207884071e-01
1.114572999999999953e-01 5.935628999999998712e+01 2.769978269119391379e-01
1.162002000000000035e-01 5.443842099999999107e+01 2.594786742416549385e-01
1.209430999999999978e-01 5.151417699999999655e+01 2.471161975458423810e-01
1.256858999999999893e-01 4.907036599999999993e+01 2.363674220822059302e-01
1.304288000000000114e-01 4.644351200000000546e+01 2.255502848525443582e-01
1.351717000000000057e-01 4.433347399999999539e+01 2.162421350031135669e-01
1.399144999999999972e-01 4.265387500000000642e+01 2.082586559438139862e-01
1.446573999999999915e-01 4.070724399999999576e+01 1.999178241798074407e-01
1.494003000000000136e-01 3.918410699999999736e+01 1.928630609994723411e-01
1.541431000000000051e-01 3.842752799999999525e+01 1.881969499161336157e-01
1.588859999999999995e-01 3.740419399999999683e+01 1.827365978994637541e-01
1.636287999999999909e-01 3.644027099999999564e+01 1.776207069052032073e-01
1.683717000000000130e-01 3.557610700000000037e+01 1.729180887534990940e-01
1.731146000000000074e-01 3.463000300000000209e+01 1.681571863755819407e-01
1.778573999999999988e-01 3.386956500000000148e+01 1.639652971878065024e-01
1.826002999999999932e-01 3.333262400000000270e+01 1.604524826439298058e-01
1.873431999999999875e-01 3.258529000000000053e+01 1.565530719024989526e-01
1.920860000000000067e-01 3.209357899999999830e+01 1.533623554302013248e-01
1.968289000000000011e-01 3.200726699999999880e+01 1.512197147281223453e-01
2.015717999999999954e-01 3.161538800000000293e+01 1.484512451299126179e-01
2.063145999999999869e-01 3.136420099999999778e+01 1.460877979844473484e-01
2.110575000000000090e-01 3.064880500000000296e+01 1.425744198367154270e-01
2.158004000000000033e-01 3.035280600000000462e+01 1.402575565049166972e-01
2.205431999999999948e-01 3.011758300000000332e+01 1.381655962709950614e-01
2.252860999999999891e-01 2.987374100000000254e+01 1.361191235902097785e-01
2.300290000000000112e-01 2.960821900000000184e+01 1.340749800527055724e-01
2.347718000000000027e-01 2.940817299999999790e+01 1.322238885890998916e-01
2.395146999999999970e-01 2.932138800000000245e+01 1.306779067910203429e-01
2.442575999999999914e-01 2.896157399999999527e+01 1.285694915743280098e-01
2.490004000000000106e-01 2.872122000000000597e+01 1.267701449115595236e-01
2.537433000000000050e-01 2.885442099999999499e+01 1.258264451746810009e-01
2.584861999999999993e-01 2.843061200000000355e+01 1.237202183406815037e-01
2.632289999999999908e-01 2.833780299999999741e+01 1.223818768884139124e-01
2.679718999999999851e-01 2.818803700000000134e+01 1.209526286086982927e-01
2.727146999999999766e-01 2.810018100000000274e+01 1.196828572159484433e-01
2.774576000000000264e-01 2.809967199999999821e+01 1.186639539158104995e-01
2.822005000000000208e-01 2.779555599999999771e+01 1.170591536080664713e-01
2.869433000000000122e-01 2.779965999999999937e+01 1.160727794272175678e-01
2.916862000000000066e-01 2.761527099999999635e+01 1.147139523552475338e-01
2.964291000000000009e-01 2.739691499999999991e+01 1.133188127404752554e-01
3.011718999999999924e-01 2.736148999999999631e+01 1.123301577344298918e-01
3.059147999999999867e-01 2.732177199999999928e+01 1.113557488871441264e-01
3.106576999999999811e-01 2.723199799999999726e+01 1.102962665917351093e-01
3.154004999999999725e-01 2.721383199999999647e+01 1.094102641285766148e-01
3.201434000000000224e-01 2.705118499999999671e+01 1.082597898014590471e-01
3.248863000000000167e-01 2.702509800000000340e+01 1.073989968596969630e-01
3.296291000000000082e-01 2.694576900000000208e+01 1.064455158998856010e-01
3.343720000000000026e-01 2.724856299999999720e+01 1.062639990588379046e-01
3.391148999999999969e-01 2.712522300000000541e+01 1.063736150490867810e-01
3.438576999999999884e-01 2.710634099999999691e+01 1.077107679534576590e-01
3.486005999999999827e-01 2.708215199999999712e+01 1.104033582322888341e-01
3.533434999999999770e-01 2.713355400000000373e+01 1.125352216667612898e-01
3.580863000000000240e-01 2.699122900000000413e+01 1.136349288434942428e-01
3.628292000000000184e-01 2.683057900000000018e+01 1.144136797974743824e-01
3.675720000000000098e-01 2.674495300000000242e+01 1.151711621749259840e-01
3.723149000000000042e-01 2.677380199999999988e+01 1.160813448065101533e-01
3.770577999999999985e-01 2.673066800000000143e+01 1.167640171399990934e-01
3.818005999999999900e-01 2.663759299999999897e+01 1.171823561793617491e-01
3.865434999999999843e-01 2.657297900000000368e+01 1.176176359853716991e-01
3.912863999999999787e-01 2.654431199999999791e+01 1.180256386312626554e-01
3.960292000000000256e-01 2.652989399999999520e+01 1.184783652011708044e-01
4.007721000000000200e-01 2.671506699999999768e+01 1.193993468923490314e-01
4.055150000000000143e-01 2.666993999999999687e+01 1.234101457630579074e-01
4.102578000000000058e-01 2.664856400000000036e+01 1.265775680282462123e-01
4.150007000000000001e-01 2.665562800000000010e+01 1.293663768986342832e-01
4.197435999999999945e-01 2.647375699999999910e+01 1.309100029024276024e-01
4.244863999999999860e-01 2.649070800000000148e+01 1.330723215584690977e-01
4.292292999999999803e-01 2.646997300000000308e+01 1.350523440134357434e-01
4.339721999999999746e-01 2.657776300000000447e+01 1.373991302483520138e-01
4.387150000000000216e-01 2.669960400000000078e+01 1.397227102760703610e-01
4.434579000000000160e-01 2.659891599999999556e+01 1.415078061928358999e-01
4.482008000000000103e-01 2.641837600000000208e+01 1.434078890693475938e-01
4.529436000000000018e-01 2.660842200000000091e+01 1.462685441858251889e-01
4.576864999999999961e-01 2.652847699999999875e+01 1.475738749878060252e-01
4.624293999999999905e-01 2.632097499999999712e+01 1.482200635114089560e-01
4.671721999999999819e-01 2.623260000000000147e+01 1.472399227960253243e-01
4.719150999999999763e-01 2.632375900000000257e+01 1.416901071656193611e-01
4.766579000000000232e-01 2.653940499999999858e+01 1.395907521920116134e-01
4.814008000000000176e-01 2.658579200000000498e+01 1.379379597428300186e-01
4.861437000000000119e-01 2.631876499999999552e+01 1.358925271106174448e-01
4.908865000000000034e-01 2.625454600000000482e+01 1.346199922579053576e-01
4.956293999999999977e-01 2.630848999999999904e+01 1.338098187530298577e-01
5.003722999999999921e-01 2.647323399999999793e+01 1.333840478391989104e-01
5.051151000000000391e-01 2.656351099999999832e+01 1.328531322510007606e-01
5.098580000000000334e-01 2.615792599999999624e+01 1.311495834877240418e-01
5.146009000000000277e-01 2.614488000000000056e+01 1.304838186523719634e-01
5.193436999999999637e-01 2.623407900000000126e+01 1.301082081154317505e-01
5.240865999999999580e-01 2.611850899999999598e+01 1.292620727670038550e-01
5.288294999999999524e-01 2.617992700000000283e+01 1.288841572222268750e-01
5.335722999999999994e-01 2.617478900000000408e+01 1.281138608864240136e-01
5.383151999999999937e-01 2.597852699999999615e+01 1.267116792007058623e-01
5.430580999999999881e-01 2.605802200000000113e+01 1.260213305966013941e-01
5.478009000000000350e-01 2.603653999999999513e+01 1.251198055297609579e-01
5.525438000000000294e-01 2.616542299999999699e+01 1.246078305171769707e-01
5.572867000000000237e-01 2.622343900000000261e+01 1.239461612765671711e-01
5.620294999999999597e-01 2.614073599999999686e+01 1.229789466180024604e-01
5.667723999999999540e-01 2.591182200000000080e+01 1.216952328256398763e-01
5.715152000000000010e-01 2.616786499999999904e+01 1.215690382957556326e-01
5.762580999999999953e-01 2.615877899999999912e+01 1.208379246398025575e-01
5.810009999999999897e-01 2.601029799999999881e+01 1.198382608880790706e-01
5.857438000000000367e-01 2.604793799999999848e+01 1.195663867110012546e-01
5.904867000000000310e-01 2.602681799999999868e+01 1.192305700112840094e-01
5.952296000000000253e-01 2.601718799999999732e+01 1.189207495817092425e-01
5.999723999999999613e-01 2.596095399999999742e+01 1.186336240341291370e-01
6.047152999999999556e-01 2.604594300000000118e+01 1.185272165972613284e-01
6.094581999999999500e-01 2.595677999999999841e+01 1.179447160325044069e-01
6.142009999999999970e-01 2.612792099999999706e+01 1.181665150892260846e-01
6.189438999999999913e-01 2.613119800000000126e+01 1.177901625580799472e-01
6.236867999999999856e-01 2.614450599999999980e+01 1.175482878407707876e-01
6.284296000000000326e-01 2.601572599999999369e+01 1.169916926004782587e-01
6.331725000000000270e-01 2.601109000000000293e+01 1.167137368831184380e-01
6.379154000000000213e-01 2.601934700000000333e+01 1.164674082889256140e-01
6.426581999999999573e-01 2.604425200000000729e+01 1.162617815415418338e-01
6.474010999999999516e-01 2.607399500000000359e+01 1.160693165033567509e-01
6.521439999999999459e-01 2.598812199999999706e+01 1.156185634876268492e-01
6.568867999999999929e-01 2.565800800000000592e+01 1.146267435366838672e-01
6.616296999999999873e-01 2.579434499999999986e+01 1.146783594627791975e-01
6.663725999999999816e-01 2.569309499999999247e+01 1.142032874296983608e-01
6.711154000000000286e-01 2.582133400000000023e+01 1.142367005747154662e-01
6.758583000000000229e-01 2.594173299999999927e+01 1.142531477501482068e-01
6.806010999999999589e-01 2.588726100000000230e+01 1.138868639476761785e-01
6.853439999999999532e-01 2.584367400000000004e+01 1.135473854482440259e-01
6.900868999999999476e-01 2.592874199999999973e+01 1.134892846922289922e-01
6.948296999999999946e-01 2.595151200000000102e+01 1.132960162193980269e-01
6.995725999999999889e-01 2.596921499999999838e+01 1.130942427458851568e-01
7.043154999999999832e-01 2.596558599999999473e+01 1.128484007780123505e-01
7.090583000000000302e-01 2.597099200000000252e+01 1.126215165006523022e-01
7.138012000000000246e-01 2.584917900000000301e+01 1.121204419219613141e-01
7.185441000000000189e-01 2.582419799999999555e+01 1.118327583087361521e-01
7.232868999999999549e-01 2.572174499999999853e+01 1.113797661397980254e-01
7.280297999999999492e-01 2.574238700000000080e+01 1.111928756363841780e-01
7.327727000000000546e-01 2.585233400000000259e+01 1.111990817404851645e-01
7.375154999999999905e-01 2.586764200000000002e+01 1.110040627598350566e-01
7.422583999999999849e-01 2.590025099999999725e+01 1.108477473444783312e-01
7.470012999999999792e-01 2.590980900000000275e+01 1.106416556477410190e-01
7.517441000000000262e-01 2.600528600000000168e+01 1.106191240765695971e-01
7.564870000000000205e-01 2.574045700000000281e+01 1.098324171590123050e-01
7.612299000000000149e-01 2.598848699999999923e+01 1.101390238123908516e-01
7.659726999999999508e-01 2.581836500000000711e+01 1.095572168992832857e-01
7.707155999999999452e-01 2.594065100000000257e+01 1.095957341044864891e-01
7.754585000000000505e-01 2.591090799999999561e+01 1.093158079727538923e-01
7.802012999999999865e-01 2.607742099999999752e+01 1.095579224363797399e-01
7.849441999999999808e-01 2.596119799999999600e+01 1.090593670937485271e-01
7.896870000000000278e-01 2.593260499999999524e+01 1.087133750298476392e-01
7.944299000000000222e-01 2.581319699999999528e+01 1.082506927742293845e-01
7.991728000000000165e-01 2.596739299999999773e+01 1.083623274752720522e-01
8.039155999999999525e-01 2.576351500000000172e+01 1.077258163371027921e-01
8.086584999999999468e-01 2.586166999999999661e+01 1.077203745689356423e-01
8.134014000000000522e-01 2.592833900000000114e+01 1.076511583147287815e-01
8.181441999999999881e-01 2.582495300000000071e+01 1.073113361025213319e-01
8.228870999999999825e-01 2.567367100000000235e+01 1.067149011912633672e-01
8.276299999999999768e-01 2.575420399999999788e+01 1.066725302471887432e-01
8.323728000000000238e-01 2.577834399999999704e+01 1.065195274418531124e-01
8.371157000000000181e-01 2.592132099999999895e+01 1.066129569993975873e-01
8.418586000000000125e-01 2.575123099999999710e+01 1.060615824502359611e-01
8.466013999999999484e-01 2.572528799999999904e+01 1.058072190070346863e-01
8.513443000000000538e-01 2.577350799999999964e+01 1.057080023775149175e-01
8.560872000000000481e-01 2.593431100000000100e+01 1.058398316533449429e-01
8.608299999999999841e-01 2.574881500000000045e+01 1.052640962488863019e-01
8.655728999999999784e-01 2.581551499999999777e+01 1.052035046632173731e-01
8.703157999999999728e-01 2.575750000000000028e+01 1.048911191567575008e-01
8.750586000000000197e-01 2.563720500000000513e+01 1.044536645470085928e-01
8.798015000000000141e-01 2.574446199999999862e+01 1.044797576570332537e-01
8.845442999999999500e-01 2.585009999999999764e+01 1.045012433883626135e-01
8.892872000000000554e-01 2.580397899999999822e+01 1.042174963048479591e-01
8.940301000000000498e-01 2.585135299999999958e+01 1.041243779886429771e-01
8.987728999999999857e-01 2.583136000000000010e+01 1.038956581513135191e-01
9.035157999999999801e-01 2.575727099999999581e+01 1.035580193486704409e-01
9.082586999999999744e-01 2.583005800000000107e+01 1.035179913222643577e-01
9.130015000000000214e-01 2.575788599999999562e+01 1.031885425541222701e-01
9.177444000000000157e-01 2.563044100000000114e+01 1.027492993597693555e-01
9.224873000000000101e-01 2.570568000000000097e+01 1.027156631181574131e-01
9.272300999999999460e-01 2.569081200000000109e+01 1.025038001714926733e-01
9.319730000000000514e-01 2.565095900000000029e+01 1.022438232686375958e-01
9.367159000000000457e-01 2.575323600000000468e+01 1.022671769594985791e-01
9.414586999999999817e-01 2.558114300000000085e+01 1.017447461568203176e-01
9.462015999999999760e-01 2.567698899999999895e+01 1.017566598796983135e-01
9.509444999999999704e-01 2.567130600000000484e+01 1.015685996807369762e-01
9.556873000000000173e-01 2.566944099999999906e+01 1.013884949753530995e-01
9.604302000000000117e-01 2.572939299999999818e+01 1.013298118488251270e-01
9.651731000000000060e-01 2.562232900000000058e+01 1.009442142135194426e-01
9.699159000000000530e-01 2.566225400000000079e+01 1.008494601804357654e-01
9.746588000000000473e-01 2.556791800000000237e+01 1.004914936866111025e-01
9.794017000000000417e-01 2.560557400000000072e+01 1.003923123573179782e-01
9.841444999999999776e-01 2.576904399999999740e+01 1.005405691141948860e-01
9.888873999999999720e-01 2.579678899999999686e+01 1.004244218603228961e-01
9.936302000000000190e-01 2.562176799999999588e+01 9.991400885470465287e-02
9.983731000000000133e-01 2.574213500000000110e+01 9.997820202928286992e-02
1.003115999999999897e+00 2.563133799999999951e+01 9.959494713271400956e-02
1.007859000000000060e+00 2.557696799999999726e+01 9.932296155240891156e-02
1.012602000000000002e+00 2.572405499999999989e+01 9.944200714045145495e-02
1.017344999999999944e+00 2.564660699999999949e+01 9.912558149344395664e-02
1.022086999999999968e+00 2.566203999999999752e+01 9.899067543762342380e-02
1.026829999999999909e+00 2.559574799999999684e+01 9.869966025675974697e-02
1.031573000000000073e+00 2.555441799999999830e+01 9.845740456982654543e-02
1.036316000000000015e+00 2.559538200000000074e+01 9.837317349065291539e-02
1.041058999999999957e+00 2.573212399999999889e+01 9.847384497267333558e-02
1.045801999999999898e+00 2.557982900000000015e+01 9.802194837373974512e-02
1.050545000000000062e+00 2.548866799999999699e+01 9.768798141577959837e-02
1.055287000000000086e+00 2.563738500000000187e+01 9.781219424949069707e-02
1.060030000000000028e+00 2.554811700000000130e+01 9.748374528207356948e-02
1.064772999999999969e+00 2.564539899999999761e+01 9.751187019126646149e-02
1.069515999999999911e+00 2.560058700000000087e+01 9.727021516345689400e-02
1.074259000000000075e+00 2.561129100000000136e+01 9.713342866752669447e-02
1.079002000000000017e+00 2.570288499999999843e+01 9.715125491750839504e-02
1.083744999999999958e+00 2.564396400000000042e+01 9.690646969922286913e-02
1.088487999999999900e+00 2.565258800000000150e+01 9.679037819660588071e-02
1.093229999999999924e+00 2.544816900000000004e+01 9.620826003879914823e-02
1.097973000000000088e+00 2.545344699999999705e+01 9.606605227368927857e-02
1.102716000000000030e+00 2.545866300000000493e+01 9.592514264601746665e-02
1.107458999999999971e+00 2.563341899999999640e+01 9.610300101989895094e-02
1.112201999999999913e+00 2.563411300000000281e+01 9.595281170304860441e-02
1.116945000000000077e+00 2.561329799999999679e+01 9.576412364303711622e-02
1.121688000000000018e+00 2.543277499999999947e+01 9.527791088104943518e-02
1.126430000000000042e+00 2.537058999999999997e+01 9.501408944659418820e-02
1.131172999999999984e+00 2.536714999999999876e+01 9.485978450180718169e-02
1.135915999999999926e+00 2.559444600000000136e+01 9.513683961534670497e-02
1.140659000000000090e+00 2.550277900000000031e+01 9.482071124427457476e-02
1.145402000000000031e+00 2.549971800000000144e+01 9.466993614189564421e-02
1.150144999999999973e+00 2.539429799999999915e+01 9.432878504425995514e-02
1.154887999999999915e+00 2.557070099999999968e+01 9.451146117605738195e-02
1.159631000000000078e+00 2.553127099999999672e+01 9.429540602944662397e-02
1.164373000000000102e+00 2.550257699999999872e+01 9.410032034889732888e-02
1.169116000000000044e+00 2.540759899999999760e+01 9.385251039175616927e-02
1.173858999999999986e+00 2.558883200000000357e+01 9.401925766208059365e-02
1.178601999999999927e+00 2.550403400000000076e+01 9.367743014976659399e-02
1.183345000000000091e+00 2.540067799999999920e+01 9.334788099674518058e-02
1.188088000000000033e+00 2.536413999999999902e+01 9.314063421598062220e-02
1.192830999999999975e+00 2.540931600000000401e+01 9.308453615383760482e-02
1.197572999999999999e+00 2.543638499999999780e+01 9.299614525425717315e-02
1.202315999999999940e+00 2.554667600000000149e+01 9.306007505612866326e-02
1.207059000000000104e+00 2.558111100000000349e+01 9.328615331542082501e-02
1.211802000000000046e+00 2.548133200000000187e+01 9.615269040656375388e-02
1.216544999999999987e+00 2.565547500000000269e+01 9.848891496279364721e-02
1.221287999999999929e+00 2.554125499999999960e+01 9.974672215408884879e-02
1.226031000000000093e+00 2.546307299999999785e+01 1.008408585380137501e-01
1.230774000000000035e+00 2.543676599999999866e+01 1.019000007531521146e-01
1.235516000000000059e+00 2.539107700000000278e+01 1.028269548741641976e-01
1.240259000000000000e+00 2.540164700000000408e+01 1.038003640970579511e-01
1.245001999999999942e+00 2.542759300000000167e+01 1.047530456487471423e-01
1.249745000000000106e+00 2.543623200000000395e+01 1.056301823311339427e-01
1.254488000000000048e+00 2.542182399999999731e+01 1.064261835786696891e-01
1.259230999999999989e+00 2.549059199999999947e+01 1.071129999480553152e-01
1.263973999999999931e+00 2.537258100000000027e+01 1.071393739795487160e-01
1.268715999999999955e+00 2.556915300000000357e+01 1.078144024553709529e-01
1.273458999999999897e+00 2.553284099999999768e+01 1.059723720655789680e-01
1.278202000000000060e+00 2.566165799999999919e+01 1.023130327258487682e-01
1.282945000000000002e+00 2.556432099999999963e+01 1.001710303958559811e-01
1.287687999999999944e+00 2.556845200000000062e+01 9.876828538940927993e-02
1.292431000000000108e+00 2.549679499999999877e+01 9.749063540014701879e-02
1.297174000000000049e+00 2.557675699999999708e+01 9.667101258469416869e-02
1.301916000000000073e+00 2.557319099999999779e+01 9.580760432873217103e-02
1.306659000000000015e+00 2.545632499999999965e+01 9.482058402020522581e-02
1.311401999999999957e+00 2.547868100000000169e+01 9.416189855894793737e-02
1.316144999999999898e+00 2.551894499999999866e+01 9.358925904510677352e-02
1.320888000000000062e+00 2.549813799999999731e+01 9.308529583781641192e-02
1.325631000000000004e+00 2.555645700000000176e+01 9.295168101361427071e-02
1.330373999999999945e+00 2.541814400000000163e+01 9.247372138330327285e-02
1.335117000000000109e+00 2.535679199999999867e+01 9.214614168942125705e-02
1.339858999999999911e+00 2.555930700000000044e+01 9.230341800307723110e-02
1.344602000000000075e+00 2.540233800000000031e+01 9.181783148548761098e-02
1.349345000000000017e+00 2.541047000000000011e+01 9.163771462070460783e-02
1.354087999999999958e+00 2.546794400000000280e+01 9.155201062409606960e-02
1.358830999999999900e+00 2.550327299999999653e+01 9.143014896533692426e-02
1.363574000000000064e+00 2.530576699999999590e+01 9.089559907120035864e-02
1.368317000000000005e+00 2.535020199999999946e+01 9.079999031459033698e-02
1.373059000000000029e+00 2.546332999999999913e+01 9.083074732949189545e-02
1.377801999999999971e+00 2.548750899999999930e+01 9.070433875251393552e-02
1.382544999999999913e+00 2.534726000000000212e+01 9.028872106577320866e-02
1.387288000000000077e+00 2.548614500000000405e+01 9.037330772431646786e-02
1.392031000000000018e+00 2.543824000000000041e+01 9.012872416966524747e-02
1.396773999999999960e+00 2.547574499999999986e+01 9.003704395297637553e-02
1.401516999999999902e+00 2.550445399999999907e+01 8.993221786446167765e-02
1.406260000000000066e+00 2.542190700000000092e+01 8.963403165998337641e-02
1.411002000000000089e+00 2.548448899999999639e+01 8.959384153257968220e-02
1.415745000000000031e+00 2.536411899999999520e+01 8.923266267530516327e-02
1.420487999999999973e+00 2.534618599999999589e+01 8.905426390713305773e-02
1.425230999999999915e+00 2.542699900000000213e+01 8.905099479034303545e-02
1.429974000000000078e+00 2.544987599999999972e+01 8.894782358033950787e-02
1.434717000000000020e+00 2.548082899999999995e+01 8.885928943294954530e-02
1.439459999999999962e+00 2.532538400000000323e+01 8.844733119306821822e-02
1.444201999999999986e+00 2.539276500000000070e+01 8.842599276347708204e-02
1.448944999999999927e+00 2.539964900000000370e+01 8.830079665188361737e-02
1.453688000000000091e+00 2.537951300000000288e+01 8.812916273190220251e-02
1.458431000000000033e+00 2.540864399999999890e+01 8.804424798712975897e-02
1.463173999999999975e+00 2.550074599999999947e+01 8.809308400312705623e-02
1.467916999999999916e+00 2.540799900000000022e+01 8.780206351801704556e-02
1.472660000000000080e+00 2.556132399999999905e+01 8.790931859771124179e-02
1.477402000000000104e+00 2.547131499999999704e+01 8.762353464443899120e-02
1.482145000000000046e+00 2.541632699999999900e+01 8.739959266439746577e-02
1.486887999999999987e+00 2.547639300000000162e+01 8.737470079979386961e-02
1.491630999999999929e+00 2.542396000000000100e+01 8.715686106430176050e-02
1.496374000000000093e+00 2.547007599999999883e+01 8.710870992606480068e-02
1.501117000000000035e+00 2.547140100000000018e+01 8.702942723486636889e-02
1.505859999999999976e+00 2.554463999999999757e+01 8.871324427570327631e-02
1.510602999999999918e+00 2.553162999999999982e+01 9.118539854108714815e-02
1.515344999999999942e+00 2.546025099999999952e+01 9.256661566573609612e-02
1.520088000000000106e+00 2.550545500000000132e+01 9.386949759382437475e-02
1.524831000000000047e+00 2.569990900000000167e+01 9.529590812029600788e-02
1.529573999999999989e+00 2.547668799999999933e+01 9.562807015123488130e-02
1.534316999999999931e+00 2.574006999999999579e+01 9.344920481373075738e-02
1.539060000000000095e+00 2.559131699999999654e+01 9.173265501435079461e-02
1.543803000000000036e+00 2.554925800000000180e+01 9.069046851317176527e-02
1.548545000000000060e+00 2.544479800000000225e+01 8.955987202997221786e-02
1.553288000000000002e+00 2.528364599999999740e+01 8.848347860152706856e-02
1.558030999999999944e+00 2.529571699999999623e+01 8.775929582198285783e-02
1.562774000000000107e+00 2.548130400000000151e+01 8.719886197871565270e-02
1.567517000000000049e+00 2.536938200000000165e+01 8.620645632564187533e-02
1.572259999999999991e+00 2.536798200000000136e+01 8.569870651323333033e-02
1.577002999999999933e+00 2.516318300000000363e+01 8.501675098916330886e-02
1.581746000000000096e+00 2.521511899999999429e+01 8.494015070006233348e-02
1.586487999999999898e+00 2.529471799999999959e+01 8.509639274905604622e-02
1.591231000000000062e+00 2.521433699999999689e+01 8.506995867551365997e-02
1.595974000000000004e+00 2.533473300000000350e+01 8.537795708705556152e-02
1.600716999999999945e+00 2.525845499999999788e+01 8.532354762598599873e-02
1.605460000000000109e+00 2.544756800000000041e+01 8.553110219796539182e-02
1.610203000000000051e+00 2.533160300000000120e+01 8.519330584593193256e-02
1.614945999999999993e+00 2.535022000000000020e+01 8.508551700146330110e-02
1.619688000000000017e+00 2.533733799999999903e+01 8.492769256158028135e-02
1.624430999999999958e+00 2.537405700000000053e+01 8.485502529172918307e-02
1.629173999999999900e+00 2.542797400000000607e+01 8.481263023336441109e-02
1.633917000000000064e+00 2.537328600000000023e+01 8.459163744067257906e-02
1.638660000000000005e+00 2.534282199999999818e+01 8.441310481398846266e-02
1.643402999999999947e+00 2.530759299999999712e+01 8.422841940268913086e-02
1.648146000000000111e+00 2.528553299999999737e+01 8.406686781344836767e-02
1.652889000000000053e+00 2.534838300000000189e+01 8.404826761116436507e-02
1.657631000000000077e+00 2.537501599999999868e+01 8.397129231453330511e-02
1.662374000000000018e+00 2.531492999999999682e+01 8.375142390664888636e-02
1.667116999999999960e+00 2.524582900000000052e+01 8.351805087404158556e-02
1.671859999999999902e+00 2.526122700000000165e+01 8.342600708689826283e-02
1.676603000000000065e+00 2.519926199999999739e+01 8.320761223244602101e-02
1.681346000000000007e+00 2.526407799999999781e+01 8.319911385184519670e-02
1.686088999999999949e+00 2.536701699999999704e+01 8.325342423758255728e-02
1.690830999999999973e+00 2.528619700000000137e+01 8.300745448232706158e-02
1.695573999999999915e+00 2.523220599999999791e+01 8.280675981948998343e-02
1.700317000000000078e+00 2.535318000000000183e+01 8.289310914075970205e-02
1.705060000000000020e+00 2.522659700000000171e+01 8.257512883514804558e-02
1.709802999999999962e+00 2.518828000000000245e+01 8.240272650362728823e-02
1.714545999999999903e+00 2.526053300000000235e+01 8.241219847651680419e-02
1.719289000000000067e+00 2.529183000000000092e+01 8.235480363530289782e-02
1.724031000000000091e+00 2.534702600000000317e+01 8.233664139421889572e-02
1.728774000000000033e+00 2.523449799999999854e+01 8.204696709060060877e-02
1.733516999999999975e+00 2.526395799999999880e+01 8.198924755421407862e-02
1.738259999999999916e+00 2.531937599999999833e+01 8.197345654819490623e-02
1.743003000000000080e+00 2.525943899999999687e+01 8.177122157918090273e-02
1.747746000000000022e+00 2.533855000000000501e+01 8.179516179850125634e-02
1.752488999999999963e+00 2.529655699999999996e+01 8.162408736016042721e-02
1.757231999999999905e+00 2.524890699999999910e+01 8.144435286442699984e-02
1.761973999999999929e+00 2.532941799999999688e+01 8.147137213236253783e-02
1.766717000000000093e+00 2.534461499999999745e+01 8.139419387322230359e-02
1.771460000000000035e+00 2.534958900000000170e+01 8.130117234924784386e-02
1.776202999999999976e+00 2.519638300000000442e+01 8.099103592377862593e-02
1.780945999999999918e+00 2.526387299999999669e+01 8.100172262202945395e-02
1.785689000000000082e+00 2.528024500000000074e+01 8.088965521285462756e-02
1.790432000000000023e+00 2.527922799999999626e+01 8.078941286832205804e-02
1.795174000000000047e+00 2.534947199999999867e+01 8.080302092673020964e-02
1.799916999999999989e+00 2.514304800000000029e+01 8.037524627379688535e-02
1.804659999999999931e+00 2.526767300000000205e+01 8.047709124951211990e-02
1.809403000000000095e+00 2.517546700000000115e+01 8.023351804948852806e-02
1.814146000000000036e+00 2.516654600000000030e+01 8.012309854705881862e-02
1.818888999999999978e+00 2.518194899999999592e+01 8.005150900630168820e-02
1.823631999999999920e+00 2.521852599999999711e+01 8.001426825890929628e-02
1.828375000000000083e+00 2.521690999999999860e+01 7.991698054688314845e-02
1.833117000000000107e+00 2.514802399999999949e+01 7.971342035019825245e-02
1.837860000000000049e+00 2.517663300000000248e+01 7.966457452728092914e-02
1.842602999999999991e+00 2.514120100000000235e+01 7.951501927680579285e-02
1.847345999999999933e+00 2.520678500000000355e+01 7.952566383104386905e-02
1.852089000000000096e+00 2.520453300000000496e+01 7.949479846120247051e-02
1.856832000000000038e+00 2.520175799999999811e+01 7.933808797054098250e-02
1.861574999999999980e+00 2.516993099999999828e+01 7.919046419044531437e-02
1.866317000000000004e+00 2.508379399999999393e+01 7.896376280179345786e-02
1.871059999999999945e+00 2.506662200000000240e+01 7.884603225021218076e-02
1.875803000000000109e+00 2.507223799999999869e+01 7.876392581552357774e-02
1.880546000000000051e+00 2.507818800000000437e+01 7.868323123152670684e-02
1.885288999999999993e+00 2.539577699999999538e+01 7.908989042969208350e-02
1.890031999999999934e+00 2.517941900000000288e+01 7.866268692396287399e-02
1.894775000000000098e+00 2.508768500000000046e+01 7.842977107736257003e-02
1.899516999999999900e+00 2.515962800000000144e+01 7.845361115945523323e-02
1.904260000000000064e+00 2.522776899999999856e+01 7.847135311370385946e-02
1.909003000000000005e+00 2.518524100000000132e+01 7.831731319723436724e-02
1.913745999999999947e+00 2.511097699999999833e+01 7.811362432530127853e-02
1.918489000000000111e+00 2.516272099999999767e+01 7.810691713140968662e-02
1.923232000000000053e+00 2.510484199999999788e+01 7.793045567343104274e-02
1.927974999999999994e+00 2.515072199999999825e+01 7.791276266069571688e-02
1.932717999999999936e+00 2.512838899999999853e+01 7.773057801535505906e-02
1.937459999999999960e+00 2.499435700000000082e+01 7.734215687317556875e-02
1.942202999999999902e+00 2.515512299999999613e+01 7.737901013069889422e-02
1.946946000000000065e+00 2.520879800000000870e+01 7.727325418253652711e-02
1.951689000000000007e+00 2.520817199999999758e+01 7.711990745425009730e-02
1.956431999999999949e+00 2.499834900000000104e+01 7.671559066165103968e-02
1.961174999999999891e+00 2.511496399999999696e+01 7.681334453260058037e-02
1.965918000000000054e+00 2.502963799999999850e+01 7.660324051445539795e-02
1.970660000000000078e+00 2.505391300000000143e+01 7.660419317294843433e-02
1.975403000000000020e+00 2.494831500000000091e+01 7.642211078716813766e-02
1.980145999999999962e+00 2.495426300000000097e+01 7.645220825067972070e-02
1.984888999999999903e+00 2.500774499999999989e+01 7.655437111108026604e-02
1.989632000000000067e+00 2.509420300000000026e+01 7.670677115566525150e-02
1.994375000000000009e+00 2.514632300000000242e+01 7.675827400604640083e-02
1.999117999999999951e+00 2.498302199999999829e+01 7.639875516789261523e-02
2.003861000000000114e+00 2.506436799999999820e+01 7.644168913044244174e-02
2.008602999999999916e+00 2.512804799999999972e+01 7.645701781026643939e-02
2.013345999999999858e+00 2.533293300000000059e+01 7.736762687107057168e-02
2.018088999999999800e+00 2.518198800000000048e+01 7.938779413900917681e-02
2.022832000000000185e+00 2.506402399999999986e+01 8.051248626374545025e-02
2.027575000000000127e+00 2.501041000000000025e+01 8.144350501921684971e-02
2.032318000000000069e+00 2.501107499999999817e+01 8.231777140264366632e-02
2.037061000000000011e+00 2.509071499999999588e+01 8.323356243193186232e-02
2.041802999999999813e+00 2.507109900000000025e+01 8.390610000427203841e-02
2.046546000000000198e+00 2.504505900000000196e+01 8.424586760626304183e-02
2.051289000000000140e+00 2.492807400000000229e+01 8.430714967822419692e-02
2.056032000000000082e+00 2.480903900000000561e+01 8.434407390840034657e-02
2.060775000000000023e+00 2.485522499999999724e+01 8.464561780688886761e-02
2.065517999999999965e+00 2.507193399999999883e+01 8.522378387856291426e-02
2.070260999999999907e+00 2.493145299999999764e+01 8.518308971426077902e-02
2.075003000000000153e+00 2.492928900000000070e+01 8.536743069393444572e-02
2.079746000000000095e+00 2.508550099999999716e+01 8.357663645743408642e-02
2.084489000000000036e+00 2.519465299999999885e+01 8.163040989865175123e-02
2.089231999999999978e+00 2.510484400000000349e+01 8.031960131334628383e-02
2.093974999999999920e+00 2.505770599999999959e+01 7.936450093678407147e-02
2.098717999999999861e+00 2.495834599999999881e+01 7.848360451620006728e-02
2.103460999999999803e+00 2.509110099999999832e+01 7.806709462479118067e-02
2.108204000000000189e+00 2.507179899999999861e+01 7.760340721250451324e-02
2.112945999999999991e+00 2.484868500000000324e+01 7.705178130071425879e-02
2.117688999999999933e+00 2.491290799999999450e+01 7.696475878238233370e-02
2.122431999999999874e+00 2.494104699999999752e+01 7.683382493617964271e-02
2.127174999999999816e+00 2.498822099999999935e+01 7.674343008143172384e-02
2.131918000000000202e+00 2.500942100000000323e+01 7.662167179450081467e-02
2.136661000000000143e+00 2.510436900000000193e+01 7.661988369880431970e-02
2.141404000000000085e+00 2.502295399999999859e+01 7.635477739991190782e-02
2.146145999999999887e+00 2.493424700000000271e+01 7.608460969144219266e-02
2.150888999999999829e+00 2.511071199999999948e+01 7.622306084469646081e-02
2.155632000000000215e+00 2.505630200000000229e+01 7.601508658239626570e-02
2.160375000000000156e+00 2.495837999999999823e+01 7.574436023845934618e-02
2.165118000000000098e+00 2.494223000000000212e+01 7.560145233245919860e-02
2.169861000000000040e+00 2.490633899999999912e+01 7.543206831041424087e-02
2.174603999999999981e+00 2.486989799999999917e+01 7.526458912544531366e-02
2.179346999999999923e+00 2.491974499999999892e+01 7.522983356516416142e-02
2.184089000000000169e+00 2.501503300000000252e+01 7.526575482838526732e-02
2.188832000000000111e+00 2.499645899999999799e+01 7.513235181707278443e-02
2.193575000000000053e+00 2.501224500000000006e+01 7.505243828102922676e-02
2.198317999999999994e+00 2.509720700000000093e+01 7.507748447794052038e-02
2.203060999999999936e+00 2.499399000000000015e+01 7.482270440280944235e-02
2.207803999999999878e+00 2.493709799999999888e+01 7.463933575732370485e-02
2.212546999999999819e+00 2.489963599999999744e+01 7.448643878474188462e-02
2.217289000000000065e+00 2.491464400000000268e+01 7.441298077545341338e-02
2.222032000000000007e+00 2.491744399999999970e+01 7.432267857761316876e-02
2.226774999999999949e+00 2.492285199999999890e+01 7.423778941211071902e-02
2.231517999999999891e+00 2.496162300000000656e+01 7.420357557905279955e-02
2.236260999999999832e+00 2.490121099999999998e+01 7.402242841073981838e-02
2.241004000000000218e+00 2.496893299999999982e+01 7.403310641164870254e-02
2.245747000000000160e+00 2.504268300000000025e+01 7.405336951753108132e-02
2.250490000000000101e+00 2.492894000000000077e+01 7.379701444822074630e-02
2.255231999999999903e+00 2.491777299999999684e+01 7.369313507089110538e-02
2.259974999999999845e+00 2.493687699999999907e+01 7.363489383687057965e-02
2.264717999999999787e+00 2.484461599999999848e+01 7.341349281757747480e-02
2.269461000000000173e+00 2.492475400000000008e+01 7.344697402625514904e-02
2.274204000000000114e+00 2.492044399999999982e+01 7.335635010833145564e-02
2.278947000000000056e+00 2.485350100000000140e+01 7.317464929850774069e-02
2.283689999999999998e+00 2.481450300000000198e+01 7.303483537111520041e-02
2.288431999999999800e+00 2.498632000000000275e+01 7.320543058506043255e-02
2.293175000000000185e+00 2.486292499999999706e+01 7.294291667226983356e-02
2.297918000000000127e+00 2.488784199999999913e+01 7.289864288384730051e-02
2.302661000000000069e+00 2.480805399999999850e+01 7.270181187337630691e-02
2.307404000000000011e+00 2.492146600000000234e+01 7.278857588511469801e-02
2.312146999999999952e+00 2.492079100000000125e+01 7.270816360572174286e-02
2.316889999999999894e+00 2.487316700000000225e+01 7.256012618637938671e-02
2.321632000000000140e+00 2.487770699999999735e+01 7.248916957656088844e-02
2.326375000000000082e+00 2.482172300000000220e+01 7.233026301387959767e-02
2.331118000000000023e+00 2.483713999999999800e+01 7.227542235767356327e-02
2.335860999999999965e+00 2.478955399999999898e+01 7.212981066168897004e-02
2.340603999999999907e+00 2.482910899999999543e+01 7.211136135526288737e-02
2.345346999999999849e+00 2.493992799999999832e+01 7.219677811428637515e-02
2.350089999999999790e+00 2.476336099999999973e+01 7.186569426147429440e-02
2.354833000000000176e+00 2.486619400000000013e+01 7.193976220749204176e-02
2.359574999999999978e+00 2.485992900000000105e+01 7.185663884102637400e-02
2.364317999999999920e+00 2.492049999999999699e+01 7.187027999003203771e-02
2.369060999999999861e+00 2.475471100000000391e+01 7.155736157998351943e-02
2.373803999999999803e+00 2.477893200000000462e+01 7.151955916962855764e-02
2.378547000000000189e+00 2.470807399999999987e+01 7.134456618937001782e-02
2.383290000000000131e+00 2.473634300000000152e+01 7.131333341498277689e-02
2.388033000000000072e+00 2.485737599999999503e+01 7.141547276664350630e-02
2.392774999999999874e+00 2.483051000000000030e+01 7.130527522313198641e-02
2.397517999999999816e+00 2.477845999999999549e+01 7.115951949558189937e-02
2.402261000000000202e+00 2.482240400000000236e+01 7.115193673935939211e-02
2.407004000000000143e+00 2.488601500000000044e+01 7.117185388099848964e-02
2.411747000000000085e+00 2.477325299999999686e+01 7.094045858370526259e-02
2.416490000000000027e+00 2.481303100000000228e+01 7.092771356067033295e-02
2.421232999999999969e+00 2.475072400000000172e+01 7.076910279872283827e-02
2.425975999999999910e+00 2.479787800000000075e+01 7.076711067164957736e-02
2.430718000000000156e+00 2.477196699999999652e+01 7.066111170583576351e-02
2.435461000000000098e+00 2.468687699999999907e+01 7.047158992943255984e-02
2.440204000000000040e+00 2.474177399999999949e+01 7.050653794869524149e-02
2.444946999999999981e+00 2.476735899999999901e+01 7.045000274656418315e-02
2.449689999999999923e+00 2.487294299999999936e+01 7.053179166308126691e-02
2.454432999999999865e+00 2.481264200000000031e+01 7.037893105169898411e-02
2.459175999999999807e+00 2.466598799999999869e+01 7.010368637973399264e-02
2.463918000000000053e+00 2.478056300000000078e+01 7.019912612775176808e-02
2.468660999999999994e+00 2.478101299999999441e+01 7.013325163788786121e-02
2.473403999999999936e+00 2.483792199999999895e+01 7.014720592333310856e-02
2.478146999999999878e+00 2.483699399999999713e+01 7.007980638511782101e-02
2.482889999999999819e+00 2.472915300000000016e+01 6.986166867157840576e-02
2.487633000000000205e+00 2.481213400000000036e+01 6.991323323676426615e-02
2.492376000000000147e+00 2.485464899999999844e+01 6.990756166275935435e-02
2.497117999999999949e+00 2.469027600000000433e+01 6.961103755806689886e-02
2.501860999999999891e+00 2.476989900000000233e+01 6.965814476038174885e-02
2.506603999999999832e+00 2.487909099999999896e+01 6.974690363609126198e-02
2.511347000000000218e+00 2.481967099999999604e+01 6.959759266704991509e-02
2.516090000000000160e+00 2.479363899999999887e+01 6.944354009920288007e-02
2.520833000000000101e+00 2.475478700000000032e+01 6.924694455306747154e-02
2.525576000000000043e+00 2.478863700000000136e+01 6.915344533880796174e-02
2.530318999999999985e+00 2.480829700000000315e+01 6.906752650824335427e-02
2.535060999999999787e+00 2.473485499999999959e+01 6.890207529035029255e-02
2.539804000000000173e+00 2.466465900000000033e+01 6.874194109136286257e-02
2.544547000000000114e+00 2.466910499999999828e+01 6.868678925748458730e-02
2.549290000000000056e+00 2.477945900000000279e+01 6.877846174623418463e-02
2.554032999999999998e+00 2.470358700000000240e+01 6.861191178203387975e-02
2.558775999999999939e+00 2.463816300000000581e+01 6.845979827540613072e-02
2.563518999999999881e+00 2.456219899999999612e+01 6.829579321337882203e-02
2.568261000000000127e+00 2.474906899999999865e+01 6.854938763883307307e-02
2.573004000000000069e+00 2.461064499999999811e+01 6.837309767171295682e-02
2.577747000000000011e+00 2.471909600000000040e+01 6.853873322634947141e-02
2.582489999999999952e+00 2.466165799999999564e+01 6.844032895643548109e-02
2.587232999999999894e+00 2.467005899999999841e+01 6.839158659159547127e-02
2.591975999999999836e+00 2.470467999999999975e+01 6.837899293148372304e-02
2.596719000000000221e+00 2.480118299999999820e+01 6.845164444281671978e-02
2.601462000000000163e+00 2.466084700000000041e+01 6.819748854655352521e-02
2.606203999999999965e+00 2.469169700000000134e+01 6.818045806788922136e-02
2.610946999999999907e+00 2.476365799999999950e+01 6.821960972894670905e-02
2.615689999999999849e+00 2.476595000000000013e+01 6.816317058960871811e-02
2.620432999999999790e+00 2.470782600000000073e+01 6.802355272355745108e-02
2.625176000000000176e+00 2.473455599999999777e+01 6.800109155719927245e-02
2.629919000000000118e+00 2.480268900000000087e+01 6.803552848500259154e-02
2.634662000000000059e+00 2.478591200000000327e+01 6.796801180286869692e-02
2.639403999999999861e+00 2.475827699999999965e+01 6.788313474132584568e-02
2.644146999999999803e+00 2.474972299999999947e+01 6.779038482856031278e-02
2.648890000000000189e+00 2.466942900000000094e+01 6.761812569832145736e-02
2.653633000000000131e+00 2.472889699999999991e+01 6.765161659916339720e-02
2.658376000000000072e+00 2.470741799999999699e+01 6.756568150117632510e-02
2.663119000000000014e+00 2.476399099999999720e+01 6.757344310369718665e-02
2.667861999999999956e+00 2.459664299999999670e+01 6.728690385542344943e-02
2.672604999999999897e+00 2.459607700000000108e+01 6.722866253630441213e-02
2.677347000000000143e+00 2.472475300000000331e+01 6.734704534769955786e-02
2.682090000000000085e+00 2.457381799999999927e+01 6.708406326569596456e-02
2.686833000000000027e+00 2.475934200000000018e+01 6.727993097484567808e-02
2.691575999999999969e+00 2.478632400000000047e+01 6.725939419952278731e-02
2.696318999999999910e+00 2.465611399999999875e+01 6.702585096385124674e-02
2.701061999999999852e+00 2.464101900000000001e+01 6.694911725763529053e-02
2.705804999999999794e+00 2.471392099999999914e+01 6.699167876696926482e-02
2.710547000000000040e+00 2.473814300000000088e+01 6.696809795444767788e-02
2.715289999999999981e+00 2.466747099999999904e+01 6.681643202657860936e-02
2.720032999999999923e+00 2.462337800000000243e+01 6.670104943622101601e-02
2.724775999999999865e+00 2.466810600000000164e+01 6.670603971670481525e-02
2.729518999999999807e+00 2.463936400000000404e+01 6.661149882422479074e-02
2.734262000000000192e+00 2.471275600000000239e+01 6.665528251037572405e-02
2.739005000000000134e+00 2.462098500000000101e+01 6.647638389836950379e-02
2.743746999999999936e+00 2.456285300000000049e+01 6.634264245722730491e-02
2.748489999999999878e+00 2.466483199999999698e+01 6.642535431118602729e-02
2.753232999999999819e+00 2.458190599999999648e+01 6.625912999714077267e-02
2.757976000000000205e+00 2.459417800000000298e+01 6.622118398801926653e-02
2.762719000000000147e+00 2.472061000000000064e+01 6.633666173380975417e-02
2.767462000000000089e+00 2.468122300000000280e+01 6.622929587795570172e-02
2.772205000000000030e+00 2.458603000000000094e+01 6.604765347958321819e-02
2.776947999999999972e+00 2.458242599999999811e+01 6.598886290615940675e-02
2.781690000000000218e+00 2.464810200000000151e+01 6.602318624625973242e-02
2.786433000000000160e+00 2.467326200000000114e+01 6.600301611584731554e-02
2.791176000000000101e+00 2.457950699999999955e+01 6.582405908286878549e-02
2.795919000000000043e+00 2.460257300000000313e+01 6.580171885758000216e-02
2.800661999999999985e+00 2.460125599999999935e+01 6.576182829462696999e-02
2.805404999999999927e+00 2.462102900000000005e+01 6.572547475039797193e-02
2.810147999999999868e+00 2.460153399999999735e+01 6.567795164595802149e-02
2.814890000000000114e+00 2.474542799999999687e+01 6.582533479369322149e-02
2.819633000000000056e+00 2.475188799999999745e+01 6.705388866066158693e-02
2.824375999999999998e+00 2.475271299999999641e+01 6.846251622645270485e-02
2.829118999999999939e+00 2.465873900000000418e+01 6.921558858364855460e-02
2.833861999999999881e+00 2.458794499999999772e+01 6.983783477826328856e-02
2.838604999999999823e+00 2.468197099999999722e+01 7.058332698213438949e-02
2.843348000000000209e+00 2.460343699999999956e+01 7.076796367081364392e-02
2.848091000000000150e+00 2.463217800000000324e+01 7.102416952040339904e-02
2.852832999999999952e+00 2.470814399999999722e+01 7.134128700405327483e-02
2.857575999999999894e+00 2.464650100000000066e+01 7.144362400401590985e-02
2.862318999999999836e+00 2.462683900000000037e+01 7.159330693331604489e-02
2.867062000000000221e+00 2.458117799999999775e+01 7.169438566858425677e-02
2.871805000000000163e+00 2.461331599999999753e+01 7.189963433501661560e-02
2.876548000000000105e+00 2.454766700000000057e+01 7.195364609950007095e-02
2.881291000000000047e+00 2.459446900000000014e+01 7.182747155404678452e-02
2.886032999999999848e+00 2.464717599999999464e+01 6.985431090849940350e-02
2.890775999999999790e+00 2.471463500000000479e+01 6.885033716014832272e-02
2.895519000000000176e+00 2.465500999999999721e+01 6.802434313531589838e-02
2.900262000000000118e+00 2.469144499999999454e+01 6.748584542459254432e-02
2.905005000000000059e+00 2.468591500000000138e+01 6.711470911466949074e-02
2.909748000000000001e+00 2.458831899999999848e+01 6.680643598213423240e-02
2.914490999999999943e+00 2.464889799999999909e+01 6.673216539221471511e-02
2.919233000000000189e+00 2.455283299999999969e+01 6.646015847707632818e-02
2.923976000000000131e+00 2.460108999999999924e+01 6.639463722959558500e-02
2.928719000000000072e+00 2.459143600000000163e+01 6.626050366701040362e-02
2.933462000000000014e+00 2.465464999999999662e+01 6.623118206643455186e-02
2.938204999999999956e+00 2.444555700000000087e+01 6.584187928678449098e-02
2.942947999999999897e+00 2.452152700000000252e+01 6.584175429340791141e-02
2.947690999999999839e+00 2.463557199999999980e+01 6.589651951451305778e-02
2.952433999999999781e+00 2.463063299999999600e+01 6.580301100579136198e-02
2.957176000000000027e+00 2.451046500000000350e+01 6.555782810441326824e-02
2.961918999999999969e+00 2.463312599999999719e+01 6.562051545025077148e-02
2.966661999999999910e+00 2.451394100000000265e+01 6.537699028452671757e-02
2.971404999999999852e+00 2.457607099999999889e+01 6.537721277472680059e-02
2.976147999999999794e+00 2.458601800000000281e+01 6.531003753139098811e-02
2.980891000000000179e+00 2.469008000000000180e+01 6.536958732820255524e-02
2.985634000000000121e+00 2.468944900000000331e+01 6.529213111835759087e-02
2.990375999999999923e+00 2.457398400000000294e+01 6.508127405784860930e-02
2.995118999999999865e+00 2.446673499999999990e+01 6.485185894043592192e-02
2.999861999999999806e+00 2.450072099999999509e+01 6.482199874727406774e-02
3.004605000000000192e+00 2.456671899999999908e+01 6.483855486292086634e-02
3.009348000000000134e+00 2.447551200000000193e+01 6.464867026773868375e-02
3.014091000000000076e+00 2.458958000000000155e+01 6.475039544063804220e-02
3.018834000000000017e+00 2.460016399999999948e+01 6.467706534254936968e-02
3.023576999999999959e+00 2.461357800000000040e+01 6.462833471324555545e-02
3.028319000000000205e+00 2.453521000000000285e+01 6.445968958962337847e-02
3.033062000000000147e+00 2.463985699999999923e+01 6.453206515478873695e-02
3.037805000000000089e+00 2.460838999999999643e+01 6.442690083400255674e-02
3.042548000000000030e+00 2.458016699999999943e+01 6.432698998156995140e-02
3.047290999999999972e+00 2.453530099999999692e+01 6.420578351917059778e-02
3.052033999999999914e+00 2.455567100000000025e+01 6.417060231313789775e-02
3.056776999999999855e+00 2.458065199999999706e+01 6.414226568481425084e-02
3.061519000000000101e+00 2.442102499999999665e+01 6.387322487196886445e-02
3.066262000000000043e+00 2.454163899999999643e+01 6.397095134806188299e-02
3.071004999999999985e+00 2.454362200000000271e+01 6.392704875453894542e-02
3.075747999999999927e+00 2.448303899999999800e+01 6.379224860087313875e-02
3.080490999999999868e+00 2.451025999999999883e+01 6.376266591615346868e-02
3.085233999999999810e+00 2.458180400000000176e+01 6.378841367233629989e-02
3.089977000000000196e+00 2.458777500000000060e+01 6.375681712518904698e-02
3.094720000000000137e+00 2.448843499999999906e+01 6.355392238470888855e-02
3.099461999999999939e+00 2.454974500000000148e+01 6.357613691005847834e-02
3.104204999999999881e+00 2.462987199999999888e+01 6.362350721344116333e-02
3.108947999999999823e+00 2.461479200000000134e+01 6.354801250130959200e-02
3.113691000000000209e+00 2.454354300000000322e+01 6.340097066067837406e-02
3.118434000000000150e+00 2.457144200000000112e+01 6.338205423266431160e-02
3.123177000000000092e+00 2.452390700000000123e+01 6.326593146674044932e-02
3.127920000000000034e+00 2.451298499999999692e+01 6.319745331477369388e-02
3.132661999999999836e+00 2.451689100000000110e+01 6.314882702985384622e-02
3.137405000000000221e+00 2.455586300000000222e+01 6.314543660374516421e-02
3.142148000000000163e+00 2.450867099999999965e+01 6.303107732631738069e-02
3.146891000000000105e+00 2.457036499999999890e+01 6.306548478771570321e-02
3.151634000000000047e+00 2.446127599999999802e+01 6.287493554681863883e-02
3.156376999999999988e+00 2.452980300000000113e+01 6.290045363487373198e-02
3.161119999999999930e+00 2.446257600000000210e+01 6.276262460084823525e-02
3.165862000000000176e+00 2.451605699999999999e+01 6.282294844823745061e-02
3.170605000000000118e+00 2.446517000000000053e+01 6.268984409790710755e-02
3.175348000000000059e+00 2.459518399999999616e+01 6.277729900292380871e-02
3.180091000000000001e+00 2.439630700000000019e+01 6.247188034107905436e-02
3.184833999999999943e+00 2.439311799999999764e+01 6.241700216769786869e-02
3.189576999999999884e+00 2.447647699999999915e+01 6.247289173361594145e-02
3.194319999999999826e+00 2.443052099999999882e+01 6.234590247418109188e-02
3.199063000000000212e+00 2.460068000000000410e+01 6.244780983466113877e-02
3.203805000000000014e+00 2.459016000000000446e+01 6.231903743565524179e-02
3.208547999999999956e+00 2.452829699999999846e+01 6.216410283609101473e-02
3.213290999999999897e+00 2.454979300000000109e+01 6.214211305031798471e-02
3.218033999999999839e+00 2.450181599999999804e+01 6.203259239549239329e-02
3.222776999999999781e+00 2.449100899999999825e+01 6.197017606809747392e-02
3.227520000000000167e+00 2.448480699999999999e+01 6.191407645542247595e-02
3.232263000000000108e+00 2.447594199999999987e+01 6.185479559551223389e-02
3.237004999999999910e+00 2.455693099999999873e+01 6.190916163674646533e-02
3.241747999999999852e+00 2.445384800000000070e+01 6.173128353199616031e-02
3.246490999999999794e+00 2.448786500000000288e+01 6.172668429626768788e-02
3.251234000000000179e+00 2.447400299999999973e+01 6.167914848069402239e-02
3.255977000000000121e+00 2.451766399999999990e+01 6.174994181484950995e-02
3.260720000000000063e+00 2.453461899999999929e+01 6.178884068170238664e-02
3.265463000000000005e+00 2.450019499999999795e+01 6.172330636070948173e-02
3.270205999999999946e+00 2.450513600000000025e+01 6.168265068339719853e-02
3.274948000000000192e+00 2.452452400000000310e+01 6.165975176101749083e-02
3.279691000000000134e+00 2.451156499999999738e+01 6.159655664366312650e-02
3.284434000000000076e+00 2.453505000000000180e+01 6.157949945328314995e-02
3.289177000000000017e+00 2.439854899999999915e+01 6.136165623679660369e-02
3.293919999999999959e+00 2.450977400000000017e+01 6.145482818874851982e-02
3.298662999999999901e+00 2.449226800000000281e+01 6.138688992715871789e-02
3.303405999999999842e+00 2.448240300000000147e+01 6.132861546405723313e-02
3.308148000000000089e+00 2.446173900000000145e+01 6.125694172149063338e-02
3.312891000000000030e+00 2.451305400000000034e+01 6.127525009998735506e-02
3.317633999999999972e+00 2.445244199999999779e+01 6.115405025088690300e-02
3.322376999999999914e+00 2.449552700000000272e+01 6.116348286724685585e-02
3.327119999999999855e+00 2.451968000000000103e+01 6.116352674582050536e-02
3.331862999999999797e+00 2.453342999999999918e+01 6.111933568299642017e-02
3.336606000000000183e+00 2.453315600000000174e+01 6.107412799706272294e-02
3.341347999999999985e+00 2.456879799999999747e+01 6.107368605618708479e-02
3.346090999999999926e+00 2.459719100000000225e+01 6.106414277248145561e-02
3.350833999999999868e+00 2.448376400000000075e+01 6.087838087612383597e-02
3.355576999999999810e+00 2.452384800000000098e+01 6.088388144921526995e-02
3.360320000000000196e+00 2.451379399999999720e+01 6.082704612208126443e-02
3.365063000000000137e+00 2.449921499999999952e+01 6.076491586440320447e-02
3.369806000000000079e+00 2.454365200000000158e+01 6.077592374823109767e-02
3.374549000000000021e+00 2.457720399999999827e+01 6.077328237807137074e-02
3.379290999999999823e+00 2.461915299999999718e+01 6.145766342859691755e-02
3.384034000000000209e+00 2.452019700000000313e+01 6.277316311121258763e-02
3.388777000000000150e+00 2.448507400000000089e+01 6.355763215848904413e-02
3.393520000000000092e+00 2.449034599999999884e+01 6.421950152142727464e-02
3.398263000000000034e+00 2.452359999999999474e+01 6.465167124544499155e-02
3.403005999999999975e+00 2.448243000000000080e+01 6.477146237979578003e-02
3.407748999999999917e+00 2.445553899999999814e+01 6.470245337037691669e-02
3.412491000000000163e+00 2.444328999999999752e+01 6.472206715478345807e-02
3.417234000000000105e+00 2.446841599999999772e+01 6.492760450597803712e-02
3.421977000000000046e+00 2.447935599999999923e+01 6.509929108143114318e-02
3.426719999999999988e+00 2.454216699999999918e+01 6.531555125754279212e-02
3.431462999999999930e+00 2.456470099999999590e+01 6.548164946030986255e-02
3.436205999999999872e+00 2.446989600000000209e+01 6.549667010774440357e-02
3.440948999999999813e+00 2.447527099999999933e+01 6.562275895785013580e-02
3.445692000000000199e+00 2.442154800000000137e+01 6.568000611556609747e-02
3.450434000000000001e+00 2.451157600000000159e+01 6.589264470652775318e-02
3.455176999999999943e+00 2.449211400000000438e+01 6.597436311699947376e-02
3.459919999999999884e+00 2.454301800000000000e+01 6.614666259841459062e-02
3.464662999999999826e+00 2.449502999999999631e+01 6.618176561133284896e-02
3.469406000000000212e+00 2.449486800000000031e+01 6.627840897884770821e-02
3.474149000000000154e+00 2.455257399999999990e+01 6.644963530116174133e-02
3.478892000000000095e+00 2.452097400000000249e+01 6.649772948548844653e-02
3.483633999999999897e+00 2.447413699999999537e+01 6.652166760225949882e-02
3.488376999999999839e+00 2.440773100000000184e+01 6.651655258137781357e-02
3.493119999999999781e+00 2.442252599999999774e+01 6.661931388991257363e-02
3.497863000000000167e+00 2.442690400000000039e+01 6.670605091969468436e-02
3.502606000000000108e+00 2.445780300000000196e+01 6.682669103672199407e-02
3.507349000000000050e+00 2.445802300000000429e+01 6.690321347591683676e-02
3.512091999999999992e+00 2.456654100000000085e+01 6.712636410024155897e-02
3.516833999999999794e+00 2.440163799999999839e+01 6.697349076150280189e-02
3.521577000000000179e+00 2.442741899999999688e+01 6.707969917465268772e-02
3.526320000000000121e+00 2.449706200000000322e+01 6.724497525678777010e-02
3.531063000000000063e+00 2.450598799999999855e+01 6.732531563545915421e-02
3.535806000000000004e+00 2.446415099999999399e+01 6.733444970036586708e-02
3.540548999999999946e+00 2.434704099999999727e+01 6.723780489135483540e-02
3.545291999999999888e+00 2.452518299999999840e+01 6.754761770556308442e-02
3.550034999999999830e+00 2.448799100000000095e+01 6.755916375963368081e-02
3.554777000000000076e+00 2.453349899999999906e+01 6.768330620632978523e-02
3.559520000000000017e+00 2.447742499999999666e+01 6.766619771649209913e-02
3.564262999999999959e+00 2.441605200000000053e+01 6.764030258450652588e-02
3.569005999999999901e+00 2.434222100000000211e+01 6.760894368338482563e-02
3.573748999999999842e+00 2.448944999999999794e+01 6.788960516936007328e-02
3.578491999999999784e+00 2.446339299999999639e+01 6.787685520706818187e-02
3.583235000000000170e+00 2.448101899999999986e+01 6.795663214759616044e-02
3.587976999999999972e+00 2.449193600000000259e+01 6.800259542725776984e-02
3.592719999999999914e+00 2.437902799999999814e+01 6.779266822339344301e-02
3.597462999999999855e+00 2.447521300000000366e+01 6.786596551893812890e-02
3.602205999999999797e+00 2.434845100000000073e+01 6.763011809981482603e-02
3.606949000000000183e+00 2.449080200000000218e+01 6.776774888468334312e-02
3.611692000000000125e+00 2.447743600000000086e+01 6.774004764770837073e-02
3.616435000000000066e+00 2.456713699999999889e+01 6.793180096501343079e-02
3.621178000000000008e+00 2.455195499999999953e+01 6.873154214091956038e-02
3.625919999999999810e+00 2.453181699999999665e+01 7.116016998560922846e-02
3.630663000000000196e+00 2.445900800000000075e+01 7.243780076486103225e-02
3.635406000000000137e+00 2.439527500000000160e+01 7.337601798697719613e-02
3.640149000000000079e+00 2.454943000000000453e+01 7.437066891204421881e-02
3.644892000000000021e+00 2.440209000000000472e+01 7.465404538318803906e-02
3.649634999999999962e+00 2.444266899999999865e+01 7.519810624519343567e-02
3.654377999999999904e+00 2.443860600000000005e+01 7.560966409535554988e-02
3.659120000000000150e+00 2.445768800000000098e+01 7.606136825626001741e-02
3.663863000000000092e+00 2.442680399999999707e+01 7.641955711400649776e-02
3.668606000000000034e+00 2.445718499999999906e+01 7.686086389547087949e-02
3.673348999999999975e+00 2.448433099999999740e+01 7.728693143083245620e-02
3.678091999999999917e+00 2.443450799999999745e+01 7.758186922543629238e-02
3.682834999999999859e+00 2.452600699999999634e+01 7.809369564424455123e-02
3.687577999999999800e+00 2.452678300000000178e+01 7.845511115212636111e-02
3.692321000000000186e+00 2.448433800000000105e+01 7.874117615644371515e-02
3.697062999999999988e+00 2.438971099999999836e+01 7.893661014357153394e-02
3.701805999999999930e+00 2.439549399999999935e+01 7.928929529980702218e-02
3.706548999999999872e+00 2.441192700000000215e+01 7.965566927693221166e-02
3.711291999999999813e+00 2.434486799999999818e+01 7.988133279217679572e-02
3.716035000000000199e+00 2.438137499999999847e+01 8.027338827670538191e-02
3.720778000000000141e+00 2.449725199999999958e+01 8.079413880055717756e-02
3.725521000000000083e+00 2.445552599999999899e+01 8.105263742136650795e-02
3.730262999999999884e+00 2.440542599999999851e+01 8.129467688116916169e-02
3.735005999999999826e+00 2.441647300000000342e+01 8.163539868231121932e-02
3.739749000000000212e+00 2.439585200000000142e+01 8.192177583754516046e-02
3.744492000000000154e+00 2.451875499999999874e+01 8.244799979396164047e-02
3.749235000000000095e+00 2.433929999999999794e+01 8.246295480520207666e-02
3.753978000000000037e+00 2.442842900000000128e+01 8.293072003514077861e-02
3.758720999999999979e+00 2.440855700000000184e+01 8.321221449992784180e-02
3.763462999999999781e+00 2.445177899999999838e+01 8.360067890117638123e-02
3.768206000000000166e+00 2.454016900000000234e+01 8.406577868477457804e-02
3.772949000000000108e+00 2.445838599999999730e+01 8.423884525771110909e-02
3.777692000000000050e+00 2.452810700000000210e+01 8.467151366418931846e-02
3.782434999999999992e+00 2.453836700000000093e+01 8.500186448539349959e-02
3.787177999999999933e+00 2.447390899999999903e+01 8.520139282551020266e-02
3.791920999999999875e+00 2.445960099999999926e+01 8.548788121133954476e-02
3.796663999999999817e+00 2.443272499999999781e+01 8.575166122627654597e-02
3.801406000000000063e+00 2.439576800000000034e+01 8.599733753126954927e-02
3.806149000000000004e+00 2.438694100000000020e+01 8.629227863487670680e-02
3.810891999999999946e+00 2.443519199999999714e+01 8.668809871909638476e-02
3.815634999999999888e+00 2.445101000000000369e+01 8.702659236468529569e-02
3.820377999999999830e+00 2.430493899999999741e+01 8.707628813701638604e-02
3.825121000000000215e+00 2.431621099999999913e+01 8.740662354760421471e-02
3.829864000000000157e+00 2.448147300000000115e+01 8.801482105606703299e-02
3.834605999999999959e+00 2.438284600000000069e+01 8.814842472750492042e-02
3.839348999999999901e+00 2.431079599999999985e+01 8.833009628983543027e-02
3.844091999999999842e+00 2.435630800000000207e+01 8.872431458506060964e-02
3.848834999999999784e+00 2.440500800000000226e+01 8.912849660965341259e-02
3.853578000000000170e+00 2.439547200000000160e+01 8.947163007280352354e-02
3.858321000000000112e+00 2.446432700000000082e+01 8.986180194837459223e-02
3.863064000000000053e+00 2.450663399999999825e+01 9.025507391122783440e-02
3.867806999999999995e+00 2.445825799999999717e+01 9.048209379804603159e-02
3.872548999999999797e+00 2.441387999999999892e+01 9.071566688719649718e-02
3.877292000000000183e+00 2.438451799999999636e+01 9.097803229626863497e-02
3.882035000000000124e+00 2.440942799999999835e+01 9.134287441839511468e-02
3.886778000000000066e+00 2.425860899999999987e+01 9.137795729009869083e-02
3.891521000000000008e+00 2.430197700000000083e+01 9.177860357954462089e-02
3.896263999999999950e+00 2.457268799999999231e+01 9.261021290520608795e-02
3.901006999999999891e+00 2.437153299999999945e+01 9.255131998716334407e-02
3.905749000000000137e+00 2.440091200000000171e+01 9.293044108177901663e-02
3.910492000000000079e+00 2.440591699999999875e+01 9.326442053772757146e-02
3.915235000000000021e+00 2.445157599999999576e+01 9.367696978637439498e-02
3.919977999999999962e+00 2.451129099999999994e+01 9.407717622170268246e-02
3.924720999999999904e+00 2.444529799999999753e+01 9.403419160618173289e-02
3.929463999999999846e+00 2.440594300000000061e+01 9.403064110966594114e-02
3.934206999999999788e+00 2.435634399999999999e+01 9.405822739442892821e-02
3.938949000000000034e+00 2.441684300000000007e+01 9.427786869767898481e-02
3.943691999999999975e+00 2.432599199999999939e+01 9.420430557764118695e-02
3.948434999999999917e+00 2.433167999999999864e+01 9.431646098729001837e-02
3.953177999999999859e+00 2.443161400000000327e+01 9.463735735299828866e-02
3.957920999999999800e+00 2.443860600000000005e+01 9.481795494542265279e-02
3.962664000000000186e+00 2.452129699999999701e+01 9.498665793672129987e-02
3.967407000000000128e+00 2.442629000000000161e+01 9.504664006858160041e-02
3.972150000000000070e+00 2.434720700000000448e+01 9.521294119284626212e-02
3.976891999999999872e+00 2.445982800000000168e+01 9.575483150923978781e-02
3.981634999999999813e+00 2.458990699999999663e+01 9.633315332604969194e-02
3.986378000000000199e+00 2.439826299999999648e+01 9.628201746803086158e-02
3.991121000000000141e+00 2.431264300000000134e+01 9.643802500027000291e-02
3.995864000000000082e+00 2.437850699999999904e+01 9.689670490523193125e-02
4.000606999999999580e+00 2.432259399999999872e+01 9.711415856379131128e-02
4.005349999999999966e+00 2.441085600000000255e+01 9.762164043968069027e-02
4.010092000000000212e+00 2.443324199999999990e+01 9.799953981094146338e-02
4.014834999999999710e+00 2.448075400000000101e+01 9.843000760366779622e-02
4.019578000000000095e+00 2.453134399999999715e+01 9.886925988852450498e-02
4.024320999999999593e+00 2.427989700000000184e+01 9.869816935367443922e-02
4.029063999999999979e+00 2.438361200000000295e+01 9.924918488246792236e-02
4.033807000000000365e+00 2.435134400000000099e+01 9.952531846872733623e-02
4.038549999999999862e+00 2.438061300000000031e+01 9.992939564440936340e-02
4.043293000000000248e+00 2.449945999999999913e+01 1.005192687868276397e-01
4.048034999999999606e+00 2.440783800000000170e+01 1.006793551281949944e-01
4.052777999999999992e+00 2.440728599999999915e+01 1.010285302935755025e-01
4.057521000000000377e+00 2.442776900000000140e+01 1.014233348319177469e-01
4.062263999999999875e+00 2.449380899999999883e+01 1.019157905326191493e-01
4.067007000000000261e+00 2.455286000000000257e+01 1.023965131835801456e-01
4.071749999999999758e+00 2.452039100000000360e+01 1.026887256410712324e-01
4.076493000000000144e+00 2.439643600000000134e+01 1.027898144449040235e-01
4.081235000000000390e+00 2.435197699999999799e+01 1.030590318488399104e-01
4.085977999999999888e+00 2.426484399999999653e+01 1.032402359369887501e-01
4.090721000000000274e+00 2.440868900000000252e+01 1.039142378948341994e-01
4.095463999999999771e+00 2.445173199999999980e+01 1.043772414556755762e-01
4.100207000000000157e+00 2.442214500000000399e+01 1.046873066090731885e-01
4.104949999999999655e+00 2.421061800000000019e+01 1.046085910906393857e-01
4.109693000000000040e+00 2.435603900000000266e+01 1.053000810416848676e-01
4.114436000000000426e+00 2.438062199999999891e+01 1.057339732322246650e-01
4.119177999999999784e+00 2.428765100000000032e+01 1.059158282035116833e-01
4.123921000000000170e+00 2.440990599999999944e+01 1.065685799385287791e-01
4.128663999999999668e+00 2.444060999999999950e+01 1.070262501639920039e-01
4.133407000000000053e+00 2.443261800000000150e+01 1.074020964872175882e-01
4.138150000000000439e+00 2.453546999999999656e+01 1.080240518754786577e-01
4.142892999999999937e+00 2.443019600000000224e+01 1.081909947943145572e-01
4.147636000000000323e+00 2.455929799999999830e+01 1.088784921921542581e-01
4.152377999999999680e+00 2.466859399999999880e+01 1.095281824217571032e-01
4.157121000000000066e+00 2.438714300000000179e+01 1.093090126688412572e-01
4.161863999999999564e+00 2.445180099999999968e+01 1.098653261965234496e-01
4.166606999999999950e+00 2.450571099999999802e+01 1.104015448966820384e-01
4.171350000000000335e+00 2.449849599999999938e+01 1.108031407993026879e-01
4.176092999999999833e+00 2.434003799999999984e+01 1.108713346572404168e-01
4.180836000000000219e+00 2.452810099999999949e+01 1.118777134084286695e-01
4.185577999999999577e+00 2.454794499999999857e+01 1.122332533691877965e-01
4.190320999999999962e+00 2.445922999999999803e+01 1.124217947323911809e-01
4.195064000000000348e+00 2.448828300000000269e+01 1.129243158255528179e-01
4.199806999999999846e+00 2.445051499999999933e+01 1.132762039991639103e-01
4.204550000000000232e+00 2.427707600000000099e+01 1.133155375266975684e-01
4.209292999999999729e+00 2.451794100000000043e+01 1.143246838341689803e-01
4.214036000000000115e+00 2.452188899999999805e+01 1.147847389516642308e-01
4.218778999999999613e+00 2.458231200000000172e+01 1.153828161938964814e-01
4.223520999999999859e+00 2.457317799999999863e+01 1.158217870330711941e-01
4.228264000000000244e+00 2.461097200000000029e+01 1.163760844850874054e-01
4.233006999999999742e+00 2.444910599999999690e+01 1.164597990782974268e-01
4.237750000000000128e+00 2.454137300000000010e+01 1.171521712911454960e-01
4.242492999999999626e+00 2.460191300000000325e+01 1.177747108820148964e-01
4.247236000000000011e+00 2.466405900000000173e+01 1.184057485867236192e-01
4.251979000000000397e+00 2.477800200000000075e+01 1.191721566655332409e-01
4.256720999999999755e+00 2.450189099999999698e+01 1.191974499125895842e-01
4.261464000000000141e+00 2.446158400000000199e+01 1.194288359658947779e-01
4.266206999999999638e+00 2.433268900000000201e+01 1.195734003275895907e-01
4.270950000000000024e+00 2.442905499999999819e+01 1.203147796713849305e-01
4.275693000000000410e+00 2.431600000000000250e+01 1.205436205336097438e-01
4.280435999999999908e+00 2.441473700000000235e+01 1.213033385716106444e-01
4.285179000000000293e+00 2.466423200000000193e+01 1.224441034655862903e-01
4.289921999999999791e+00 2.445347600000000199e+01 1.224456747815993729e-01
4.294664000000000037e+00 2.465734699999999435e+01 1.234888591859091556e-01
4.299407000000000423e+00 2.450588699999999776e+01 1.236453790190260166e-01
4.304149999999999920e+00 2.456443099999999546e+01 1.243359560596366820e-01
4.308893000000000306e+00 2.452881100000000103e+01 1.247966680200845724e-01
4.313635999999999804e+00 2.445248799999999889e+01 1.251555133199880321e-01
4.318379000000000190e+00 2.437277700000000280e+01 1.255106837642608886e-01
4.323121999999999687e+00 2.445274799999999615e+01 1.263716566816384668e-01
4.327863999999999933e+00 2.448949900000000213e+01 1.270138519779984432e-01
4.332607000000000319e+00 2.463783200000000306e+01 1.279166841874530558e-01
4.337349999999999817e+00 2.441963799999999907e+01 1.279352818197032893e-01
4.342093000000000202e+00 2.447220800000000196e+01 1.286662777991312012e-01
4.346835999999999700e+00 2.445029899999999756e+01 1.292079648962230209e-01
4.351579000000000086e+00 2.455314499999999711e+01 1.300867966184497126e-01
4.356321999999999584e+00 2.480089299999999497e+01 1.313601701161969393e-01
4.361063999999999830e+00 2.467961100000000130e+01 1.316631863956743698e-01
4.365807000000000215e+00 2.476190799999999825e+01 1.325163829189168474e-01
4.370549999999999713e+00 2.460720599999999791e+01 1.327399865335155693e-01
4.375293000000000099e+00 2.441625699999999810e+01 1.328675266529135701e-01
4.380035999999999596e+00 2.458538899999999927e+01 1.340428613103036570e-01
4.384778999999999982e+00 2.464455299999999838e+01 1.349218859297990070e-01
4.389522000000000368e+00 2.449885700000000455e+01 1.350781302290448571e-01
4.394264999999999866e+00 2.430764600000000186e+01 1.352105144030736894e-01
4.399007000000000112e+00 2.438909500000000108e+01 1.357022069333432002e-01
4.403749999999999609e+00 2.446734499999999812e+01 1.360132434247000033e-01
4.408492999999999995e+00 2.461249899999999613e+01 1.365084726072817722e-01
4.413236000000000381e+00 2.457307199999999980e+01 1.364902018372373960e-01
4.417978999999999878e+00 2.446316100000000304e+01 1.362763783975748377e-01
4.422722000000000264e+00 2.437471799999999789e+01 1.361220278477102419e-01
4.427464999999999762e+00 2.443570899999999568e+01 1.363797641504798375e-01
4.432207000000000008e+00 2.449352800000000130e+01 1.366311531171222338e-01
4.436950000000000394e+00 2.446758600000000072e+01 1.367226150541676066e-01
4.441692999999999891e+00 2.456215499999999707e+01 1.376069128475255754e-01
4.446436000000000277e+00 2.459258499999999614e+01 1.383978780167438027e-01
4.451178999999999775e+00 2.460363199999999750e+01 1.391422529196379709e-01
4.455922000000000160e+00 2.452767599999999959e+01 1.396494270906400714e-01
4.460664999999999658e+00 2.467368499999999898e+01 1.407997277223723975e-01
4.465408000000000044e+00 2.462481500000000167e+01 1.414047451815125533e-01
4.470150000000000290e+00 2.439051799999999659e+01 1.414816908418032593e-01
4.474892999999999788e+00 2.458615600000000256e+01 1.428135384372479499e-01
4.479636000000000173e+00 2.467139099999999630e+01 1.438376768615632906e-01
4.484378999999999671e+00 2.458060100000000148e+01 1.443610506043569164e-01
4.489122000000000057e+00 2.476554000000000144e+01 1.457054608578806643e-01
4.493865000000000443e+00 2.435353699999999577e+01 1.452960069686999312e-01
4.498607999999999940e+00 2.485868300000000275e+01 1.476231171224920424e-01
4.503350000000000186e+00 2.432886400000000293e+01 1.468728717321731991e-01
4.508092999999999684e+00 2.464488700000000065e+01 1.486736933161768304e-01
4.512836000000000070e+00 2.455326299999999762e+01 1.492589657623916433e-01
4.517578999999999567e+00 2.451001800000000230e+01 1.500020834129399683e-01
4.522321999999999953e+00 2.469454399999999694e+01 1.514572367363141159e-01
4.527065000000000339e+00 2.453682899999999734e+01 1.518770161088731085e-01
4.531807999999999836e+00 2.460230400000000017e+01 1.530000224128022779e-01
4.536551000000000222e+00 2.481624999999999659e+01 1.546021511038303820e-01
4.541292999999999580e+00 2.437349900000000247e+01 1.541632296536606106e-01
4.546035999999999966e+00 2.445442700000000258e+01 1.553843517430172350e-01
4.550779000000000352e+00 2.425820600000000127e+01 1.557356807446036162e-01
4.555521999999999849e+00 2.474074600000000146e+01 1.582819071097233965e-01
4.560265000000000235e+00 2.437247700000000350e+01 1.581113492187151692e-01
4.565007999999999733e+00 2.458398899999999543e+01 1.598352263886653191e-01
4.569751000000000118e+00 2.466397399999999962e+01 1.611506109651567598e-01
4.574493000000000364e+00 2.448200200000000137e+01 1.616291266701345430e-01
4.579235999999999862e+00 2.451399400000000384e+01 1.628278295259293351e-01
4.583979000000000248e+00 2.467248800000000131e+01 1.644707382779456439e-01
4.588721999999999746e+00 2.458219199999999915e+01 1.653076033433964753e-01
4.593465000000000131e+00 2.486924399999999835e+01 1.674364308727676609e-01
4.598207999999999629e+00 2.469292700000000096e+01 1.680261789329680622e-01
4.602951000000000015e+00 2.466073599999999999e+01 1.691254979789895418e-01
4.607693000000000261e+00 2.492343299999999928e+01 1.712635629868925202e-01
4.612435999999999758e+00 2.453838400000000064e+01 1.711902315908153671e-01
4.617179000000000144e+00 2.475692299999999690e+01 1.732371966610055103e-01
4.621921999999999642e+00 2.468340500000000404e+01 1.742940428949782128e-01
4.626665000000000028e+00 2.436514400000000080e+01 1.745006344375397977e-01
4.631408000000000413e+00 2.483324400000000054e+01 1.775423949748904384e-01
4.636150999999999911e+00 2.488018400000000341e+01 1.791171857859451544e-01
4.640894000000000297e+00 2.444133399999999767e+01 1.789576323932955404e-01
4.645635999999999655e+00 2.461157700000000403e+01 1.810401049834831355e-01
4.650379000000000040e+00 2.455693099999999873e+01 1.823356046244301309e-01
4.655122000000000426e+00 2.466965399999999775e+01 1.842900094014656709e-01
4.659864999999999924e+00 2.462905999999999906e+01 1.857091105842058609e-01
4.664608000000000310e+00 2.466045400000000143e+01 1.874400013091242490e-01
4.669350999999999807e+00 2.457459100000000163e+01 1.887613707720536271e-01
4.674094000000000193e+00 2.462487700000000146e+01 1.906485081702954110e-01
4.678836000000000439e+00 2.472157600000000599e+01 1.927618441633084101e-01
4.683578999999999937e+00 2.506505100000000041e+01 1.958935569518811537e-01
4.688322000000000322e+00 2.493511600000000072e+01 1.972253095729047112e-01
4.693064999999999820e+00 2.466420099999999849e+01 1.980344159123832715e-01
4.697808000000000206e+00 2.460920199999999980e+01 1.997434181058224401e-01
4.702550999999999704e+00 2.440341400000000149e+01 2.008885460053255190e-01
4.707294000000000089e+00 2.455781199999999842e+01 2.035676175011283673e-01
4.712036999999999587e+00 2.447998500000000277e+01 2.053459056797183879e-01
4.716778999999999833e+00 2.483334699999999629e+01 2.090021853896736614e-01
4.721522000000000219e+00 2.449151900000000026e+01 2.097897392850096021e-01
4.726264999999999716e+00 2.434190499999999702e+01 2.114453404967763794e-01
4.731008000000000102e+00 2.483949199999999990e+01 2.159902992840916913e-01
4.735750999999999600e+00 2.475034699999999788e+01 2.180748211891364030e-01
4.740493999999999986e+00 2.504092800000000096e+01 2.219181487296084110e-01
4.745237000000000371e+00 2.487452599999999947e+01 2.238251604663696048e-01
4.749978999999999729e+00 2.444301099999999849e+01 2.245953867824455608e-01
4.754722000000000115e+00 2.478692399999999907e+01 2.290081439540456176e-01
4.759464999999999613e+00 2.476441899999999663e+01 2.318466724869781559e-01
4.764207999999999998e+00 2.487208700000000050e+01 2.354091896887625934e-01
4.768951000000000384e+00 2.450332200000000071e+01 2.368133716688234358e-01
4.773693999999999882e+00 2.432389300000000176e+01 2.392223724018309738e-01
4.778437000000000268e+00 2.456926299999999941e+01 2.438541783904198401e-01
4.783178999999999625e+00 2.491823100000000224e+01 2.491780594180735553e-01
4.787922000000000011e+00 2.500869900000000001e+01 2.533962815850441808e-01
4.792665000000000397e+00 2.488015400000000454e+01 2.566693286233789340e-01
4.797407999999999895e+00 2.462253999999999721e+01 2.594267271614580372e-01
4.802151000000000280e+00 2.487067100000000153e+01 2.650388298558739586e-01
4.806893999999999778e+00 2.492216300000000473e+01 2.698430461611970310e-01
4.811637000000000164e+00 2.485631499999999861e+01 2.742423970835751179e-01
4.816379999999999661e+00 2.481369299999999711e+01 2.790147671048154310e-01
4.821121999999999908e+00 2.489934699999999879e+01 2.847915095753481562e-01
4.825865000000000293e+00 2.457339599999999535e+01 2.884896035687560256e-01
4.830607999999999791e+00 2.453195400000000248e+01 2.941434354820049446e-01
4.835351000000000177e+00 2.492686299999999733e+01 3.028207673032098923e-01
4.840093999999999674e+00 2.497472099999999884e+01 3.098515747666116260e-01
4.844837000000000060e+00 2.478789199999999937e+01 3.158663372465572161e-01
4.849579999999999558e+00 2.502134099999999961e+01 3.250788203258435649e-01
4.854321999999999804e+00 2.501780600000000021e+01 3.333684972678132574e-01
4.859065000000000190e+00 2.494735000000000014e+01 3.418618654782220601e-01
4.863807999999999687e+00 2.487828799999999774e+01 3.510940627331513575e-01
4.868551000000000073e+00 2.514140900000000300e+01 3.635705106735968029e-01
4.873293999999999571e+00 2.581160999999999461e+01 3.801680189435849844e-01
4.878036999999999956e+00 2.506345600000000218e+01 3.874219856474978019e-01
4.882780000000000342e+00 2.494369299999999967e+01 4.006432504450810894e-01
4.887522999999999840e+00 2.514101900000000001e+01 4.181095138996600014e-01
4.892265000000000086e+00 2.522384299999999868e+01 4.367291322493497274e-01
4.897007999999999583e+00 2.507324100000000300e+01 4.557894632754359021e-01
4.901750999999999969e+00 2.507265799999999700e+01 4.792766925936728373e-01
4.906494000000000355e+00 2.494468200000000024e+01 5.055139433556605777e-01
4.911236999999999853e+00 2.526570700000000258e+01 5.417603059231084206e-01
4.915980000000000238e+00 2.560906200000000155e+01 5.859889915896798751e-01
4.920722999999999736e+00 2.527171099999999981e+01 6.329973811575368980e-01
4.925464999999999982e+00 2.570496599999999532e+01 7.059464194062676778e-01
4.930208000000000368e+00 2.585701999999999856e+01 8.029712524659708972e-01
4.934950999999999866e+00 2.480036899999999633e+01 9.307358791888276084e-01
4.939694000000000251e+00 2.453815399999999869e+01 1.195509487989145914e+00
4.944436999999999749e+00 8.221916499999998962e+00 1.198955755857446182e+00