# [78] Sgs_R10_0.8
# Sample c= 1.0 mg/ml
#
# Number of frames collected: 10
# Exposure time per frame: 0.5
# No significant radiation damage detected, merging 10 files
# Merged from: /data/visitor/mx1905/bm29/20170412/Poker/1d/Sxl_10gs_222_00001.dat
# Merged from: /data/visitor/mx1905/bm29/20170412/Poker/1d/Sxl_10gs_222_00002.dat
# Merged from: /data/visitor/mx1905/bm29/20170412/Poker/1d/Sxl_10gs_222_00003.dat
# Merged from: /data/visitor/mx1905/bm29/20170412/Poker/1d/Sxl_10gs_222_00004.dat
# Merged from: /data/visitor/mx1905/bm29/20170412/Poker/1d/Sxl_10gs_222_00005.dat
# Merged from: /data/visitor/mx1905/bm29/20170412/Poker/1d/Sxl_10gs_222_00006.dat
# Merged from: /data/visitor/mx1905/bm29/20170412/Poker/1d/Sxl_10gs_222_00007.dat
# Merged from: /data/visitor/mx1905/bm29/20170412/Poker/1d/Sxl_10gs_222_00008.dat
# Merged from: /data/visitor/mx1905/bm29/20170412/Poker/1d/Sxl_10gs_222_00009.dat
# Merged from: /data/visitor/mx1905/bm29/20170412/Poker/1d/Sxl_10gs_222_00010.dat
#
# Sample Information:
# Storage Temperature (degrees C): 20.0
# Measurement Temperature (degrees C): 20.03
# Concentration: 1.0
# Code: 
3.082862000000000102e-02 6.174925600000000259e+02 8.392706738553778578e+00
3.557148999999999728e-02 1.871719399999999951e+03 6.024932302474194756e+00
4.031434999999999880e-02 2.411317199999999957e+03 4.504727991390455877e+00
4.505722000000000199e-02 1.309779780000000073e+03 2.360787960458509360e+00
4.980007999999999657e-02 8.384153700000000526e+02 1.691319007140746233e+00
5.454294999999999977e-02 5.891457800000000589e+02 1.333802189409988959e+00
5.928581000000000129e-02 4.308026700000000346e+02 1.084306540468243263e+00
6.402868000000000448e-02 3.385310600000000250e+02 9.164516362600210186e-01
6.877154000000000600e-02 2.764815800000000081e+02 7.955606371238838070e-01
7.351441000000000225e-02 2.304808700000000101e+02 6.999259496484609988e-01
7.825727999999999851e-02 1.974469899999999996e+02 6.236247570752622149e-01
8.300014000000000003e-02 1.718190800000000138e+02 5.631491502888200662e-01
8.774300999999999628e-02 1.537272299999999916e+02 5.168440093390460621e-01
9.248586999999999780e-02 1.394602700000000084e+02 4.783942502895285331e-01
9.722873999999999406e-02 1.285440699999999765e+02 4.459573788460058918e-01
1.019715999999999956e-01 1.191534300000000002e+02 4.184396039101222486e-01
1.067145000000000038e-01 1.131900599999999883e+02 3.980893575339586876e-01
1.114572999999999953e-01 1.071882399999999933e+02 3.786228015570906047e-01
1.162002000000000035e-01 1.021092609999999894e+02 3.614695168127320946e-01
1.209430999999999978e-01 9.827401999999999305e+01 3.471743519448981519e-01
1.256858999999999893e-01 9.605696799999999769e+01 3.363819667277215819e-01
1.304288000000000114e-01 9.283360199999998486e+01 3.243573872589924356e-01
1.351717000000000057e-01 9.016764900000001148e+01 3.136824284504305949e-01
1.399144999999999972e-01 8.817095600000000388e+01 3.045630396893573844e-01
1.446573999999999915e-01 8.589189900000000932e+01 2.953809207039709839e-01
1.494003000000000136e-01 8.449693400000001020e+01 2.880746053825014030e-01
1.541431000000000051e-01 8.363576700000001551e+01 2.824085432568947396e-01
1.588859999999999995e-01 8.205225699999999733e+01 2.752966912907777730e-01
1.636287999999999909e-01 8.057761800000000108e+01 2.686584950380553893e-01
1.683717000000000130e-01 7.985914999999999964e+01 2.635204062475452469e-01
1.731146000000000074e-01 7.876702300000000889e+01 2.579597849630662632e-01
1.778573999999999988e-01 7.786901300000000958e+01 2.528832393907128884e-01
1.826002999999999932e-01 7.705761400000001515e+01 2.481476019318230308e-01
1.873431999999999875e-01 7.660734700000000430e+01 2.441612212562275508e-01
1.920860000000000067e-01 7.581921199999999317e+01 2.397674325436779941e-01
1.968289000000000011e-01 7.521459199999999612e+01 2.357902491178449633e-01
2.015717999999999954e-01 7.433708300000000690e+01 2.315410808878603510e-01
2.063145999999999869e-01 7.365990000000002169e+01 2.277209231500358089e-01
2.110575000000000090e-01 7.335931500000000938e+01 2.243639326463212902e-01
2.158004000000000033e-01 7.294046899999997891e+01 2.211575472474362480e-01
2.205431999999999948e-01 7.249695800000000645e+01 2.180420854853977741e-01
2.252860999999999891e-01 7.179820299999998667e+01 2.146455918062712132e-01
2.300290000000000112e-01 7.150217399999999657e+01 2.119297335019168504e-01
2.347718000000000027e-01 7.111531200000000297e+01 2.091453343444856505e-01
2.395146999999999970e-01 7.073798600000000647e+01 2.064556632994835328e-01
2.442575999999999914e-01 7.016084500000000901e+01 2.035470653847198386e-01
2.490004000000000106e-01 7.020561999999999614e+01 2.016007570280086703e-01
2.537433000000000050e-01 6.970177099999997949e+01 1.989198983912672802e-01
2.584861999999999993e-01 6.934001800000001481e+01 1.965305149521587580e-01
2.632289999999999908e-01 6.889774100000001056e+01 1.941006835295558675e-01
2.679718999999999851e-01 6.875580099999999106e+01 1.921446890762227022e-01
2.727146999999999766e-01 6.803622299999999257e+01 1.894254323667255158e-01
2.774576000000000264e-01 6.776595000000000368e+01 1.874410180660372460e-01
2.822005000000000208e-01 6.777835500000000479e+01 1.859319200076113843e-01
2.869433000000000122e-01 6.732928800000000535e+01 1.837398262418401262e-01
2.916862000000000066e-01 6.671288499999999999e+01 1.813581636714432510e-01
2.964291000000000009e-01 6.653427700000000300e+01 1.796240472736234106e-01
3.011718999999999924e-01 6.618977800000000400e+01 1.777102085144044163e-01
3.059147999999999867e-01 6.603240499999999713e+01 1.760870157838018979e-01
3.106576999999999811e-01 6.554587800000001607e+01 1.740541091217403524e-01
3.154004999999999725e-01 6.523668899999999837e+01 1.723056913731818574e-01
3.201434000000000224e-01 6.494769399999999848e+01 1.706265217387680777e-01
3.248863000000000167e-01 6.487449899999998593e+01 1.692560018602096705e-01
3.296291000000000082e-01 6.484681400000000906e+01 1.679643323050120096e-01
3.343720000000000026e-01 6.463191600000000392e+01 1.664671043819531682e-01
3.391148999999999969e-01 6.435205000000000553e+01 1.666553297620256280e-01
3.438576999999999884e-01 6.407720299999998304e+01 1.684481136875120855e-01
3.486005999999999827e-01 6.400532200000000671e+01 1.726391857748851288e-01
3.533434999999999770e-01 6.366445900000000080e+01 1.753372915634760221e-01
3.580863000000000240e-01 6.296604999999999563e+01 1.765405495320468976e-01
3.628292000000000184e-01 6.278477399999999164e+01 1.780248500463895711e-01
3.675720000000000098e-01 6.272644100000000122e+01 1.794067576011714737e-01
3.723149000000000042e-01 6.244225900000001417e+01 1.803173146291381368e-01
3.770577999999999985e-01 6.223569699999999472e+01 1.812235224120825883e-01
3.818005999999999900e-01 6.188342300000000762e+01 1.816740360321399961e-01
3.865434999999999843e-01 6.185603000000001117e+01 1.825299796303585242e-01
3.912863999999999787e-01 6.144277300000000253e+01 1.826486913542955115e-01
3.960292000000000256e-01 6.105093600000000009e+01 1.828134684850107050e-01
4.007721000000000200e-01 6.140381000000000000e+01 1.841247476547137052e-01
4.055150000000000143e-01 6.088009300000000223e+01 1.896567909614778058e-01
4.102578000000000058e-01 6.060860700000000634e+01 1.941680385935179998e-01
4.150007000000000001e-01 6.048340399999999306e+01 1.982146433126435459e-01
4.197435999999999945e-01 6.021402200000001415e+01 2.008188020644329497e-01
4.244863999999999860e-01 6.004936700000000371e+01 2.037913589276922899e-01
4.292292999999999803e-01 5.948818800000000095e+01 2.059355897877171437e-01
4.339721999999999746e-01 5.941316600000000392e+01 2.089568388906398178e-01
4.387150000000000216e-01 5.895667699999999911e+01 2.111892432443281398e-01
4.434579000000000160e-01 5.900668099999999328e+01 2.143826651179696063e-01
4.482008000000000103e-01 5.869042699999998547e+01 2.174174241030761845e-01
4.529436000000000018e-01 5.797227499999998912e+01 2.196049039546421611e-01
4.576864999999999961e-01 5.782076599999999189e+01 2.216081257163347029e-01
4.624293999999999905e-01 5.770804499999999138e+01 2.232362320061891392e-01
4.671721999999999819e-01 5.762923499999999422e+01 2.219817158032586502e-01
4.719150999999999763e-01 5.789784599999999415e+01 2.137409469718595800e-01
4.766579000000000232e-01 5.722036200000000150e+01 2.084859940429696912e-01
4.814008000000000176e-01 5.688982799999998718e+01 2.052422690932111382e-01
4.861437000000000119e-01 5.694967499999999916e+01 2.033288372796025756e-01
4.908865000000000034e-01 5.630239199999999755e+01 2.005216689496354121e-01
4.956293999999999977e-01 5.624811700000000059e+01 1.990144849337693311e-01
5.003722999999999921e-01 5.599232800000000765e+01 1.973127734041344172e-01
5.051151000000000391e-01 5.558539799999999786e+01 1.954789444614099536e-01
5.098580000000000334e-01 5.544799899999999582e+01 1.942221901715766863e-01
5.146009000000000277e-01 5.517175900000000865e+01 1.928024610573638442e-01
5.193436999999999637e-01 5.508863999999999805e+01 1.917757174869219594e-01
5.240865999999999580e-01 5.488522399999999379e+01 1.905967349553089885e-01
5.288294999999999524e-01 5.457768099999999833e+01 1.892837947082792183e-01
5.335722999999999994e-01 5.422746800000000178e+01 1.875662660659210834e-01
5.383151999999999937e-01 5.389698800000000745e+01 1.856444642337936879e-01
5.430580999999999881e-01 5.341843800000000186e+01 1.835310364059970223e-01
5.478009000000000350e-01 5.327336100000000130e+01 1.820456398196691195e-01
5.525438000000000294e-01 5.332961200000001156e+01 1.809491102691099251e-01
5.572867000000000237e-01 5.309707899999999370e+01 1.793966568043652288e-01
5.620294999999999597e-01 5.271396600000000632e+01 1.776336772706065548e-01
5.667723999999999540e-01 5.243744500000000386e+01 1.760904534037765479e-01
5.715152000000000010e-01 5.232026399999999455e+01 1.748494766827284608e-01
5.762580999999999953e-01 5.207192400000000276e+01 1.734150584238289272e-01
5.810009999999999897e-01 5.181602600000000791e+01 1.720463289002293616e-01
5.857438000000000367e-01 5.132843299999999687e+01 1.707229801656478807e-01
5.904867000000000310e-01 5.122243999999999176e+01 1.701366411680723389e-01
5.952296000000000253e-01 5.114499900000000565e+01 1.695976356192311352e-01
5.999723999999999613e-01 5.124960800000000205e+01 1.695443560896663926e-01
6.047152999999999556e-01 5.055198800000000148e+01 1.679607474095587416e-01
6.094581999999999500e-01 5.029918300000000642e+01 1.670029544999731275e-01
6.142009999999999970e-01 5.020096300000000866e+01 1.666052348853828691e-01
6.189438999999999913e-01 4.997100500000000523e+01 1.656833949601646261e-01
6.236867999999999856e-01 4.931554599999999766e+01 1.642134063216831030e-01
6.284296000000000326e-01 4.952613500000000357e+01 1.641892467056089155e-01
6.331725000000000270e-01 4.931636100000000056e+01 1.634664601049536370e-01
6.379154000000000213e-01 4.903195500000000351e+01 1.626247098330991514e-01
6.426581999999999573e-01 4.884940299999999525e+01 1.619575587883532730e-01
6.474010999999999516e-01 4.866690499999999986e+01 1.612950251522132228e-01
6.521439999999999459e-01 4.842942599999999942e+01 1.605407341478837790e-01
6.568867999999999929e-01 4.818615100000000240e+01 1.597813625225874001e-01
6.616296999999999873e-01 4.813365199999999788e+01 1.593433931638820744e-01
6.663725999999999816e-01 4.792044899999999785e+01 1.586431594363397202e-01
6.711154000000000286e-01 4.775314600000000098e+01 1.580185292979949807e-01
6.758583000000000229e-01 4.722627500000000822e+01 1.568018916575900090e-01
6.806010999999999589e-01 4.717162499999999170e+01 1.563728833654320083e-01
6.853439999999999532e-01 4.694121100000000268e+01 1.556566843108355136e-01
6.900868999999999476e-01 4.661461500000000058e+01 1.547803646399623090e-01
6.948296999999999946e-01 4.645405600000000135e+01 1.541826610668453335e-01
6.995725999999999889e-01 4.622012499999999591e+01 1.534678502115807974e-01
7.043154999999999832e-01 4.595865600000000484e+01 1.527111885703853755e-01
7.090583000000000302e-01 4.578056500000000284e+01 1.520926628038640760e-01
7.138012000000000246e-01 4.568834700000000737e+01 1.516193494217242255e-01
7.185441000000000189e-01 4.552685900000000174e+01 1.510358283580180982e-01
7.232868999999999549e-01 4.535076399999999808e+01 1.504315237364771962e-01
7.280297999999999492e-01 4.526179199999999980e+01 1.499716171421925925e-01
7.327727000000000546e-01 4.484288500000000255e+01 1.489665817637516321e-01
7.375154999999999905e-01 4.466092400000000140e+01 1.483593625888207923e-01
7.422583999999999849e-01 4.460625700000000649e+01 1.479664951859024913e-01
7.470012999999999792e-01 4.444183599999999501e+01 1.473917012517610980e-01
7.517441000000000262e-01 4.416012299999999868e+01 1.466239977151533591e-01
7.564870000000000205e-01 4.401280200000000065e+01 1.460839413339251880e-01
7.612299000000000149e-01 4.392745499999999481e+01 1.456496152779082898e-01
7.659726999999999508e-01 4.373955399999999827e+01 1.450456248947930016e-01
7.707155999999999452e-01 4.341847899999999782e+01 1.442219079390184011e-01
7.754585000000000505e-01 4.325974300000000738e+01 1.436726756193083543e-01
7.802012999999999865e-01 4.314647800000000188e+01 1.433424450279769669e-01
7.849441999999999808e-01 4.283749099999999999e+01 1.424962136881850749e-01
7.896870000000000278e-01 4.263935299999999984e+01 1.417934164302045441e-01
7.944299000000000222e-01 4.260768200000000405e+01 1.414635543905959636e-01
7.991728000000000165e-01 4.245112100000000055e+01 1.409287102851587148e-01
8.039155999999999525e-01 4.220774200000000320e+01 1.402503968054800154e-01
8.086584999999999468e-01 4.202706799999999987e+01 1.396769882377573158e-01
8.134014000000000522e-01 4.188358399999999904e+01 1.391694370714421647e-01
8.181441999999999881e-01 4.185859899999999811e+01 1.389660797334450193e-01
8.228870999999999825e-01 4.175885399999999947e+01 1.384350393897292864e-01
8.276299999999999768e-01 4.150144699999999887e+01 1.377370230220252290e-01
8.323728000000000238e-01 4.129113099999999292e+01 1.371262256369046861e-01
8.371157000000000181e-01 4.103859800000000035e+01 1.364483320358449991e-01
8.418586000000000125e-01 4.105043200000000070e+01 1.362098432411006088e-01
8.466013999999999484e-01 4.087023699999999593e+01 1.356529853570561661e-01
8.513443000000000538e-01 4.084554799999999375e+01 1.353580295230120412e-01
8.560872000000000481e-01 4.035388600000000281e+01 1.342904136083480915e-01
8.608299999999999841e-01 4.022460600000000852e+01 1.338252695715700935e-01
8.655728999999999784e-01 4.010787699999999489e+01 1.333814545268580676e-01
8.703157999999999728e-01 3.999389099999999786e+01 1.329457334197468588e-01
8.750586000000000197e-01 3.969721400000000955e+01 1.322083734037704517e-01
8.798015000000000141e-01 3.959441800000000455e+01 1.317946747972686405e-01
8.845442999999999500e-01 3.954287800000000175e+01 1.314664797121699591e-01
8.892872000000000554e-01 3.922778899999999425e+01 1.307027835490552903e-01
8.940301000000000498e-01 3.930764799999999326e+01 1.305989858034602158e-01
8.987728999999999857e-01 3.904257900000000348e+01 1.299222015180650502e-01
9.035157999999999801e-01 3.908024899999999491e+01 1.297486899823928896e-01
9.082586999999999744e-01 3.903679600000000249e+01 1.294437208578542997e-01
9.130015000000000214e-01 3.861467299999999625e+01 1.285119415167466084e-01
9.177444000000000157e-01 3.841483799999999604e+01 1.279502481301888761e-01
9.224873000000000101e-01 3.834335099999999841e+01 1.276020947192317845e-01
9.272300999999999460e-01 3.833585500000000224e+01 1.273633730777000150e-01
9.319730000000000514e-01 3.787379600000000579e+01 1.263703245783499018e-01
9.367159000000000457e-01 3.783944900000000189e+01 1.260907312865283403e-01
9.414586999999999817e-01 3.780305699999999547e+01 1.258073330275898682e-01
9.462015999999999760e-01 3.754431399999999996e+01 1.251565368446666549e-01
9.509444999999999704e-01 3.754411499999999080e+01 1.249387555299191488e-01
9.556873000000000173e-01 3.731880499999999756e+01 1.243469323054010867e-01
9.604302000000000117e-01 3.713384399999999630e+01 1.238220556203675493e-01
9.651731000000000060e-01 3.712922499999999815e+01 1.236005916672832938e-01
9.699159000000000530e-01 3.697991699999999327e+01 1.231401775554140654e-01
9.746588000000000473e-01 3.698743500000000495e+01 1.229416723367601494e-01
9.794017000000000417e-01 3.685099600000000208e+01 1.225034452374144378e-01
9.841444999999999776e-01 3.645215100000000064e+01 1.216310000043607370e-01
9.888873999999999720e-01 3.666962399999999889e+01 1.217868107129651545e-01
9.936302000000000190e-01 3.655040400000000034e+01 1.213831204485718435e-01
9.983731000000000133e-01 3.634871400000000108e+01 1.208421374576277574e-01
1.003115999999999897e+00 3.614558699999999902e+01 1.203012487084635235e-01
1.007859000000000060e+00 3.606524400000000696e+01 1.199665817125089989e-01
1.012602000000000002e+00 3.594966500000000309e+01 1.195743628855387153e-01
1.017344999999999944e+00 3.582532300000000447e+01 1.191671015141888973e-01
1.022086999999999968e+00 3.575104600000000232e+01 1.188457511419007406e-01
1.026829999999999909e+00 3.549847899999999612e+01 1.182298795924300039e-01
1.031573000000000073e+00 3.544373199999999713e+01 1.179439594229929333e-01
1.036316000000000015e+00 3.539355999999999369e+01 1.176653597075184160e-01
1.041058999999999957e+00 3.518377800000000377e+01 1.171237232598968392e-01
1.045801999999999898e+00 3.513871400000000023e+01 1.168578514989574851e-01
1.050545000000000062e+00 3.503532700000000233e+01 1.164960321421111694e-01
1.055287000000000086e+00 3.511906499999999909e+01 1.164442493945626322e-01
1.060030000000000028e+00 3.482881600000000333e+01 1.157744210721820127e-01
1.064772999999999969e+00 3.471295400000001052e+01 1.153955901775726434e-01
1.069515999999999911e+00 3.473109900000000749e+01 1.152403835202217702e-01
1.074259000000000075e+00 3.453596000000000288e+01 1.147305959228805544e-01
1.079002000000000017e+00 3.445353899999999925e+01 1.144102784548455681e-01
1.083744999999999958e+00 3.442710399999999993e+01 1.142091538130004524e-01
1.088487999999999900e+00 3.432357400000000069e+01 1.138815604009591198e-01
1.093229999999999924e+00 3.421460399999999424e+01 1.134698849456193814e-01
1.097973000000000088e+00 3.422171600000000069e+01 1.133022139986196442e-01
1.102716000000000030e+00 3.395384800000000780e+01 1.126807339510818851e-01
1.107458999999999971e+00 3.390140699999999896e+01 1.124172829597509110e-01
1.112201999999999913e+00 3.364459100000000547e+01 1.118141181765652525e-01
1.116945000000000077e+00 3.363476099999999747e+01 1.116233589350383443e-01
1.121688000000000018e+00 3.357832799999999907e+01 1.113564936228767788e-01
1.126430000000000042e+00 3.353687699999998983e+01 1.111154955945537759e-01
1.131172999999999984e+00 3.334391000000000105e+01 1.106229521679981120e-01
1.135915999999999926e+00 3.343052800000000246e+01 1.105955933961335624e-01
1.140659000000000090e+00 3.326227199999999584e+01 1.101477983003922717e-01
1.145402000000000031e+00 3.306554200000000066e+01 1.096536023312554009e-01
1.150144999999999973e+00 3.297949200000000047e+01 1.093424653112431005e-01
1.154887999999999915e+00 3.298592200000000219e+01 1.091862911072791348e-01
1.159631000000000078e+00 3.303675599999999690e+01 1.091047509373551383e-01
1.164373000000000102e+00 3.291442999999999586e+01 1.087383443819161799e-01
1.169116000000000044e+00 3.271845700000000079e+01 1.083305221481134506e-01
1.173858999999999986e+00 3.271144000000000318e+01 1.081264051289896611e-01
1.178601999999999927e+00 3.256271399999999971e+01 1.076666872386895790e-01
1.183345000000000091e+00 3.259728500000000651e+01 1.075630284668096515e-01
1.188088000000000033e+00 3.256732500000000385e+01 1.073521523067670069e-01
1.192830999999999975e+00 3.240961400000000481e+01 1.069321866860955816e-01
1.197572999999999999e+00 3.225715600000000194e+01 1.065223764418744140e-01
1.202315999999999940e+00 3.212658000000000413e+01 1.061497603772429688e-01
1.207059000000000104e+00 3.231544100000000697e+01 1.066480368818479435e-01
1.211802000000000046e+00 3.216348699999999639e+01 1.098810300263703271e-01
1.216544999999999987e+00 3.213987699999999847e+01 1.121269872555826774e-01
1.221287999999999929e+00 3.198119400000000567e+01 1.135312004813253950e-01
1.226031000000000093e+00 3.186417700000000153e+01 1.147422126037776213e-01
1.230774000000000035e+00 3.176267800000000108e+01 1.158224104470356730e-01
1.235516000000000059e+00 3.160285599999999562e+01 1.166864174750506244e-01
1.240259000000000000e+00 3.159400700000000484e+01 1.177499725645747286e-01
1.245001999999999942e+00 3.155416600000000216e+01 1.186951789769415955e-01
1.249745000000000106e+00 3.151771699999999754e+01 1.195995868833943654e-01
1.254488000000000048e+00 3.155987399999999710e+01 1.206156203724791237e-01
1.259230999999999989e+00 3.135781300000000016e+01 1.208413246145088465e-01
1.263973999999999931e+00 3.120287300000000030e+01 1.208521967330764141e-01
1.268715999999999955e+00 3.097149099999999677e+01 1.206953197210032663e-01
1.273458999999999897e+00 3.123522600000000438e+01 1.192219292323765389e-01
1.278202000000000060e+00 3.147657499999999686e+01 1.152584678649972300e-01
1.282945000000000002e+00 3.108393799999999629e+01 1.123527056291253878e-01
1.287687999999999944e+00 3.103066999999999709e+01 1.106755468094163114e-01
1.292431000000000108e+00 3.095489200000000096e+01 1.092635540794962418e-01
1.297174000000000049e+00 3.092198300000000444e+01 1.081179124024243404e-01
1.301916000000000073e+00 3.089498300000000341e+01 1.071130351922514601e-01
1.306659000000000015e+00 3.075581799999999788e+01 1.060129706423034862e-01
1.311401999999999957e+00 3.091037899999999894e+01 1.054943499754669167e-01
1.316144999999999898e+00 3.057291300000000689e+01 1.041965587130462972e-01
1.320888000000000062e+00 3.064418200000000070e+01 1.037985934326978166e-01
1.325631000000000004e+00 3.046612499999999812e+01 1.032300803677556889e-01
1.330373999999999945e+00 3.047551000000000343e+01 1.029941020174961197e-01
1.335117000000000109e+00 3.040513099999999369e+01 1.026346700373650667e-01
1.339858999999999911e+00 3.040200200000000308e+01 1.023964025546761913e-01
1.344602000000000075e+00 3.035994599999999721e+01 1.021013297544331594e-01
1.349345000000000017e+00 3.028353199999999745e+01 1.017565158818215243e-01
1.354087999999999958e+00 3.016009900000000243e+01 1.013394047525921771e-01
1.358830999999999900e+00 2.999861299999999886e+01 1.008631847864586428e-01
1.363574000000000064e+00 3.008337700000000225e+01 1.008061627129532151e-01
1.368317000000000005e+00 2.992647999999999797e+01 1.003490646885869114e-01
1.373059000000000029e+00 3.000736100000000306e+01 1.002951026687799035e-01
1.377801999999999971e+00 2.995692100000000124e+01 1.000238609305759557e-01
1.382544999999999913e+00 2.993242499999999495e+01 9.979975756545704513e-02
1.387288000000000077e+00 2.998366600000000659e+01 9.970594094699422594e-02
1.392031000000000018e+00 2.982774800000000326e+01 9.927052934387275984e-02
1.396773999999999960e+00 2.977129100000000150e+01 9.900280134455136105e-02
1.401516999999999902e+00 2.974344800000000077e+01 9.878552915138481827e-02
1.406260000000000066e+00 2.971503799999999984e+01 9.857055755974296340e-02
1.411002000000000089e+00 2.958921099999999882e+01 9.819674164272865213e-02
1.415745000000000031e+00 2.942267300000000319e+01 9.775647703081827289e-02
1.420487999999999973e+00 2.949703900000000800e+01 9.771880621287440394e-02
1.425230999999999915e+00 2.965279100000000057e+01 9.781701773859648175e-02
1.429974000000000078e+00 2.944710399999999595e+01 9.732044820367249938e-02
1.434717000000000020e+00 2.929454199999999986e+01 9.691254790604000857e-02
1.439459999999999962e+00 2.923714199999999863e+01 9.666406081499370750e-02
1.444201999999999986e+00 2.923512900000000059e+01 9.650907728003826902e-02
1.448944999999999927e+00 2.926577999999999591e+01 9.640988788816061417e-02
1.453688000000000091e+00 2.938566100000000603e+01 9.645760315416354591e-02
1.458431000000000033e+00 2.905534000000000106e+01 9.576656250292478467e-02
1.463173999999999975e+00 2.898130299999999693e+01 9.552446141013568037e-02
1.467916999999999916e+00 2.899606499999999798e+01 9.540680429031830889e-02
1.472660000000000080e+00 2.893998899999999708e+01 9.514439026074632266e-02
1.477402000000000104e+00 2.905477599999999683e+01 9.519071584877014658e-02
1.482145000000000046e+00 2.900096700000000283e+01 9.496196838703113707e-02
1.486887999999999987e+00 2.883718299999999957e+01 9.455483468763878352e-02
1.491630999999999929e+00 2.884186699999999703e+01 9.442405512824156300e-02
1.496374000000000093e+00 2.880873200000000267e+01 9.423217053108932928e-02
1.501117000000000035e+00 2.875771900000000159e+01 9.406051706045423511e-02
1.505859999999999976e+00 2.879735199999999651e+01 9.580884859472167669e-02
1.510602999999999918e+00 2.875924700000000556e+01 9.843856086846047848e-02
1.515344999999999942e+00 2.855594400000000022e+01 9.971535951826629440e-02
1.520088000000000106e+00 2.861596900000000687e+01 1.011353331123144156e-01
1.524831000000000047e+00 2.862406299999999604e+01 1.022974509743424659e-01
1.529573999999999989e+00 2.859118600000000043e+01 1.030434583397145942e-01
1.534316999999999931e+00 2.890339300000000122e+01 1.007245810330874292e-01
1.539060000000000095e+00 2.864108900000000091e+01 9.871043908025432800e-02
1.543803000000000036e+00 2.852186799999999423e+01 9.746580075063765447e-02
1.548545000000000060e+00 2.848188299999999273e+01 9.638039824295965841e-02
1.553288000000000002e+00 2.848650799999999705e+01 9.553281758355501585e-02
1.558030999999999944e+00 2.842938799999999944e+01 9.463324842300405160e-02
1.562774000000000107e+00 2.835219600000000284e+01 9.355872395675829400e-02
1.567517000000000049e+00 2.841710600000000042e+01 9.280371892124097966e-02
1.572259999999999991e+00 2.822287699999999333e+01 9.194391733269144384e-02
1.577002999999999933e+00 2.809379900000000774e+01 9.137289701695301691e-02
1.581746000000000096e+00 2.811691099999999821e+01 9.123394364848040616e-02
1.586487999999999898e+00 2.812399500000000074e+01 9.126941499328676544e-02
1.591231000000000062e+00 2.808046600000000126e+01 9.131564596652098909e-02
1.595974000000000004e+00 2.796127900000000110e+01 9.123401952645952828e-02
1.600716999999999945e+00 2.800127900000000025e+01 9.137866746783901428e-02
1.605460000000000109e+00 2.792318000000000211e+01 9.113268953844279319e-02
1.610203000000000051e+00 2.804217799999999983e+01 9.117400645671715209e-02
1.614945999999999993e+00 2.792589399999999955e+01 9.083623516097362460e-02
1.619688000000000017e+00 2.799166200000000160e+01 9.079743468787980498e-02
1.624430999999999958e+00 2.784477299999999644e+01 9.041591607075383230e-02
1.629173999999999900e+00 2.772622100000000245e+01 9.008244338327141276e-02
1.633917000000000064e+00 2.780926500000000345e+01 9.007916445502756053e-02
1.638660000000000005e+00 2.779367000000000232e+01 8.991783612220215216e-02
1.643402999999999947e+00 2.763858099999999851e+01 8.953269510912983953e-02
1.648146000000000111e+00 2.760158500000000004e+01 8.934014642818870200e-02
1.652889000000000053e+00 2.762703799999999887e+01 8.925079205135660887e-02
1.657631000000000077e+00 2.757574399999999670e+01 8.903932403661204975e-02
1.662374000000000018e+00 2.755669300000000277e+01 8.888078414712033415e-02
1.667116999999999960e+00 2.761661899999999648e+01 8.885081175207291959e-02
1.671859999999999902e+00 2.746420499999999976e+01 8.848065197536521265e-02
1.676603000000000065e+00 2.729657299999999509e+01 8.808745899598023621e-02
1.681346000000000007e+00 2.742729299999999881e+01 8.817571809155001772e-02
1.686088999999999949e+00 2.747293000000000163e+01 8.812735240235405887e-02
1.690830999999999973e+00 2.751125300000000351e+01 8.806859413538006831e-02
1.695573999999999915e+00 2.738042100000000190e+01 8.774013943778583013e-02
1.700317000000000078e+00 2.726809800000000195e+01 8.744202072163073658e-02
1.705060000000000020e+00 2.731298300000000268e+01 8.739664376125835799e-02
1.709802999999999962e+00 2.724270000000000280e+01 8.716812610244469017e-02
1.714545999999999903e+00 2.726691199999999782e+01 8.709213215082921289e-02
1.719289000000000067e+00 2.725695200000000185e+01 8.696175811596440486e-02
1.724031000000000091e+00 2.724711300000000236e+01 8.683211612908728338e-02
1.728774000000000033e+00 2.699427400000000077e+01 8.631608199496951239e-02
1.733516999999999975e+00 2.709842300000000392e+01 8.637111529242863517e-02
1.738259999999999916e+00 2.706667200000000051e+01 8.620940653876640880e-02
1.743003000000000080e+00 2.703749900000000395e+01 8.605233374193463347e-02
1.747746000000000022e+00 2.703684999999999761e+01 8.594197197283584555e-02
1.752488999999999963e+00 2.703913600000000272e+01 8.583698625673316651e-02
1.757231999999999905e+00 2.708972699999999989e+01 8.580899528676874666e-02
1.761973999999999929e+00 2.707805200000000312e+01 8.568243942035030924e-02
1.766717000000000093e+00 2.695863600000000204e+01 8.538658178592641035e-02
1.771460000000000035e+00 2.689736800000000017e+01 8.518374949530513329e-02
1.776202999999999976e+00 2.690854500000000371e+01 8.513408436178601657e-02
1.780945999999999918e+00 2.696470000000000056e+01 8.512022188190654370e-02
1.785689000000000082e+00 2.684066400000000385e+01 8.477926961019657814e-02
1.790432000000000023e+00 2.684373900000000646e+01 8.468079485895370351e-02
1.795174000000000047e+00 2.686322099999999935e+01 8.460820558629404686e-02
1.799916999999999989e+00 2.683239400000000074e+01 8.445655503758012217e-02
1.804659999999999931e+00 2.667721900000000090e+01 8.411051076892353540e-02
1.809403000000000095e+00 2.670575300000000496e+01 8.405426652613774696e-02
1.814146000000000036e+00 2.659735299999999825e+01 8.378293734640901436e-02
1.818888999999999978e+00 2.674756400000000411e+01 8.391850461689602525e-02
1.823631999999999920e+00 2.652247100000000302e+01 8.346512863231506096e-02
1.828375000000000083e+00 2.673944300000000140e+01 8.370658966620787844e-02
1.833117000000000107e+00 2.670922600000000102e+01 8.356039800386604044e-02
1.837860000000000049e+00 2.657253700000000052e+01 8.324785432646597538e-02
1.842602999999999991e+00 2.660039599999999638e+01 8.319370039943889406e-02
1.847345999999999933e+00 2.657456099999999921e+01 8.305628699889672228e-02
1.852089000000000096e+00 2.655762299999999598e+01 8.300125912288801311e-02
1.856832000000000038e+00 2.651092799999999983e+01 8.276934981725783680e-02
1.861574999999999980e+00 2.651909800000000317e+01 8.268030723565618356e-02
1.866317000000000004e+00 2.643823299999999676e+01 8.245898021352678076e-02
1.871059999999999945e+00 2.658326400000000334e+01 8.258983616292987773e-02
1.875803000000000109e+00 2.637664099999999578e+01 8.217344425625409954e-02
1.880546000000000051e+00 2.639268999999999821e+01 8.210438681937767824e-02
1.885288999999999993e+00 2.636954300000000018e+01 8.197502427318519025e-02
1.890031999999999934e+00 2.647506700000000279e+01 8.204558879846192421e-02
1.894775000000000098e+00 2.631437899999999530e+01 8.170297309852805889e-02
1.899516999999999900e+00 2.640768099999999663e+01 8.175547082736236981e-02
1.904260000000000064e+00 2.639020899999999870e+01 8.163635619914941244e-02
1.909003000000000005e+00 2.633822699999999628e+01 8.146448448814734566e-02
1.913745999999999947e+00 2.641684099999999802e+01 8.149415391380661344e-02
1.918489000000000111e+00 2.625098399999999899e+01 8.114733912249617875e-02
1.923232000000000053e+00 2.618918099999999782e+01 8.096175914915262894e-02
1.927974999999999994e+00 2.619787499999999980e+01 8.088294707441798237e-02
1.932717999999999936e+00 2.624488500000000357e+01 8.080212087520474706e-02
1.937459999999999960e+00 2.629226100000000343e+01 8.068634244209858808e-02
1.942202999999999902e+00 2.621768999999999750e+01 8.035219716759710307e-02
1.946946000000000065e+00 2.618653100000000222e+01 8.010932730041739336e-02
1.951689000000000007e+00 2.616647599999999940e+01 7.992069066132125033e-02
1.956431999999999949e+00 2.608111800000000358e+01 7.970427378350233849e-02
1.961174999999999891e+00 2.606028099999999625e+01 7.958857466615357201e-02
1.965918000000000054e+00 2.605353099999999955e+01 7.949571635529678604e-02
1.970660000000000078e+00 2.612127600000000527e+01 7.956147593949033925e-02
1.975403000000000020e+00 2.603003500000000514e+01 7.940105813098714826e-02
1.980145999999999962e+00 2.609077499999999716e+01 7.951548084619938783e-02
1.984888999999999903e+00 2.614369400000000354e+01 7.961721359157201972e-02
1.989632000000000067e+00 2.610048199999999952e+01 7.957222828930768377e-02
1.994375000000000009e+00 2.611018100000000075e+01 7.955799145906775061e-02
1.999117999999999951e+00 2.599294699999999736e+01 7.926510830457118850e-02
2.003861000000000114e+00 2.604022400000000204e+01 7.925283589033013665e-02
2.008602999999999916e+00 2.597330399999999528e+01 7.906642118955366227e-02
2.013345999999999858e+00 2.624178699999999864e+01 8.009475859513154328e-02
2.018088999999999800e+00 2.604009100000000032e+01 8.211457455374958359e-02
2.022832000000000185e+00 2.590579900000000180e+01 8.325814856656674201e-02
2.027575000000000127e+00 2.600006099999999876e+01 8.446432417292285000e-02
2.032318000000000069e+00 2.575511199999999690e+01 8.496691400726577581e-02
2.037061000000000011e+00 2.568598100000000528e+01 8.566044598623742679e-02
2.041802999999999813e+00 2.581494500000000158e+01 8.660302149225973523e-02
2.046546000000000198e+00 2.569569500000000772e+01 8.679776002053221640e-02
2.051289000000000140e+00 2.572077000000000524e+01 8.710683293489897283e-02
2.056032000000000082e+00 2.573855400000000060e+01 8.738401950863841638e-02
2.060775000000000023e+00 2.565083700000000277e+01 8.746554525354541254e-02
2.065517999999999965e+00 2.555835700000000088e+01 8.752342384493365379e-02
2.070260999999999907e+00 2.566765900000000400e+01 8.791497572882052414e-02
2.075003000000000153e+00 2.566848100000000343e+01 8.811055194681452485e-02
2.079746000000000095e+00 2.585346099999999936e+01 8.630252744519248398e-02
2.084489000000000036e+00 2.591292200000000179e+01 8.420672880205951061e-02
2.089231999999999978e+00 2.578331700000000026e+01 8.279468462770603332e-02
2.093974999999999920e+00 2.584179999999999566e+01 8.197999519502791044e-02
2.098717999999999861e+00 2.571990300000000573e+01 8.103947243924962407e-02
2.103460999999999803e+00 2.565504700000000327e+01 8.029436619069299508e-02
2.108204000000000189e+00 2.572319900000000104e+01 7.995406671695068357e-02
2.112945999999999991e+00 2.563417599999999652e+01 7.960340938933206656e-02
2.117688999999999933e+00 2.558986300000000114e+01 7.934212647887753378e-02
2.122431999999999874e+00 2.567390599999999523e+01 7.929247645333384331e-02
2.127174999999999816e+00 2.564090100000000305e+01 7.907343019763338199e-02
2.131918000000000202e+00 2.564423199999999881e+01 7.891967035330356428e-02
2.136661000000000143e+00 2.562022099999999725e+01 7.873160031247554425e-02
2.141404000000000085e+00 2.559391900000000319e+01 7.854632424706900484e-02
2.146145999999999887e+00 2.564317100000000238e+01 7.848297729891368091e-02
2.150888999999999829e+00 2.554820600000000042e+01 7.820374758739891130e-02
2.155632000000000215e+00 2.557932400000000328e+01 7.812243512917912969e-02
2.160375000000000156e+00 2.568409699999999773e+01 7.815629335191952298e-02
2.165118000000000098e+00 2.556290800000000019e+01 7.784993828645338232e-02
2.169861000000000040e+00 2.560920500000000288e+01 7.780176354852953724e-02
2.174603999999999981e+00 2.551090100000000049e+01 7.753673664483887173e-02
2.179346999999999923e+00 2.550171400000000332e+01 7.740937962222019242e-02
2.184089000000000169e+00 2.554944900000000274e+01 7.737112976646391693e-02
2.188832000000000111e+00 2.543563699999999983e+01 7.709036822168188752e-02
2.193575000000000053e+00 2.552103300000000274e+01 7.711318786299850569e-02
2.198317999999999994e+00 2.550528500000000065e+01 7.698444798570422409e-02
2.203060999999999936e+00 2.546529300000000262e+01 7.682107954095215852e-02
2.207803999999999878e+00 2.545442699999999903e+01 7.670387548250870435e-02
2.212546999999999819e+00 2.538399099999999819e+01 7.649826040471574551e-02
2.217289000000000065e+00 2.540390699999999669e+01 7.642962328157452967e-02
2.222032000000000007e+00 2.544117499999999765e+01 7.638867272008004194e-02
2.226774999999999949e+00 2.540955000000000297e+01 7.624564410232233247e-02
2.231517999999999891e+00 2.534451400000000021e+01 7.605376552406988011e-02
2.236260999999999832e+00 2.541086999999999918e+01 7.605949084792443249e-02
2.241004000000000218e+00 2.549228900000000309e+01 7.608887096797797844e-02
2.245747000000000160e+00 2.535865199999999930e+01 7.579794951617029042e-02
2.250490000000000101e+00 2.527936799999999806e+01 7.558940844228972944e-02
2.255231999999999903e+00 2.535445500000000152e+01 7.561187698268638513e-02
2.259974999999999845e+00 2.536093100000000078e+01 7.553286375949014309e-02
2.264717999999999787e+00 2.537414700000000423e+01 7.546510931696515101e-02
2.269461000000000173e+00 2.535062599999999833e+01 7.534321129712151510e-02
2.274204000000000114e+00 2.520667800000000369e+01 7.504273053753308942e-02
2.278947000000000056e+00 2.522911900000000074e+01 7.499090851186895890e-02
2.283689999999999998e+00 2.524363699999999966e+01 7.492798301804740047e-02
2.288431999999999800e+00 2.530638400000000132e+01 7.493721919472726145e-02
2.293175000000000185e+00 2.521878300000000195e+01 7.472382375992210612e-02
2.297918000000000127e+00 2.514761000000000379e+01 7.453586169661688410e-02
2.302661000000000069e+00 2.527752899999999769e+01 7.464610360483324436e-02
2.307404000000000011e+00 2.534574599999999833e+01 7.466534649249209621e-02
2.312146999999999952e+00 2.521584100000000461e+01 7.439252406281561536e-02
2.316889999999999894e+00 2.517355699999999885e+01 7.424968120114859571e-02
2.321632000000000140e+00 2.519783099999999720e+01 7.420608540084902560e-02
2.326375000000000082e+00 2.517639899999999642e+01 7.409543232604151597e-02
2.331118000000000023e+00 2.521683100000000266e+01 7.407565609586999611e-02
2.335860999999999965e+00 2.516777199999999581e+01 7.392536188759578353e-02
2.340603999999999907e+00 2.509799299999999889e+01 7.374510281936150213e-02
2.345346999999999849e+00 2.506437800000000138e+01 7.361893878047279238e-02
2.350089999999999790e+00 2.522353299999999976e+01 7.377512071946137895e-02
2.354833000000000176e+00 2.515476199999999807e+01 7.359782427015217066e-02
2.359574999999999978e+00 2.509627000000000052e+01 7.343656532531869785e-02
2.364317999999999920e+00 2.512773499999999771e+01 7.340709032143830082e-02
2.369060999999999861e+00 2.503380100000000041e+01 7.319476763128837660e-02
2.373803999999999803e+00 2.510697400000000101e+01 7.322698588057342806e-02
2.378547000000000189e+00 2.506683100000000053e+01 7.309397776579065753e-02
2.383290000000000131e+00 2.516841900000000010e+01 7.316812806633841981e-02
2.388033000000000072e+00 2.501138799999999662e+01 7.286589273150778645e-02
2.392774999999999874e+00 2.513192799999999494e+01 7.296781757896012022e-02
2.397517999999999816e+00 2.501065000000000182e+01 7.271907237730276807e-02
2.402261000000000202e+00 2.506562700000000277e+01 7.272688020505965745e-02
2.407004000000000143e+00 2.505484900000000081e+01 7.263867438829332834e-02
2.411747000000000085e+00 2.502027299999999599e+01 7.251694347948622887e-02
2.416490000000000027e+00 2.502302100000000351e+01 7.244970076825299476e-02
2.421232999999999969e+00 2.508195200000000114e+01 7.246384048162848868e-02
2.425975999999999910e+00 2.506385599999999769e+01 7.236657968069996894e-02
2.430718000000000156e+00 2.507603399999999993e+01 7.231365674178494296e-02
2.435461000000000098e+00 2.505715400000000415e+01 7.221666383931965583e-02
2.440204000000000040e+00 2.505904399999999654e+01 7.217502775116958758e-02
2.444946999999999981e+00 2.486084899999999820e+01 7.179417997178322297e-02
2.449689999999999923e+00 2.496398299999999892e+01 7.187362666164967551e-02
2.454432999999999865e+00 2.511452200000000090e+01 7.202099795440494723e-02
2.459175999999999807e+00 2.501538500000000198e+01 7.181023636417652178e-02
2.463918000000000053e+00 2.505481900000000195e+01 7.179798172996577910e-02
2.468660999999999994e+00 2.501568400000000025e+01 7.167401502256517953e-02
2.473403999999999936e+00 2.494547899999999885e+01 7.150552874036175677e-02
2.478146999999999878e+00 2.488958600000000132e+01 7.135796184392180497e-02
2.482889999999999819e+00 2.500579099999999499e+01 7.145707724294564356e-02
2.487633000000000205e+00 2.493783399999999872e+01 7.129290542908599260e-02
2.492376000000000147e+00 2.496975300000000075e+01 7.127190599289104367e-02
2.497117999999999949e+00 2.499466100000000068e+01 7.124088875004999655e-02
2.501860999999999891e+00 2.497535300000000191e+01 7.114712752973094412e-02
2.506603999999999832e+00 2.488242400000000032e+01 7.094872413533241662e-02
2.511347000000000218e+00 2.502829399999999893e+01 7.108902762470589720e-02
2.516090000000000160e+00 2.503281499999999937e+01 7.097530364747514642e-02
2.520833000000000101e+00 2.495675200000000160e+01 7.072211756072989408e-02
2.525576000000000043e+00 2.496114800000000145e+01 7.058456697006434966e-02
2.530318999999999985e+00 2.494644299999999859e+01 7.044829671178005903e-02
2.535060999999999787e+00 2.490658199999999667e+01 7.032761768172159089e-02
2.539804000000000173e+00 2.503241100000000330e+01 7.044113552763185682e-02
2.544547000000000114e+00 2.497010200000000424e+01 7.029061193822899734e-02
2.549290000000000056e+00 2.493738299999999697e+01 7.018144477706055040e-02
2.554032999999999998e+00 2.485067899999999952e+01 6.999698026845443954e-02
2.558775999999999939e+00 2.489538299999999893e+01 6.999723907147839541e-02
2.563518999999999881e+00 2.485474699999999615e+01 6.988040583560817254e-02
2.568261000000000127e+00 2.486539099999999891e+01 6.988947400785185116e-02
2.573004000000000069e+00 2.484328500000000162e+01 6.987458410976339629e-02
2.577747000000000011e+00 2.487512100000000004e+01 6.993472284294691144e-02
2.582489999999999952e+00 2.495440599999999876e+01 7.002689444580846578e-02
2.587232999999999894e+00 2.489567800000000020e+01 6.988279142074177441e-02
2.591975999999999836e+00 2.492211800000000110e+01 6.985798750896994591e-02
2.596719000000000221e+00 2.495759100000000075e+01 6.984577247472176231e-02
2.601462000000000163e+00 2.481292099999999934e+01 6.958155378487533571e-02
2.606203999999999965e+00 2.494004400000000032e+01 6.969834152339780819e-02
2.610946999999999907e+00 2.478138800000000330e+01 6.941532137592031082e-02
2.615689999999999849e+00 2.490506099999999989e+01 6.952730054166275653e-02
2.620432999999999790e+00 2.499694099999999963e+01 6.959455883863407966e-02
2.625176000000000176e+00 2.482042999999999822e+01 6.928811667261350338e-02
2.629919000000000118e+00 2.485144899999999879e+01 6.927114760518912617e-02
2.634662000000000059e+00 2.483381599999999878e+01 6.920123806046320214e-02
2.639403999999999861e+00 2.480173500000000075e+01 6.910872757983466119e-02
2.644146999999999803e+00 2.495358399999999932e+01 6.923719253221782832e-02
2.648890000000000189e+00 2.487889399999999895e+01 6.907002060274196331e-02
2.653633000000000131e+00 2.483463100000000168e+01 6.895956024443529453e-02
2.658376000000000072e+00 2.478175899999999743e+01 6.882860748725708189e-02
2.663119000000000014e+00 2.489377499999999799e+01 6.891298823387503880e-02
2.667861999999999956e+00 2.487327300000000463e+01 6.882551714484605454e-02
2.672604999999999897e+00 2.469045500000000359e+01 6.851352004496558123e-02
2.677347000000000143e+00 2.481994599999999807e+01 6.863454346009012497e-02
2.682090000000000085e+00 2.479742499999999694e+01 6.854516068443416987e-02
2.686833000000000027e+00 2.480914200000000136e+01 6.850343043235937457e-02
2.691575999999999969e+00 2.491290000000000049e+01 6.858821863499663107e-02
2.696318999999999910e+00 2.486878899999999959e+01 6.846969968145617813e-02
2.701061999999999852e+00 2.481631399999999843e+01 6.833990282599397559e-02
2.705804999999999794e+00 2.461781100000000322e+01 6.800883407053821827e-02
2.710547000000000040e+00 2.476416100000000142e+01 6.815328258250148707e-02
2.715289999999999981e+00 2.478331199999999868e+01 6.812272540867179982e-02
2.720032999999999923e+00 2.476787800000000317e+01 6.804464947651210627e-02
2.724775999999999865e+00 2.475462899999999777e+01 6.796973132064007550e-02
2.729518999999999807e+00 2.482083499999999887e+01 6.800374347161999844e-02
2.734262000000000192e+00 2.482939800000000119e+01 6.795905977159852340e-02
2.739005000000000134e+00 2.471207999999999672e+01 6.774220053014516629e-02
2.743746999999999936e+00 2.477654199999999918e+01 6.777427716363045029e-02
2.748489999999999878e+00 2.475104999999999933e+01 6.768349887445314350e-02
2.753232999999999819e+00 2.469769199999999998e+01 6.755484942845998986e-02
2.757976000000000205e+00 2.476054500000000047e+01 6.758532458567392820e-02
2.762719000000000147e+00 2.482399899999999704e+01 6.761616591385376240e-02
2.767462000000000089e+00 2.474997499999999917e+01 6.745982720030492541e-02
2.772205000000000030e+00 2.490738899999999845e+01 6.761891327990417200e-02
2.776947999999999972e+00 2.468063099999999821e+01 6.725529413523742561e-02
2.781690000000000218e+00 2.472772100000000250e+01 6.726471375734308089e-02
2.786433000000000160e+00 2.478479000000000099e+01 6.728725567357760062e-02
2.791176000000000101e+00 2.478017599999999732e+01 6.722649323826879186e-02
2.795919000000000043e+00 2.468338899999999825e+01 6.704082411368314509e-02
2.800661999999999985e+00 2.469447900000000118e+01 6.701708181380625073e-02
2.805404999999999927e+00 2.481492599999999982e+01 6.711621478290771825e-02
2.810147999999999868e+00 2.473015799999999587e+01 6.697950895572242491e-02
2.814890000000000114e+00 2.490972900000000223e+01 6.717700508756251077e-02
2.819633000000000056e+00 2.491413099999999758e+01 6.842781252746356346e-02
2.824375999999999998e+00 2.492460999999999771e+01 6.987882569533920840e-02
2.829118999999999939e+00 2.484865500000000083e+01 7.067391715041271283e-02
2.833861999999999881e+00 2.481626999999999583e+01 7.136532378473105231e-02
2.838604999999999823e+00 2.464758499999999941e+01 7.174478644444974573e-02
2.843348000000000209e+00 2.463582099999999997e+01 7.202991204261741109e-02
2.848091000000000150e+00 2.463912499999999994e+01 7.225340633202077811e-02
2.852832999999999952e+00 2.466711300000000051e+01 7.250550547661535616e-02
2.857575999999999894e+00 2.475899000000000072e+01 7.283553757558530739e-02
2.862318999999999836e+00 2.472947300000000226e+01 7.297354793108321025e-02
2.867062000000000221e+00 2.464009599999999978e+01 7.301230659638688336e-02
2.871805000000000163e+00 2.484222600000000014e+01 7.347293656237444126e-02
2.876548000000000105e+00 2.477035800000000165e+01 7.351959954975000044e-02
2.881291000000000047e+00 2.480615300000000190e+01 7.337399649712288141e-02
2.886032999999999848e+00 2.484902599999999850e+01 7.134360076658732841e-02
2.890775999999999790e+00 2.485391299999999859e+01 7.022920368389634627e-02
2.895519000000000176e+00 2.486925700000000106e+01 6.949194560479868277e-02
2.900262000000000118e+00 2.481213600000000241e+01 6.881164831025123052e-02
2.905005000000000059e+00 2.477107699999999824e+01 6.838420098621975085e-02
2.909748000000000001e+00 2.476226600000000388e+01 6.819293109667379227e-02
2.914490999999999943e+00 2.468397499999999667e+01 6.792578800043985732e-02
2.919233000000000189e+00 2.470361800000000230e+01 6.780802250867370984e-02
2.923976000000000131e+00 2.475343399999999860e+01 6.774296639372755224e-02
2.928719000000000072e+00 2.466906499999999625e+01 6.750386978771143187e-02
2.933462000000000014e+00 2.460915200000000524e+01 6.730561935074144686e-02
2.938204999999999956e+00 2.478278999999999854e+01 6.743228718950811107e-02
2.942947999999999897e+00 2.472415299999999760e+01 6.724799505924991538e-02
2.947690999999999839e+00 2.462184099999999987e+01 6.700885540039167032e-02
2.952433999999999781e+00 2.474902800000000269e+01 6.709313099716691930e-02
2.957176000000000027e+00 2.482362900000000039e+01 6.710778781185831876e-02
2.961918999999999969e+00 2.471356000000000108e+01 6.685550882510206405e-02
2.966661999999999910e+00 2.481450299999999842e+01 6.690545614328774482e-02
2.971404999999999852e+00 2.475139000000000067e+01 6.673595953630395705e-02
2.976147999999999794e+00 2.473556400000000366e+01 6.663261866927638888e-02
2.980891000000000179e+00 2.471692600000000084e+01 6.652772017270770777e-02
2.985634000000000121e+00 2.468116099999999946e+01 6.640144856306524901e-02
2.990375999999999923e+00 2.476089000000000340e+01 6.644940507160616849e-02
2.995118999999999865e+00 2.475174600000000069e+01 6.634786354084207249e-02
2.999861999999999806e+00 2.475071999999999406e+01 6.627000064191489181e-02
3.004605000000000192e+00 2.472918500000000108e+01 6.616904049505327456e-02
3.009348000000000134e+00 2.485090199999999783e+01 6.626064102632722719e-02
3.014091000000000076e+00 2.468901800000000435e+01 6.599466896164038476e-02
3.018834000000000017e+00 2.471014299999999864e+01 6.593385358074863034e-02
3.023576999999999959e+00 2.474904499999999530e+01 6.591819306708884829e-02
3.028319000000000205e+00 2.463753499999999264e+01 6.570265270933815793e-02
3.033062000000000147e+00 2.471304400000000356e+01 6.573712546786100730e-02
3.037805000000000089e+00 2.454522599999999599e+01 6.544853008266113270e-02
3.042548000000000030e+00 2.473350900000000152e+01 6.563476265927911668e-02
3.047290999999999972e+00 2.469559800000000038e+01 6.552092237579763834e-02
3.052033999999999914e+00 2.465237300000000076e+01 6.540037700884451799e-02
3.056776999999999855e+00 2.475878200000000007e+01 6.547917752971092742e-02
3.061519000000000101e+00 2.461087199999999697e+01 6.522142199854277789e-02
3.066262000000000043e+00 2.462494699999999881e+01 6.517919587147420757e-02
3.071004999999999985e+00 2.470397399999999877e+01 6.523636048971157009e-02
3.075747999999999927e+00 2.460013599999999911e+01 6.504210490635124742e-02
3.080490999999999868e+00 2.468046100000000109e+01 6.508179366051154713e-02
3.085233999999999810e+00 2.463318500000000100e+01 6.495104557843621451e-02
3.089977000000000196e+00 2.463423499999999677e+01 6.491240452358162938e-02
3.094720000000000137e+00 2.473161799999999744e+01 6.496491354670150264e-02
3.099461999999999939e+00 2.469086999999999676e+01 6.485295367227386643e-02
3.104204999999999881e+00 2.469555900000000292e+01 6.480185207316839502e-02
3.108947999999999823e+00 2.455359100000000083e+01 6.455828610183436678e-02
3.113691000000000209e+00 2.456229400000000140e+01 6.451369303000023536e-02
3.118434000000000150e+00 2.467171199999999942e+01 6.460130346556329506e-02
3.123177000000000092e+00 2.468432500000000118e+01 6.456186857833422221e-02
3.127920000000000034e+00 2.471230899999999764e+01 6.454289718947779642e-02
3.132661999999999836e+00 2.476541499999999729e+01 6.455722916741547801e-02
3.137405000000000221e+00 2.471796400000000204e+01 6.444093456884994464e-02
3.142148000000000163e+00 2.465785799999999739e+01 6.430785117492264502e-02
3.146891000000000105e+00 2.461906499999999909e+01 6.421143052176536692e-02
3.151634000000000047e+00 2.462536300000000011e+01 6.416813910777061092e-02
3.156376999999999988e+00 2.475101900000000299e+01 6.426804638004565695e-02
3.161119999999999930e+00 2.466599300000000383e+01 6.410463299710872365e-02
3.165862000000000176e+00 2.460811599999999899e+01 6.402109839495803700e-02
3.170605000000000118e+00 2.465590200000000465e+01 6.401393424876571092e-02
3.175348000000000059e+00 2.459045599999999965e+01 6.384839446349453718e-02
3.180091000000000001e+00 2.462483900000000148e+01 6.384098940168142500e-02
3.184833999999999943e+00 2.464397100000000052e+01 6.381377765286348758e-02
3.189576999999999884e+00 2.463518700000000194e+01 6.375089942890845018e-02
3.194319999999999826e+00 2.459832700000000116e+01 6.363331415883742570e-02
3.199063000000000212e+00 2.466161199999999809e+01 6.359840753889597909e-02
3.203805000000000014e+00 2.468289299999999997e+01 6.350804893291558950e-02
3.208547999999999956e+00 2.472170100000000303e+01 6.347971651267277082e-02
3.213290999999999897e+00 2.464366000000000057e+01 6.332939224323015648e-02
3.218033999999999839e+00 2.460855299999999701e+01 6.323455379606153504e-02
3.222776999999999781e+00 2.471131799999999856e+01 6.331676223273738358e-02
3.227520000000000167e+00 2.467868999999999957e+01 6.322546910537002463e-02
3.232263000000000108e+00 2.457134600000000191e+01 6.303890513404004914e-02
3.237004999999999910e+00 2.461853900000000550e+01 6.305057624089331625e-02
3.241747999999999852e+00 2.468526200000000159e+01 6.308711011328858864e-02
3.246490999999999794e+00 2.464036000000000115e+01 6.298127750237288158e-02
3.251234000000000179e+00 2.466024900000000031e+01 6.297598492169693973e-02
3.255977000000000121e+00 2.467518399999999801e+01 6.301116161203028365e-02
3.260720000000000063e+00 2.465638300000000172e+01 6.300511318578674858e-02
3.265463000000000005e+00 2.470323699999999789e+01 6.304216279546331902e-02
3.270205999999999946e+00 2.458559600000000245e+01 6.284420710895874396e-02
3.274948000000000192e+00 2.461901700000000659e+01 6.283883939553626397e-02
3.279691000000000134e+00 2.463527400000000256e+01 6.281173257950301014e-02
3.284434000000000076e+00 2.468245900000000148e+01 6.282436447920265732e-02
3.289177000000000017e+00 2.459163399999999911e+01 6.266139758548001926e-02
3.293919999999999959e+00 2.459827299999999894e+01 6.262238971884417915e-02
3.298662999999999901e+00 2.467057499999999592e+01 6.266741094628051900e-02
3.303405999999999842e+00 2.465874300000000119e+01 6.260543720309362514e-02
3.308148000000000089e+00 2.467779600000000428e+01 6.258282636925564801e-02
3.312891000000000030e+00 2.463765799999999828e+01 6.248516334184779641e-02
3.317633999999999972e+00 2.460945900000000108e+01 6.240291269046181061e-02
3.322376999999999914e+00 2.460582199999999986e+01 6.235296548589488314e-02
3.327119999999999855e+00 2.465997899999999632e+01 6.239085790841475410e-02
3.331862999999999797e+00 2.476398800000000477e+01 6.245973499083788683e-02
3.336606000000000183e+00 2.463747400000000098e+01 6.225423861483168203e-02
3.341347999999999985e+00 2.465408100000000147e+01 6.222962275392403264e-02
3.346090999999999926e+00 2.467106000000000066e+01 6.220541933273178448e-02
3.350833999999999868e+00 2.476539100000000104e+01 6.227825089079493809e-02
3.355576999999999810e+00 2.470943100000000214e+01 6.216261012565028887e-02
3.360320000000000196e+00 2.466460199999999858e+01 6.206113778092695737e-02
3.365063000000000137e+00 2.474312499999999915e+01 6.211463398197963892e-02
3.369806000000000079e+00 2.463713299999999862e+01 6.193657777935344944e-02
3.374549000000000021e+00 2.462150899999999965e+01 6.187211104491263658e-02
3.379290999999999823e+00 2.473652299999999826e+01 6.266133008857137365e-02
3.384034000000000209e+00 2.479549000000000092e+01 6.420799282401373764e-02
3.388777000000000150e+00 2.464311200000000213e+01 6.485667441055854854e-02
3.393520000000000092e+00 2.466106700000000274e+01 6.554873174012751380e-02
3.398263000000000034e+00 2.461896499999999577e+01 6.588884985557420804e-02
3.403005999999999975e+00 2.459303999999999846e+01 6.603178192724848405e-02
3.407748999999999917e+00 2.465994500000000045e+01 6.608751846135092756e-02
3.412491000000000163e+00 2.459949100000000044e+01 6.604275731563075125e-02
3.417234000000000105e+00 2.461322499999999636e+01 6.623717045864957464e-02
3.421977000000000046e+00 2.454926400000000086e+01 6.631095590548140295e-02
3.426719999999999988e+00 2.458307299999999884e+01 6.649171264289557848e-02
3.431462999999999930e+00 2.450981299999999763e+01 6.653111968614763838e-02
3.436205999999999872e+00 2.461200399999999888e+01 6.681391859176125103e-02
3.440948999999999813e+00 2.461596499999999921e+01 6.694061284096822217e-02
3.445692000000000199e+00 2.466985199999999878e+01 6.714614621648884452e-02
3.450434000000000001e+00 2.466036899999999932e+01 6.722675856228901847e-02
3.455176999999999943e+00 2.464024600000000120e+01 6.730944638265121127e-02
3.459919999999999884e+00 2.467912299999999703e+01 6.746824859035767397e-02
3.464662999999999826e+00 2.453162800000000132e+01 6.736797850190548442e-02
3.469406000000000212e+00 2.456353299999999962e+01 6.751024510917065513e-02
3.474149000000000154e+00 2.459614399999999890e+01 6.765026067229010232e-02
3.478892000000000095e+00 2.454906700000000086e+01 6.767784976017116039e-02
3.483633999999999897e+00 2.451792200000000221e+01 6.772393358325326518e-02
3.488376999999999839e+00 2.459183600000000069e+01 6.791284072465088306e-02
3.493119999999999781e+00 2.451599300000000170e+01 6.789218500110524857e-02
3.497863000000000167e+00 2.461478699999999975e+01 6.811129664406118112e-02
3.502606000000000108e+00 2.456961199999999934e+01 6.812866972276575284e-02
3.507349000000000050e+00 2.461816599999999866e+01 6.827380810763451768e-02
3.512091999999999992e+00 2.462628600000000034e+01 6.836149531012176983e-02
3.516833999999999794e+00 2.468415399999999948e+01 6.851598177285281310e-02
3.521577000000000179e+00 2.465182499999999877e+01 6.854371487701553523e-02
3.526320000000000121e+00 2.452312500000000028e+01 6.843549481241148480e-02
3.531063000000000063e+00 2.458352800000000116e+01 6.858916287406560675e-02
3.535806000000000004e+00 2.457143300000000252e+01 6.864040316161321154e-02
3.540548999999999946e+00 2.460768999999999807e+01 6.875696287709266719e-02
3.545291999999999888e+00 2.452130599999999916e+01 6.870150425631231517e-02
3.550034999999999830e+00 2.462151400000000123e+01 6.890576445868662470e-02
3.554777000000000076e+00 2.463622900000000371e+01 6.898884155391725448e-02
3.559520000000000017e+00 2.455677999999999628e+01 6.893883823802515742e-02
3.564262999999999959e+00 2.461647299999999916e+01 6.908275702857406830e-02
3.569005999999999901e+00 2.458154600000000300e+01 6.910646447670869275e-02
3.573748999999999842e+00 2.468579199999999929e+01 6.933121710283832173e-02
3.578491999999999784e+00 2.471288899999999700e+01 6.939295524136004922e-02
3.583235000000000170e+00 2.459705299999999895e+01 6.928664595484833322e-02
3.587976999999999972e+00 2.459099199999999641e+01 6.930955062813709544e-02
3.592719999999999914e+00 2.455201299999999875e+01 6.920045189925135010e-02
3.597462999999999855e+00 2.463939299999999832e+01 6.926197738082201516e-02
3.602205999999999797e+00 2.458621199999999973e+01 6.912582317476660687e-02
3.606949000000000183e+00 2.459598300000000393e+01 6.907862165593491033e-02
3.611692000000000125e+00 2.463570899999999853e+01 6.912510549326417175e-02
3.616435000000000066e+00 2.464253000000000071e+01 6.920376652465817791e-02
3.621178000000000008e+00 2.481951500000000266e+01 7.029125859515319985e-02
3.625919999999999810e+00 2.481248000000000076e+01 7.279407133626200621e-02
3.630663000000000196e+00 2.475002800000000391e+01 7.411802068515659092e-02
3.635406000000000137e+00 2.478911300000000395e+01 7.523511589331541294e-02
3.640149000000000079e+00 2.453278499999999696e+01 7.562127118954163618e-02
3.644892000000000021e+00 2.457439700000000116e+01 7.620294821807684083e-02
3.649634999999999962e+00 2.470602600000000137e+01 7.689961211672721730e-02
3.654377999999999904e+00 2.457995800000000131e+01 7.712940521178870967e-02
3.659120000000000150e+00 2.455420400000000214e+01 7.751921272899900406e-02
3.663863000000000092e+00 2.438886100000000212e+01 7.767092253638165078e-02
3.668606000000000034e+00 2.452109499999999898e+01 7.828206970740297921e-02
3.673348999999999975e+00 2.467726100000000145e+01 7.892252778675616642e-02
3.678091999999999917e+00 2.449115099999999856e+01 7.900495875540282376e-02
3.682834999999999859e+00 2.448622700000000307e+01 7.936988407160802672e-02
3.687577999999999800e+00 2.466855000000000331e+01 8.003198683092592469e-02
3.692321000000000186e+00 2.460070399999999680e+01 8.028286234606860083e-02
3.697062999999999988e+00 2.450165800000000260e+01 8.047546257418843052e-02
3.701805999999999930e+00 2.455235900000000271e+01 8.090918943334186875e-02
3.706548999999999872e+00 2.451834000000000202e+01 8.119909826660268171e-02
3.711291999999999813e+00 2.449827500000000313e+01 8.150792728574135504e-02
3.716035000000000199e+00 2.447974000000000316e+01 8.181583603130937465e-02
3.720778000000000141e+00 2.442850200000000171e+01 8.206552660333570060e-02
3.725521000000000083e+00 2.448991800000000651e+01 8.250157820231258932e-02
3.730262999999999884e+00 2.451762300000000039e+01 8.287990616348149542e-02
3.735005999999999826e+00 2.460792700000000011e+01 8.336145997920262063e-02
3.739749000000000212e+00 2.467487799999999964e+01 8.380303113267026371e-02
3.744492000000000154e+00 2.456209699999999785e+01 8.393707329521324367e-02
3.749235000000000095e+00 2.456227399999999861e+01 8.426172263523575012e-02
3.753978000000000037e+00 2.448999100000000340e+01 8.446038798485952515e-02
3.758720999999999979e+00 2.446447200000000066e+01 8.473711301194006285e-02
3.763462999999999781e+00 2.454291699999999921e+01 8.519373000420395192e-02
3.768206000000000166e+00 2.459179999999999922e+01 8.559846501143054953e-02
3.772949000000000108e+00 2.465369000000000455e+01 8.602604885408662860e-02
3.777692000000000050e+00 2.473108700000000226e+01 8.648031813237333498e-02
3.782434999999999992e+00 2.462010900000000291e+01 8.660454050373340984e-02
3.787177999999999933e+00 2.471360500000000471e+01 8.708720278395098990e-02
3.791920999999999875e+00 2.454886599999999675e+01 8.711385118495336422e-02
3.796663999999999817e+00 2.455530699999999911e+01 8.744202203080793379e-02
3.801406000000000063e+00 2.448202400000000267e+01 8.762797711447811722e-02
3.806149000000000004e+00 2.450890700000000066e+01 8.799269691766356538e-02
3.810891999999999946e+00 2.445519499999999979e+01 8.821196113751070267e-02
3.815634999999999888e+00 2.453967600000000004e+01 8.868057574183761671e-02
3.820377999999999830e+00 2.451480199999999954e+01 8.895242555517583749e-02
3.825121000000000215e+00 2.448513499999999610e+01 8.921495306459001351e-02
3.829864000000000157e+00 2.461029299999999864e+01 8.976064334198478878e-02
3.834605999999999959e+00 2.462635399999999919e+01 9.010816022889492349e-02
3.839348999999999901e+00 2.458031300000000030e+01 9.034277527800328722e-02
3.844091999999999842e+00 2.465329699999999846e+01 9.079548797370659563e-02
3.848834999999999784e+00 2.440867599999999626e+01 9.066506525662682003e-02
3.853578000000000170e+00 2.442459699999999856e+01 9.106152651311584523e-02
3.858321000000000112e+00 2.455624699999999905e+01 9.157574032330395575e-02
3.863064000000000053e+00 2.447881000000000284e+01 9.175201733174807861e-02
3.867806999999999995e+00 2.461244599999999849e+01 9.232453828955551611e-02
3.872548999999999797e+00 2.461076500000000067e+01 9.264401314735667969e-02
3.877292000000000183e+00 2.459092500000000214e+01 9.293020940431964694e-02
3.882035000000000124e+00 2.455175399999999897e+01 9.318121590776651253e-02
3.886778000000000066e+00 2.477005000000000123e+01 9.392136723938647458e-02
3.891521000000000008e+00 2.467116399999999743e+01 9.406043903967810371e-02
3.896263999999999950e+00 2.454272100000000023e+01 9.414204969703390824e-02
3.901006999999999891e+00 2.467000100000000273e+01 9.471450282027035761e-02
3.905749000000000137e+00 2.462568100000000015e+01 9.496003880736990366e-02
3.910492000000000079e+00 2.472347299999999493e+01 9.548028368829242218e-02
3.915235000000000021e+00 2.455211100000000002e+01 9.548042276450602328e-02
3.919977999999999962e+00 2.454706099999999580e+01 9.576163567334727844e-02
3.924720999999999904e+00 2.447467199999999821e+01 9.570542479847053696e-02
3.929463999999999846e+00 2.448280100000000203e+01 9.579468700817703186e-02
3.934206999999999788e+00 2.450211600000000089e+01 9.595855134724211311e-02
3.938949000000000034e+00 2.461453500000000005e+01 9.628369726329998046e-02
3.943691999999999975e+00 2.456624000000000407e+01 9.629305871332782818e-02
3.948434999999999917e+00 2.457013500000000050e+01 9.640388455944552681e-02
3.953177999999999859e+00 2.451374900000000068e+01 9.642314973166712933e-02
3.957920999999999800e+00 2.466458799999999840e+01 9.689019268709811450e-02
3.962664000000000186e+00 2.455253599999999992e+01 9.667852496484727332e-02
3.967407000000000128e+00 2.461983800000000144e+01 9.706015142267242213e-02
3.972150000000000070e+00 2.449470799999999926e+01 9.713973875106521327e-02
3.976891999999999872e+00 2.450055899999999909e+01 9.747933772614943149e-02
3.981634999999999813e+00 2.461719399999999780e+01 9.804095349265121162e-02
3.986378000000000199e+00 2.450342100000000300e+01 9.814507607344546969e-02
3.991121000000000141e+00 2.449086399999999841e+01 9.845176209793352062e-02
3.995864000000000082e+00 2.454056500000000440e+01 9.888646342349290130e-02
4.000606999999999580e+00 2.452544100000000071e+01 9.919187531699004412e-02
4.005349999999999966e+00 2.460531399999999991e+01 9.969202786009973005e-02
4.010092000000000212e+00 2.442699199999999848e+01 9.966869275762776925e-02
4.014834999999999710e+00 2.453302300000000002e+01 1.002260485942377127e-01
4.019578000000000095e+00 2.441278100000000251e+01 1.003227954745570250e-01
4.024320999999999593e+00 2.445876899999999665e+01 1.007609394504363348e-01
4.029063999999999979e+00 2.461222900000000280e+01 1.014249007421072213e-01
4.033807000000000365e+00 2.454287199999999558e+01 1.016307602122841630e-01
4.038549999999999862e+00 2.449020099999999900e+01 1.018724917853372214e-01
4.043293000000000248e+00 2.451312200000000274e+01 1.022729119424630462e-01
4.048034999999999606e+00 2.464650099999999711e+01 1.029069945964048716e-01
4.052777999999999992e+00 2.450176399999999788e+01 1.029613037809127690e-01
4.057521000000000377e+00 2.451698799999999778e+01 1.033522299159374686e-01
4.062263999999999875e+00 2.457664899999999975e+01 1.038400475820706603e-01
4.067007000000000261e+00 2.459702700000000064e+01 1.042476968760331912e-01
4.071749999999999758e+00 2.460153400000000090e+01 1.046238775769283980e-01
4.076493000000000144e+00 2.464970999999999890e+01 1.050955735355538073e-01
4.081235000000000390e+00 2.466508300000000276e+01 1.054996248902265038e-01
4.085977999999999888e+00 2.460451000000000121e+01 1.057446153820358753e-01
4.090721000000000274e+00 2.450582099999999741e+01 1.059079214310176126e-01
4.095463999999999771e+00 2.451339499999999916e+01 1.063020831861694881e-01
4.100207000000000157e+00 2.447068300000000107e+01 1.065899900531625810e-01
4.104949999999999655e+00 2.449096300000000070e+01 1.070182596443789158e-01
4.109693000000000040e+00 2.450486199999999926e+01 1.074342579897659966e-01
4.114436000000000426e+00 2.443808499999999739e+01 1.076755982369603515e-01
4.119177999999999784e+00 2.454013299999999731e+01 1.082924068030141351e-01
4.123921000000000170e+00 2.470008899999999841e+01 1.090399903483552368e-01
4.128663999999999668e+00 2.458922199999999947e+01 1.091937208402612436e-01
4.133407000000000053e+00 2.461695800000000034e+01 1.096567764813365375e-01
4.138150000000000439e+00 2.449227900000000346e+01 1.097811728567485157e-01
4.142892999999999937e+00 2.446374199999999988e+01 1.101231269143838898e-01
4.147636000000000323e+00 2.457999399999999923e+01 1.107940592962212978e-01
4.152377999999999680e+00 2.452123699999999928e+01 1.110746900409368687e-01
4.157121000000000066e+00 2.445715600000000123e+01 1.113444219541414454e-01
4.161863999999999564e+00 2.444224200000000025e+01 1.117292068873166205e-01
4.166606999999999950e+00 2.444869999999999521e+01 1.121657446470695207e-01
4.171350000000000335e+00 2.460787099999999938e+01 1.129562394303462031e-01
4.176092999999999833e+00 2.449711099999999675e+01 1.131374183138478678e-01
4.180836000000000219e+00 2.453062499999999702e+01 1.138037855461095926e-01
4.185577999999999577e+00 2.458520800000000150e+01 1.142459349492295911e-01
4.190320999999999962e+00 2.458565300000000065e+01 1.146465236878323191e-01
4.195064000000000348e+00 2.460162400000000460e+01 1.151279985780730708e-01
4.199806999999999846e+00 2.446730899999999664e+01 1.152599514214291132e-01
4.204550000000000232e+00 2.456306599999999918e+01 1.159375634052109139e-01
4.209292999999999729e+00 2.462758499999999984e+01 1.165467253343172860e-01
4.214036000000000115e+00 2.448446799999999968e+01 1.166657805631959866e-01
4.218778999999999613e+00 2.449729899999999816e+01 1.171600765123798488e-01
4.223520999999999859e+00 2.461931599999999776e+01 1.179200360673498815e-01
4.228264000000000244e+00 2.468914200000000037e+01 1.185612220598973865e-01
4.233006999999999742e+00 2.452924099999999896e+01 1.186527875775487129e-01
4.237750000000000128e+00 2.472974099999999709e+01 1.196190609926553600e-01
4.242492999999999626e+00 2.467082299999999861e+01 1.199636480142538819e-01
4.247236000000000011e+00 2.448151700000000375e+01 1.199910939549919259e-01
4.251979000000000397e+00 2.461163499999999971e+01 1.208100634853272598e-01
4.256720999999999755e+00 2.467766900000000163e+01 1.216774954650567259e-01
4.261464000000000141e+00 2.465958699999999837e+01 1.219693112408285207e-01
4.266206999999999638e+00 2.460454299999999961e+01 1.223031332195896742e-01
4.270950000000000024e+00 2.448422699999999708e+01 1.225178168995774974e-01
4.275693000000000410e+00 2.476599099999999964e+01 1.237418086890647445e-01
4.280435999999999908e+00 2.458860699999999611e+01 1.238239314063965535e-01
4.285179000000000293e+00 2.451752799999999510e+01 1.241747074571810661e-01
4.289921999999999791e+00 2.479960999999999771e+01 1.254252230801683743e-01
4.294664000000000037e+00 2.476548500000000175e+01 1.258833002181468930e-01
4.299407000000000423e+00 2.445540700000000101e+01 1.256378951111602194e-01
4.304149999999999920e+00 2.455058700000000016e+01 1.264342743060235252e-01
4.308893000000000306e+00 2.468398300000000489e+01 1.273391590212719915e-01
4.313635999999999804e+00 2.478408800000000412e+01 1.281636320544627117e-01
4.318379000000000190e+00 2.442214499999999688e+01 1.277939759714568912e-01
4.323121999999999687e+00 2.455025600000000097e+01 1.287964308465871233e-01
4.327863999999999933e+00 2.477976299999999910e+01 1.299569551366297482e-01
4.332607000000000319e+00 2.460930300000000059e+01 1.300365267550744608e-01
4.337349999999999817e+00 2.451263700000000156e+01 1.303788387521153669e-01
4.342093000000000202e+00 2.463832400000000078e+01 1.313181993762262134e-01
4.346835999999999700e+00 2.457721100000000192e+01 1.317664505530481978e-01
4.351579000000000086e+00 2.436967499999999731e+01 1.318243930955913801e-01
4.356321999999999584e+00 2.459438200000000307e+01 1.330573036831920741e-01
4.361063999999999830e+00 2.465027200000000107e+01 1.338434511165959018e-01
4.365807000000000215e+00 2.474300700000000219e+01 1.347391254986178843e-01
4.370549999999999713e+00 2.447620200000000423e+01 1.346577153186938602e-01
4.375293000000000099e+00 2.471181500000000142e+01 1.359638554672718824e-01
4.380035999999999596e+00 2.465330399999999855e+01 1.365320337103289594e-01
4.384778999999999982e+00 2.452756699999999768e+01 1.369113535580519514e-01
4.389522000000000368e+00 2.445966800000000063e+01 1.372862060196132772e-01
4.394264999999999866e+00 2.452413399999999655e+01 1.381420062343862165e-01
4.399007000000000112e+00 2.477676699999999954e+01 1.391237878322542643e-01
4.403749999999999609e+00 2.460062599999999833e+01 1.387238713891217889e-01
4.408492999999999995e+00 2.451313100000000489e+01 1.385710442622278271e-01
4.413236000000000381e+00 2.458873600000000081e+01 1.388772186023528588e-01
4.417978999999999878e+00 2.476760200000000012e+01 1.394749735531113088e-01
4.422722000000000264e+00 2.453228399999999709e+01 1.389047781998740405e-01
4.427464999999999762e+00 2.456388100000000208e+01 1.390835878257488667e-01
4.432207000000000008e+00 2.479241199999999878e+01 1.398215934252867998e-01
4.436950000000000394e+00 2.480632800000000060e+01 1.400288809540074786e-01
4.441692999999999891e+00 2.447131599999999807e+01 1.397096458801045105e-01
4.446436000000000277e+00 2.462922999999999973e+01 1.408778940987229500e-01
4.451178999999999775e+00 2.458893099999999521e+01 1.414880086528801928e-01
4.455922000000000160e+00 2.461581999999999937e+01 1.423013673512025512e-01
4.460664999999999658e+00 2.451300200000000018e+01 1.427491351962858757e-01
4.465408000000000044e+00 2.475284399999999962e+01 1.442052102232835309e-01
4.470150000000000290e+00 2.473648000000000025e+01 1.449269652773478856e-01
4.474892999999999788e+00 2.454286499999999904e+01 1.451366684267997031e-01
4.479636000000000173e+00 2.458736100000000135e+01 1.460567198427949742e-01
4.484378999999999671e+00 2.467114600000000024e+01 1.471089823577330091e-01
4.489122000000000057e+00 2.446104499999999859e+01 1.472925717969986448e-01
4.493865000000000443e+00 2.473793200000000070e+01 1.489513871221597729e-01
4.498607999999999940e+00 2.474283899999999647e+01 1.498064167267353919e-01
4.503350000000000186e+00 2.474960699999999747e+01 1.506797361978006455e-01
4.508092999999999684e+00 2.467319300000000126e+01 1.513122362096624984e-01
4.512836000000000070e+00 2.463467000000000340e+01 1.520723190973699290e-01
4.517578999999999567e+00 2.483530800000000127e+01 1.535854892845965047e-01
4.522321999999999953e+00 2.493688699999999869e+01 1.548110844803446129e-01
4.527065000000000339e+00 2.458561800000000019e+01 1.546373154382757742e-01
4.531807999999999836e+00 2.467569700000000310e+01 1.558580860758189968e-01
4.536551000000000222e+00 2.483486599999999811e+01 1.573145231159380208e-01
4.541292999999999580e+00 2.464550000000000551e+01 1.576817766077900362e-01
4.546035999999999966e+00 2.487271399999999488e+01 1.593971246008857312e-01
4.550779000000000352e+00 2.476299900000000065e+01 1.600482362619776167e-01
4.555521999999999849e+00 2.467959199999999953e+01 1.607993368171156123e-01
4.560265000000000235e+00 2.479982100000000145e+01 1.622286966543580178e-01
4.565007999999999733e+00 2.481824499999999745e+01 1.633513892533482448e-01
4.569751000000000118e+00 2.493690799999999896e+01 1.648207399917152316e-01
4.574493000000000364e+00 2.456996899999999684e+01 1.646980542379766488e-01
4.579235999999999862e+00 2.455045600000000405e+01 1.657454790712757364e-01
4.583979000000000248e+00 2.452360299999999782e+01 1.667880267496767988e-01
4.588721999999999746e+00 2.494572899999999649e+01 1.693834906626956183e-01
4.593465000000000131e+00 2.480296999999999841e+01 1.700828649943050552e-01
4.598207999999999629e+00 2.473748200000000352e+01 1.710641527834686204e-01
4.602951000000000015e+00 2.486162599999999401e+01 1.727272636028843456e-01
4.607693000000000261e+00 2.484752899999999798e+01 1.739372178382461720e-01
4.612435999999999758e+00 2.488503000000000043e+01 1.753540584362492105e-01
4.617179000000000144e+00 2.484607100000000202e+01 1.765273476366010785e-01
4.621921999999999642e+00 2.469741499999999945e+01 1.773356394073379583e-01
4.626665000000000028e+00 2.471962900000000118e+01 1.787819620870575998e-01
4.631408000000000413e+00 2.460131599999999708e+01 1.797441047278341419e-01
4.636150999999999911e+00 2.484417899999999690e+01 1.820593280656646329e-01
4.640894000000000297e+00 2.458568499999999801e+01 1.825658007151331197e-01
4.645635999999999655e+00 2.506424299999999761e+01 1.858330948959156514e-01
4.650379000000000040e+00 2.465492499999999865e+01 1.858349144684289522e-01
4.655122000000000426e+00 2.472012900000000002e+01 1.876445508250993710e-01
4.659864999999999924e+00 2.497703500000000432e+01 1.902261860932973891e-01
4.664608000000000310e+00 2.506253099999999989e+01 1.922049221681931819e-01
4.669350999999999807e+00 2.475464299999999795e+01 1.927031638197684027e-01
4.674094000000000193e+00 2.480515899999999974e+01 1.946292550090715223e-01
4.678836000000000439e+00 2.507046099999999811e+01 1.974486321722219440e-01
4.683578999999999937e+00 2.495809600000000117e+01 1.988303204001230784e-01
4.688322000000000322e+00 2.485961200000000559e+01 2.003063717238854902e-01
4.693064999999999820e+00 2.485791900000000254e+01 2.022227978050091246e-01
4.697808000000000206e+00 2.476198899999999981e+01 2.038015003604990161e-01
4.702550999999999704e+00 2.530682400000000243e+01 2.080846783598278571e-01
4.707294000000000089e+00 2.481368499999999955e+01 2.081375063381732393e-01
4.712036999999999587e+00 2.510718299999999914e+01 2.115288203307795212e-01
4.716778999999999833e+00 2.482937000000000083e+01 2.125720934548552266e-01
4.721522000000000219e+00 2.486332899999999668e+01 2.150037207526362959e-01
4.726264999999999716e+00 2.462472899999999498e+01 2.163201614003611994e-01
4.731008000000000102e+00 2.444851999999999848e+01 2.179614872254403701e-01
4.735750999999999600e+00 2.481001200000000040e+01 2.220850459824010859e-01
4.740493999999999986e+00 2.499431600000000131e+01 2.255170368576930873e-01
4.745237000000000371e+00 2.477364800000000145e+01 2.272043313179556989e-01
4.749978999999999729e+00 2.477463999999999800e+01 2.299946084671712632e-01
4.754722000000000115e+00 2.488265999999999778e+01 2.333881321621860128e-01
4.759464999999999613e+00 2.486205800000000110e+01 2.362900749897906549e-01
4.764207999999999998e+00 2.475769199999999870e+01 2.388982675852813764e-01
4.768951000000000384e+00 2.484630299999999892e+01 2.425579061177973728e-01
4.773693999999999882e+00 2.467062499999999758e+01 2.450563043335224900e-01
4.778437000000000268e+00 2.483197200000000038e+01 2.493623297176574272e-01
4.783178999999999625e+00 2.456264399999999881e+01 2.516396158455343479e-01
4.787922000000000011e+00 2.487104400000000126e+01 2.570348615318859831e-01
4.792665000000000397e+00 2.520296499999999895e+01 2.627626174062313025e-01
4.797407999999999895e+00 2.451872100000000287e+01 2.633224736206939975e-01
4.802151000000000280e+00 2.466343200000000024e+01 2.684621530715242121e-01
4.806893999999999778e+00 2.504015300000000011e+01 2.751232371988648895e-01
4.811637000000000164e+00 2.511671899999999624e+01 2.804065911629245456e-01
4.816379999999999661e+00 2.526710600000000184e+01 2.863847195318802163e-01
4.821121999999999908e+00 2.531071700000000035e+01 2.920619930310335843e-01
4.825865000000000293e+00 2.514379200000000125e+01 2.968268943392436410e-01
4.830607999999999791e+00 2.538388600000000395e+01 3.043425904053801423e-01
4.835351000000000177e+00 2.481075500000000389e+01 3.073000199192168491e-01
4.840093999999999674e+00 2.491262399999999744e+01 3.147778287781207163e-01
4.844837000000000060e+00 2.493524299999999982e+01 3.222414750291920371e-01
4.849579999999999558e+00 2.496591299999999691e+01 3.302920635404671401e-01
4.854321999999999804e+00 2.500233300000000014e+01 3.389853793726655407e-01
4.859065000000000190e+00 2.518098700000000179e+01 3.493536980214894117e-01
4.863807999999999687e+00 2.519256999999999991e+01 3.593687917319198233e-01
4.868551000000000073e+00 2.443104999999999905e+01 3.645485165232743574e-01
4.873293999999999571e+00 2.585448699999999889e+01 3.870138132592039204e-01
4.878036999999999956e+00 2.512543699999999802e+01 3.945580861971276221e-01
4.882780000000000342e+00 2.511548300000000111e+01 4.089199791780905313e-01
4.887522999999999840e+00 2.511819500000000005e+01 4.250923002975236509e-01
4.892265000000000086e+00 2.460101399999999927e+01 4.387056644186851928e-01
4.897007999999999583e+00 2.486184399999999783e+01 4.616546135515381399e-01
4.901750999999999969e+00 2.515111399999999975e+01 4.882653510834759070e-01
4.906494000000000355e+00 2.556316500000000147e+01 5.205249300844196902e-01
4.911236999999999853e+00 2.507783800000000340e+01 5.490069015130866203e-01
4.915980000000000238e+00 2.522268699999999697e+01 5.915337710688207684e-01
4.920722999999999736e+00 2.510478099999999557e+01 6.417318972145766853e-01
4.925464999999999982e+00 2.670638200000000140e+01 7.319171393483281385e-01
4.930208000000000368e+00 2.632766300000000115e+01 8.241527434781674710e-01
4.934950999999999866e+00 2.619612200000000257e+01 9.729831392233680987e-01
4.939694000000000251e+00 2.642467399999999955e+01 1.261909109655188210e+00
4.944436999999999749e+00 9.550283699999999598e+00 1.314362904154636302e+00