# [51] Sgs_R07_0.2
# Sample c= 1.0 mg/ml
#
# Number of frames collected: 10
# Exposure time per frame: 0.5
# No significant radiation damage detected, merging 10 files
# Merged from: /data/visitor/mx1905/bm29/20170412/Poker/1d/Sxl_10gs_168_00001.dat
# Merged from: /data/visitor/mx1905/bm29/20170412/Poker/1d/Sxl_10gs_168_00002.dat
# Merged from: /data/visitor/mx1905/bm29/20170412/Poker/1d/Sxl_10gs_168_00003.dat
# Merged from: /data/visitor/mx1905/bm29/20170412/Poker/1d/Sxl_10gs_168_00004.dat
# Merged from: /data/visitor/mx1905/bm29/20170412/Poker/1d/Sxl_10gs_168_00005.dat
# Merged from: /data/visitor/mx1905/bm29/20170412/Poker/1d/Sxl_10gs_168_00006.dat
# Merged from: /data/visitor/mx1905/bm29/20170412/Poker/1d/Sxl_10gs_168_00007.dat
# Merged from: /data/visitor/mx1905/bm29/20170412/Poker/1d/Sxl_10gs_168_00008.dat
# Merged from: /data/visitor/mx1905/bm29/20170412/Poker/1d/Sxl_10gs_168_00009.dat
# Merged from: /data/visitor/mx1905/bm29/20170412/Poker/1d/Sxl_10gs_168_00010.dat
#
# Sample Information:
# Storage Temperature (degrees C): 20.0
# Measurement Temperature (degrees C): 20.03
# Concentration: 1.0
# Code: 
3.082862000000000102e-02 6.473755499999999756e+02 8.553574521786021734e+00
3.557148999999999728e-02 1.412422799999999825e+03 5.209532634824739716e+00
4.031434999999999880e-02 1.726053499999999985e+03 3.793575096462652230e+00
4.505722000000000199e-02 1.145663869999999861e+03 2.197702284124503969e+00
4.980007999999999657e-02 7.799775600000000395e+02 1.623750981937997384e+00
5.454294999999999977e-02 5.672207700000000159e+02 1.302682083156051496e+00
5.928581000000000129e-02 4.229616500000000201e+02 1.069413224604436996e+00
6.402868000000000448e-02 3.391604999999999563e+02 9.130509847346806040e-01
6.877154000000000600e-02 2.783265399999999659e+02 7.945098325831027042e-01
7.351441000000000225e-02 2.337729199999999707e+02 7.016384332734987295e-01
7.825727999999999851e-02 1.995879699999999843e+02 6.240898152707028412e-01
8.300014000000000003e-02 1.745948399999999765e+02 5.650477148909461844e-01
8.774300999999999628e-02 1.558464900000000171e+02 5.179816924091525943e-01
9.248586999999999780e-02 1.413540300000000229e+02 4.793986243546595749e-01
9.722873999999999406e-02 1.291259799999999984e+02 4.448935478086415429e-01
1.019715999999999956e-01 1.192902299999999940e+02 4.167389019502259484e-01
1.067145000000000038e-01 1.121385449999999935e+02 3.943990618979715257e-01
1.114572999999999953e-01 1.053998210000000029e+02 3.737105507230562562e-01
1.162002000000000035e-01 1.002330369999999959e+02 3.564732446578845471e-01
1.209430999999999978e-01 9.568374000000000024e+01 3.409807489518873469e-01
1.256858999999999893e-01 9.211689400000000205e+01 3.278841556378498945e-01
1.304288000000000114e-01 8.926461700000000121e+01 3.165871659160489626e-01
1.351717000000000057e-01 8.634085999999999217e+01 3.055313684401695373e-01
1.399144999999999972e-01 8.362386999999999659e+01 2.952313900369027411e-01
1.446573999999999915e-01 8.144384800000000268e+01 2.862980874339006165e-01
1.494003000000000136e-01 7.974391199999999458e+01 2.785582861016354661e-01
1.541431000000000051e-01 7.841823800000000233e+01 2.721907480597532958e-01
1.588859999999999995e-01 7.685381900000000144e+01 2.651987855856873799e-01
1.636287999999999909e-01 7.538336599999999521e+01 2.586510171656376533e-01
1.683717000000000130e-01 7.431529300000001115e+01 2.530312724139712199e-01
1.731146000000000074e-01 7.276849800000000812e+01 2.467940040498040888e-01
1.778573999999999988e-01 7.177737499999999216e+01 2.416655538210139564e-01
1.826002999999999932e-01 7.082521200000000761e+01 2.367988708993395974e-01
1.873431999999999875e-01 7.029906499999999880e+01 2.328089074676259196e-01
1.920860000000000067e-01 6.916860400000000197e+01 2.279493301339703404e-01
1.968289000000000011e-01 6.876923100000000488e+01 2.244167168964598391e-01
2.015717999999999954e-01 6.826951699999999335e+01 2.208624876014709248e-01
2.063145999999999869e-01 6.752560200000000634e+01 2.170225947360935326e-01
2.110575000000000090e-01 6.724499399999999127e+01 2.138153035965760507e-01
2.158004000000000033e-01 6.666868599999999390e+01 2.104562750019977335e-01
2.205431999999999948e-01 6.592715599999999654e+01 2.069646118561475068e-01
2.252860999999999891e-01 6.550324399999999514e+01 2.040703799027374643e-01
2.300290000000000112e-01 6.488563200000000109e+01 2.009509668268677773e-01
2.347718000000000027e-01 6.443007500000000221e+01 1.981502056978513282e-01
2.395146999999999970e-01 6.448886899999999400e+01 1.962123808674544334e-01
2.442575999999999914e-01 6.437968299999999999e+01 1.940775912183297369e-01
2.490004000000000106e-01 6.358673799999998977e+01 1.909735134612163820e-01
2.537433000000000050e-01 6.277876200000000750e+01 1.879084534496811842e-01
2.584861999999999993e-01 6.280375100000001254e+01 1.861720720101954496e-01
2.632289999999999908e-01 6.225542900000000657e+01 1.836525128655072114e-01
2.679718999999999851e-01 6.206789199999999340e+01 1.817149912328834271e-01
2.727146999999999766e-01 6.197247000000000128e+01 1.799497249080342365e-01
2.774576000000000264e-01 6.149140099999999620e+01 1.777254992865368310e-01
2.822005000000000208e-01 6.114428899999999345e+01 1.757801834527094875e-01
2.869433000000000122e-01 6.110762099999999464e+01 1.742338977845140913e-01
2.916862000000000066e-01 6.064718099999998913e+01 1.721159659067516556e-01
2.964291000000000009e-01 6.027404999999998836e+01 1.701729220471973336e-01
3.011718999999999924e-01 6.004902100000000331e+01 1.684820423881830398e-01
3.059147999999999867e-01 5.954579900000000237e+01 1.664401410593535080e-01
3.106576999999999811e-01 5.943495000000000061e+01 1.649743313219226293e-01
3.154004999999999725e-01 5.931374899999998718e+01 1.635366610377841368e-01
3.201434000000000224e-01 5.905866600000000233e+01 1.619534305079864400e-01
3.248863000000000167e-01 5.853454200000000895e+01 1.600283548943892686e-01
3.296291000000000082e-01 5.830855700000000752e+01 1.585340919773750301e-01
3.343720000000000026e-01 5.789968900000000218e+01 1.568291855677593494e-01
3.391148999999999969e-01 5.812903500000000179e+01 1.576588666934520822e-01
3.438576999999999884e-01 5.836997300000000166e+01 1.600268283982639317e-01
3.486005999999999827e-01 5.782259800000000638e+01 1.633292625646375062e-01
3.533434999999999770e-01 5.737285400000000379e+01 1.656771772703545809e-01
3.580863000000000240e-01 5.701599900000000076e+01 1.672142842956186870e-01
3.628292000000000184e-01 5.690958799999999940e+01 1.687058615288449248e-01
3.675720000000000098e-01 5.668694900000000558e+01 1.697613697386557985e-01
3.723149000000000042e-01 5.624859000000000009e+01 1.703482708336583051e-01
3.770577999999999985e-01 5.609871399999999397e+01 1.712595892801366815e-01
3.818005999999999900e-01 5.602742500000000803e+01 1.720639130471561251e-01
3.865434999999999843e-01 5.573225800000000163e+01 1.724567936885966768e-01
3.912863999999999787e-01 5.522973699999998587e+01 1.723659235238267917e-01
3.960292000000000256e-01 5.516755399999999554e+01 1.729767418079436458e-01
4.007721000000000200e-01 5.544309299999999752e+01 1.741493992281529513e-01
4.055150000000000143e-01 5.542103300000000132e+01 1.801158406207077622e-01
4.102578000000000058e-01 5.489009399999999772e+01 1.839252970030104684e-01
4.150007000000000001e-01 5.506897799999999421e+01 1.882587177352361141e-01
4.197435999999999945e-01 5.449529500000001292e+01 1.901599058119805286e-01
4.244863999999999860e-01 5.407692999999999017e+01 1.924958403572430421e-01
4.292292999999999803e-01 5.369860700000000264e+01 1.947517602900972478e-01
4.339721999999999746e-01 5.377886399999999867e+01 1.978812967050966598e-01
4.387150000000000216e-01 5.367187199999999336e+01 2.005684046816933463e-01
4.434579000000000160e-01 5.350895000000000579e+01 2.032057665118874312e-01
4.482008000000000103e-01 5.289582299999999293e+01 2.054496376655926271e-01
4.529436000000000018e-01 5.277381399999999445e+01 2.085571567746173083e-01
4.576864999999999961e-01 5.263292600000001187e+01 2.104535491727238805e-01
4.624293999999999905e-01 5.238687399999999883e+01 2.117100581200045128e-01
4.671721999999999819e-01 5.222675899999999416e+01 2.103421379852731532e-01
4.719150999999999763e-01 5.266613099999999292e+01 2.029112540849225821e-01
4.766579000000000232e-01 5.164954600000000084e+01 1.971599969960978194e-01
4.814008000000000176e-01 5.155900100000000208e+01 1.944847542820940522e-01
4.861437000000000119e-01 5.159798000000000684e+01 1.926431562161599331e-01
4.908865000000000034e-01 5.138644300000000698e+01 1.906803959332162290e-01
4.956293999999999977e-01 5.142385899999999310e+01 1.894074177403662351e-01
5.003722999999999921e-01 5.090773099999999829e+01 1.872693379926770041e-01
5.051151000000000391e-01 5.061724300000000909e+01 1.856748004570932531e-01
5.098580000000000334e-01 5.049147499999999411e+01 1.844798884400632999e-01
5.146009000000000277e-01 5.025535399999999697e+01 1.831594247403894593e-01
5.193436999999999637e-01 4.984258499999999970e+01 1.815710650731635623e-01
5.240865999999999580e-01 4.994348100000000557e+01 1.809719053828234281e-01
5.288294999999999524e-01 4.967782400000000109e+01 1.797508970863044009e-01
5.335722999999999994e-01 4.933060799999999801e+01 1.780686290082191814e-01
5.383151999999999937e-01 4.891837500000000460e+01 1.760434192914407114e-01
5.430580999999999881e-01 4.918648199999999804e+01 1.752954931792440607e-01
5.478009000000000350e-01 4.884498500000000121e+01 1.735078590179698621e-01
5.525438000000000294e-01 4.837503100000001410e+01 1.715404893279997567e-01
5.572867000000000237e-01 4.840791099999999147e+01 1.704987279381910970e-01
5.620294999999999597e-01 4.808400999999999925e+01 1.688677642585422745e-01
5.667723999999999540e-01 4.798071600000000814e+01 1.676611818098485973e-01
5.715152000000000010e-01 4.788366099999999648e+01 1.664972485434368932e-01
5.762580999999999953e-01 4.743244599999999878e+01 1.647429538816731764e-01
5.810009999999999897e-01 4.739358800000000116e+01 1.637786297521535706e-01
5.857438000000000367e-01 4.708626600000000195e+01 1.627586427566797556e-01
5.904867000000000310e-01 4.694385799999999875e+01 1.621216717648452099e-01
5.952296000000000253e-01 4.661699800000000238e+01 1.611662855622676416e-01
5.999723999999999613e-01 4.651670299999999258e+01 1.607779256521348621e-01
6.047152999999999556e-01 4.616678299999999524e+01 1.597671128836557486e-01
6.094581999999999500e-01 4.628486900000000048e+01 1.594583059608783993e-01
6.142009999999999970e-01 4.607355300000000398e+01 1.588702376398512250e-01
6.189438999999999913e-01 4.577945100000000167e+01 1.578479729015631050e-01
6.236867999999999856e-01 4.578641200000000566e+01 1.574957912833333251e-01
6.284296000000000326e-01 4.561668500000000392e+01 1.568459634028896432e-01
6.331725000000000270e-01 4.550394999999999612e+01 1.562938001624850082e-01
6.379154000000000213e-01 4.504643000000000086e+01 1.551533117917281157e-01
6.426581999999999573e-01 4.510365299999999422e+01 1.549036543956278100e-01
6.474010999999999516e-01 4.488600900000000138e+01 1.541855710432876447e-01
6.521439999999999459e-01 4.446943800000001090e+01 1.531248235991453932e-01
6.568867999999999929e-01 4.448080799999999613e+01 1.528042706479063040e-01
6.616296999999999873e-01 4.416375699999999682e+01 1.519240994254943689e-01
6.663725999999999816e-01 4.384986200000000167e+01 1.510529264806431959e-01
6.711154000000000286e-01 4.387916799999999995e+01 1.507717810240662981e-01
6.758583000000000229e-01 4.365491300000000052e+01 1.500583029247861966e-01
6.806010999999999589e-01 4.333968099999999879e+01 1.491928094706558017e-01
6.853439999999999532e-01 4.336574299999999482e+01 1.489182711738656906e-01
6.900868999999999476e-01 4.333356399999998843e+01 1.485425328328953687e-01
6.948296999999999946e-01 4.297910399999999953e+01 1.476170087351125759e-01
6.995725999999999889e-01 4.293448199999999559e+01 1.472275368801271578e-01
7.043154999999999832e-01 4.280353099999999955e+01 1.466935212771119657e-01
7.090583000000000302e-01 4.255031599999999514e+01 1.459496481475268947e-01
7.138012000000000246e-01 4.242367400000000544e+01 1.454253725161462341e-01
7.185441000000000189e-01 4.219487300000000118e+01 1.447305185582228870e-01
7.232868999999999549e-01 4.188438500000000175e+01 1.438986286869465003e-01
7.280297999999999492e-01 4.192967099999999903e+01 1.436771629917538429e-01
7.327727000000000546e-01 4.185492599999999896e+01 1.432515757240450105e-01
7.375154999999999905e-01 4.144809899999999914e+01 1.422615243540076013e-01
7.422583999999999849e-01 4.141666400000001147e+01 1.419178946765889682e-01
7.470012999999999792e-01 4.131796500000000094e+01 1.414589608018791966e-01
7.517441000000000262e-01 4.093388499999999652e+01 1.405126672733988946e-01
7.564870000000000205e-01 4.092519800000000174e+01 1.402143517447447529e-01
7.612299000000000149e-01 4.098488400000000809e+01 1.400351973879463696e-01
7.659726999999999508e-01 4.059471500000000788e+01 1.390868984412748366e-01
7.707155999999999452e-01 4.039500699999999966e+01 1.384655761388259299e-01
7.754585000000000505e-01 4.036140999999999934e+01 1.381336263500538841e-01
7.802012999999999865e-01 4.018014700000000516e+01 1.376866280152005129e-01
7.849441999999999808e-01 4.001190500000000583e+01 1.370787110864433445e-01
7.896870000000000278e-01 3.978316300000000894e+01 1.363277755126801050e-01
7.944299000000000222e-01 3.982938599999999951e+01 1.361401391123903681e-01
7.991728000000000165e-01 3.953738699999999540e+01 1.353764226144792970e-01
8.039155999999999525e-01 3.939593599999999185e+01 1.348707630838704152e-01
8.086584999999999468e-01 3.941030500000000814e+01 1.346323293594290926e-01
8.134014000000000522e-01 3.900635600000000380e+01 1.336823219495999748e-01
8.181441999999999881e-01 3.895467900000000583e+01 1.334382326023849930e-01
8.228870999999999825e-01 3.887664700000000551e+01 1.329536409877202230e-01
8.276299999999999768e-01 3.877209699999999515e+01 1.325143880791878337e-01
8.323728000000000238e-01 3.847673099999999380e+01 1.317574766568432865e-01
8.371157000000000181e-01 3.833885700000000440e+01 1.312730214020272346e-01
8.418586000000000125e-01 3.812581000000000131e+01 1.306601641011930492e-01
8.466013999999999484e-01 3.822763199999999983e+01 1.305864977419017026e-01
8.513443000000000538e-01 3.796295899999999790e+01 1.298899457668055979e-01
8.560872000000000481e-01 3.792444799999999816e+01 1.295824419462953403e-01
8.608299999999999841e-01 3.799430400000000674e+01 1.294599900519164126e-01
8.655728999999999784e-01 3.774166100000000768e+01 1.287879046269388705e-01
8.703157999999999728e-01 3.777255699999999194e+01 1.286026065034981958e-01
8.750586000000000197e-01 3.742552700000000243e+01 1.277753005728752000e-01
8.798015000000000141e-01 3.726597600000000199e+01 1.272685544422238746e-01
8.845442999999999500e-01 3.721179800000000171e+01 1.269420472900354702e-01
8.892872000000000554e-01 3.699032699999999352e+01 1.263328196610085385e-01
8.940301000000000498e-01 3.670759800000000439e+01 1.256213173829127672e-01
8.987728999999999857e-01 3.677891000000001043e+01 1.255155828528055628e-01
9.035157999999999801e-01 3.674566099999999835e+01 1.252308675294633855e-01
9.082586999999999744e-01 3.664228899999999811e+01 1.248300207599990913e-01
9.130015000000000214e-01 3.649826500000000351e+01 1.243618687783502319e-01
9.177444000000000157e-01 3.616783700000000579e+01 1.235767800608164324e-01
9.224873000000000101e-01 3.620473199999999281e+01 1.234183123984321923e-01
9.272300999999999460e-01 3.616359700000000288e+01 1.231294381525571413e-01
9.319730000000000514e-01 3.599968599999999697e+01 1.226335371180432843e-01
9.367159000000000457e-01 3.585177600000000098e+01 1.221659881172701967e-01
9.414586999999999817e-01 3.560757600000000167e+01 1.215339656407623259e-01
9.462015999999999760e-01 3.566501999999999839e+01 1.214190022377650696e-01
9.509444999999999704e-01 3.563192099999999130e+01 1.211518072349174746e-01
9.556873000000000173e-01 3.523162900000000519e+01 1.202601130153451992e-01
9.604302000000000117e-01 3.526400600000000196e+01 1.201055323053792645e-01
9.651731000000000060e-01 3.524386700000000161e+01 1.198639579924812015e-01
9.699159000000000530e-01 3.490473699999999724e+01 1.190811315825366090e-01
9.746588000000000473e-01 3.510785000000000622e+01 1.192224637802415110e-01
9.794017000000000417e-01 3.494089999999999918e+01 1.187339052876388718e-01
9.841444999999999776e-01 3.475925600000000060e+01 1.182230007160628704e-01
9.888873999999999720e-01 3.470934100000000200e+01 1.179381575749952199e-01
9.936302000000000190e-01 3.455018599999999651e+01 1.174685683712792389e-01
9.983731000000000133e-01 3.450450300000000681e+01 1.171914086929054799e-01
1.003115999999999897e+00 3.423457699999999448e+01 1.165356881469410688e-01
1.007859000000000060e+00 3.432219300000000572e+01 1.164895978224206041e-01
1.012602000000000002e+00 3.414981199999999717e+01 1.160029355374897486e-01
1.017344999999999944e+00 3.420702300000000662e+01 1.159052566212326746e-01
1.022086999999999968e+00 3.401868599999999532e+01 1.153937603311071536e-01
1.026829999999999909e+00 3.387144899999999836e+01 1.149538073313459280e-01
1.031573000000000073e+00 3.380109400000000619e+01 1.146450269865723487e-01
1.036316000000000015e+00 3.395833000000000368e+01 1.147211959241852541e-01
1.041058999999999957e+00 3.374801499999999521e+01 1.141778255211400445e-01
1.045801999999999898e+00 3.367820999999999998e+01 1.138737611419395473e-01
1.050545000000000062e+00 3.338207799999999992e+01 1.131876386381432537e-01
1.055287000000000086e+00 3.341511200000000059e+01 1.130582517482947857e-01
1.060030000000000028e+00 3.336756899999998893e+01 1.127948980460175832e-01
1.064772999999999969e+00 3.313716200000000356e+01 1.122238465247368672e-01
1.069515999999999911e+00 3.326169099999999901e+01 1.122539709350145881e-01
1.074259000000000075e+00 3.314565299999999581e+01 1.118769798154714279e-01
1.079002000000000017e+00 3.308637600000000134e+01 1.115981046798192600e-01
1.083744999999999958e+00 3.293979900000000072e+01 1.111975967125539977e-01
1.088487999999999900e+00 3.277959800000000001e+01 1.107753306142035543e-01
1.093229999999999924e+00 3.272125899999998921e+01 1.104520352838171959e-01
1.097973000000000088e+00 3.265951300000000401e+01 1.101732873085232017e-01
1.102716000000000030e+00 3.269503899999999419e+01 1.100601722598197607e-01
1.107458999999999971e+00 3.246658700000000408e+01 1.095031525683667351e-01
1.112201999999999913e+00 3.247787799999999692e+01 1.093495305515368859e-01
1.116945000000000077e+00 3.228430500000000336e+01 1.088530342315798816e-01
1.121688000000000018e+00 3.237540399999999607e+01 1.088372563579806523e-01
1.126430000000000042e+00 3.218748200000000281e+01 1.083529679366744408e-01
1.131172999999999984e+00 3.204998899999999651e+01 1.079530826896925727e-01
1.135915999999999926e+00 3.180558900000000477e+01 1.073747407499501261e-01
1.140659000000000090e+00 3.181580999999999904e+01 1.072272722315274623e-01
1.145402000000000031e+00 3.188951999999999742e+01 1.071871864091538812e-01
1.150144999999999973e+00 3.176105999999999696e+01 1.068066574519318107e-01
1.154887999999999915e+00 3.186323099999999542e+01 1.068150946087157716e-01
1.159631000000000078e+00 3.177401599999999959e+01 1.065038423643607512e-01
1.164373000000000102e+00 3.181195899999999455e+01 1.064067540775330833e-01
1.169116000000000044e+00 3.154469599999999829e+01 1.058770449692033183e-01
1.173858999999999986e+00 3.144040899999999894e+01 1.055140292145655828e-01
1.178601999999999927e+00 3.146300600000000003e+01 1.053428799451382042e-01
1.183345000000000091e+00 3.141946499999999531e+01 1.051128703866415215e-01
1.188088000000000033e+00 3.122291500000000042e+01 1.046261802677761893e-01
1.192830999999999975e+00 3.128710199999999730e+01 1.045774738271234988e-01
1.197572999999999999e+00 3.109613500000000386e+01 1.041034213683585119e-01
1.202315999999999940e+00 3.099751399999999535e+01 1.037849747240191800e-01
1.207059000000000104e+00 3.116488300000000322e+01 1.042472983994880281e-01
1.211802000000000046e+00 3.102350900000000067e+01 1.074164870814545703e-01
1.216544999999999987e+00 3.100019499999999795e+01 1.096110389326430817e-01
1.221287999999999929e+00 3.084512700000000152e+01 1.109801612356163397e-01
1.226031000000000093e+00 3.097122900000000101e+01 1.125991933685472624e-01
1.230774000000000035e+00 3.072215899999999777e+01 1.133819095104876135e-01
1.235516000000000059e+00 3.055739899999999665e+01 1.142087527231109567e-01
1.240259000000000000e+00 3.050426699999999869e+01 1.151656019333381353e-01
1.245001999999999942e+00 3.056432000000000215e+01 1.162776292208836659e-01
1.249745000000000106e+00 3.077325099999999836e+01 1.176313036865395817e-01
1.254488000000000048e+00 3.063104299999999824e+01 1.182771137927904476e-01
1.259230999999999989e+00 3.029882999999999171e+01 1.182332118587696296e-01
1.263973999999999931e+00 3.021691099999999963e+01 1.183767983552220376e-01
1.268715999999999955e+00 3.000298800000000554e+01 1.182430233145900927e-01
1.273458999999999897e+00 3.019303500000000184e+01 1.166732446492309422e-01
1.278202000000000060e+00 3.059310899999999833e+01 1.131032326129213644e-01
1.282945000000000002e+00 3.028477299999999417e+01 1.103854224175497556e-01
1.287687999999999944e+00 3.022193599999999947e+01 1.087179137805807938e-01
1.292431000000000108e+00 3.018040599999999785e+01 1.073884288799812764e-01
1.297174000000000049e+00 3.001222299999999876e+01 1.060223931680727566e-01
1.301916000000000073e+00 3.004103699999999932e+01 1.051332056771165924e-01
1.306659000000000015e+00 2.991569699999999443e+01 1.040708460803173308e-01
1.311401999999999957e+00 2.995122900000000143e+01 1.033638768430930333e-01
1.316144999999999898e+00 2.998192599999999786e+01 1.027067628130455823e-01
1.320888000000000062e+00 2.980049900000000207e+01 1.018856898065646083e-01
1.325631000000000004e+00 2.978517599999999632e+01 1.015972145297817653e-01
1.330373999999999945e+00 2.962112300000000076e+01 1.010698276946176560e-01
1.335117000000000109e+00 2.959492300000000142e+01 1.007890446608251250e-01
1.339858999999999911e+00 2.976476699999999909e+01 1.008484051748539112e-01
1.344602000000000075e+00 2.961874700000000260e+01 1.003803128237863163e-01
1.349345000000000017e+00 2.964088300000000231e+01 1.002048556820202274e-01
1.354087999999999958e+00 2.935410800000000364e+01 9.951319456326282453e-02
1.358830999999999900e+00 2.936575500000000005e+01 9.933152892323666994e-02
1.363574000000000064e+00 2.933537899999999965e+01 9.908409920947507110e-02
1.368317000000000005e+00 2.943160400000000010e+01 9.905507829198560710e-02
1.373059000000000029e+00 2.943148899999999912e+01 9.886807879929800091e-02
1.377801999999999971e+00 2.916738399999999132e+01 9.823987398298054952e-02
1.382544999999999913e+00 2.932054499999999919e+01 9.831707023695376857e-02
1.387288000000000077e+00 2.929368600000000100e+01 9.809563587413713814e-02
1.392031000000000018e+00 2.909002399999999966e+01 9.758118756115033432e-02
1.396773999999999960e+00 2.912259300000000550e+01 9.746476681184076951e-02
1.401516999999999902e+00 2.911333900000000341e+01 9.728099903338009724e-02
1.406260000000000066e+00 2.891470500000000499e+01 9.678383169488072313e-02
1.411002000000000089e+00 2.904056399999999982e+01 9.683162960574813460e-02
1.415745000000000031e+00 2.895546200000000070e+01 9.652809849934371189e-02
1.420487999999999973e+00 2.897341899999999981e+01 9.639912508433517990e-02
1.425230999999999915e+00 2.886289400000000072e+01 9.605846546680724130e-02
1.429974000000000078e+00 2.883075499999999991e+01 9.585070258023151157e-02
1.434717000000000020e+00 2.881104900000000413e+01 9.566439015482772201e-02
1.439459999999999962e+00 2.882532099999999531e+01 9.553642148144862734e-02
1.444201999999999986e+00 2.876476599999999806e+01 9.528620966210535337e-02
1.448944999999999927e+00 2.873160599999999931e+01 9.508351802008591092e-02
1.453688000000000091e+00 2.882970900000000114e+01 9.509834260714958298e-02
1.458431000000000033e+00 2.856636700000000317e+01 9.451756835519467548e-02
1.463173999999999975e+00 2.851930799999999522e+01 9.432115955651945716e-02
1.467916999999999916e+00 2.858653200000000538e+01 9.429198844068567564e-02
1.472660000000000080e+00 2.841292900000000188e+01 9.383754407752101234e-02
1.477402000000000104e+00 2.843159199999999487e+01 9.372818931203621973e-02
1.482145000000000046e+00 2.848836000000000013e+01 9.368318428849491120e-02
1.486887999999999987e+00 2.843252199999999874e+01 9.345437271208126284e-02
1.491630999999999929e+00 2.855419400000000252e+01 9.351688179212137852e-02
1.496374000000000093e+00 2.831142600000000087e+01 9.298269751292873031e-02
1.501117000000000035e+00 2.843143599999999793e+01 9.309226548532804901e-02
1.505859999999999976e+00 2.844463599999999559e+01 9.477938099006978645e-02
1.510602999999999918e+00 2.832984499999999883e+01 9.724843290778623084e-02
1.515344999999999942e+00 2.830912500000000165e+01 9.882372983843910885e-02
1.520088000000000106e+00 2.828382300000000171e+01 1.000810043942480521e-01
1.524831000000000047e+00 2.817230299999999943e+01 1.010169746445185313e-01
1.529573999999999989e+00 2.823435900000000487e+01 1.019242233343458093e-01
1.534316999999999931e+00 2.823671600000000126e+01 9.909512267676447161e-02
1.539060000000000095e+00 2.835477300000000156e+01 9.776099881295657879e-02
1.543803000000000036e+00 2.824397400000000147e+01 9.654064314670221525e-02
1.548545000000000060e+00 2.817795699999999925e+01 9.542080045609027672e-02
1.553288000000000002e+00 2.806616700000000009e+01 9.438626252377195491e-02
1.558030999999999944e+00 2.787343200000000110e+01 9.326940378943300580e-02
1.562774000000000107e+00 2.792292400000000185e+01 9.241772454462941766e-02
1.567517000000000049e+00 2.796596500000000063e+01 9.163778410119648166e-02
1.572259999999999991e+00 2.788774699999999740e+01 9.097307491446575411e-02
1.577002999999999933e+00 2.783738800000000424e+01 9.053374771546188193e-02
1.581746000000000096e+00 2.782068900000000511e+01 9.033191466394753510e-02
1.586487999999999898e+00 2.784657500000000141e+01 9.039756870638170072e-02
1.591231000000000062e+00 2.786152200000000079e+01 9.053771602193530499e-02
1.595974000000000004e+00 2.767940000000000467e+01 9.035258113574454186e-02
1.600716999999999945e+00 2.774795300000000253e+01 9.054309673449709162e-02
1.605460000000000109e+00 2.763382100000000108e+01 9.023932546499668916e-02
1.610203000000000051e+00 2.763518899999999689e+01 9.009075647156426780e-02
1.614945999999999993e+00 2.759877299999999423e+01 8.988441841922047149e-02
1.619688000000000017e+00 2.760421900000000051e+01 8.974934315534291440e-02
1.624430999999999958e+00 2.761105199999999371e+01 8.961869610325182145e-02
1.629173999999999900e+00 2.763827199999999351e+01 8.952300327826809290e-02
1.633917000000000064e+00 2.762431399999999826e+01 8.936341379564458065e-02
1.638660000000000005e+00 2.751559799999999356e+01 8.905262931797240655e-02
1.643402999999999947e+00 2.746523200000000386e+01 8.883816371513146570e-02
1.648146000000000111e+00 2.763910800000000023e+01 8.898683381753899613e-02
1.652889000000000053e+00 2.744049400000000105e+01 8.853696938241392700e-02
1.657631000000000077e+00 2.746544200000000302e+01 8.844947548739054421e-02
1.662374000000000018e+00 2.758995200000000025e+01 8.852255290562342782e-02
1.667116999999999960e+00 2.736253999999999564e+01 8.803157046074153169e-02
1.671859999999999902e+00 2.725897800000000260e+01 8.774126029663126269e-02
1.676603000000000065e+00 2.734866199999999736e+01 8.776315563327871661e-02
1.681346000000000007e+00 2.722631399999999502e+01 8.744523870057704928e-02
1.686088999999999949e+00 2.730318500000000270e+01 8.744773790443696737e-02
1.690830999999999973e+00 2.729698900000000350e+01 8.731877389619313590e-02
1.695573999999999915e+00 2.716016600000000381e+01 8.698191858610157534e-02
1.700317000000000078e+00 2.721919399999999811e+01 8.695901055110620559e-02
1.705060000000000020e+00 2.713925100000000157e+01 8.671489715891554650e-02
1.709802999999999962e+00 2.714435800000000043e+01 8.660773113199132789e-02
1.714545999999999903e+00 2.713689699999999760e+01 8.648185019242476956e-02
1.719289000000000067e+00 2.725291100000000100e+01 8.655261185526927359e-02
1.724031000000000091e+00 2.723564499999999811e+01 8.641177397669660976e-02
1.728774000000000033e+00 2.714203900000000047e+01 8.615116706405781533e-02
1.733516999999999975e+00 2.713011699999999493e+01 8.602137157780094523e-02
1.738259999999999916e+00 2.703204400000000263e+01 8.575522780592563510e-02
1.743003000000000080e+00 2.711783700000000152e+01 8.578095908003710579e-02
1.747746000000000022e+00 2.697023299999999679e+01 8.543852295118402329e-02
1.752488999999999963e+00 2.693673500000000587e+01 8.527755139869226675e-02
1.757231999999999905e+00 2.689052499999999668e+01 8.509697992283216106e-02
1.761973999999999929e+00 2.693590300000000326e+01 8.506144062087474256e-02
1.766717000000000093e+00 2.709640200000000121e+01 8.520807875828501077e-02
1.771460000000000035e+00 2.700591800000000120e+01 8.496015221399323691e-02
1.776202999999999976e+00 2.687905299999999897e+01 8.469335883619508176e-02
1.780945999999999918e+00 2.688301999999999836e+01 8.459757929858867376e-02
1.785689000000000082e+00 2.674872000000000227e+01 8.424189310947136078e-02
1.790432000000000023e+00 2.676656200000000041e+01 8.416730373936366638e-02
1.795174000000000047e+00 2.674976399999999899e+01 8.403835705530005029e-02
1.799916999999999989e+00 2.681249400000000449e+01 8.403420874454878287e-02
1.804659999999999931e+00 2.669253499999999946e+01 8.374498387272279187e-02
1.809403000000000095e+00 2.670191200000000364e+01 8.365903326032222975e-02
1.814146000000000036e+00 2.687368400000000435e+01 8.382707858388362132e-02
1.818888999999999978e+00 2.676993599999999418e+01 8.356477972057546610e-02
1.823631999999999920e+00 2.671025099999999952e+01 8.337219655091078485e-02
1.828375000000000083e+00 2.659702700000000419e+01 8.309676657331499516e-02
1.833117000000000107e+00 2.668586399999999870e+01 8.313705972406951195e-02
1.837860000000000049e+00 2.672239399999999776e+01 8.309568742457698609e-02
1.842602999999999991e+00 2.664778999999999698e+01 8.288210801234063840e-02
1.847345999999999933e+00 2.662278800000000345e+01 8.274658647935635714e-02
1.852089000000000096e+00 2.648733800000000116e+01 8.250754489821036930e-02
1.856832000000000038e+00 2.655092700000000150e+01 8.244830187650378783e-02
1.861574999999999980e+00 2.652388300000000143e+01 8.230487734759404927e-02
1.866317000000000004e+00 2.658289199999999752e+01 8.230135803566365760e-02
1.871059999999999945e+00 2.652290199999999842e+01 8.211397651262482278e-02
1.875803000000000109e+00 2.646177300000000088e+01 8.192482031883377425e-02
1.880546000000000051e+00 2.647988699999999795e+01 8.185911693730515970e-02
1.885288999999999993e+00 2.637524200000000363e+01 8.160426338937017132e-02
1.890031999999999934e+00 2.643046099999999754e+01 8.159678620397312065e-02
1.894775000000000098e+00 2.636719599999999630e+01 8.140615740786871779e-02
1.899516999999999900e+00 2.644778500000000321e+01 8.143862980720759093e-02
1.904260000000000064e+00 2.644393999999999778e+01 8.134099138849612554e-02
1.909003000000000005e+00 2.642412399999999906e+01 8.121939742779862859e-02
1.913745999999999947e+00 2.633922799999999853e+01 8.099742535592412140e-02
1.918489000000000111e+00 2.638165599999999955e+01 8.097229911308496952e-02
1.923232000000000053e+00 2.646480999999999995e+01 8.100973700575320180e-02
1.927974999999999994e+00 2.633796900000000463e+01 8.072342249319029717e-02
1.932717999999999936e+00 2.636082900000000251e+01 8.060541982404967332e-02
1.937459999999999960e+00 2.621251099999999923e+01 8.019079570399460788e-02
1.942202999999999902e+00 2.614132199999999528e+01 7.986353533385308345e-02
1.946946000000000065e+00 2.628066600000000363e+01 7.988149876609226818e-02
1.951689000000000007e+00 2.625168599999999941e+01 7.968003663808395642e-02
1.956431999999999949e+00 2.628812100000000029e+01 7.964931541178303653e-02
1.961174999999999891e+00 2.618971200000000366e+01 7.941638792206681674e-02
1.965918000000000054e+00 2.614560000000000173e+01 7.926731469947875808e-02
1.970660000000000078e+00 2.622287400000000090e+01 7.934692260719757029e-02
1.975403000000000020e+00 2.617367899999999992e+01 7.925116216253109969e-02
1.980145999999999962e+00 2.609055000000000035e+01 7.914691734135323453e-02
1.984888999999999903e+00 2.605052200000000084e+01 7.910717102151865188e-02
1.989632000000000067e+00 2.615498599999999740e+01 7.928638872906686175e-02
1.994375000000000009e+00 2.624323400000000106e+01 7.939102389127247750e-02
1.999117999999999951e+00 2.617678099999999830e+01 7.917642453045793671e-02
2.003861000000000114e+00 2.603165700000000271e+01 7.887280085587553002e-02
2.008602999999999916e+00 2.614921800000000118e+01 7.896631016472467623e-02
2.013345999999999858e+00 2.615825399999999945e+01 7.959685822002837696e-02
2.018088999999999800e+00 2.610976400000000197e+01 8.184355087101793935e-02
2.022832000000000185e+00 2.603467500000000001e+01 8.307850739177852217e-02
2.027575000000000127e+00 2.597785100000000469e+01 8.403735528685860046e-02
2.032318000000000069e+00 2.589601900000000256e+01 8.480448948543643783e-02
2.037061000000000011e+00 2.589454399999999623e+01 8.560924339232883762e-02
2.041802999999999813e+00 2.586137899999999945e+01 8.627950094885691867e-02
2.046546000000000198e+00 2.586943499999999929e+01 8.668748241522820919e-02
2.051289000000000140e+00 2.599990799999999780e+01 8.717263313278370007e-02
2.056032000000000082e+00 2.586634099999999847e+01 8.719496897659062551e-02
2.060775000000000023e+00 2.578507700000000114e+01 8.728795751564244476e-02
2.065517999999999965e+00 2.588086900000000057e+01 8.766602253476714346e-02
2.070260999999999907e+00 2.584542800000000540e+01 8.781036865113653334e-02
2.075003000000000153e+00 2.576265300000000025e+01 8.786339084285160750e-02
2.079746000000000095e+00 2.595866100000000642e+01 8.607741883683837913e-02
2.084489000000000036e+00 2.608487599999999773e+01 8.409449766132205684e-02
2.089231999999999978e+00 2.592292899999999989e+01 8.263416270987924972e-02
2.093974999999999920e+00 2.599934400000000068e+01 8.184860237231360303e-02
2.098717999999999861e+00 2.592764999999999276e+01 8.098929119527223386e-02
2.103460999999999803e+00 2.583604700000000065e+01 8.020395330544562162e-02
2.108204000000000189e+00 2.589457700000000528e+01 7.984854477612976509e-02
2.112945999999999991e+00 2.587133099999999786e+01 7.960043973533185990e-02
2.117688999999999933e+00 2.579931400000000252e+01 7.929717097256748504e-02
2.122431999999999874e+00 2.576439099999999982e+01 7.906411745923366818e-02
2.127174999999999816e+00 2.577572400000000385e+01 7.891391976356008919e-02
2.131918000000000202e+00 2.575243400000000094e+01 7.871971274940285646e-02
2.136661000000000143e+00 2.581221100000000135e+01 7.865999173035298497e-02
2.141404000000000085e+00 2.576490499999999884e+01 7.844320664367883389e-02
2.146145999999999887e+00 2.576708800000000110e+01 7.830802691490254541e-02
2.150888999999999829e+00 2.572549199999999558e+01 7.811116652218426382e-02
2.155632000000000215e+00 2.571492799999999690e+01 7.796644384183235021e-02
2.160375000000000156e+00 2.573348299999999966e+01 7.786920497640065220e-02
2.165118000000000098e+00 2.565327499999999716e+01 7.762625968089406636e-02
2.169861000000000040e+00 2.569602100000000178e+01 7.757264280184607286e-02
2.174603999999999981e+00 2.566708699999999865e+01 7.741345555494406894e-02
2.179346999999999923e+00 2.571749300000000105e+01 7.737610565987150524e-02
2.184089000000000169e+00 2.553935200000000094e+01 7.699756496962420482e-02
2.188832000000000111e+00 2.578601299999999696e+01 7.725999781632536534e-02
2.193575000000000053e+00 2.571082900000000038e+01 7.704092377035012817e-02
2.198317999999999994e+00 2.564752299999999963e+01 7.684130168869668376e-02
2.203060999999999936e+00 2.559599499999999850e+01 7.666131836239056807e-02
2.207803999999999878e+00 2.557180000000000319e+01 7.652452301537265855e-02
2.212546999999999819e+00 2.565286800000000156e+01 7.654612863871626538e-02
2.217289000000000065e+00 2.555214600000000047e+01 7.629734410123265032e-02
2.222032000000000007e+00 2.562676099999999835e+01 7.631172075037490066e-02
2.226774999999999949e+00 2.551887300000000280e+01 7.605561866310864283e-02
2.231517999999999891e+00 2.553981700000000288e+01 7.599265385976923526e-02
2.236260999999999832e+00 2.562198799999999821e+01 7.602113873112069375e-02
2.241004000000000218e+00 2.564475499999999641e+01 7.596270032786946180e-02
2.245747000000000160e+00 2.556959100000000262e+01 7.576015355534861107e-02
2.250490000000000101e+00 2.555503400000000269e+01 7.564843981883564994e-02
2.255231999999999903e+00 2.544747500000000073e+01 7.539962708690541027e-02
2.259974999999999845e+00 2.543085699999999960e+01 7.528677661394331255e-02
2.264717999999999787e+00 2.555106099999999714e+01 7.537703618057492450e-02
2.269461000000000173e+00 2.531638499999999681e+01 7.494366597257970386e-02
2.274204000000000114e+00 2.545613200000000376e+01 7.506389466886793926e-02
2.278947000000000056e+00 2.540907800000000094e+01 7.490933476840452854e-02
2.283689999999999998e+00 2.544291299999999723e+01 7.487472666125599696e-02
2.288431999999999800e+00 2.551386699999999763e+01 7.489528813352745729e-02
2.293175000000000185e+00 2.560403900000000021e+01 7.494377699428819706e-02
2.297918000000000127e+00 2.547332700000000116e+01 7.466953644649135247e-02
2.302661000000000069e+00 2.561239900000000347e+01 7.479089813619435589e-02
2.307404000000000011e+00 2.541229999999999833e+01 7.441716593917897804e-02
2.312146999999999952e+00 2.530859099999999984e+01 7.418419192089983905e-02
2.316889999999999894e+00 2.540565399999999840e+01 7.424579889359127216e-02
2.321632000000000140e+00 2.547219400000000178e+01 7.426353614527253511e-02
2.326375000000000082e+00 2.545196700000000334e+01 7.415477296427856746e-02
2.331118000000000023e+00 2.534584900000000474e+01 7.392110488598097051e-02
2.335860999999999965e+00 2.550425599999999804e+01 7.407345975732536336e-02
2.340603999999999907e+00 2.539107299999999867e+01 7.383097798726560856e-02
2.345346999999999849e+00 2.534106199999999731e+01 7.368138790832187701e-02
2.350089999999999790e+00 2.541536899999999832e+01 7.371221463338759050e-02
2.354833000000000176e+00 2.530955700000000164e+01 7.348210000595994940e-02
2.359574999999999978e+00 2.540621300000000105e+01 7.354653946707553902e-02
2.364317999999999920e+00 2.536560699999999713e+01 7.341221303508088658e-02
2.369060999999999861e+00 2.533685900000000046e+01 7.329538604529824142e-02
2.373803999999999803e+00 2.530441300000000027e+01 7.317394044696719224e-02
2.378547000000000189e+00 2.537719199999999731e+01 7.320454979789917105e-02
2.383290000000000131e+00 2.534129300000000029e+01 7.307904905431719667e-02
2.388033000000000072e+00 2.528394699999999773e+01 7.292267982663006021e-02
2.392774999999999874e+00 2.528678599999999932e+01 7.285353867764214619e-02
2.397517999999999816e+00 2.516503599999999707e+01 7.260539218712477871e-02
2.402261000000000202e+00 2.524318900000000099e+01 7.264597030076755391e-02
2.407004000000000143e+00 2.521533200000000008e+01 7.253344732222025137e-02
2.411747000000000085e+00 2.529153999999999769e+01 7.257127361312050440e-02
2.416490000000000027e+00 2.527597000000000094e+01 7.247779736185626376e-02
2.421232999999999969e+00 2.523011699999999990e+01 7.234097628430999349e-02
2.425975999999999910e+00 2.513933600000000013e+01 7.213984658955339968e-02
2.430718000000000156e+00 2.509079799999999949e+01 7.199992002277225134e-02
2.435461000000000098e+00 2.519446999999999903e+01 7.207896336712051044e-02
2.440204000000000040e+00 2.532819699999999585e+01 7.222551551241222778e-02
2.444946999999999981e+00 2.531199800000000266e+01 7.210712477010507160e-02
2.449689999999999923e+00 2.534334000000000131e+01 7.208218600120004649e-02
2.454432999999999865e+00 2.524445499999999853e+01 7.187268507671812356e-02
2.459175999999999807e+00 2.523086099999999732e+01 7.178480571189141402e-02
2.463918000000000053e+00 2.509935199999999966e+01 7.152894707940204988e-02
2.468660999999999994e+00 2.519683199999999701e+01 7.159984899871855990e-02
2.473403999999999936e+00 2.527409999999999712e+01 7.164163500394515882e-02
2.478146999999999878e+00 2.521446100000000001e+01 7.148968943509825813e-02
2.482889999999999819e+00 2.514342300000000208e+01 7.132169481861531934e-02
2.487633000000000205e+00 2.522435199999999966e+01 7.136927022890034167e-02
2.492376000000000147e+00 2.516468200000000266e+01 7.121819384825410493e-02
2.497117999999999949e+00 2.515187200000000090e+01 7.113361786876160053e-02
2.501860999999999891e+00 2.514498499999999837e+01 7.105774026403598176e-02
2.506603999999999832e+00 2.518381899999999973e+01 7.104654353610807827e-02
2.511347000000000218e+00 2.513798399999999944e+01 7.091472376794963339e-02
2.516090000000000160e+00 2.514834899999999962e+01 7.080935689521689058e-02
2.520833000000000101e+00 2.520388099999999909e+01 7.074220938822169125e-02
2.525576000000000043e+00 2.519489300000000043e+01 7.058583519974315212e-02
2.530318999999999985e+00 2.518273400000000350e+01 7.045326914014636566e-02
2.535060999999999787e+00 2.515256599999999665e+01 7.034662955261467010e-02
2.539804000000000173e+00 2.519671299999999903e+01 7.034464184632259476e-02
2.544547000000000114e+00 2.516185199999999966e+01 7.023314860879655008e-02
2.549290000000000056e+00 2.519742899999999963e+01 7.021972075593081730e-02
2.554032999999999998e+00 2.516708000000000212e+01 7.011492248203445021e-02
2.558775999999999939e+00 2.510597699999999932e+01 6.996726639693592875e-02
2.563518999999999881e+00 2.512175300000000178e+01 6.992944840561378383e-02
2.568261000000000127e+00 2.509312199999999748e+01 6.988376606362953214e-02
2.573004000000000069e+00 2.525211100000000286e+01 7.012091136503147137e-02
2.577747000000000011e+00 2.506494700000000009e+01 6.987607177484936316e-02
2.582489999999999952e+00 2.511794199999999933e+01 6.993064861292506984e-02
2.587232999999999894e+00 2.499974200000000479e+01 6.970435799534631383e-02
2.591975999999999836e+00 2.499812199999999862e+01 6.964028621200805957e-02
2.596719000000000221e+00 2.516125900000000115e+01 6.980535837612396322e-02
2.601462000000000163e+00 2.517970000000000397e+01 6.976934558627019556e-02
2.606203999999999965e+00 2.511771399999999943e+01 6.962240594789798065e-02
2.610946999999999907e+00 2.508301100000000261e+01 6.951310710818932315e-02
2.615689999999999849e+00 2.513192299999999690e+01 6.952002457224824850e-02
2.620432999999999790e+00 2.505884299999999953e+01 6.935815105702501648e-02
2.625176000000000176e+00 2.508173299999999983e+01 6.932933103553214071e-02
2.629919000000000118e+00 2.511094100000000040e+01 6.930952869401003913e-02
2.634662000000000059e+00 2.507506000000000057e+01 6.921461740420876974e-02
2.639403999999999861e+00 2.512822699999999898e+01 6.924008451630528360e-02
2.644146999999999803e+00 2.517110799999999671e+01 6.921639888691985543e-02
2.648890000000000189e+00 2.510135399999999706e+01 6.905671907720928315e-02
2.653633000000000131e+00 2.502819299999999814e+01 6.890717299201368218e-02
2.658376000000000072e+00 2.504588999999999999e+01 6.887394266769110429e-02
2.663119000000000014e+00 2.496610399999999785e+01 6.869350398314458261e-02
2.667861999999999956e+00 2.514195799999999892e+01 6.887575004811853641e-02
2.672604999999999897e+00 2.513539199999999596e+01 6.880789211704352315e-02
2.677347000000000143e+00 2.494326100000000324e+01 6.848622624296800410e-02
2.682090000000000085e+00 2.504043599999999614e+01 6.856123261718025108e-02
2.686833000000000027e+00 2.507304300000000552e+01 6.854792173043686154e-02
2.691575999999999969e+00 2.504211799999999855e+01 6.844746657653297262e-02
2.696318999999999910e+00 2.503598200000000062e+01 6.838134240137436204e-02
2.701061999999999852e+00 2.501878199999999808e+01 6.830036309762269053e-02
2.705804999999999794e+00 2.503925300000000220e+01 6.827087888427686713e-02
2.710547000000000040e+00 2.503920299999999699e+01 6.821336027051885798e-02
2.715289999999999981e+00 2.511583900000000114e+01 6.826065944003177621e-02
2.720032999999999923e+00 2.492128500000000102e+01 6.793895688406614841e-02
2.724775999999999865e+00 2.503436999999999912e+01 6.803611862879745120e-02
2.729518999999999807e+00 2.491908099999999848e+01 6.782258858543811775e-02
2.734262000000000192e+00 2.498449399999999798e+01 6.785532554961254403e-02
2.739005000000000134e+00 2.501319600000000065e+01 6.783801262104602325e-02
2.743746999999999936e+00 2.496111099999999894e+01 6.771110808483199461e-02
2.748489999999999878e+00 2.495786100000000118e+01 6.765091452978075348e-02
2.753232999999999819e+00 2.500687399999999982e+01 6.766164229152289711e-02
2.757976000000000205e+00 2.506496699999999933e+01 6.768444350606718507e-02
2.762719000000000147e+00 2.495571699999999993e+01 6.748135883589259643e-02
2.767462000000000089e+00 2.499000399999999900e+01 6.747234360209670989e-02
2.772205000000000030e+00 2.503056400000000181e+01 6.747187319394430671e-02
2.776947999999999972e+00 2.490218899999999635e+01 6.724371798216097207e-02
2.781690000000000218e+00 2.504445500000000280e+01 6.738060138540766242e-02
2.786433000000000160e+00 2.505961399999999628e+01 6.734605771086232817e-02
2.791176000000000101e+00 2.506045400000000001e+01 6.729256109163775368e-02
2.795919000000000043e+00 2.493815199999999876e+01 6.707392995862848650e-02
2.800661999999999985e+00 2.495952100000000229e+01 6.706382470572790078e-02
2.805404999999999927e+00 2.497179100000000318e+01 6.701627766864778901e-02
2.810147999999999868e+00 2.503697299999999615e+01 6.708165709909379160e-02
2.814890000000000114e+00 2.517735700000000421e+01 6.722409256614550466e-02
2.819633000000000056e+00 2.514634399999999914e+01 6.842754880913680393e-02
2.824375999999999998e+00 2.508455100000000115e+01 6.977804426982531227e-02
2.829118999999999939e+00 2.511532599999999960e+01 7.072306201986733321e-02
2.833861999999999881e+00 2.482885399999999976e+01 7.105283351098815037e-02
2.838604999999999823e+00 2.498150499999999852e+01 7.189461243527153766e-02
2.843348000000000209e+00 2.488872500000000088e+01 7.206349286923165176e-02
2.848091000000000150e+00 2.482250600000000063e+01 7.218588937115134885e-02
2.852832999999999952e+00 2.482044300000000092e+01 7.239362666271181856e-02
2.857575999999999894e+00 2.485402399999999901e+01 7.263718512955123774e-02
2.862318999999999836e+00 2.491066300000000311e+01 7.290124456404224740e-02
2.867062000000000221e+00 2.503273800000000193e+01 7.325101217544369159e-02
2.871805000000000163e+00 2.490894300000000072e+01 7.323073635917366764e-02
2.876548000000000105e+00 2.496853899999999982e+01 7.347152132847188655e-02
2.881291000000000047e+00 2.494606499999999727e+01 7.323983426217320347e-02
2.886032999999999848e+00 2.503337199999999996e+01 7.127609170742178757e-02
2.890775999999999790e+00 2.501748599999999811e+01 7.013351229584968705e-02
2.895519000000000176e+00 2.505899400000000199e+01 6.943338705056667504e-02
2.900262000000000118e+00 2.501156600000000196e+01 6.876770471734169887e-02
2.905005000000000059e+00 2.498387799999999714e+01 6.835942087666191380e-02
2.909748000000000001e+00 2.497634400000000099e+01 6.816988291866576954e-02
2.914490999999999943e+00 2.499045899999999776e+01 6.802959037781794449e-02
2.919233000000000189e+00 2.490802000000000049e+01 6.777254623602982364e-02
2.923976000000000131e+00 2.485547299999999993e+01 6.756813991781998596e-02
2.928719000000000072e+00 2.487154599999999860e+01 6.746642662426846626e-02
2.933462000000000014e+00 2.491886199999999718e+01 6.741417561145653103e-02
2.938204999999999956e+00 2.491194599999999681e+01 6.729476823008531672e-02
2.942947999999999897e+00 2.485876700000000383e+01 6.711857780020595576e-02
2.947690999999999839e+00 2.495137899999999931e+01 6.714333962695034907e-02
2.952433999999999781e+00 2.489962099999999978e+01 6.698529679091300149e-02
2.957176000000000027e+00 2.491707499999999698e+01 6.692261384200411112e-02
2.961918999999999969e+00 2.491962600000000094e+01 6.682298987721141392e-02
2.966661999999999910e+00 2.488464099999999846e+01 6.668965545052771282e-02
2.971404999999999852e+00 2.487864199999999570e+01 6.659755075886274189e-02
2.976147999999999794e+00 2.487976700000000108e+01 6.651707287620298170e-02
2.980891000000000179e+00 2.486339399999999955e+01 6.641547263604920259e-02
2.985634000000000121e+00 2.499082800000000049e+01 6.650754809049420901e-02
2.990375999999999923e+00 2.490945099999999712e+01 6.633987531727655873e-02
2.995118999999999865e+00 2.489158400000000171e+01 6.622700510753902481e-02
2.999861999999999806e+00 2.490637699999999910e+01 6.617018608617705744e-02
3.004605000000000192e+00 2.490622499999999917e+01 6.609812203473029724e-02
3.009348000000000134e+00 2.496161899999999889e+01 6.610050049734343680e-02
3.014091000000000076e+00 2.491471699999999956e+01 6.598860434842745981e-02
3.018834000000000017e+00 2.494246699999999706e+01 6.593642180491371407e-02
3.023576999999999959e+00 2.495733900000000105e+01 6.588845954625210943e-02
3.028319000000000205e+00 2.494489199999999940e+01 6.580501131684500515e-02
3.033062000000000147e+00 2.492405800000000227e+01 6.571138115892406761e-02
3.037805000000000089e+00 2.499953000000000003e+01 6.574556232340400541e-02
3.042548000000000030e+00 2.488738299999999981e+01 6.553384011998610037e-02
3.047290999999999972e+00 2.487952500000000100e+01 6.545983458399280697e-02
3.052033999999999914e+00 2.484706500000000062e+01 6.535405822997833458e-02
3.056776999999999855e+00 2.487015199999999737e+01 6.532232839005894243e-02
3.061519000000000101e+00 2.482773900000000111e+01 6.520492488214060800e-02
3.066262000000000043e+00 2.486585699999999832e+01 6.519409414335321229e-02
3.071004999999999985e+00 2.489181400000000011e+01 6.518068996057574394e-02
3.075747999999999927e+00 2.492836000000000141e+01 6.517123291694196241e-02
3.080490999999999868e+00 2.485781200000000268e+01 6.501285626097041970e-02
3.085233999999999810e+00 2.493720700000000079e+01 6.504790455858974751e-02
3.089977000000000196e+00 2.483501299999999645e+01 6.487454032928016701e-02
3.094720000000000137e+00 2.481574300000000477e+01 6.477397389525210714e-02
3.099461999999999939e+00 2.492059599999999620e+01 6.485221798291020134e-02
3.104204999999999881e+00 2.489833999999999747e+01 6.476601179751999282e-02
3.108947999999999823e+00 2.488016599999999912e+01 6.468521937938759292e-02
3.113691000000000209e+00 2.480348099999999789e+01 6.452947325503362308e-02
3.118434000000000150e+00 2.490212299999999956e+01 6.460177643204172149e-02
3.123177000000000092e+00 2.494278000000000617e+01 6.459856665876186066e-02
3.127920000000000034e+00 2.489288200000000728e+01 6.447832352415809598e-02
3.132661999999999836e+00 2.484624399999999866e+01 6.436311718826084882e-02
3.137405000000000221e+00 2.493470900000000157e+01 6.442305794894014059e-02
3.142148000000000163e+00 2.488494199999999879e+01 6.430405772223242444e-02
3.146891000000000105e+00 2.481215200000000110e+01 6.416418174725677104e-02
3.151634000000000047e+00 2.491771299999999911e+01 6.424894909653464103e-02
3.156376999999999988e+00 2.494008299999999778e+01 6.421419423765199752e-02
3.161119999999999930e+00 2.477657400000000365e+01 6.395058791355870409e-02
3.165862000000000176e+00 2.482848900000000114e+01 6.400920572528767671e-02
3.170605000000000118e+00 2.485047200000000345e+01 6.396822776470284522e-02
3.175348000000000059e+00 2.483304600000000306e+01 6.386554344125947025e-02
3.180091000000000001e+00 2.491106300000000218e+01 6.391347950684425627e-02
3.184833999999999943e+00 2.483193599999999890e+01 6.376010078319668817e-02
3.189576999999999884e+00 2.490389599999999959e+01 6.380065709384347139e-02
3.194319999999999826e+00 2.490218500000000290e+01 6.372867758368204461e-02
3.199063000000000212e+00 2.481703700000000268e+01 6.350302103874586046e-02
3.203805000000000014e+00 2.489371799999999624e+01 6.348316878996432266e-02
3.208547999999999956e+00 2.493980000000000175e+01 6.346371054844335280e-02
3.213290999999999897e+00 2.475472300000000203e+01 6.317791041471694513e-02
3.218033999999999839e+00 2.478807700000000125e+01 6.317090760991248000e-02
3.222776999999999781e+00 2.482888099999999909e+01 6.317330132245978225e-02
3.227520000000000167e+00 2.487330099999999788e+01 6.318046637646006214e-02
3.232263000000000108e+00 2.476508600000000015e+01 6.299396960527650635e-02
3.237004999999999910e+00 2.485232799999999997e+01 6.305586731942634804e-02
3.241747999999999852e+00 2.489870900000000020e+01 6.306575093870284143e-02
3.246490999999999794e+00 2.472737099999999799e+01 6.280011745651038757e-02
3.251234000000000179e+00 2.481525300000000200e+01 6.288112517421583225e-02
3.255977000000000121e+00 2.484600400000000064e+01 6.293613214416421409e-02
3.260720000000000063e+00 2.486010299999999873e+01 6.297195371492693428e-02
3.265463000000000005e+00 2.479860099999999790e+01 6.287116441250790999e-02
3.270205999999999946e+00 2.478122400000000169e+01 6.280152592241450282e-02
3.274948000000000192e+00 2.487659999999999627e+01 6.287423424154603424e-02
3.279691000000000134e+00 2.476298600000000150e+01 6.268257298169324643e-02
3.284434000000000076e+00 2.485872199999999665e+01 6.275629950757452558e-02
3.289177000000000017e+00 2.483820500000000209e+01 6.268305265539243776e-02
3.293919999999999959e+00 2.479912600000000111e+01 6.258635921012420389e-02
3.298662999999999901e+00 2.487073000000000178e+01 6.262959817807710328e-02
3.303405999999999842e+00 2.475409300000000101e+01 6.243588469392822443e-02
3.308148000000000089e+00 2.488149200000000150e+01 6.254970104936553865e-02
3.312891000000000030e+00 2.476813100000000034e+01 6.236032352407579193e-02
3.317633999999999972e+00 2.486567700000000158e+01 6.243668371315536092e-02
3.322376999999999914e+00 2.495083699999999993e+01 6.249786974840983167e-02
3.327119999999999855e+00 2.483444800000000185e+01 6.232144250008418707e-02
3.331862999999999797e+00 2.480658599999999581e+01 6.222406759717656610e-02
3.336606000000000183e+00 2.483799500000000293e+01 6.221753735190906770e-02
3.341347999999999985e+00 2.492156300000000257e+01 6.227645331061010259e-02
3.346090999999999926e+00 2.486038999999999888e+01 6.215444139190697687e-02
3.350833999999999868e+00 2.480848099999999690e+01 6.204377924292088509e-02
3.355576999999999810e+00 2.483370499999999836e+01 6.203028317272056558e-02
3.360320000000000196e+00 2.486619499999999761e+01 6.202574692384767857e-02
3.365063000000000137e+00 2.493907600000000357e+01 6.207141089352972291e-02
3.369806000000000079e+00 2.488981100000000168e+01 6.196510511009724331e-02
3.374549000000000021e+00 2.496296500000000407e+01 6.201105679530868192e-02
3.379290999999999823e+00 2.504109899999999556e+01 6.275404527735881088e-02
3.384034000000000209e+00 2.484854299999999938e+01 6.397911438462398903e-02
3.388777000000000150e+00 2.487100000000000222e+01 6.485418047800850516e-02
3.393520000000000092e+00 2.486075499999999749e+01 6.550899849901156702e-02
3.398263000000000034e+00 2.477745300000000128e+01 6.579447516865226386e-02
3.403005999999999975e+00 2.480567299999999520e+01 6.600950060183533030e-02
3.407748999999999917e+00 2.478042699999999599e+01 6.594185792644532973e-02
3.412491000000000163e+00 2.495624899999999968e+01 6.621186647087363986e-02
3.417234000000000105e+00 2.474838400000000149e+01 6.611113744307914319e-02
3.421977000000000046e+00 2.474961499999999859e+01 6.627280993853286450e-02
3.426719999999999988e+00 2.481743000000000166e+01 6.649867892595159868e-02
3.431462999999999930e+00 2.481091799999999736e+01 6.662845821493094955e-02
3.436205999999999872e+00 2.483466900000000166e+01 6.680492668799284384e-02
3.440948999999999813e+00 2.474557800000000185e+01 6.680581829048425069e-02
3.445692000000000199e+00 2.488197799999999660e+01 6.712184211294114355e-02
3.450434000000000001e+00 2.487399199999999766e+01 6.720457137888687094e-02
3.455176999999999943e+00 2.478711899999999702e+01 6.719707949664255331e-02
3.459919999999999884e+00 2.480785699999999849e+01 6.733066760045677834e-02
3.464662999999999826e+00 2.471297099999999958e+01 6.730343327425281075e-02
3.469406000000000212e+00 2.469486799999999960e+01 6.737707797451444880e-02
3.474149000000000154e+00 2.483123499999999950e+01 6.765790971013072030e-02
3.478892000000000095e+00 2.478877800000000065e+01 6.769242515520772219e-02
3.483633999999999897e+00 2.491814899999999966e+01 6.795815986152584087e-02
3.488376999999999839e+00 2.482251300000000072e+01 6.791463884087951819e-02
3.493119999999999781e+00 2.489043800000000317e+01 6.809200711793858551e-02
3.497863000000000167e+00 2.487116299999999924e+01 6.814797201335341670e-02
3.502606000000000108e+00 2.469517499999999899e+01 6.798643024284846403e-02
3.507349000000000050e+00 2.467801999999999651e+01 6.804036287436671104e-02
3.512091999999999992e+00 2.466699900000000412e+01 6.810104086427754000e-02
3.516833999999999794e+00 2.472468799999999689e+01 6.825484765910036500e-02
3.521577000000000179e+00 2.474475400000000036e+01 6.835485834264524996e-02
3.526320000000000121e+00 2.483974200000000110e+01 6.855669811926183577e-02
3.531063000000000063e+00 2.484053799999999868e+01 6.862727813039724845e-02
3.535806000000000004e+00 2.476233099999999610e+01 6.858729962253071188e-02
3.540548999999999946e+00 2.477645100000000156e+01 6.867282415125068595e-02
3.545291999999999888e+00 2.469076199999999943e+01 6.861917351810717380e-02
3.550034999999999830e+00 2.491201699999999875e+01 6.899003001322581707e-02
3.554777000000000076e+00 2.473052599999999757e+01 6.880065303516602615e-02
3.559520000000000017e+00 2.473303899999999800e+01 6.886545260516553635e-02
3.564262999999999959e+00 2.472778200000000126e+01 6.891842149237967230e-02
3.569005999999999901e+00 2.480082300000000117e+01 6.909269106039220287e-02
3.573748999999999842e+00 2.478711600000000104e+01 6.915157979100042263e-02
3.578491999999999784e+00 2.482097799999999665e+01 6.922267466061969576e-02
3.583235000000000170e+00 2.473351399999999600e+01 6.915673587520451693e-02
3.587976999999999972e+00 2.477826900000000165e+01 6.925065638372390753e-02
3.592719999999999914e+00 2.465087700000000126e+01 6.901859132907234295e-02
3.597462999999999855e+00 2.473018800000000184e+01 6.906806302218558569e-02
3.602205999999999797e+00 2.469743200000000272e+01 6.896119624422490657e-02
3.606949000000000183e+00 2.473162299999999547e+01 6.894814267414242637e-02
3.611692000000000125e+00 2.482354700000000491e+01 6.906670645818070720e-02
3.616435000000000066e+00 2.493935899999999961e+01 6.929683455030324901e-02
3.621178000000000008e+00 2.497906599999999955e+01 7.019023333253494867e-02
3.625919999999999810e+00 2.492988000000000426e+01 7.262811170051718113e-02
3.630663000000000196e+00 2.472337700000000282e+01 7.373528533651307892e-02
3.635406000000000137e+00 2.483296699999999646e+01 7.495333807480956956e-02
3.640149000000000079e+00 2.486863100000000060e+01 7.578458046005598359e-02
3.644892000000000021e+00 2.470808000000000249e+01 7.605611386188161627e-02
3.649634999999999962e+00 2.473347199999999901e+01 7.658599484400330226e-02
3.654377999999999904e+00 2.481989800000000201e+01 7.714607949792848252e-02
3.659120000000000150e+00 2.484829099999999613e+01 7.762103301244258069e-02
3.663863000000000092e+00 2.481849100000000163e+01 7.798922109091742383e-02
3.668606000000000034e+00 2.475084800000000129e+01 7.828387704428733940e-02
3.673348999999999975e+00 2.464218699999999984e+01 7.850132416087578224e-02
3.678091999999999917e+00 2.477822899999999962e+01 7.909844831051048020e-02
3.682834999999999859e+00 2.478898199999999719e+01 7.948897523050790781e-02
3.687577999999999800e+00 2.476336100000000329e+01 7.981425874314501678e-02
3.692321000000000186e+00 2.473934000000000211e+01 8.013586833180320890e-02
3.697062999999999988e+00 2.464835699999999719e+01 8.034220937078528912e-02
3.701805999999999930e+00 2.484139699999999706e+01 8.100722016840906925e-02
3.706548999999999872e+00 2.475326600000000354e+01 8.120952160723951541e-02
3.711291999999999813e+00 2.478206000000000131e+01 8.159896364067560637e-02
3.716035000000000199e+00 2.468818699999999922e+01 8.178263108830566286e-02
3.720778000000000141e+00 2.471469000000000094e+01 8.216239320237758714e-02
3.725521000000000083e+00 2.476048000000000116e+01 8.257173771745995872e-02
3.730262999999999884e+00 2.468950700000000253e+01 8.278467665765384953e-02
3.735005999999999826e+00 2.473894999999999555e+01 8.319609014169657146e-02
3.739749000000000212e+00 2.470173199999999625e+01 8.346052381239407736e-02
3.744492000000000154e+00 2.477171700000000243e+01 8.390416577772405460e-02
3.749235000000000095e+00 2.461752599999999802e+01 8.396575227065378177e-02
3.753978000000000037e+00 2.475256200000000106e+01 8.451859517637405617e-02
3.758720999999999979e+00 2.473409700000000200e+01 8.480819123267752113e-02
3.763462999999999781e+00 2.470185899999999890e+01 8.507329126779214490e-02
3.768206000000000166e+00 2.479676199999999753e+01 8.555634536111100807e-02
3.772949000000000108e+00 2.473764200000000102e+01 8.577319656093562728e-02
3.777692000000000050e+00 2.468425799999999981e+01 8.599832185966536924e-02
3.782434999999999992e+00 2.470359900000000408e+01 8.634959920155854673e-02
3.787177999999999933e+00 2.474397199999999586e+01 8.673717195372927791e-02
3.791920999999999875e+00 2.467871199999999732e+01 8.693960106437972901e-02
3.796663999999999817e+00 2.477319100000000063e+01 8.742238308046743067e-02
3.801406000000000063e+00 2.482721099999999836e+01 8.783492024019262656e-02
3.806149000000000004e+00 2.471127200000000101e+01 8.794575791521443142e-02
3.810891999999999946e+00 2.472659700000000171e+01 8.828954766079277761e-02
3.815634999999999888e+00 2.470430800000000104e+01 8.856535837507800712e-02
3.820377999999999830e+00 2.467948399999999864e+01 8.883723408364591068e-02
3.825121000000000215e+00 2.469472500000000537e+01 8.918114081942661586e-02
3.829864000000000157e+00 2.467667499999999947e+01 8.946522478579763127e-02
3.834605999999999959e+00 2.461465100000000206e+01 8.966913420430912274e-02
3.839348999999999901e+00 2.481669899999999984e+01 9.035557533631391469e-02
3.844091999999999842e+00 2.480042800000000014e+01 9.064447840306545656e-02
3.848834999999999784e+00 2.485925100000000043e+01 9.107434500298589031e-02
3.853578000000000170e+00 2.469261999999999802e+01 9.113574922317640992e-02
3.858321000000000112e+00 2.464699500000000398e+01 9.131979410928936503e-02
3.863064000000000053e+00 2.460009600000000063e+01 9.155319287343560708e-02
3.867806999999999995e+00 2.459963699999999776e+01 9.187326250411705086e-02
3.872548999999999797e+00 2.472272300000000200e+01 9.242436552568591979e-02
3.877292000000000183e+00 2.474176999999999893e+01 9.278327407084910328e-02
3.882035000000000124e+00 2.475865100000000041e+01 9.313962976212326883e-02
3.886778000000000066e+00 2.464931999999999945e+01 9.325819128255866119e-02
3.891521000000000008e+00 2.462246800000000135e+01 9.353202112731660856e-02
3.896263999999999950e+00 2.471108999999999511e+01 9.402681317472905143e-02
3.901006999999999891e+00 2.473188900000000245e+01 9.439428279561108692e-02
3.905749000000000137e+00 2.465116100000000188e+01 9.456917358516991889e-02
3.910492000000000079e+00 2.473093300000000028e+01 9.505246604804158672e-02
3.915235000000000021e+00 2.484585399999999922e+01 9.560504341662683092e-02
3.919977999999999962e+00 2.455671200000000454e+01 9.533698197574171085e-02
3.924720999999999904e+00 2.469055300000000130e+01 9.568142763278043861e-02
3.929463999999999846e+00 2.486139299999999963e+01 9.608546061171689689e-02
3.934206999999999788e+00 2.465363900000000186e+01 9.580909007766433283e-02
3.938949000000000034e+00 2.461639999999999873e+01 9.584123821711820757e-02
3.943691999999999975e+00 2.475119000000000113e+01 9.620720177116263983e-02
3.948434999999999917e+00 2.461722699999999620e+01 9.604947189433682420e-02
3.953177999999999859e+00 2.478736599999999868e+01 9.651087293508850418e-02
3.957920999999999800e+00 2.461969300000000160e+01 9.635363649464248614e-02
3.962664000000000186e+00 2.456684900000000127e+01 9.625864251260299320e-02
3.967407000000000128e+00 2.471823499999999996e+01 9.680363672603782554e-02
3.972150000000000070e+00 2.461375400000000013e+01 9.692470831143676357e-02
3.976891999999999872e+00 2.471443399999999713e+01 9.745055245399637800e-02
3.981634999999999813e+00 2.466852700000000098e+01 9.768850404427278922e-02
3.986378000000000199e+00 2.474131799999999970e+01 9.816351176355550545e-02
3.991121000000000141e+00 2.472674300000000258e+01 9.846678486565456356e-02
3.995864000000000082e+00 2.475531999999999755e+01 9.885823454591580184e-02
4.000606999999999580e+00 2.465675600000000145e+01 9.899632720065275338e-02
4.005349999999999966e+00 2.475784399999999863e+01 9.953725528783631538e-02
4.010092000000000212e+00 2.475912299999999533e+01 9.987939974571834190e-02
4.014834999999999710e+00 2.477728400000000164e+01 1.002572162113999771e-01
4.019578000000000095e+00 2.469516299999999731e+01 1.004338168836985956e-01
4.024320999999999593e+00 2.476859700000000331e+01 1.009277721353146473e-01
4.029063999999999979e+00 2.468258699999999450e+01 1.010993874802454118e-01
4.033807000000000365e+00 2.468754600000000110e+01 1.014575909141420540e-01
4.038549999999999862e+00 2.470013700000000156e+01 1.018344677209195304e-01
4.043293000000000248e+00 2.472595600000000360e+01 1.022402867745092897e-01
4.048034999999999606e+00 2.482884299999999911e+01 1.028085179323863507e-01
4.052777999999999992e+00 2.468626399999999776e+01 1.028697516084874086e-01
4.057521000000000377e+00 2.482114099999999723e+01 1.035098827092408580e-01
4.062263999999999875e+00 2.471763999999999939e+01 1.036551523051705281e-01
4.067007000000000261e+00 2.463870999999999967e+01 1.038526540736932624e-01
4.071749999999999758e+00 2.471731400000000178e+01 1.043840633495592557e-01
4.076493000000000144e+00 2.468561000000000050e+01 1.046849541607092621e-01
4.081235000000000390e+00 2.465833199999999792e+01 1.049967829968513761e-01
4.085977999999999888e+00 2.474023600000000300e+01 1.055448168302579315e-01
4.090721000000000274e+00 2.472915799999999820e+01 1.058966863606236597e-01
4.095463999999999771e+00 2.475975299999999990e+01 1.063403520969617572e-01
4.100207000000000157e+00 2.455905800000000028e+01 1.062874752126321820e-01
4.104949999999999655e+00 2.465029900000000040e+01 1.068686707992169416e-01
4.109693000000000040e+00 2.476438800000000029e+01 1.075014427375935167e-01
4.114436000000000426e+00 2.468466700000000102e+01 1.077162314731563708e-01
4.119177999999999784e+00 2.465636400000000350e+01 1.080455242657084869e-01
4.123921000000000170e+00 2.477109599999999645e+01 1.086910105404260279e-01
4.128663999999999668e+00 2.468980400000000230e+01 1.089098762735983411e-01
4.133407000000000053e+00 2.457810599999999823e+01 1.090627140506062326e-01
4.138150000000000439e+00 2.466281000000000034e+01 1.096524953987281503e-01
4.142892999999999937e+00 2.477114299999999858e+01 1.102997957689926950e-01
4.147636000000000323e+00 2.475584800000000385e+01 1.106746878440391380e-01
4.152377999999999680e+00 2.476983600000000152e+01 1.111193251955779476e-01
4.157121000000000066e+00 2.490019799999999606e+01 1.118281218972669577e-01
4.161863999999999564e+00 2.487737700000000274e+01 1.121974125152041812e-01
4.166606999999999950e+00 2.492439599999999800e+01 1.127270973636294721e-01
4.171350000000000335e+00 2.481826400000000277e+01 1.129126526135060676e-01
4.176092999999999833e+00 2.483338999999999785e+01 1.133838380628932468e-01
4.180836000000000219e+00 2.489179299999999984e+01 1.141075863439193067e-01
4.185577999999999577e+00 2.474534099999999981e+01 1.140868934344668739e-01
4.190320999999999962e+00 2.469900499999999965e+01 1.143782575693304410e-01
4.195064000000000348e+00 2.468128700000000464e+01 1.147804132235918650e-01
4.199806999999999846e+00 2.483500200000000646e+01 1.155852222034845500e-01
4.204550000000000232e+00 2.466423700000000352e+01 1.156378976468999120e-01
4.209292999999999729e+00 2.469997200000000248e+01 1.161773313630929394e-01
4.214036000000000115e+00 2.487857699999999639e+01 1.170562003484497265e-01
4.218778999999999613e+00 2.467117600000000266e+01 1.170305987596004932e-01
4.223520999999999859e+00 2.474236099999999894e+01 1.176670854199644012e-01
4.228264000000000244e+00 2.475574599999999847e+01 1.181713562689965108e-01
4.233006999999999742e+00 2.474152600000000035e+01 1.186131066303302839e-01
4.237750000000000128e+00 2.471279499999999629e+01 1.190243206739068083e-01
4.242492999999999626e+00 2.482002499999999756e+01 1.197685339994946363e-01
4.247236000000000011e+00 2.472826599999999786e+01 1.200356534244676060e-01
4.251979000000000397e+00 2.484094900000000194e+01 1.208092842692808089e-01
4.256720999999999755e+00 2.482675400000000110e+01 1.214796291774172393e-01
4.261464000000000141e+00 2.482772399999999990e+01 1.218177662132925443e-01
4.266206999999999638e+00 2.485791499999999843e+01 1.223621361784935635e-01
4.270950000000000024e+00 2.477109099999999842e+01 1.226629955759572094e-01
4.275693000000000410e+00 2.481616599999999906e+01 1.232935238281151619e-01
4.280435999999999908e+00 2.477934400000000181e+01 1.237276360958952937e-01
4.285179000000000293e+00 2.486499599999999788e+01 1.244722752880772915e-01
4.289921999999999791e+00 2.495049300000000159e+01 1.252236322101978327e-01
4.294664000000000037e+00 2.479417099999999863e+01 1.253729708494813466e-01
4.299407000000000423e+00 2.461381899999999945e+01 1.254604918357895005e-01
4.304149999999999920e+00 2.450213499999999911e+01 1.257246720290890185e-01
4.308893000000000306e+00 2.477081599999999995e+01 1.269721848190634161e-01
4.313635999999999804e+00 2.473523100000000241e+01 1.274441707839169824e-01
4.318379000000000190e+00 2.497591299999999848e+01 1.286362343475080106e-01
4.323121999999999687e+00 2.475084799999999774e+01 1.287229886169626858e-01
4.327863999999999933e+00 2.474234799999999979e+01 1.292575284974894767e-01
4.332607000000000319e+00 2.465477200000000124e+01 1.295540526799431880e-01
4.337349999999999817e+00 2.466846999999999923e+01 1.301867585822144846e-01
4.342093000000000202e+00 2.479587499999999878e+01 1.311270640481647376e-01
4.346835999999999700e+00 2.484227500000000077e+01 1.318614496562285632e-01
4.351579000000000086e+00 2.471824099999999902e+01 1.321488083387163948e-01
4.356321999999999584e+00 2.457181700000000291e+01 1.323803131605961192e-01
4.361063999999999830e+00 2.476584199999999925e+01 1.335355270992899523e-01
4.365807000000000215e+00 2.471790099999999768e+01 1.340469083486586777e-01
4.370549999999999713e+00 2.467996100000000226e+01 1.345910584732440685e-01
4.375293000000000099e+00 2.448509499999999761e+01 1.347114671866133373e-01
4.380035999999999596e+00 2.453280499999999975e+01 1.355672108887993610e-01
4.384778999999999982e+00 2.500281499999999824e+01 1.375913647625950920e-01
4.389522000000000368e+00 2.503721700000000183e+01 1.382544062776691340e-01
4.394264999999999866e+00 2.476414900000000330e+01 1.381735233801953955e-01
4.399007000000000112e+00 2.467907800000000051e+01 1.382062774506726266e-01
4.403749999999999609e+00 2.494056299999999737e+01 1.390321049785836482e-01
4.408492999999999995e+00 2.489750899999999945e+01 1.390063879315490414e-01
4.413236000000000381e+00 2.497074400000000338e+01 1.393038987882069257e-01
4.417978999999999878e+00 2.464494299999999782e+01 1.384847949826889801e-01
4.422722000000000264e+00 2.462324500000000072e+01 1.385174748586585625e-01
4.427464999999999762e+00 2.499834600000000151e+01 1.396584364326090566e-01
4.432207000000000008e+00 2.480919500000000255e+01 1.392210430263015053e-01
4.436950000000000394e+00 2.477541300000000035e+01 1.392933994542946696e-01
4.441692999999999891e+00 2.483985500000000002e+01 1.401057695861062657e-01
4.446436000000000277e+00 2.480838400000000021e+01 1.407347185408547308e-01
4.451178999999999775e+00 2.486298899999999890e+01 1.416153740203714428e-01
4.455922000000000160e+00 2.471059500000000142e+01 1.419146310971021729e-01
4.460664999999999658e+00 2.458885500000000235e+01 1.423077647034229898e-01
4.465408000000000044e+00 2.463408899999999946e+01 1.431928014036812358e-01
4.470150000000000290e+00 2.478827600000000331e+01 1.444069268210531609e-01
4.474892999999999788e+00 2.487336100000000272e+01 1.454342587103468754e-01
4.479636000000000173e+00 2.480077599999999904e+01 1.460103839184011543e-01
4.484378999999999671e+00 2.480212799999999618e+01 1.468160375897820669e-01
4.489122000000000057e+00 2.466918500000000236e+01 1.472328273841951585e-01
4.493865000000000443e+00 2.473432799999999787e+01 1.482512619367740980e-01
4.498607999999999940e+00 2.491259000000000157e+01 1.496232138827418290e-01
4.503350000000000186e+00 2.499360300000000024e+01 1.507193284723910287e-01
4.508092999999999684e+00 2.486691900000000288e+01 1.512016918901865348e-01
4.512836000000000070e+00 2.499824699999999922e+01 1.524807651140041576e-01
4.517578999999999567e+00 2.476341800000000148e+01 1.526528915350567339e-01
4.522321999999999953e+00 2.484513600000000011e+01 1.538104980810448275e-01
4.527065000000000339e+00 2.496853000000000122e+01 1.551149721156288019e-01
4.531807999999999836e+00 2.480892000000000053e+01 1.555542011816434256e-01
4.536551000000000222e+00 2.474095799999999912e+01 1.562894510682195925e-01
4.541292999999999580e+00 2.479722900000000152e+01 1.574340465315047510e-01
4.546035999999999966e+00 2.487162900000000221e+01 1.586554807753085550e-01
4.550779000000000352e+00 2.472340600000000066e+01 1.591799174751205581e-01
4.555521999999999849e+00 2.467855199999999982e+01 1.600514385871910916e-01
4.560265000000000235e+00 2.474687300000000079e+01 1.613051627691234058e-01
4.565007999999999733e+00 2.470576200000000000e+01 1.622257841728919070e-01
4.569751000000000118e+00 2.499664899999999790e+01 1.642540951225916757e-01
4.574493000000000364e+00 2.477405999999999864e+01 1.646150817113763154e-01
4.579235999999999862e+00 2.486655999999999977e+01 1.660367193348107062e-01
4.583979000000000248e+00 2.512013999999999925e+01 1.680228107248745162e-01
4.588721999999999746e+00 2.471361200000000125e+01 1.678130579296188141e-01
4.593465000000000131e+00 2.494332099999999741e+01 1.697735384222367472e-01
4.598207999999999629e+00 2.493169699999999978e+01 1.709391116511578268e-01
4.602951000000000015e+00 2.504066199999999753e+01 1.725452274962877841e-01
4.607693000000000261e+00 2.485856200000000271e+01 1.731703358751128519e-01
4.612435999999999758e+00 2.468162500000000037e+01 1.738275074306267487e-01
4.617179000000000144e+00 2.457293800000000061e+01 1.747416047884590151e-01
4.621921999999999642e+00 2.476154900000000225e+01 1.767436179453716616e-01
4.626665000000000028e+00 2.493806599999999918e+01 1.787386685607778580e-01
4.631408000000000413e+00 2.500903100000000023e+01 1.803882412089072296e-01
4.636150999999999911e+00 2.506779700000000233e+01 1.820300183576651354e-01
4.640894000000000297e+00 2.483862700000000601e+01 1.826525205259979245e-01
4.645635999999999655e+00 2.501167399999999930e+01 1.847784838225208504e-01
4.650379000000000040e+00 2.495443200000000061e+01 1.860942004068576461e-01
4.655122000000000426e+00 2.500290200000000240e+01 1.878408311744123871e-01
4.659864999999999924e+00 2.531948900000000080e+01 1.906388388529716704e-01
4.664608000000000310e+00 2.513836699999999524e+01 1.916044601461025509e-01
4.669350999999999807e+00 2.495673999999999992e+01 1.925918950698787824e-01
4.674094000000000193e+00 2.482633799999999979e+01 1.938105452163377262e-01
4.678836000000000439e+00 2.473918400000000162e+01 1.952313471880105233e-01
4.683578999999999937e+00 2.516869900000000015e+01 1.987425602178737871e-01
4.688322000000000322e+00 2.511455700000000135e+01 2.003986222494059388e-01
4.693064999999999820e+00 2.497730400000000017e+01 2.017689471428259773e-01
4.697808000000000206e+00 2.491312100000000029e+01 2.034756523399910699e-01
4.702550999999999704e+00 2.497242899999999821e+01 2.057475855358553152e-01
4.707294000000000089e+00 2.507928800000000180e+01 2.082790234018752629e-01
4.712036999999999587e+00 2.501745700000000028e+01 2.101727798547307346e-01
4.716778999999999833e+00 2.471334000000000231e+01 2.110930414833139535e-01
4.721522000000000219e+00 2.507845999999999975e+01 2.149320802051454815e-01
4.726264999999999716e+00 2.505156900000000064e+01 2.171766399570020378e-01
4.731008000000000102e+00 2.468920800000000071e+01 2.180175791723195089e-01
4.735750999999999600e+00 2.532587700000000197e+01 2.233424267249630724e-01
4.740493999999999986e+00 2.525783999999999807e+01 2.256528174711887047e-01
4.745237000000000371e+00 2.518403900000000206e+01 2.280175672307414581e-01
4.749978999999999729e+00 2.519800199999999890e+01 2.308768795985734756e-01
4.754722000000000115e+00 2.518523299999999665e+01 2.337150717760752561e-01
4.759464999999999613e+00 2.531694099999999636e+01 2.373377265578679451e-01
4.764207999999999998e+00 2.482137699999999825e+01 2.380976741003332509e-01
4.768951000000000384e+00 2.509485800000000211e+01 2.426389750153972735e-01
4.773693999999999882e+00 2.514631800000000084e+01 2.462617680064708714e-01
4.778437000000000268e+00 2.533344999999999914e+01 2.507012112482905897e-01
4.783178999999999625e+00 2.490573899999999696e+01 2.522179503874567574e-01
4.787922000000000011e+00 2.505216199999999915e+01 2.567744274344410105e-01
4.792665000000000397e+00 2.525930100000000067e+01 2.618383339094504936e-01
4.797407999999999895e+00 2.491991099999999904e+01 2.642388047302127174e-01
4.802151000000000280e+00 2.513764199999999960e+01 2.697756673504610458e-01
4.806893999999999778e+00 2.540613400000000155e+01 2.758429356847416081e-01
4.811637000000000164e+00 2.513474899999999934e+01 2.792081399204794367e-01
4.816379999999999661e+00 2.495463399999999865e+01 2.832902590829058376e-01
4.821121999999999908e+00 2.495449199999999834e+01 2.886563118543550854e-01
4.825865000000000293e+00 2.489313699999999940e+01 2.939761719622434044e-01
4.830607999999999791e+00 2.510557200000000222e+01 3.012679671247663338e-01
4.835351000000000177e+00 2.524722999999999828e+01 3.085557042594598842e-01
4.840093999999999674e+00 2.503910000000000124e+01 3.141143679332330518e-01
4.844837000000000060e+00 2.530231999999999815e+01 3.231010945379667598e-01
4.849579999999999558e+00 2.522656299999999874e+01 3.304740494165767095e-01
4.854321999999999804e+00 2.520842400000000083e+01 3.388030172124208983e-01
4.859065000000000190e+00 2.503683400000000248e+01 3.467386929328626355e-01
4.863807999999999687e+00 2.530614299999999872e+01 3.585100357921099934e-01
4.868551000000000073e+00 2.434392000000000422e+01 3.622128163525691891e-01
4.873293999999999571e+00 2.533695399999999864e+01 3.813465518554350342e-01
4.878036999999999956e+00 2.543653000000000119e+01 3.951546387519321302e-01
4.882780000000000342e+00 2.487073400000000234e+01 4.050384420184459655e-01
4.887522999999999840e+00 2.525508199999999803e+01 4.242751326914057652e-01
4.892265000000000086e+00 2.624582199999999688e+01 4.510363074529920580e-01
4.897007999999999583e+00 2.555882199999999926e+01 4.659132011126214112e-01
4.901750999999999969e+00 2.525572700000000026e+01 4.870138320741824178e-01
4.906494000000000355e+00 2.544509699999999697e+01 5.169180615523992772e-01
4.911236999999999853e+00 2.541066599999999909e+01 5.500793754244290845e-01
4.915980000000000238e+00 2.569928900000000027e+01 5.943310492942632806e-01
4.920722999999999736e+00 2.575111000000000061e+01 6.469303482838550945e-01
4.925464999999999982e+00 2.597489900000000063e+01 7.184794482931158299e-01
4.930208000000000368e+00 2.587525199999999970e+01 8.132579241317786645e-01
4.934950999999999866e+00 2.542350700000000074e+01 9.540847124984865868e-01
4.939694000000000251e+00 2.353366399999999814e+01 1.185363278192040237e+00
4.944436999999999749e+00 6.791154799999999270e+00 1.103217983745905073e+00