# copyA
# Sample c= 0.0 mg/ml
#
# Number of frames collected: 10
# Exposure time per frame: 0.5
# No significant radiation damage detected, merging 10 files
# Merged from: /data/visitor/mx1905/bm29/20170412/Poker/1d/Sxl_10gs_134_00001.dat
# Merged from: /data/visitor/mx1905/bm29/20170412/Poker/1d/Sxl_10gs_134_00002.dat
# Merged from: /data/visitor/mx1905/bm29/20170412/Poker/1d/Sxl_10gs_134_00003.dat
# Merged from: /data/visitor/mx1905/bm29/20170412/Poker/1d/Sxl_10gs_134_00004.dat
# Merged from: /data/visitor/mx1905/bm29/20170412/Poker/1d/Sxl_10gs_134_00005.dat
# Merged from: /data/visitor/mx1905/bm29/20170412/Poker/1d/Sxl_10gs_134_00006.dat
# Merged from: /data/visitor/mx1905/bm29/20170412/Poker/1d/Sxl_10gs_134_00007.dat
# Merged from: /data/visitor/mx1905/bm29/20170412/Poker/1d/Sxl_10gs_134_00008.dat
# Merged from: /data/visitor/mx1905/bm29/20170412/Poker/1d/Sxl_10gs_134_00009.dat
# Merged from: /data/visitor/mx1905/bm29/20170412/Poker/1d/Sxl_10gs_134_00010.dat
#
# Sample Information:
# Storage Temperature (degrees C): 20.0
# Measurement Temperature (degrees C): 20.03
# Concentration: 0.0
# Code: 
3.082862000000000102e-02 5.941913199999999051e+02 8.117132283197248555e+00
3.557148999999999728e-02 1.186312699999999950e+03 4.729217924435392462e+00
4.031434999999999880e-02 1.152455999999999904e+03 3.070535608794732862e+00
4.505722000000000199e-02 9.040657400000000052e+02 1.933814930081095174e+00
4.980007999999999657e-02 6.147520299999998770e+02 1.427914149474008187e+00
5.454294999999999977e-02 4.378641799999999193e+02 1.133718804467858110e+00
5.928581000000000129e-02 3.199412399999999934e+02 9.213043971537692167e-01
6.402868000000000448e-02 2.493976200000000176e+02 7.755525847502993120e-01
6.877154000000000600e-02 1.999713200000000199e+02 6.670811603228650188e-01
7.351441000000000225e-02 1.628924599999999998e+02 5.801488502600431474e-01
7.825727999999999851e-02 1.343428499999999985e+02 5.071769783055122272e-01
8.300014000000000003e-02 1.145042300000000068e+02 4.532653579457402993e-01
8.774300999999999628e-02 9.822232800000000452e+01 4.073269189250815492e-01
9.248586999999999780e-02 8.720946899999998436e+01 3.729891382939052868e-01
9.722873999999999406e-02 7.714587399999999207e+01 3.406256914335147323e-01
1.019715999999999956e-01 6.915468700000000979e+01 3.142995724576855276e-01
1.067145000000000038e-01 6.394363700000000250e+01 2.950043166086613322e-01
1.114572999999999953e-01 5.870928400000000380e+01 2.762739551774920921e-01
1.162002000000000035e-01 5.405572100000000546e+01 2.593063737453534245e-01
1.209430999999999978e-01 5.094880099999998890e+01 2.464611458296816493e-01
1.256858999999999893e-01 4.857136000000000564e+01 2.358367478620028435e-01
1.304288000000000114e-01 4.634812400000000565e+01 2.259646701850302475e-01
1.351717000000000057e-01 4.408915799999999763e+01 2.162638234213521693e-01
1.399144999999999972e-01 4.224731799999999282e+01 2.078582239287734001e-01
1.446573999999999915e-01 4.092113799999999912e+01 2.010172689580820848e-01
1.494003000000000136e-01 3.931978700000000515e+01 1.937506077866071874e-01
1.541431000000000051e-01 3.821961799999999698e+01 1.882253133194315975e-01
1.588859999999999995e-01 3.695565699999999509e+01 1.821583639111651887e-01
1.636287999999999909e-01 3.623658300000000310e+01 1.776315020692965374e-01
1.683717000000000130e-01 3.531667800000000312e+01 1.727804695056527617e-01
1.731146000000000074e-01 3.464344000000000534e+01 1.686721160088107130e-01
1.778573999999999988e-01 3.392306699999999609e+01 1.645652495783702929e-01
1.826002999999999932e-01 3.317358199999999613e+01 1.605282363777535137e-01
1.873431999999999875e-01 3.246957800000000560e+01 1.567229956621241649e-01
1.920860000000000067e-01 3.205219100000000765e+01 1.537029114481085479e-01
1.968289000000000011e-01 3.165412099999999640e+01 1.508144170049965649e-01
2.015717999999999954e-01 3.136794499999999886e+01 1.482931718085863104e-01
2.063145999999999869e-01 3.103725499999999826e+01 1.457410993351707096e-01
2.110575000000000090e-01 3.086752399999999597e+01 1.434925280695353855e-01
2.158004000000000033e-01 3.035278399999999621e+01 1.406596851762302314e-01
2.205431999999999948e-01 3.003577699999999595e+01 1.383734198415223215e-01
2.252860999999999891e-01 2.979874999999999474e+01 1.363380732319340038e-01
2.300290000000000112e-01 2.943540900000000349e+01 1.340665031977805455e-01
2.347718000000000027e-01 2.931388700000000114e+01 1.323903754368685182e-01
2.395146999999999970e-01 2.933287599999999884e+01 1.310782545018272516e-01
2.442575999999999914e-01 2.901577900000000199e+01 1.290587390864090245e-01
2.490004000000000106e-01 2.869532500000000397e+01 1.270763705721704995e-01
2.537433000000000050e-01 2.863300699999999921e+01 1.257021736404331236e-01
2.584861999999999993e-01 2.834341299999999819e+01 1.238844905111801953e-01
2.632289999999999908e-01 2.838195799999999736e+01 1.228283236489666475e-01
2.679718999999999851e-01 2.827139599999999930e+01 1.214786927381538845e-01
2.727146999999999766e-01 2.809694199999999498e+01 1.200191616987124898e-01
2.774576000000000264e-01 2.792672999999999917e+01 1.186374866008906015e-01
2.822005000000000208e-01 2.788463199999999986e+01 1.175827923948823406e-01
2.869433000000000122e-01 2.782855699999999999e+01 1.164661217144500743e-01
2.916862000000000066e-01 2.749734600000000029e+01 1.147969759271654233e-01
2.964291000000000009e-01 2.756509399999999843e+01 1.139919809621334768e-01
3.011718999999999924e-01 2.740642399999999768e+01 1.127446232555659317e-01
3.059147999999999867e-01 2.749204300000000245e+01 1.120224742156037123e-01
3.106576999999999811e-01 2.729324499999999531e+01 1.107368283533283204e-01
3.154004999999999725e-01 2.723591799999999807e+01 1.097684517893092321e-01
3.201434000000000224e-01 2.714512399999999914e+01 1.087585504742399484e-01
3.248863000000000167e-01 2.727849900000000005e+01 1.082106597721194940e-01
3.296291000000000082e-01 2.699862900000000110e+01 1.068553903005510508e-01
3.343720000000000026e-01 2.701872300000000138e+01 1.061182689466587392e-01
3.391148999999999969e-01 2.700547300000000206e+01 1.064429396538361383e-01
3.438576999999999884e-01 2.722778500000000079e+01 1.082613288176004218e-01
3.486005999999999827e-01 2.704336600000000246e+01 1.106405976716562101e-01
3.533434999999999770e-01 2.691698999999999842e+01 1.124066107266739056e-01
3.580863000000000240e-01 2.684079799999999949e+01 1.136427652579401898e-01
3.628292000000000184e-01 2.670113100000000372e+01 1.144646192183886163e-01
3.675720000000000098e-01 2.674338799999999949e+01 1.154980293321037632e-01
3.723149000000000042e-01 2.677255500000000055e+01 1.164115101664637830e-01
3.770577999999999985e-01 2.666315200000000374e+01 1.169509143446924859e-01
3.818005999999999900e-01 2.663572699999999571e+01 1.175143645848327756e-01
3.865434999999999843e-01 2.660497799999999913e+01 1.180259872999628729e-01
3.912863999999999787e-01 2.661506800000000084e+01 1.185216854262273883e-01
3.960292000000000256e-01 2.654283099999999962e+01 1.188470973284413007e-01
4.007721000000000200e-01 2.652392100000000141e+01 1.193125468203047046e-01
4.055150000000000143e-01 2.650025499999999923e+01 1.233696855852226826e-01
4.102578000000000058e-01 2.652487900000000565e+01 1.266456016251255590e-01
4.150007000000000001e-01 2.661638199999999799e+01 1.296418214142774361e-01
4.197435999999999945e-01 2.669169000000000125e+01 1.318246019900780885e-01
4.244863999999999860e-01 2.658432799999999929e+01 1.336894705558773766e-01
4.292292999999999803e-01 2.625314099999999939e+01 1.348837115727748170e-01
4.339721999999999746e-01 2.656909899999999425e+01 1.377705483275180887e-01
4.387150000000000216e-01 2.665315199999999862e+01 1.400014167611892402e-01
4.434579000000000160e-01 2.658844899999999711e+01 1.418856345783645334e-01
4.482008000000000103e-01 2.628293800000000147e+01 1.434500021616239018e-01
4.529436000000000018e-01 2.636413099999999687e+01 1.460130130818664551e-01
4.576864999999999961e-01 2.643711300000000008e+01 1.477418984701645288e-01
4.624293999999999905e-01 2.637865100000000140e+01 1.488077773029797268e-01
4.671721999999999819e-01 2.637744199999999495e+01 1.480692857577225463e-01
4.719150999999999763e-01 2.656895300000000049e+01 1.427568159197027398e-01
4.766579000000000232e-01 2.631020799999999937e+01 1.393851839151801497e-01
4.814008000000000176e-01 2.645667100000000005e+01 1.379971289699495895e-01
4.861437000000000119e-01 2.624947099999999978e+01 1.361026898932320983e-01
4.908865000000000034e-01 2.637934700000000277e+01 1.353264449900029587e-01
4.956293999999999977e-01 2.645014199999999960e+01 1.345542853979158904e-01
5.003722999999999921e-01 2.636573699999999576e+01 1.334946707822065037e-01
5.051151000000000391e-01 2.630384199999999595e+01 1.325812680496279428e-01
5.098580000000000334e-01 2.644890300000000138e+01 1.322551678930347085e-01
5.146009000000000277e-01 2.612922499999999815e+01 1.308188066776314051e-01
5.193436999999999637e-01 2.622588499999999812e+01 1.304609444545263286e-01
5.240865999999999580e-01 2.638034199999999529e+01 1.302809492377020595e-01
5.288294999999999524e-01 2.620151999999999859e+01 1.293069908318026928e-01
5.335722999999999994e-01 2.607717299999999838e+01 1.282413765063760702e-01
5.383151999999999937e-01 2.619046900000000022e+01 1.275922367133459079e-01
5.430580999999999881e-01 2.597484400000000093e+01 1.261807981831506997e-01
5.478009000000000350e-01 2.610896800000000439e+01 1.256530378963835459e-01
5.525438000000000294e-01 2.622421899999999795e+01 1.251054919211686545e-01
5.572867000000000237e-01 2.628354199999999352e+01 1.244439730730134697e-01
5.620294999999999597e-01 2.629408499999999549e+01 1.236927875083280587e-01
5.667723999999999540e-01 2.617086999999999719e+01 1.226527030433899601e-01
5.715152000000000010e-01 2.606718299999999999e+01 1.216828643568378665e-01
5.762580999999999953e-01 2.591945999999999728e+01 1.206287651275847334e-01
5.810009999999999897e-01 2.626285100000000128e+01 1.207638816424670969e-01
5.857438000000000367e-01 2.619054500000000374e+01 1.202370044332172344e-01
5.904867000000000310e-01 2.621317399999999864e+01 1.199997860955876738e-01
5.952296000000000253e-01 2.606626200000000182e+01 1.193742347875269144e-01
5.999723999999999613e-01 2.606809399999999499e+01 1.192190338299988356e-01
6.047152999999999556e-01 2.603474499999999736e+01 1.188415502094233717e-01
6.094581999999999500e-01 2.616631300000000238e+01 1.187593123114082383e-01
6.142009999999999970e-01 2.605353500000000011e+01 1.183365196418379589e-01
6.189438999999999913e-01 2.607611299999999943e+01 1.180033171931666597e-01
6.236867999999999856e-01 2.584929999999999950e+01 1.172178909584978834e-01
6.284296000000000326e-01 2.597949500000000356e+01 1.172453796194933284e-01
6.331725000000000270e-01 2.608525399999999905e+01 1.172150940621880799e-01
6.379154000000000213e-01 2.601588100000000026e+01 1.167936270378649721e-01
6.426581999999999573e-01 2.603684099999999901e+01 1.165785567159085129e-01
6.474010999999999516e-01 2.608076600000000056e+01 1.164171865756293833e-01
6.521439999999999459e-01 2.584293000000000262e+01 1.156256920278901507e-01
6.568867999999999929e-01 2.586943799999999527e+01 1.154280542638928819e-01
6.616296999999999873e-01 2.607845500000000172e+01 1.156387223735016734e-01
6.663725999999999816e-01 2.598187399999999769e+01 1.151725808039092136e-01
6.711154000000000286e-01 2.587069799999999731e+01 1.146737308154757856e-01
6.758583000000000229e-01 2.590396400000000199e+01 1.144973475925394474e-01
6.806010999999999589e-01 2.591113800000000111e+01 1.142660100504953313e-01
6.853439999999999532e-01 2.606464000000000425e+01 1.143587670420379149e-01
6.900868999999999476e-01 2.593312400000000295e+01 1.138243125983956910e-01
6.948296999999999946e-01 2.594628399999999857e+01 1.136094226044965794e-01
6.995725999999999889e-01 2.607966700000000060e+01 1.136594884291918656e-01
7.043154999999999832e-01 2.596780700000000408e+01 1.131768609010936621e-01
7.090583000000000302e-01 2.602143799999999985e+01 1.130540681449159479e-01
7.138012000000000246e-01 2.610844899999999669e+01 1.130043991044109852e-01
7.185441000000000189e-01 2.597146599999999950e+01 1.124727126758859608e-01
7.232868999999999549e-01 2.607624099999999956e+01 1.124661420854712046e-01
7.280297999999999492e-01 2.613808400000000276e+01 1.123654737071205501e-01
7.327727000000000546e-01 2.598030600000000234e+01 1.117935680066053650e-01
7.375154999999999905e-01 2.581605599999999612e+01 1.112112966061995917e-01
7.422583999999999849e-01 2.585782699999999679e+01 1.110744873272760114e-01
7.470012999999999792e-01 2.590495200000000153e+01 1.109484851398702121e-01
7.517441000000000262e-01 2.586173600000000050e+01 1.106296679668998389e-01
7.564870000000000205e-01 2.601654100000000014e+01 1.107364655288161914e-01
7.612299000000000149e-01 2.609557799999999972e+01 1.106822066455810105e-01
7.659726999999999508e-01 2.583316599999999852e+01 1.099029002301754598e-01
7.707155999999999452e-01 2.595782699999999821e+01 1.099464070724500697e-01
7.754585000000000505e-01 2.586140800000000084e+01 1.095244809780703960e-01
7.802012999999999865e-01 2.586559899999999601e+01 1.094248967193586219e-01
7.849441999999999808e-01 2.601190199999999919e+01 1.094788614169918406e-01
7.896870000000000278e-01 2.604924899999999610e+01 1.092700763705160005e-01
7.944299000000000222e-01 2.598156899999999681e+01 1.089146148135189396e-01
7.991728000000000165e-01 2.582942500000000408e+01 1.083839960287426296e-01
8.039155999999999525e-01 2.580551700000000181e+01 1.081227797095158927e-01
8.086584999999999468e-01 2.586412999999999940e+01 1.080344281382680516e-01
8.134014000000000522e-01 2.589016900000000376e+01 1.078803274757506453e-01
8.181441999999999881e-01 2.570489300000000554e+01 1.073685939792833610e-01
8.228870999999999825e-01 2.578751500000000263e+01 1.072579458968849486e-01
8.276299999999999768e-01 2.588904999999999745e+01 1.072581420783508543e-01
8.323728000000000238e-01 2.579126099999999866e+01 1.068516721279217929e-01
8.371157000000000181e-01 2.590840899999999891e+01 1.068920026535217505e-01
8.418586000000000125e-01 2.583563500000000346e+01 1.065399035876788414e-01
8.466013999999999484e-01 2.570624200000000315e+01 1.060712842367174391e-01
8.513443000000000538e-01 2.580750400000000155e+01 1.060809576365513429e-01
8.560872000000000481e-01 2.583280599999999438e+01 1.059353651761993087e-01
8.608299999999999841e-01 2.582313599999999809e+01 1.057181748068400928e-01
8.655728999999999784e-01 2.559769800000000117e+01 1.050591548997592134e-01
8.703157999999999728e-01 2.573139099999999502e+01 1.051386229604691913e-01
8.750586000000000197e-01 2.580934899999999743e+01 1.051042697926411612e-01
8.798015000000000141e-01 2.589187499999999886e+01 1.050789328629435637e-01
8.845442999999999500e-01 2.572226500000000371e+01 1.045414630887223639e-01
8.892872000000000554e-01 2.585737100000000055e+01 1.046243812731172118e-01
8.940301000000000498e-01 2.566436900000000065e+01 1.040446016652444988e-01
8.987728999999999857e-01 2.560717799999999755e+01 1.037404520901673149e-01
9.035157999999999801e-01 2.579910699999999935e+01 1.039392424784195967e-01
9.082586999999999744e-01 2.583060499999999848e+01 1.038159428604320950e-01
9.130015000000000214e-01 2.582924599999999415e+01 1.036277153610374729e-01
9.177444000000000157e-01 2.589049999999999585e+01 1.035653731583805054e-01
9.224873000000000101e-01 2.575464799999999599e+01 1.031082642051533160e-01
9.272300999999999460e-01 2.556515000000000271e+01 1.025460522255903228e-01
9.319730000000000514e-01 2.576964399999999955e+01 1.027738901989605491e-01
9.367159000000000457e-01 2.563556899999999672e+01 1.023257904805973117e-01
9.414586999999999817e-01 2.572433400000000603e+01 1.023216147775649620e-01
9.462015999999999760e-01 2.569975400000000221e+01 1.020936651434544151e-01
9.509444999999999704e-01 2.577300599999999875e+01 1.020614520163372063e-01
9.556873000000000173e-01 2.575515800000000155e+01 1.018488744535888529e-01
9.604302000000000117e-01 2.591039500000000118e+01 1.019772118226287827e-01
9.651731000000000060e-01 2.580381100000000316e+01 1.015915348220357284e-01
9.699159000000000530e-01 2.568728999999999729e+01 1.011879787776700235e-01
9.746588000000000473e-01 2.572509300000000465e+01 1.010889606570949811e-01
9.794017000000000417e-01 2.559814600000000340e+01 1.006655898051841691e-01
9.841444999999999776e-01 2.583464299999999980e+01 1.009571046930239496e-01
9.888873999999999720e-01 2.570104699999999909e+01 1.005252981005249346e-01
9.936302000000000190e-01 2.554941599999999724e+01 1.000589187635914784e-01
9.983731000000000133e-01 2.571565199999999862e+01 1.002133551719330412e-01
1.003115999999999897e+00 2.557446799999999953e+01 9.976969496820915773e-02
1.007859000000000060e+00 2.566261899999999940e+01 9.977440234672618757e-02
1.012602000000000002e+00 2.569676700000000125e+01 9.967423901335840941e-02
1.017344999999999944e+00 2.566998200000000452e+01 9.945511847777920023e-02
1.022086999999999968e+00 2.554781799999999947e+01 9.905335129672795946e-02
1.026829999999999909e+00 2.558800000000000097e+01 9.896768225376706418e-02
1.031573000000000073e+00 2.560274400000000128e+01 9.883298604941165300e-02
1.036316000000000015e+00 2.557419100000000256e+01 9.861438462730018339e-02
1.041058999999999957e+00 2.553168300000000457e+01 9.837084325642837801e-02
1.045801999999999898e+00 2.565736999999999668e+01 9.845189150916298926e-02
1.050545000000000062e+00 2.564328400000000130e+01 9.826479391011563869e-02
1.055287000000000086e+00 2.545383000000000351e+01 9.774084464121077231e-02
1.060030000000000028e+00 2.559294600000000131e+01 9.784903047266027554e-02
1.064772999999999969e+00 2.558767100000000028e+01 9.768137208011104522e-02
1.069515999999999911e+00 2.548367200000000565e+01 9.732614489125673840e-02
1.074259000000000075e+00 2.559537199999999757e+01 9.738164064821253074e-02
1.079002000000000017e+00 2.556792599999999638e+01 9.717373412965202295e-02
1.083744999999999958e+00 2.558514100000000013e+01 9.707279727948711634e-02
1.088487999999999900e+00 2.557010400000000061e+01 9.691175914821018034e-02
1.093229999999999924e+00 2.556222700000000003e+01 9.670009229402162787e-02
1.097973000000000088e+00 2.550239900000000048e+01 9.643419482291849809e-02
1.102716000000000030e+00 2.553551600000000121e+01 9.634526684176032696e-02
1.107458999999999971e+00 2.554098300000000421e+01 9.620463631719575193e-02
1.112201999999999913e+00 2.546796399999999849e+01 9.591557728716695874e-02
1.116945000000000077e+00 2.545595600000000047e+01 9.574330238330824860e-02
1.121688000000000018e+00 2.551981699999999975e+01 9.571448876222815594e-02
1.126430000000000042e+00 2.566150600000000281e+01 9.583128533819526562e-02
1.131172999999999984e+00 2.565990700000000402e+01 9.567916043625593336e-02
1.135915999999999926e+00 2.556717300000000037e+01 9.535874821890071018e-02
1.140659000000000090e+00 2.554212300000000369e+01 9.516591333778759432e-02
1.145402000000000031e+00 2.574213900000000166e+01 9.539163102223748025e-02
1.150144999999999973e+00 2.563986100000000334e+01 9.505553223177491684e-02
1.154887999999999915e+00 2.560465600000000563e+01 9.484539221640238271e-02
1.159631000000000078e+00 2.555531500000000023e+01 9.461032618111143988e-02
1.164373000000000102e+00 2.557468599999999626e+01 9.450346690743044453e-02
1.169116000000000044e+00 2.551944000000000301e+01 9.432851350764306919e-02
1.173858999999999986e+00 2.554451900000000109e+01 9.420715704764845433e-02
1.178601999999999927e+00 2.554607199999999878e+01 9.402344380948561564e-02
1.183345000000000091e+00 2.542581900000000061e+01 9.366183899126687140e-02
1.188088000000000033e+00 2.542207499999999953e+01 9.351435004678106122e-02
1.192830999999999975e+00 2.546852799999999917e+01 9.346016960883496427e-02
1.197572999999999999e+00 2.548227299999999929e+01 9.334689505195714609e-02
1.202315999999999940e+00 2.553242999999999796e+01 9.330091089601912080e-02
1.207059000000000104e+00 2.564322500000000105e+01 9.366715625146468382e-02
1.211802000000000046e+00 2.544415099999999796e+01 9.635809439008016786e-02
1.216544999999999987e+00 2.563749299999999920e+01 9.873672367090371993e-02
1.221287999999999929e+00 2.555819999999999936e+01 1.000658993209459779e-01
1.226031000000000093e+00 2.560350000000000392e+01 1.014085322353918128e-01
1.230774000000000035e+00 2.553515599999999708e+01 1.023896572858401521e-01
1.235516000000000059e+00 2.537392499999999984e+01 1.030869131786275733e-01
1.240259000000000000e+00 2.554935900000000260e+01 1.044002442254705620e-01
1.245001999999999942e+00 2.549103800000000319e+01 1.051844124089715143e-01
1.249745000000000106e+00 2.550850799999999907e+01 1.060833953250846784e-01
1.254488000000000048e+00 2.545419300000000362e+01 1.067992664315949164e-01
1.259230999999999989e+00 2.555564700000000045e+01 1.075570011252442865e-01
1.263973999999999931e+00 2.538176800000000100e+01 1.074660683806660799e-01
1.268715999999999955e+00 2.535497300000000109e+01 1.076698046686223875e-01
1.273458999999999897e+00 2.547121500000000438e+01 1.061479417787353913e-01
1.278202000000000060e+00 2.585474800000000073e+01 1.029917486453123532e-01
1.282945000000000002e+00 2.554577600000000004e+01 1.004218027333332597e-01
1.287687999999999944e+00 2.566286600000000107e+01 9.923422526823191814e-02
1.292431000000000108e+00 2.551623500000000178e+01 9.780744694118539972e-02
1.297174000000000049e+00 2.544469899999999996e+01 9.669763456127714041e-02
1.301916000000000073e+00 2.558758100000000013e+01 9.610942740812163099e-02
1.306659000000000015e+00 2.542660500000000212e+01 9.503696159210373029e-02
1.311401999999999957e+00 2.544431600000000415e+01 9.436816043212668814e-02
1.316144999999999898e+00 2.559073099999999812e+01 9.398949853095345253e-02
1.320888000000000062e+00 2.558929299999999785e+01 9.351890779475185989e-02
1.325631000000000004e+00 2.561508699999999550e+01 9.332513204739438517e-02
1.330373999999999945e+00 2.551063800000000015e+01 9.290741406699844218e-02
1.335117000000000109e+00 2.551124100000000183e+01 9.269138249909157634e-02
1.339858999999999911e+00 2.561557599999999724e+01 9.266991856319396759e-02
1.344602000000000075e+00 2.553569599999999795e+01 9.232254842636711256e-02
1.349345000000000017e+00 2.549905400000000100e+01 9.206062382719226722e-02
1.354087999999999958e+00 2.539025099999999568e+01 9.167445960812367622e-02
1.358830999999999900e+00 2.551831899999999820e+01 9.171942117593033517e-02
1.363574000000000064e+00 2.554967299999999852e+01 9.159450524863868570e-02
1.368317000000000005e+00 2.555962000000000245e+01 9.143565663731846593e-02
1.373059000000000029e+00 2.557580000000000098e+01 9.129215161002340873e-02
1.377801999999999971e+00 2.555118900000000082e+01 9.107799449464068497e-02
1.382544999999999913e+00 2.544421399999999522e+01 9.072062028936861422e-02
1.387288000000000077e+00 2.553135000000000332e+01 9.071279157343026256e-02
1.392031000000000018e+00 2.552076399999999623e+01 9.053361877088698939e-02
1.396773999999999960e+00 2.550674100000000522e+01 9.035017899074412884e-02
1.401516999999999902e+00 2.533279300000000234e+01 8.988608491737973272e-02
1.406260000000000066e+00 2.540372899999999845e+01 8.985885020293327141e-02
1.411002000000000089e+00 2.541998899999999750e+01 8.973698095532353647e-02
1.415745000000000031e+00 2.547374699999999947e+01 8.968167804047547098e-02
1.420487999999999973e+00 2.534431200000000217e+01 8.930633474737276201e-02
1.425230999999999915e+00 2.543809900000000113e+01 8.932581346094363439e-02
1.429974000000000078e+00 2.549618999999999858e+01 8.928396852717848664e-02
1.434717000000000020e+00 2.539312400000000380e+01 8.896057243255407754e-02
1.439459999999999962e+00 2.547570500000000138e+01 8.896385632715513025e-02
1.444201999999999986e+00 2.547805399999999665e+01 8.882838598444137146e-02
1.448944999999999927e+00 2.551337899999999692e+01 8.875202939760026832e-02
1.453688000000000091e+00 2.532118499999999983e+01 8.828020715529102946e-02
1.458431000000000033e+00 2.541111599999999981e+01 8.830098174688830182e-02
1.463173999999999975e+00 2.545130699999999990e+01 8.825998955884541142e-02
1.467916999999999916e+00 2.541687900000000155e+01 8.806923887195459988e-02
1.472660000000000080e+00 2.538324199999999919e+01 8.785382782756309683e-02
1.477402000000000104e+00 2.531104299999999796e+01 8.759792804685165302e-02
1.482145000000000046e+00 2.533394499999999994e+01 8.750802807757010471e-02
1.486887999999999987e+00 2.529185000000000372e+01 8.730734888326868726e-02
1.491630999999999929e+00 2.540691800000000100e+01 8.737751294903282895e-02
1.496374000000000093e+00 2.542991299999999910e+01 8.728957567370286552e-02
1.501117000000000035e+00 2.544366600000000034e+01 8.723139111216157704e-02
1.505859999999999976e+00 2.566073099999999840e+01 8.916954337141184961e-02
1.510602999999999918e+00 2.557446600000000458e+01 9.152352134200639200e-02
1.515344999999999942e+00 2.548380599999999774e+01 9.287503412297246075e-02
1.520088000000000106e+00 2.548030200000000178e+01 9.409223693028187507e-02
1.524831000000000047e+00 2.541517100000000084e+01 9.503825376599361885e-02
1.529573999999999989e+00 2.535824799999999613e+01 9.567912146841911492e-02
1.534316999999999931e+00 2.578262199999999638e+01 9.379456255319228164e-02
1.539060000000000095e+00 2.563022300000000087e+01 9.206555959587711668e-02
1.543803000000000036e+00 2.546375599999999650e+01 9.079825279601969057e-02
1.548545000000000060e+00 2.549389100000000141e+01 8.990330510199555369e-02
1.553288000000000002e+00 2.539508199999999860e+01 8.893260043826674288e-02
1.558030999999999944e+00 2.532510299999999859e+01 8.806200198140740065e-02
1.562774000000000107e+00 2.548638500000000562e+01 8.745765312674701197e-02
1.567517000000000049e+00 2.545234699999999606e+01 8.659494691021699109e-02
1.572259999999999991e+00 2.538755000000000450e+01 8.597760025559447739e-02
1.577002999999999933e+00 2.532945700000000144e+01 8.554169905571901156e-02
1.581746000000000096e+00 2.546802899999999781e+01 8.560973096513621594e-02
1.586487999999999898e+00 2.527731100000000097e+01 8.531105268332292435e-02
1.591231000000000062e+00 2.533868000000000364e+01 8.552396046713575672e-02
1.595974000000000004e+00 2.526128999999999536e+01 8.549851585182224878e-02
1.600716999999999945e+00 2.524856400000000178e+01 8.555141659972967383e-02
1.605460000000000109e+00 2.540975000000000250e+01 8.571251859059621225e-02
1.610203000000000051e+00 2.534111100000000150e+01 8.545367955570375151e-02
1.614945999999999993e+00 2.539240699999999862e+01 8.540047598411380780e-02
1.619688000000000017e+00 2.542985200000000034e+01 8.532652311606515882e-02
1.624430999999999958e+00 2.538571500000000114e+01 8.511790696611082341e-02
1.629173999999999900e+00 2.537163699999999977e+01 8.496153714191910511e-02
1.633917000000000064e+00 2.552214900000000597e+01 8.508272663188984342e-02
1.638660000000000005e+00 2.539638400000000473e+01 8.474460887464288494e-02
1.643402999999999947e+00 2.533159500000000008e+01 8.450997598389789478e-02
1.648146000000000111e+00 2.536159799999999720e+01 8.443477636320000090e-02
1.652889000000000053e+00 2.528199000000000041e+01 8.417887092504210134e-02
1.657631000000000077e+00 2.537558800000000048e+01 8.421298870262472480e-02
1.662374000000000018e+00 2.541338000000000008e+01 8.415474551776210010e-02
1.667116999999999960e+00 2.533709799999999746e+01 8.390880816219951910e-02
1.671859999999999902e+00 2.544872699999999810e+01 8.397514695982556676e-02
1.676603000000000065e+00 2.538965599999999867e+01 8.376088128717426584e-02
1.681346000000000007e+00 2.545270500000000169e+01 8.374855573848304091e-02
1.686088999999999949e+00 2.529531899999999922e+01 8.337402736858763597e-02
1.690830999999999973e+00 2.521965699999999799e+01 8.313593037438024580e-02
1.695573999999999915e+00 2.539855499999999822e+01 8.331751136922117829e-02
1.700317000000000078e+00 2.548104900000000228e+01 8.334019705017021995e-02
1.705060000000000020e+00 2.542424300000000059e+01 8.313571088118451580e-02
1.709802999999999962e+00 2.532683200000000312e+01 8.286588653033466478e-02
1.714545999999999903e+00 2.521749899999999656e+01 8.257806105060713775e-02
1.719289000000000067e+00 2.527147599999999983e+01 8.255770863704188500e-02
1.724031000000000091e+00 2.528594399999999354e+01 8.247313054531821286e-02
1.728774000000000033e+00 2.529994300000000251e+01 8.238890375819853118e-02
1.733516999999999975e+00 2.520458100000000101e+01 8.212764247967610509e-02
1.738259999999999916e+00 2.530238800000000055e+01 8.218095981409440087e-02
1.743003000000000080e+00 2.525809500000000440e+01 8.200358781238843708e-02
1.747746000000000022e+00 2.532511900000000082e+01 8.200801120952878887e-02
1.752488999999999963e+00 2.527954400000000135e+01 8.183054098701351975e-02
1.757231999999999905e+00 2.511210900000000379e+01 8.145635464724222674e-02
1.761973999999999929e+00 2.515829000000000093e+01 8.142848355872778221e-02
1.766717000000000093e+00 2.524837599999999682e+01 8.147243726531630537e-02
1.771460000000000035e+00 2.521975100000000225e+01 8.132514342879205993e-02
1.776202999999999976e+00 2.517761600000000044e+01 8.119305730766701590e-02
1.780945999999999918e+00 2.529198799999999991e+01 8.127924669822179926e-02
1.785689000000000082e+00 2.518225400000000036e+01 8.096420500407633392e-02
1.790432000000000023e+00 2.519576999999999956e+01 8.088720081806638484e-02
1.795174000000000047e+00 2.533532199999999790e+01 8.101207150712108618e-02
1.799916999999999989e+00 2.535623499999999808e+01 8.094668978893083955e-02
1.804659999999999931e+00 2.519217499999999887e+01 8.058712939934639663e-02
1.809403000000000095e+00 2.531253700000000251e+01 8.068233614720572711e-02
1.814146000000000036e+00 2.521500499999999789e+01 8.043012137542501772e-02
1.818888999999999978e+00 2.505861100000000263e+01 8.008419294646540454e-02
1.823631999999999920e+00 2.517477399999999932e+01 8.017399922794046785e-02
1.828375000000000083e+00 2.527164000000000499e+01 8.023300893405031775e-02
1.833117000000000107e+00 2.526201599999999914e+01 8.012294282847268190e-02
1.837860000000000049e+00 2.522315499999999844e+01 7.996665932084320860e-02
1.842602999999999991e+00 2.516963400000000206e+01 7.978805620051161729e-02
1.847345999999999933e+00 2.517445099999999769e+01 7.970257049516156489e-02
1.852089000000000096e+00 2.513273699999999877e+01 7.960916304278234379e-02
1.856832000000000038e+00 2.513486100000000079e+01 7.945999536396160245e-02
1.861574999999999980e+00 2.520030200000000065e+01 7.946550648728477328e-02
1.866317000000000004e+00 2.525085800000000091e+01 7.945343056791442926e-02
1.871059999999999945e+00 2.513067899999999710e+01 7.917300174696169368e-02
1.875803000000000109e+00 2.521318999999999733e+01 7.921146382003302344e-02
1.880546000000000051e+00 2.525713400000000064e+01 7.918988880953868603e-02
1.885288999999999993e+00 2.513820700000000130e+01 7.891338465668863711e-02
1.890031999999999934e+00 2.526119299999999868e+01 7.901625967169036147e-02
1.894775000000000098e+00 2.512499400000000094e+01 7.871314409130790446e-02
1.899516999999999900e+00 2.528504799999999975e+01 7.887450954699749828e-02
1.904260000000000064e+00 2.512327200000000005e+01 7.853322813542237824e-02
1.909003000000000005e+00 2.520509500000000003e+01 7.857289607250200758e-02
1.913745999999999947e+00 2.525383300000000020e+01 7.856018890826638179e-02
1.918489000000000111e+00 2.509865699999999933e+01 7.823111893493983615e-02
1.923232000000000053e+00 2.517415899999999596e+01 7.826169394719231787e-02
1.927974999999999994e+00 2.513657900000000112e+01 7.811423723267481301e-02
1.932717999999999936e+00 2.508665099999999981e+01 7.788875146919546633e-02
1.937459999999999960e+00 2.523842600000000047e+01 7.794169160341787861e-02
1.942202999999999902e+00 2.523573400000000078e+01 7.772515630045204182e-02
1.946946000000000065e+00 2.519587500000000091e+01 7.747500232510483309e-02
1.951689000000000007e+00 2.519351999999999947e+01 7.731863224473450869e-02
1.956431999999999949e+00 2.511541199999999918e+01 7.711543084799112047e-02
1.961174999999999891e+00 2.506204100000000068e+01 7.695233849937246906e-02
1.965918000000000054e+00 2.520737199999999945e+01 7.709523184610901636e-02
1.970660000000000078e+00 2.515086599999999706e+01 7.697238080739220167e-02
1.975403000000000020e+00 2.515980499999999864e+01 7.696537530360454682e-02
1.980145999999999962e+00 2.514217799999999770e+01 7.695951969967199102e-02
1.984888999999999903e+00 2.514336200000000332e+01 7.698183087853133211e-02
1.989632000000000067e+00 2.512496600000000413e+01 7.697394357459672043e-02
1.994375000000000009e+00 2.512472999999999956e+01 7.694540770802309193e-02
1.999117999999999951e+00 2.511260899999999907e+01 7.681621849094369403e-02
2.003861000000000114e+00 2.508493700000000004e+01 7.669235211465025293e-02
2.008602999999999916e+00 2.510465800000000058e+01 7.664053385834090903e-02
2.013345999999999858e+00 2.536549799999999877e+01 7.763942201427764811e-02
2.018088999999999800e+00 2.518849200000000010e+01 7.962570766487982177e-02
2.022832000000000185e+00 2.512097299999999933e+01 8.083503121416853177e-02
2.027575000000000127e+00 2.510021500000000216e+01 8.182354826360929700e-02
2.032318000000000069e+00 2.524635599999999869e+01 8.294125832499589512e-02
2.037061000000000011e+00 2.504989600000000038e+01 8.340425351643523944e-02
2.041802999999999813e+00 2.501384499999999989e+01 8.405059452173553602e-02
2.046546000000000198e+00 2.494231500000000068e+01 8.431392473908329299e-02
2.051289000000000140e+00 2.487348899999999929e+01 8.445620193050182301e-02
2.056032000000000082e+00 2.512610199999999594e+01 8.512459559808435716e-02
2.060775000000000023e+00 2.515966200000000086e+01 8.540655521651309423e-02
2.065517999999999965e+00 2.498729900000000015e+01 8.532382517551473367e-02
2.070260999999999907e+00 2.500649500000000103e+01 8.555580564777179320e-02
2.075003000000000153e+00 2.507474300000000156e+01 8.586160590993974218e-02
2.079746000000000095e+00 2.514640299999999939e+01 8.391804915649372920e-02
2.084489000000000036e+00 2.521617399999999876e+01 8.189945270318720050e-02
2.089231999999999978e+00 2.513698799999999878e+01 8.060140409184260446e-02
2.093974999999999920e+00 2.507579099999999883e+01 7.962081155491571027e-02
2.098717999999999861e+00 2.502939500000000450e+01 7.882066725355983683e-02
2.103460999999999803e+00 2.517093600000000109e+01 7.841546510570665540e-02
2.108204000000000189e+00 2.514239200000000096e+01 7.793544095911372760e-02
2.112945999999999991e+00 2.503308300000000131e+01 7.755898763288171516e-02
2.117688999999999933e+00 2.495912799999999976e+01 7.725692854638928353e-02
2.122431999999999874e+00 2.500265699999999924e+01 7.714913637815137837e-02
2.127174999999999816e+00 2.503962299999999885e+01 7.704256632673653349e-02
2.131918000000000202e+00 2.496616600000000119e+01 7.677496671025263453e-02
2.136661000000000143e+00 2.499906899999999865e+01 7.667827807374458238e-02
2.141404000000000085e+00 2.519127499999999742e+01 7.683068184047048277e-02
2.146145999999999887e+00 2.507263999999999982e+01 7.651423005571773850e-02
2.150888999999999829e+00 2.501421500000000009e+01 7.629451051789112870e-02
2.155632000000000215e+00 2.502632999999999797e+01 7.618736304233400536e-02
2.160375000000000156e+00 2.495560199999999895e+01 7.595727891736972492e-02
2.165118000000000098e+00 2.496844300000000061e+01 7.585812861482676972e-02
2.169861000000000040e+00 2.501224900000000417e+01 7.580902376860951253e-02
2.174603999999999981e+00 2.498607799999999912e+01 7.565651493763639324e-02
2.179346999999999923e+00 2.490752899999999670e+01 7.542702572661207083e-02
2.184089000000000169e+00 2.503254999999999697e+01 7.550798736517680410e-02
2.188832000000000111e+00 2.490331800000000229e+01 7.520739427060481319e-02
2.193575000000000053e+00 2.501089900000000199e+01 7.526574821509515734e-02
2.198317999999999994e+00 2.505354400000000226e+01 7.522729703049020611e-02
2.203060999999999936e+00 2.499698199999999915e+01 7.504182770426770510e-02
2.207803999999999878e+00 2.497969900000000010e+01 7.491729310309269696e-02
2.212546999999999819e+00 2.496757200000000410e+01 7.480195205198926500e-02
2.217289000000000065e+00 2.504319100000000020e+01 7.481859492916383136e-02
2.222032000000000007e+00 2.500557099999999977e+01 7.466749926464190390e-02
2.226774999999999949e+00 2.480077599999999904e+01 7.426806043005565461e-02
2.231517999999999891e+00 2.498118499999999997e+01 7.444541549050619211e-02
2.236260999999999832e+00 2.503874100000000169e+01 7.443934973997556881e-02
2.241004000000000218e+00 2.496020100000000141e+01 7.423237511353115992e-02
2.245747000000000160e+00 2.492385200000000012e+01 7.408925308078831429e-02
2.250490000000000101e+00 2.498415899999999823e+01 7.409054030011254233e-02
2.255231999999999903e+00 2.497734300000000118e+01 7.399267107530851928e-02
2.259974999999999845e+00 2.487953999999999866e+01 7.376116443113409082e-02
2.264717999999999787e+00 2.493160600000000571e+01 7.375283897163824320e-02
2.269461000000000173e+00 2.488063600000000264e+01 7.359243573583021392e-02
2.274204000000000114e+00 2.489384300000000039e+01 7.352752885751294432e-02
2.278947000000000056e+00 2.489157700000000162e+01 7.344071984083966331e-02
2.283689999999999998e+00 2.498986000000000018e+01 7.350256410971932330e-02
2.288431999999999800e+00 2.488139499999999771e+01 7.326102125793361453e-02
2.293175000000000185e+00 2.483589299999999866e+01 7.311220834743469010e-02
2.297918000000000127e+00 2.484543900000000605e+01 7.304537034066910239e-02
2.302661000000000069e+00 2.495043899999999937e+01 7.311922848254689966e-02
2.307404000000000011e+00 2.486780200000000107e+01 7.291862455068388871e-02
2.312146999999999952e+00 2.482485599999999692e+01 7.277615370796466920e-02
2.316889999999999894e+00 2.485514500000000027e+01 7.274183575646410438e-02
2.321632000000000140e+00 2.497851100000000102e+01 7.284406391346107124e-02
2.326375000000000082e+00 2.492100199999999788e+01 7.268258498381782728e-02
2.331118000000000023e+00 2.492105699999999757e+01 7.260502694241563471e-02
2.335860999999999965e+00 2.488801000000000130e+01 7.248027053757802318e-02
2.340603999999999907e+00 2.487943200000000132e+01 7.239145607224860279e-02
2.345346999999999849e+00 2.488370099999999852e+01 7.232217675661732625e-02
2.350089999999999790e+00 2.498458800000000224e+01 7.239292890555196203e-02
2.354833000000000176e+00 2.477660499999999999e+01 7.201604024858697384e-02
2.359574999999999978e+00 2.494822300000000226e+01 7.219071783080080462e-02
2.364317999999999920e+00 2.490715300000000099e+01 7.205706382567084178e-02
2.369060999999999861e+00 2.486724500000000404e+01 7.192549469450940092e-02
2.373803999999999803e+00 2.475997699999999568e+01 7.169712162817556966e-02
2.378547000000000189e+00 2.483436800000000133e+01 7.173172452246426301e-02
2.383290000000000131e+00 2.490092399999999984e+01 7.175531504195908905e-02
2.388033000000000072e+00 2.485272600000000409e+01 7.161354717716823803e-02
2.392774999999999874e+00 2.492117700000000013e+01 7.164008592925541485e-02
2.397517999999999816e+00 2.492252200000000073e+01 7.157060625789682384e-02
2.402261000000000202e+00 2.483080799999999755e+01 7.136798680612126133e-02
2.407004000000000143e+00 2.482405300000000281e+01 7.128711059736676792e-02
2.411747000000000085e+00 2.475687100000000029e+01 7.112034284837495668e-02
2.416490000000000027e+00 2.480253099999999833e+01 7.111595388548550001e-02
2.421232999999999969e+00 2.483522400000000019e+01 7.109301944325477352e-02
2.425975999999999910e+00 2.487978800000000135e+01 7.108702885428888618e-02
2.430718000000000156e+00 2.484840799999999916e+01 7.097295495847485980e-02
2.435461000000000098e+00 2.476261699999999877e+01 7.078197573197148040e-02
2.440204000000000040e+00 2.474734099999999870e+01 7.071667736605842525e-02
2.444946999999999981e+00 2.486242700000000028e+01 7.078742209926421058e-02
2.449689999999999923e+00 2.479632600000000053e+01 7.062501198258376578e-02
2.454432999999999865e+00 2.487538699999999636e+01 7.066992765848498226e-02
2.459175999999999807e+00 2.485898200000000458e+01 7.057924080368674358e-02
2.463918000000000053e+00 2.473496399999999795e+01 7.033561847695021796e-02
2.468660999999999994e+00 2.485876299999999972e+01 7.044468775862947063e-02
2.473403999999999936e+00 2.482802999999999827e+01 7.033435158049088087e-02
2.478146999999999878e+00 2.477200199999999697e+01 7.018880118516841737e-02
2.482889999999999819e+00 2.463083999999999918e+01 6.992252909787016746e-02
2.487633000000000205e+00 2.484926200000000307e+01 7.016602842459447598e-02
2.492376000000000147e+00 2.481437699999999680e+01 7.005119186286340449e-02
2.497117999999999949e+00 2.489181600000000216e+01 7.009508928427225782e-02
2.501860999999999891e+00 2.491542199999999596e+01 7.006285526725128388e-02
2.506603999999999832e+00 2.476979200000000247e+01 6.979310377506434127e-02
2.511347000000000218e+00 2.468634699999999782e+01 6.960948615780107596e-02
2.516090000000000160e+00 2.471390599999999793e+01 6.953059074496850678e-02
2.520833000000000101e+00 2.472857400000000183e+01 6.940874325122736721e-02
2.525576000000000043e+00 2.486210299999999762e+01 6.945427387078853543e-02
2.530318999999999985e+00 2.474990600000000285e+01 6.918395433804358508e-02
2.535060999999999787e+00 2.474209899999999962e+01 6.910982870655156540e-02
2.539804000000000173e+00 2.475905699999999499e+01 6.907101231697780619e-02
2.544547000000000114e+00 2.473498000000000019e+01 6.897566668669538603e-02
2.549290000000000056e+00 2.469226400000000154e+01 6.885417622985914865e-02
2.554032999999999998e+00 2.476418699999999973e+01 6.889303741273133941e-02
2.558775999999999939e+00 2.478295899999999818e+01 6.885755000520422942e-02
2.563518999999999881e+00 2.481798799999999972e+01 6.884736358718321347e-02
2.568261000000000127e+00 2.482400399999999863e+01 6.884978936112585990e-02
2.573004000000000069e+00 2.484946900000000269e+01 6.890102453121869919e-02
2.577747000000000011e+00 2.474594900000000308e+01 6.877259504338992246e-02
2.582489999999999952e+00 2.480169900000000283e+01 6.883128202713428845e-02
2.587232999999999894e+00 2.490203500000000147e+01 6.890939343190810584e-02
2.591975999999999836e+00 2.469591300000000089e+01 6.856281847410591879e-02
2.596719000000000221e+00 2.469773899999999500e+01 6.850463214825622260e-02
2.601462000000000163e+00 2.480890199999999979e+01 6.859815448509894165e-02
2.606203999999999965e+00 2.468032399999999527e+01 6.836007752336445420e-02
2.610946999999999907e+00 2.469965900000000403e+01 6.832675351484072956e-02
2.615689999999999849e+00 2.480512199999999723e+01 6.841261082356381307e-02
2.620432999999999790e+00 2.469327899999999687e+01 6.819862088593139915e-02
2.625176000000000176e+00 2.481101100000000059e+01 6.830146652213918423e-02
2.629919000000000118e+00 2.474043800000000104e+01 6.814501596141495088e-02
2.634662000000000059e+00 2.479196299999999553e+01 6.817131395236417091e-02
2.639403999999999861e+00 2.474093599999999782e+01 6.805393024039389782e-02
2.644146999999999803e+00 2.472302900000000037e+01 6.794798834138579546e-02
2.648890000000000189e+00 2.476634599999999864e+01 6.794507876864887275e-02
2.653633000000000131e+00 2.467064400000000290e+01 6.776562729239507532e-02
2.658376000000000072e+00 2.468440000000000012e+01 6.772797056701242158e-02
2.663119000000000014e+00 2.475309399999999727e+01 6.775234267348104189e-02
2.667861999999999956e+00 2.480451100000000153e+01 6.776432404655269304e-02
2.672604999999999897e+00 2.469725299999999635e+01 6.755991391994811690e-02
2.677347000000000143e+00 2.467586899999999872e+01 6.747321358838261063e-02
2.682090000000000085e+00 2.470314499999999924e+01 6.745323533930970561e-02
2.686833000000000027e+00 2.466856499999999741e+01 6.734912737925710657e-02
2.691575999999999969e+00 2.477581899999999848e+01 6.743802080474634031e-02
2.696318999999999910e+00 2.479610299999999867e+01 6.740863440332477141e-02
2.701061999999999852e+00 2.472937999999999903e+01 6.726124198858432490e-02
2.705804999999999794e+00 2.473830000000000240e+01 6.721675068526891672e-02
2.710547000000000040e+00 2.473364099999999866e+01 6.715404393582415088e-02
2.715289999999999981e+00 2.473474500000000376e+01 6.709941016487551424e-02
2.720032999999999923e+00 2.473651399999999967e+01 6.704578191089428929e-02
2.724775999999999865e+00 2.477198199999999773e+01 6.703796585264501506e-02
2.729518999999999807e+00 2.469558800000000076e+01 6.687867471812221354e-02
2.734262000000000192e+00 2.455512900000000087e+01 6.663281476523411073e-02
2.739005000000000134e+00 2.462808499999999867e+01 6.667655176395823058e-02
2.743746999999999936e+00 2.479668699999999859e+01 6.684899445686523500e-02
2.748489999999999878e+00 2.473694300000000368e+01 6.671329999681922807e-02
2.753232999999999819e+00 2.463405400000000256e+01 6.651964670866795937e-02
2.757976000000000205e+00 2.460110500000000400e+01 6.642036047595872850e-02
2.762719000000000147e+00 2.469667400000000157e+01 6.649472020020311125e-02
2.767462000000000089e+00 2.466635899999999637e+01 6.639929156231036411e-02
2.772205000000000030e+00 2.463771799999999601e+01 6.630657463251062034e-02
2.776947999999999972e+00 2.465123099999999923e+01 6.627074703408586398e-02
2.781690000000000218e+00 2.461843400000000059e+01 6.617260107332943730e-02
2.786433000000000160e+00 2.462527700000000053e+01 6.612782588257608285e-02
2.791176000000000101e+00 2.466311499999999768e+01 6.612489874340300722e-02
2.795919000000000043e+00 2.466429099999999863e+01 6.607316924598365115e-02
2.800661999999999985e+00 2.459418099999999896e+01 6.594088677176399016e-02
2.805404999999999927e+00 2.465879899999999836e+01 6.596449827888027639e-02
2.810147999999999868e+00 2.467507400000000217e+01 6.596453206094848865e-02
2.814890000000000114e+00 2.468192300000000472e+01 6.592923498556690909e-02
2.819633000000000056e+00 2.464130299999999707e+01 6.709567469010353780e-02
2.824375999999999998e+00 2.466128700000000151e+01 6.853175326241625620e-02
2.829118999999999939e+00 2.458511400000000080e+01 6.931009634617166237e-02
2.833861999999999881e+00 2.459034199999999615e+01 7.004134499952867354e-02
2.838604999999999823e+00 2.464474100000000334e+01 7.073228362205549735e-02
2.843348000000000209e+00 2.465737299999999976e+01 7.104872087420363580e-02
2.848091000000000150e+00 2.445668599999999770e+01 7.097377948228415778e-02
2.852832999999999952e+00 2.457656899999999922e+01 7.135519149372664127e-02
2.857575999999999894e+00 2.463780099999999607e+01 7.163578320736571636e-02
2.862318999999999836e+00 2.459421599999999941e+01 7.175092937034474594e-02
2.867062000000000221e+00 2.447420699999999982e+01 7.174342218398213622e-02
2.871805000000000163e+00 2.469333899999999815e+01 7.222277079902778008e-02
2.876548000000000105e+00 2.450322300000000197e+01 7.209465232731551709e-02
2.881291000000000047e+00 2.459642900000000054e+01 7.203641301513283302e-02
2.886032999999999848e+00 2.482214700000000107e+01 7.030275054468210216e-02
2.890775999999999790e+00 2.475374100000000155e+01 6.910239181506382111e-02
2.895519000000000176e+00 2.468789199999999795e+01 6.826477419093759935e-02
2.900262000000000118e+00 2.461661799999999900e+01 6.757680287289788423e-02
2.905005000000000059e+00 2.461026700000000034e+01 6.720395206202831040e-02
2.909748000000000001e+00 2.462760799999999861e+01 6.705139896153697321e-02
2.914490999999999943e+00 2.468524299999999982e+01 6.697282520977221321e-02
2.919233000000000189e+00 2.457590499999999878e+01 6.668199600460157639e-02
2.923976000000000131e+00 2.462599000000000160e+01 6.661884805057048664e-02
2.928719000000000072e+00 2.454303600000000074e+01 6.638507615588085109e-02
2.933462000000000014e+00 2.466977000000000331e+01 6.644153367348619443e-02
2.938204999999999956e+00 2.457001199999999841e+01 6.619858264947144078e-02
2.942947999999999897e+00 2.464136599999999788e+01 6.619174169754335479e-02
2.947690999999999839e+00 2.467256800000000183e+01 6.613507993753012237e-02
2.952433999999999781e+00 2.469725899999999541e+01 6.608102795976845967e-02
2.957176000000000027e+00 2.463937299999999908e+01 6.591854413140053881e-02
2.961918999999999969e+00 2.463260499999999809e+01 6.580797896085549548e-02
2.966661999999999910e+00 2.464908799999999900e+01 6.574498607210363388e-02
2.971404999999999852e+00 2.458599000000000245e+01 6.557781876979287827e-02
2.976147999999999794e+00 2.461159099999999711e+01 6.553131104227352677e-02
2.980891000000000179e+00 2.456055500000000080e+01 6.538489351271667416e-02
2.985634000000000121e+00 2.467832399999999993e+01 6.546458452935144390e-02
2.990375999999999923e+00 2.458301399999999859e+01 6.527991640942105989e-02
2.995118999999999865e+00 2.467382900000000490e+01 6.531249345294283526e-02
2.999861999999999806e+00 2.469538399999999712e+01 6.526561106081976704e-02
3.004605000000000192e+00 2.458654899999999799e+01 6.505067233155933937e-02
3.009348000000000134e+00 2.463391199999999870e+01 6.504350799518965331e-02
3.014091000000000076e+00 2.464601599999999948e+01 6.501044920336344901e-02
3.018834000000000017e+00 2.467070500000000166e+01 6.495549191872154737e-02
3.023576999999999959e+00 2.466599100000000178e+01 6.488247678950072317e-02
3.028319000000000205e+00 2.454092199999999835e+01 6.465207403085844462e-02
3.033062000000000147e+00 2.458534399999999920e+01 6.464555367026335320e-02
3.037805000000000089e+00 2.451079100000000111e+01 6.448346313362673943e-02
3.042548000000000030e+00 2.461791400000000252e+01 6.456108725430978468e-02
3.047290999999999972e+00 2.455548600000000192e+01 6.441641451983648459e-02
3.052033999999999914e+00 2.448569699999999472e+01 6.426283327084870989e-02
3.056776999999999855e+00 2.463109599999999588e+01 6.439211475573776433e-02
3.061519000000000101e+00 2.458635800000000060e+01 6.427280395909221178e-02
3.066262000000000043e+00 2.456202099999999788e+01 6.418108791273563485e-02
3.071004999999999985e+00 2.459525400000000417e+01 6.417773264535683864e-02
3.075747999999999927e+00 2.464228899999999811e+01 6.418277907629585388e-02
3.080490999999999868e+00 2.457063000000000130e+01 6.402413110631177684e-02
3.085233999999999810e+00 2.458854099999999931e+01 6.398013308227876172e-02
3.089977000000000196e+00 2.448183000000000220e+01 6.380172098674220804e-02
3.094720000000000137e+00 2.459972799999999893e+01 6.388082449236939797e-02
3.099461999999999939e+00 2.458505600000000157e+01 6.380433076127277336e-02
3.104204999999999881e+00 2.451620899999999637e+01 6.365866857627953956e-02
3.108947999999999823e+00 2.460437500000000099e+01 6.371672707012342174e-02
3.113691000000000209e+00 2.447172500000000284e+01 6.348960944649288674e-02
3.118434000000000150e+00 2.455654799999999938e+01 6.354440224853012686e-02
3.123177000000000092e+00 2.463323000000000107e+01 6.358844427281422351e-02
3.127920000000000034e+00 2.448122599999999949e+01 6.333764743941394659e-02
3.132661999999999836e+00 2.455233899999999991e+01 6.337560365968675224e-02
3.137405000000000221e+00 2.457172299999999865e+01 6.334705370534290947e-02
3.142148000000000163e+00 2.457985699999999696e+01 6.330356197557132636e-02
3.146891000000000105e+00 2.451809100000000186e+01 6.317890891837402156e-02
3.151634000000000047e+00 2.455989800000000400e+01 6.318216968804807321e-02
3.156376999999999988e+00 2.451809799999999839e+01 6.306595733010084137e-02
3.161119999999999930e+00 2.458448500000000081e+01 6.309924497066030091e-02
3.165862000000000176e+00 2.452021599999999779e+01 6.300847012088692245e-02
3.170605000000000118e+00 2.451137500000000102e+01 6.292906225953077970e-02
3.175348000000000059e+00 2.452014400000000194e+01 6.286107862821875558e-02
3.180091000000000001e+00 2.444294799999999768e+01 6.271093537294911147e-02
3.184833999999999943e+00 2.445725999999999800e+01 6.267806667077248373e-02
3.189576999999999884e+00 2.455531300000000172e+01 6.275286627092423186e-02
3.194319999999999826e+00 2.454009900000000144e+01 6.266468685164076902e-02
3.199063000000000212e+00 2.448858900000000105e+01 6.248421284576288759e-02
3.203805000000000014e+00 2.453283499999999862e+01 6.242475907844659277e-02
3.208547999999999956e+00 2.448811900000000108e+01 6.229104430317732033e-02
3.213290999999999897e+00 2.454032500000000283e+01 6.230823488870070037e-02
3.218033999999999839e+00 2.451347700000000174e+01 6.222521301136542393e-02
3.222776999999999781e+00 2.445304100000000247e+01 6.209966385049601328e-02
3.227520000000000167e+00 2.453712200000000365e+01 6.215788290344033407e-02
3.232263000000000108e+00 2.444653200000000126e+01 6.199493483666387167e-02
3.237004999999999910e+00 2.446650700000000001e+01 6.197224743892543186e-02
3.241747999999999852e+00 2.450475399999999837e+01 6.197261302706301433e-02
3.246490999999999794e+00 2.447020000000000195e+01 6.188109851115201204e-02
3.251234000000000179e+00 2.461336700000000377e+01 6.203178684037160412e-02
3.255977000000000121e+00 2.461575300000000155e+01 6.205055188162390822e-02
3.260720000000000063e+00 2.453535099999999858e+01 6.196684866753028598e-02
3.265463000000000005e+00 2.452214099999999775e+01 6.192791680214989464e-02
3.270205999999999946e+00 2.448838400000000348e+01 6.183830147405085242e-02
3.274948000000000192e+00 2.460343200000000152e+01 6.193610446836562977e-02
3.279691000000000134e+00 2.455971999999999866e+01 6.183390848831569336e-02
3.284434000000000076e+00 2.454852199999999840e+01 6.177313221386948605e-02
3.289177000000000017e+00 2.456267799999999824e+01 6.174438848145392955e-02
3.293919999999999959e+00 2.452086600000000161e+01 6.164509581352112244e-02
3.298662999999999901e+00 2.456026600000000215e+01 6.164829890856032835e-02
3.303405999999999842e+00 2.448183300000000173e+01 6.150382810807471234e-02
3.308148000000000089e+00 2.442860299999999896e+01 6.139109269043026285e-02
3.312891000000000030e+00 2.448322999999999894e+01 6.141372165550220558e-02
3.317633999999999972e+00 2.452082100000000153e+01 6.141516800653483432e-02
3.322376999999999914e+00 2.456650799999999890e+01 6.142770591757192034e-02
3.327119999999999855e+00 2.451706499999999522e+01 6.133569666493565720e-02
3.331862999999999797e+00 2.459568100000000612e+01 6.137227061170622694e-02
3.336606000000000183e+00 2.455941200000000180e+01 6.128198409914857592e-02
3.341347999999999985e+00 2.447573699999999874e+01 6.113270606365139859e-02
3.346090999999999926e+00 2.442441500000000332e+01 6.102387809220092413e-02
3.350833999999999868e+00 2.448458600000000018e+01 6.105390174411050308e-02
3.355576999999999810e+00 2.461413499999999743e+01 6.117063737310737132e-02
3.360320000000000196e+00 2.454573099999999997e+01 6.104132191204005020e-02
3.365063000000000137e+00 2.450048900000000529e+01 6.094075058892448743e-02
3.369806000000000079e+00 2.450469400000000064e+01 6.090165166610261860e-02
3.374549000000000021e+00 2.458866199999999935e+01 6.096180906976021718e-02
3.379290999999999823e+00 2.468117800000000273e+01 6.171157608104738124e-02
3.384034000000000209e+00 2.457502200000000059e+01 6.302355932841226249e-02
3.388777000000000150e+00 2.445316200000000251e+01 6.369827392333876626e-02
3.393520000000000092e+00 2.452231699999999748e+01 6.444550211315450139e-02
3.398263000000000034e+00 2.459878099999999890e+01 6.493612847729990367e-02
3.403005999999999975e+00 2.454744800000000282e+01 6.504326471664687026e-02
3.407748999999999917e+00 2.459934100000000257e+01 6.507850129443977505e-02
3.412491000000000163e+00 2.442643800000000098e+01 6.488510140942063686e-02
3.417234000000000105e+00 2.449958400000000225e+01 6.515527857586214666e-02
3.421977000000000046e+00 2.450608199999999925e+01 6.532162243981085026e-02
3.426719999999999988e+00 2.455859399999999937e+01 6.552478007607503985e-02
3.431462999999999930e+00 2.459126099999999937e+01 6.570504158237022718e-02
3.436205999999999872e+00 2.452027100000000104e+01 6.575212945082387073e-02
3.440948999999999813e+00 2.442256700000000080e+01 6.573989428093492127e-02
3.445692000000000199e+00 2.451428200000000146e+01 6.599326489368215198e-02
3.450434000000000001e+00 2.447000299999999839e+01 6.602547411971156077e-02
3.455176999999999943e+00 2.448544100000000157e+01 6.615458993575351609e-02
3.459919999999999884e+00 2.447756700000000052e+01 6.624768836053300525e-02
3.464662999999999826e+00 2.442868500000000154e+01 6.628160518736929407e-02
3.469406000000000212e+00 2.454780699999999882e+01 6.654008146906945087e-02
3.474149000000000154e+00 2.447222400000000064e+01 6.653116263419195375e-02
3.478892000000000095e+00 2.448874999999999957e+01 6.664463585292443315e-02
3.483633999999999897e+00 2.446519500000000136e+01 6.670022729843953779e-02
3.488376999999999839e+00 2.451061399999999679e+01 6.684776081601387365e-02
3.493119999999999781e+00 2.447783299999999684e+01 6.688593862770933485e-02
3.497863000000000167e+00 2.443817299999999548e+01 6.691253117066264799e-02
3.502606000000000108e+00 2.455684500000000270e+01 6.715381418696558802e-02
3.507349000000000050e+00 2.445766199999999913e+01 6.709462397381030230e-02
3.512091999999999992e+00 2.434418199999999644e+01 6.701354444728094273e-02
3.516833999999999794e+00 2.451760499999999610e+01 6.732484267556218538e-02
3.521577000000000179e+00 2.450158000000000058e+01 6.737412124401698232e-02
3.526320000000000121e+00 2.448416399999999982e+01 6.742002647392908443e-02
3.531063000000000063e+00 2.451165999999999912e+01 6.752623577273206279e-02
3.535806000000000004e+00 2.445379700000000156e+01 6.751352224489995391e-02
3.540548999999999946e+00 2.444565300000000008e+01 6.756715282643185883e-02
3.545291999999999888e+00 2.441846600000000223e+01 6.759368616595191892e-02
3.550034999999999830e+00 2.442452100000000215e+01 6.766513759710388043e-02
3.554777000000000076e+00 2.446921500000000194e+01 6.778832268945515771e-02
3.559520000000000017e+00 2.453587499999999721e+01 6.794105306781828002e-02
3.564262999999999959e+00 2.452649100000000360e+01 6.798745968393657413e-02
3.569005999999999901e+00 2.451271299999999798e+01 6.803986869383495117e-02
3.573748999999999842e+00 2.459417300000000139e+01 6.822980835751776829e-02
3.578491999999999784e+00 2.458215500000000020e+01 6.823652882540699738e-02
3.583235000000000170e+00 2.452393700000000010e+01 6.821104842190083006e-02
3.587976999999999972e+00 2.448423700000000025e+01 6.818685528040356603e-02
3.592719999999999914e+00 2.449157600000000201e+01 6.814390685446938822e-02
3.597462999999999855e+00 2.438470199999999721e+01 6.793454861866382588e-02
3.602205999999999797e+00 2.440223900000000157e+01 6.789876568147391878e-02
3.606949000000000183e+00 2.446257399999999649e+01 6.792275922675625188e-02
3.611692000000000125e+00 2.440086800000000267e+01 6.782791347227998258e-02
3.616435000000000066e+00 2.445073000000000008e+01 6.796503881744569986e-02
3.621178000000000008e+00 2.463993899999999826e+01 6.905228181515074559e-02
3.625919999999999810e+00 2.458954299999999904e+01 7.144804781786343040e-02
3.630663000000000196e+00 2.446053999999999817e+01 7.264787935933918195e-02
3.635406000000000137e+00 2.443233700000000042e+01 7.364211159058517420e-02
3.640149000000000079e+00 2.443881500000000173e+01 7.441551789905113956e-02
3.644892000000000021e+00 2.445422699999999949e+01 7.494819812082008370e-02
3.649634999999999962e+00 2.436493800000000221e+01 7.529361389423341877e-02
3.654377999999999904e+00 2.431306900000000226e+01 7.563156913083715627e-02
3.659120000000000150e+00 2.435244499999999590e+01 7.611497091501315260e-02
3.663863000000000092e+00 2.437370200000000153e+01 7.655568604305626468e-02
3.668606000000000034e+00 2.450296499999999611e+01 7.715335990910505981e-02
3.673348999999999975e+00 2.444555899999999937e+01 7.744701321599109511e-02
3.678091999999999917e+00 2.435593999999999681e+01 7.767936610512922446e-02
3.682834999999999859e+00 2.433614900000000247e+01 7.801409237638480543e-02
3.687577999999999800e+00 2.450177399999999395e+01 7.863992816798728858e-02
3.692321000000000186e+00 2.449567500000000209e+01 7.898525928941171892e-02
3.697062999999999988e+00 2.445422399999999996e+01 7.926764823285536998e-02
3.701805999999999930e+00 2.442978600000000000e+01 7.957275330722193840e-02
3.706548999999999872e+00 2.445401800000000136e+01 7.995299699825578199e-02
3.711291999999999813e+00 2.448796100000000209e+01 8.034540779672041944e-02
3.716035000000000199e+00 2.450976800000000111e+01 8.071523494821594702e-02
3.720778000000000141e+00 2.435841399999999979e+01 8.079589026592133572e-02
3.725521000000000083e+00 2.435724099999999837e+01 8.112157072984779727e-02
3.730262999999999884e+00 2.441822799999999916e+01 8.154907802482133650e-02
3.735005999999999826e+00 2.451233399999999918e+01 8.202995932742743190e-02
3.739749000000000212e+00 2.444626899999999736e+01 8.224159458272436996e-02
3.744492000000000154e+00 2.440195600000000198e+01 8.248734609311964006e-02
3.749235000000000095e+00 2.445064899999999852e+01 8.288823489101575237e-02
3.753978000000000037e+00 2.445127200000000300e+01 8.320737323071195068e-02
3.758720999999999979e+00 2.434609599999999929e+01 8.334396239684191410e-02
3.763462999999999781e+00 2.429546800000000317e+01 8.357191654203879883e-02
3.768206000000000166e+00 2.436678799999999967e+01 8.400876511632640598e-02
3.772949000000000108e+00 2.451060000000000016e+01 8.457053850038026566e-02
3.777692000000000050e+00 2.449525799999999975e+01 8.485730876046035376e-02
3.782434999999999992e+00 2.445570700000000031e+01 8.510175434709851827e-02
3.787177999999999933e+00 2.432671999999999812e+01 8.518849433076393363e-02
3.791920999999999875e+00 2.441828999999999894e+01 8.566084427846598626e-02
3.796663999999999817e+00 2.438506200000000135e+01 8.591371229947579458e-02
3.801406000000000063e+00 2.442529800000000151e+01 8.629623867730620845e-02
3.806149000000000004e+00 2.439244400000000468e+01 8.654949701554134900e-02
3.810891999999999946e+00 2.442344200000000143e+01 8.691598175587388064e-02
3.815634999999999888e+00 2.446636099999999914e+01 8.730344135150572282e-02
3.820377999999999830e+00 2.430746900000000110e+01 8.733030127097238249e-02
3.825121000000000215e+00 2.448990200000000428e+01 8.796949070451925978e-02
3.829864000000000157e+00 2.436201399999999850e+01 8.805148281021848988e-02
3.834605999999999959e+00 2.447009200000000106e+01 8.855932483782044673e-02
3.839348999999999901e+00 2.457142600000000243e+01 8.905699980463803456e-02
3.844091999999999842e+00 2.435171900000000278e+01 8.897021969539752051e-02
3.848834999999999784e+00 2.445555500000000038e+01 8.947642494878860209e-02
3.853578000000000170e+00 2.438150799999999663e+01 8.970252589182871328e-02
3.858321000000000112e+00 2.438760100000000008e+01 8.997805606653211385e-02
3.863064000000000053e+00 2.439283700000000366e+01 9.030331165659762072e-02
3.867806999999999995e+00 2.439988400000000013e+01 9.063309135275812722e-02
3.872548999999999797e+00 2.437441499999999905e+01 9.090216805683018486e-02
3.877292000000000183e+00 2.446551699999999840e+01 9.139028812804618485e-02
3.882035000000000124e+00 2.448481300000000260e+01 9.174617376770978494e-02
3.886778000000000066e+00 2.440880500000000097e+01 9.192341628045598567e-02
3.891521000000000008e+00 2.451729099999999661e+01 9.244873160092624553e-02
3.896263999999999950e+00 2.457181200000000132e+01 9.287393867412054027e-02
3.901006999999999891e+00 2.440124699999999791e+01 9.287342369530532382e-02
3.905749000000000137e+00 2.450156199999999984e+01 9.338922302298108269e-02
3.910492000000000079e+00 2.429523199999999861e+01 9.331956511056832548e-02
3.915235000000000021e+00 2.436648100000000028e+01 9.378190649055605232e-02
3.919977999999999962e+00 2.454053000000000040e+01 9.440321700192214061e-02
3.924720999999999904e+00 2.443737899999999996e+01 9.428839472318954751e-02
3.929463999999999846e+00 2.434085099999999713e+01 9.417400114914997733e-02
3.934206999999999788e+00 2.437518299999999982e+01 9.436460475099231471e-02
3.938949000000000034e+00 2.449142100000000255e+01 9.469255097710380098e-02
3.943691999999999975e+00 2.441116199999999736e+01 9.463966608494664423e-02
3.948434999999999917e+00 2.439933200000000113e+01 9.471827446363981218e-02
3.953177999999999859e+00 2.444496700000000189e+01 9.493475203788390160e-02
3.957920999999999800e+00 2.452084200000000180e+01 9.524954347180358827e-02
3.962664000000000186e+00 2.441949400000000026e+01 9.506107412061784445e-02
3.967407000000000128e+00 2.436572499999999764e+01 9.520083618675204140e-02
3.972150000000000070e+00 2.448215800000000186e+01 9.575022293386842298e-02
3.976891999999999872e+00 2.437486700000000184e+01 9.586218211497796182e-02
3.981634999999999813e+00 2.458245399999999847e+01 9.659472566415207295e-02
3.986378000000000199e+00 2.442792100000000133e+01 9.661659274845547929e-02
3.991121000000000141e+00 2.438822700000000054e+01 9.686471277629433996e-02
3.995864000000000082e+00 2.435446099999999703e+01 9.712635971191393991e-02
4.000606999999999580e+00 2.415680499999999853e+01 9.705977003444063445e-02
4.005349999999999966e+00 2.438248499999999908e+01 9.784462726268775001e-02
4.010092000000000212e+00 2.440375300000000180e+01 9.822124225359399330e-02
4.014834999999999710e+00 2.440945400000000021e+01 9.856829165744225574e-02
4.019578000000000095e+00 2.437155999999999523e+01 9.882933449166851625e-02
4.024320999999999593e+00 2.462818999999999647e+01 9.968860634711371183e-02
4.029063999999999979e+00 2.464096199999999826e+01 1.000579398985188134e-01
4.033807000000000365e+00 2.426150899999999666e+01 9.962620584346218444e-02
4.038549999999999862e+00 2.427336600000000288e+01 9.999523882480355896e-02
4.043293000000000248e+00 2.448678199999999805e+01 1.007814312812901070e-01
4.048034999999999606e+00 2.432518100000000061e+01 1.007970866761386253e-01
4.052777999999999992e+00 2.453757399999999933e+01 1.015882293623114607e-01
4.057521000000000377e+00 2.436544100000000412e+01 1.015845004526123585e-01
4.062263999999999875e+00 2.439462299999999573e+01 1.020008975019220110e-01
4.067007000000000261e+00 2.444548699999999997e+01 1.024654257201847579e-01
4.071749999999999758e+00 2.462214300000000122e+01 1.031967267042240011e-01
4.076493000000000144e+00 2.447662899999999908e+01 1.032541460632409730e-01
4.081235000000000390e+00 2.446089899999999773e+01 1.035857714663080548e-01
4.085977999999999888e+00 2.463213400000000064e+01 1.043167693361422010e-01
4.090721000000000274e+00 2.442400299999999902e+01 1.042446654200352707e-01
4.095463999999999771e+00 2.446706800000000115e+01 1.047091812361590490e-01
4.100207000000000157e+00 2.453214399999999529e+01 1.052238227399713011e-01
4.104949999999999655e+00 2.446487099999999515e+01 1.054579106837618963e-01
4.109693000000000040e+00 2.459821300000000122e+01 1.061259704925090197e-01
4.114436000000000426e+00 2.446888399999999564e+01 1.062290345388312296e-01
4.119177999999999784e+00 2.448986999999999981e+01 1.066610346414945398e-01
4.123921000000000170e+00 2.432275900000000135e+01 1.066834622931370768e-01
4.128663999999999668e+00 2.443572599999999895e+01 1.073224379891180857e-01
4.133407000000000053e+00 2.434500199999999737e+01 1.075166228852418027e-01
4.138150000000000439e+00 2.449721699999999913e+01 1.082493772081373207e-01
4.142892999999999937e+00 2.464537199999999828e+01 1.089779017881946643e-01
4.147636000000000323e+00 2.450713799999999765e+01 1.090748547916553512e-01
4.152377999999999680e+00 2.465306899999999501e+01 1.098078119137923664e-01
4.157121000000000066e+00 2.436642300000000105e+01 1.095757533754160296e-01
4.161863999999999564e+00 2.443986099999999695e+01 1.101533624065961225e-01
4.166606999999999950e+00 2.435388299999999973e+01 1.103744865150429605e-01
4.171350000000000335e+00 2.441235100000000457e+01 1.109252153433889082e-01
4.176092999999999833e+00 2.445814700000000386e+01 1.114584658841265563e-01
4.180836000000000219e+00 2.436539700000000153e+01 1.118257258440976953e-01
4.185577999999999577e+00 2.451318299999999795e+01 1.124752325240037099e-01
4.190320999999999962e+00 2.434953300000000098e+01 1.124912846595188531e-01
4.195064000000000348e+00 2.436593000000000231e+01 1.129652133426835015e-01
4.199806999999999846e+00 2.440502400000000449e+01 1.134955023997237661e-01
4.204550000000000232e+00 2.445587800000000200e+01 1.140584445656081247e-01
4.209292999999999729e+00 2.450099799999999917e+01 1.146129636531880297e-01
4.214036000000000115e+00 2.446643999999999863e+01 1.149836347933648473e-01
4.218778999999999613e+00 2.447268799999999800e+01 1.154553691960794187e-01
4.223520999999999859e+00 2.468009800000000098e+01 1.164060553433217959e-01
4.228264000000000244e+00 2.456661400000000128e+01 1.166046578871727524e-01
4.233006999999999742e+00 2.446314999999999529e+01 1.168271543192001272e-01
4.237750000000000128e+00 2.451962899999999834e+01 1.174358281350606353e-01
4.242492999999999626e+00 2.450813800000000242e+01 1.178870653006109104e-01
4.247236000000000011e+00 2.459328899999999862e+01 1.185743881215235163e-01
4.251979000000000397e+00 2.452806100000000100e+01 1.189096858175031218e-01
4.256720999999999755e+00 2.454435199999999639e+01 1.196429668119802087e-01
4.261464000000000141e+00 2.447116700000000122e+01 1.197949030955703931e-01
4.266206999999999638e+00 2.441503599999999707e+01 1.201189583123288551e-01
4.270950000000000024e+00 2.459941199999999739e+01 1.210798469952844708e-01
4.275693000000000410e+00 2.444594500000000181e+01 1.212117788927825207e-01
4.280435999999999908e+00 2.453455899999999446e+01 1.219494124440954341e-01
4.285179000000000293e+00 2.462241399999999913e+01 1.226911476939322593e-01
4.289921999999999791e+00 2.452417100000000261e+01 1.229736419771261247e-01
4.294664000000000037e+00 2.446823600000000098e+01 1.233669692715720495e-01
4.299407000000000423e+00 2.433664800000000383e+01 1.235705871734172068e-01
4.304149999999999920e+00 2.436342100000000244e+01 1.241812538505518565e-01
4.308893000000000306e+00 2.446494499999999661e+01 1.249912538442890381e-01
4.313635999999999804e+00 2.453220800000000423e+01 1.257186244727013236e-01
4.318379000000000190e+00 2.439599199999999968e+01 1.259305031463925917e-01
4.323121999999999687e+00 2.429334599999999966e+01 1.263201135488521420e-01
4.327863999999999933e+00 2.444673800000000341e+01 1.272666518332516428e-01
4.332607000000000319e+00 2.445267299999999722e+01 1.278002912639861766e-01
4.337349999999999817e+00 2.443572000000000344e+01 1.283446772192652907e-01
4.342093000000000202e+00 2.431565499999999957e+01 1.286218736390031814e-01
4.346835999999999700e+00 2.442961199999999877e+01 1.295239466423738217e-01
4.351579000000000086e+00 2.452187500000000497e+01 1.303769063690337904e-01
4.356321999999999584e+00 2.439805500000000293e+01 1.306627061655298849e-01
4.361063999999999830e+00 2.459585599999999772e+01 1.318165165149701445e-01
4.365807000000000215e+00 2.452085699999999946e+01 1.322478224016974124e-01
4.370549999999999713e+00 2.431720899999999830e+01 1.323333598093307528e-01
4.375293000000000099e+00 2.455885699999999972e+01 1.336370822841665418e-01
4.380035999999999596e+00 2.446620599999999968e+01 1.341011081522203718e-01
4.384778999999999982e+00 2.434844000000000008e+01 1.344934035740749656e-01
4.389522000000000368e+00 2.437518499999999833e+01 1.351227851934398982e-01
4.394264999999999866e+00 2.435912400000000133e+01 1.357413611918898699e-01
4.399007000000000112e+00 2.442124500000000253e+01 1.361809359686714793e-01
4.403749999999999609e+00 2.415793400000000091e+01 1.355380419503472988e-01
4.408492999999999995e+00 2.439529199999999776e+01 1.362945428475388354e-01
4.413236000000000381e+00 2.460808000000000106e+01 1.369795235440560144e-01
4.417978999999999878e+00 2.441099700000000183e+01 1.365214173749327853e-01
4.422722000000000264e+00 2.454813600000000307e+01 1.369968769936990016e-01
4.427464999999999762e+00 2.432774900000000073e+01 1.364680304537560784e-01
4.432207000000000008e+00 2.438594600000000057e+01 1.367216776811592538e-01
4.436950000000000394e+00 2.451997399999999772e+01 1.372618325012456009e-01
4.441692999999999891e+00 2.441982700000000150e+01 1.376011048292319905e-01
4.446436000000000277e+00 2.456842100000000073e+01 1.387264103682989969e-01
4.451178999999999775e+00 2.442009099999999933e+01 1.390197069412592301e-01
4.455922000000000160e+00 2.438619299999999868e+01 1.396449802465316026e-01
4.460664999999999658e+00 2.466932999999999510e+01 1.411910923037965615e-01
4.465408000000000044e+00 2.454558399999999807e+01 1.415820420720170225e-01
4.470150000000000290e+00 2.450133399999999639e+01 1.422094149440081834e-01
4.474892999999999788e+00 2.460237699999999705e+01 1.432702964202841878e-01
4.479636000000000173e+00 2.456557500000000260e+01 1.439404898107523312e-01
4.484378999999999671e+00 2.461423199999999767e+01 1.448740301506677708e-01
4.489122000000000057e+00 2.461164200000000335e+01 1.456685112716296637e-01
4.493865000000000443e+00 2.470858400000000188e+01 1.467706997431074412e-01
4.498607999999999940e+00 2.467223999999999862e+01 1.474897967529689713e-01
4.503350000000000186e+00 2.456833400000000012e+01 1.480170186447970493e-01
4.508092999999999684e+00 2.448068999999999917e+01 1.486025348257720702e-01
4.512836000000000070e+00 2.452703899999999848e+01 1.496070113552088743e-01
4.517578999999999567e+00 2.454296899999999582e+01 1.505332848701233239e-01
4.522321999999999953e+00 2.456893899999999320e+01 1.515047777259984352e-01
4.527065000000000339e+00 2.445177500000000492e+01 1.520481635773796580e-01
4.531807999999999836e+00 2.442578500000000119e+01 1.528872807074640183e-01
4.536551000000000222e+00 2.452468700000000013e+01 1.541318415136632425e-01
4.541292999999999580e+00 2.449561100000000025e+01 1.549923005188506286e-01
4.546035999999999966e+00 2.468663299999999694e+01 1.565681717068680145e-01
4.550779000000000352e+00 2.452920899999999804e+01 1.570523574077609952e-01
4.555521999999999849e+00 2.424712899999999394e+01 1.571441963197524605e-01
4.560265000000000235e+00 2.437889499999999998e+01 1.585856562102988809e-01
4.565007999999999733e+00 2.449658900000000017e+01 1.600082130739241271e-01
4.569751000000000118e+00 2.476015299999999897e+01 1.619273596688110550e-01
4.574493000000000364e+00 2.493580700000000405e+01 1.635879970497844949e-01
4.579235999999999862e+00 2.477825500000000147e+01 1.641726071161364597e-01
4.583979000000000248e+00 2.469693799999999939e+01 1.650241602203277314e-01
4.588721999999999746e+00 2.471127999999999858e+01 1.662163712196719767e-01
4.593465000000000131e+00 2.474334400000000400e+01 1.674907395836766899e-01
4.598207999999999629e+00 2.471725200000000200e+01 1.685909640788411101e-01
4.602951000000000015e+00 2.467958000000000141e+01 1.696752837566594674e-01
4.607693000000000261e+00 2.449583700000000164e+01 1.702748370701252512e-01
4.612435999999999758e+00 2.473713000000000051e+01 1.723749951644402700e-01
4.617179000000000144e+00 2.448534400000000488e+01 1.727781660525050111e-01
4.621921999999999642e+00 2.474306000000000338e+01 1.750048040591880294e-01
4.626665000000000028e+00 2.460246000000000066e+01 1.758507852302624852e-01
4.631408000000000413e+00 2.440099400000000074e+01 1.764950333776370006e-01
4.636150999999999911e+00 2.495387099999999947e+01 1.798964721908428710e-01
4.640894000000000297e+00 2.447899700000000323e+01 1.796089896602494629e-01
4.645635999999999655e+00 2.485099600000000208e+01 1.824402838458894227e-01
4.650379000000000040e+00 2.485463499999999826e+01 1.839634124444216867e-01
4.655122000000000426e+00 2.444287000000000276e+01 1.839671011187495042e-01
4.659864999999999924e+00 2.479105200000000053e+01 1.868531627099651315e-01
4.664608000000000310e+00 2.522248999999999697e+01 1.901076210388947252e-01
4.669350999999999807e+00 2.457346999999999682e+01 1.892982188106935026e-01
4.674094000000000193e+00 2.472666899999999757e+01 1.915898892717126101e-01
4.678836000000000439e+00 2.474341499999999883e+01 1.933996918936038700e-01
4.683578999999999937e+00 2.444655699999999854e+01 1.940163644775288188e-01
4.688322000000000322e+00 2.497491000000000128e+01 1.979488074012026033e-01
4.693064999999999820e+00 2.452868899999999996e+01 1.980559746101172303e-01
4.697808000000000206e+00 2.445318100000000072e+01 1.996801005376805382e-01
4.702550999999999704e+00 2.446665700000000143e+01 2.017256001800492859e-01
4.707294000000000089e+00 2.482931299999999908e+01 2.052766814197489464e-01
4.712036999999999587e+00 2.513548800000000227e+01 2.086735375945210913e-01
4.716778999999999833e+00 2.484347799999999751e+01 2.096444655735650586e-01
4.721522000000000219e+00 2.467045399999999944e+01 2.111584493815703567e-01
4.726264999999999716e+00 2.484566200000000080e+01 2.142344367086316537e-01
4.731008000000000102e+00 2.469868699999999961e+01 2.159948204365831348e-01
4.735750999999999600e+00 2.466608599999999996e+01 2.183276984931847853e-01
4.740493999999999986e+00 2.457033200000000051e+01 2.204536602500607179e-01
4.745237000000000371e+00 2.515054199999999796e+01 2.257087045923575064e-01
4.749978999999999729e+00 2.470457700000000045e+01 2.264413409593674376e-01
4.754722000000000115e+00 2.473553899999999928e+01 2.294266164660501983e-01
4.759464999999999613e+00 2.493233199999999883e+01 2.332984429589638753e-01
4.764207999999999998e+00 2.466747900000000016e+01 2.351113777018186135e-01
4.768951000000000384e+00 2.464854500000000215e+01 2.381951670602336368e-01
4.773693999999999882e+00 2.491554799999999759e+01 2.428084262219478706e-01
4.778437000000000268e+00 2.491323499999999669e+01 2.462594307414645856e-01
4.783178999999999625e+00 2.472654399999999697e+01 2.489296487286307702e-01
4.787922000000000011e+00 2.453405099999999806e+01 2.517000878129749819e-01
4.792665000000000397e+00 2.482237799999999694e+01 2.571063422513826247e-01
4.797407999999999895e+00 2.465296000000000021e+01 2.603314646506124652e-01
4.802151000000000280e+00 2.470388799999999918e+01 2.649060380919797675e-01
4.806893999999999778e+00 2.496592199999999906e+01 2.708543711315429259e-01
4.811637000000000164e+00 2.474022899999999936e+01 2.743860169775130808e-01
4.816379999999999661e+00 2.476666099999999915e+01 2.795492770085611922e-01
4.821121999999999908e+00 2.438077399999999884e+01 2.826181842424989599e-01
4.825865000000000293e+00 2.502147799999999833e+01 2.919427576799893398e-01
4.830607999999999791e+00 2.514608499999999935e+01 2.986565457338933305e-01
4.835351000000000177e+00 2.526949200000000317e+01 3.057693143271568159e-01
4.840093999999999674e+00 2.513612299999999777e+01 3.117427715575038505e-01
4.844837000000000060e+00 2.547493300000000005e+01 3.211320123716575603e-01
4.849579999999999558e+00 2.485389799999999738e+01 3.249188726753495238e-01
4.854321999999999804e+00 2.541691300000000098e+01 3.369805290964152933e-01
4.859065000000000190e+00 2.503152200000000249e+01 3.434197710237283374e-01
4.863807999999999687e+00 2.538200599999999696e+01 3.556481403306644973e-01
4.868551000000000073e+00 2.493494499999999903e+01 3.631127074268539201e-01
4.873293999999999571e+00 2.406899399999999645e+01 3.681624290199096428e-01
4.878036999999999956e+00 2.446326400000000234e+01 3.838527180356158253e-01
4.882780000000000342e+00 2.473010699999999673e+01 4.000681675236983925e-01
4.887522999999999840e+00 2.484736399999999890e+01 4.168520629649083986e-01
4.892265000000000086e+00 2.518258600000000058e+01 4.376224632940703962e-01
4.897007999999999583e+00 2.457336300000000051e+01 4.525175851472735822e-01
4.901750999999999969e+00 2.455939500000000209e+01 4.757067712813114468e-01
4.906494000000000355e+00 2.526702399999999926e+01 5.102290124902151280e-01
4.911236999999999853e+00 2.467958300000000094e+01 5.369763554996066501e-01
4.915980000000000238e+00 2.507135900000000461e+01 5.814678788292179101e-01
4.920722999999999736e+00 2.588273700000000233e+01 6.424403830523420789e-01
4.925464999999999982e+00 2.753178100000000228e+01 7.326974006695123887e-01
4.930208000000000368e+00 2.693062699999999765e+01 8.218234780416654450e-01
4.934950999999999866e+00 2.558687699999999765e+01 9.480835205233185681e-01
4.939694000000000251e+00 2.418582500000000124e+01 1.190299530379945958e+00
4.944436999999999749e+00 8.053333399999997866e+00 1.189991621496201857e+00