# [10] Sgs_R02_0.1
# Sample c= 1.0 mg/ml
#
# Number of frames collected: 10
# Exposure time per frame: 0.5
# No significant radiation damage detected, merging 10 files
# Merged from: /data/visitor/mx1905/bm29/20170412/Poker/1d/Sxl_10gs_085_00001.dat
# Merged from: /data/visitor/mx1905/bm29/20170412/Poker/1d/Sxl_10gs_085_00002.dat
# Merged from: /data/visitor/mx1905/bm29/20170412/Poker/1d/Sxl_10gs_085_00003.dat
# Merged from: /data/visitor/mx1905/bm29/20170412/Poker/1d/Sxl_10gs_085_00004.dat
# Merged from: /data/visitor/mx1905/bm29/20170412/Poker/1d/Sxl_10gs_085_00005.dat
# Merged from: /data/visitor/mx1905/bm29/20170412/Poker/1d/Sxl_10gs_085_00006.dat
# Merged from: /data/visitor/mx1905/bm29/20170412/Poker/1d/Sxl_10gs_085_00007.dat
# Merged from: /data/visitor/mx1905/bm29/20170412/Poker/1d/Sxl_10gs_085_00008.dat
# Merged from: /data/visitor/mx1905/bm29/20170412/Poker/1d/Sxl_10gs_085_00009.dat
# Merged from: /data/visitor/mx1905/bm29/20170412/Poker/1d/Sxl_10gs_085_00010.dat
#
# Sample Information:
# Storage Temperature (degrees C): 20.0
# Measurement Temperature (degrees C): 20.03
# Concentration: 1.0
# Code: 
3.082862000000000102e-02 6.228188900000000103e+02 8.231126422355568906e+00
3.557148999999999728e-02 1.542003499999999804e+03 5.340276472315641954e+00
4.031434999999999880e-02 1.682731699999999819e+03 3.674830065899081344e+00
4.505722000000000199e-02 1.098449360000000070e+03 2.111245862207268065e+00
4.980007999999999657e-02 7.332828700000001163e+02 1.544624188040654156e+00
5.454294999999999977e-02 5.228585099999999102e+02 1.227053540378173491e+00
5.928581000000000129e-02 3.846986899999999423e+02 1.000609491893186043e+00
6.402868000000000448e-02 3.042763300000000299e+02 8.484686839891322219e-01
6.877154000000000600e-02 2.490898700000000190e+02 7.374112743806267023e-01
7.351441000000000225e-02 2.077578900000000033e+02 6.489405686082123648e-01
7.825727999999999851e-02 1.766165100000000052e+02 5.759773244892978372e-01
8.300014000000000003e-02 1.537003499999999860e+02 5.201362799457273089e-01
8.774300999999999628e-02 1.372639200000000130e+02 4.769291420968319040e-01
9.248586999999999780e-02 1.250479600000000175e+02 4.423749626358955966e-01
9.722873999999999406e-02 1.138788899999999984e+02 4.099027500568518390e-01
1.019715999999999956e-01 1.053746199999999789e+02 3.842727141684145198e-01
1.067145000000000038e-01 9.885564199999998891e+01 3.633029397640900049e-01
1.114572999999999953e-01 9.332215800000000172e+01 3.449986115071334569e-01
1.162002000000000035e-01 8.883010099999998488e+01 3.292389000908307328e-01
1.209430999999999978e-01 8.531267099999999459e+01 3.158835490891822029e-01
1.256858999999999893e-01 8.236397700000000555e+01 3.041788441844951452e-01
1.304288000000000114e-01 8.032853199999999561e+01 2.946441815371808604e-01
1.351717000000000057e-01 7.806207899999999711e+01 2.850210404255961172e-01
1.399144999999999972e-01 7.568593799999999305e+01 2.755585421234437171e-01
1.446573999999999915e-01 7.336214699999999311e+01 2.665841619171926413e-01
1.494003000000000136e-01 7.187351899999998750e+01 2.594542963208957831e-01
1.541431000000000051e-01 7.171763500000000136e+01 2.553799983656588335e-01
1.588859999999999995e-01 7.004617499999999097e+01 2.483933655557291897e-01
1.636287999999999909e-01 6.883789899999999307e+01 2.424929503761414362e-01
1.683717000000000130e-01 6.765179399999999532e+01 2.368554945761066899e-01
1.731146000000000074e-01 6.670920300000000225e+01 2.318273239425023002e-01
1.778573999999999988e-01 6.601108500000000845e+01 2.273725418913357110e-01
1.826002999999999932e-01 6.534061099999999556e+01 2.231442963512721978e-01
1.873431999999999875e-01 6.425963699999999790e+01 2.183749129672355738e-01
1.920860000000000067e-01 6.382540300000000855e+01 2.148271714284680500e-01
1.968289000000000011e-01 6.325167199999999923e+01 2.111556691869370395e-01
2.015717999999999954e-01 6.290926399999999319e+01 2.080053948651957307e-01
2.063145999999999869e-01 6.210254500000000633e+01 2.041899063509751699e-01
2.110575000000000090e-01 6.191887599999999026e+01 2.012931998314791693e-01
2.158004000000000033e-01 6.140798099999999238e+01 1.981626737582206643e-01
2.205431999999999948e-01 6.099405299999999386e+01 1.953063096203599414e-01
2.252860999999999891e-01 6.045182099999999537e+01 1.923365976296619873e-01
2.300290000000000112e-01 6.047873999999999484e+01 1.903381477842726044e-01
2.347718000000000027e-01 5.997088399999999808e+01 1.875551569571269062e-01
2.395146999999999970e-01 5.985555200000001008e+01 1.854575696408609642e-01
2.442575999999999914e-01 5.942247999999999308e+01 1.829299342409650697e-01
2.490004000000000106e-01 5.912691700000000594e+01 1.806719955801036614e-01
2.537433000000000050e-01 5.861759800000000098e+01 1.781404358121024545e-01
2.584861999999999993e-01 5.814817899999999185e+01 1.757511024977493619e-01
2.632289999999999908e-01 5.798783499999999691e+01 1.738942275975763896e-01
2.679718999999999851e-01 5.788350100000000253e+01 1.721643213992768706e-01
2.727146999999999766e-01 5.761602100000000348e+01 1.702282906980799038e-01
2.774576000000000264e-01 5.731385000000000218e+01 1.683374485636496831e-01
2.822005000000000208e-01 5.724908200000000136e+01 1.668724724885129185e-01
2.869433000000000122e-01 5.688087199999999655e+01 1.649211906286763285e-01
2.916862000000000066e-01 5.661013499999999965e+01 1.631441240619744271e-01
2.964291000000000009e-01 5.647027999999998826e+01 1.616008241199558548e-01
3.011718999999999924e-01 5.600370600000000110e+01 1.596310542932856125e-01
3.059147999999999867e-01 5.618360599999999749e+01 1.586155444347220889e-01
3.106576999999999811e-01 5.574710699999999264e+01 1.567526411964538513e-01
3.154004999999999725e-01 5.561964100000000144e+01 1.553673596277274638e-01
3.201434000000000224e-01 5.508832999999999913e+01 1.534569025803163567e-01
3.248863000000000167e-01 5.501642199999999860e+01 1.522107205717012079e-01
3.296291000000000082e-01 5.464614700000000624e+01 1.505721387548546453e-01
3.343720000000000026e-01 5.455596000000000600e+01 1.493544505318442073e-01
3.391148999999999969e-01 5.459637199999999524e+01 1.499034772895792567e-01
3.438576999999999884e-01 5.462154899999999458e+01 1.518756867574991287e-01
3.486005999999999827e-01 5.431982699999998943e+01 1.553111352654222843e-01
3.533434999999999770e-01 5.418143300000000551e+01 1.579585419145023706e-01
3.580863000000000240e-01 5.414881800000000567e+01 1.598740213834545787e-01
3.628292000000000184e-01 5.382338000000000022e+01 1.609648366520476936e-01
3.675720000000000098e-01 5.367354099999998596e+01 1.620636551723133867e-01
3.723149000000000042e-01 5.348191200000000123e+01 1.629646730482487149e-01
3.770577999999999985e-01 5.274531500000000506e+01 1.629216477385666551e-01
3.818005999999999900e-01 5.253521100000000388e+01 1.634643383377851755e-01
3.865434999999999843e-01 5.249257400000000473e+01 1.642041694936154650e-01
3.912863999999999787e-01 5.229199400000000253e+01 1.645473640417095540e-01
3.960292000000000256e-01 5.230841699999999861e+01 1.652494140395366073e-01
4.007721000000000200e-01 5.222088499999999556e+01 1.658168766271211070e-01
4.055150000000000143e-01 5.229486499999999438e+01 1.716533580042997609e-01
4.102578000000000058e-01 5.205029399999999384e+01 1.757171740288859807e-01
4.150007000000000001e-01 5.196038600000000685e+01 1.794097197286724232e-01
4.197435999999999945e-01 5.158563000000000187e+01 1.815148865555580304e-01
4.244863999999999860e-01 5.145153300000000485e+01 1.842140550696173273e-01
4.292292999999999803e-01 5.096693100000000243e+01 1.861454174622993452e-01
4.339721999999999746e-01 5.083582400000000234e+01 1.887522448143194864e-01
4.387150000000000216e-01 5.112754799999999733e+01 1.920545953415803975e-01
4.434579000000000160e-01 5.075961300000000165e+01 1.941735848375682194e-01
4.482008000000000103e-01 5.020313499999999607e+01 1.963668028894815509e-01
4.529436000000000018e-01 4.978548899999999122e+01 1.987354733250541183e-01
4.576864999999999961e-01 4.988535199999999747e+01 2.010121749659850854e-01
4.624293999999999905e-01 4.976147099999999313e+01 2.024348976132136768e-01
4.671721999999999819e-01 4.976802899999999852e+01 2.014480692604317391e-01
4.719150999999999763e-01 4.995771200000000078e+01 1.938874870987901122e-01
4.766579000000000232e-01 4.971884399999999715e+01 1.897816662911367691e-01
4.814008000000000176e-01 4.962571299999999752e+01 1.871953067389270919e-01
4.861437000000000119e-01 4.907873199999999514e+01 1.843282654630271356e-01
4.908865000000000034e-01 4.863048100000000318e+01 1.819885576695309815e-01
4.956293999999999977e-01 4.850691500000000644e+01 1.804780878838965763e-01
5.003722999999999921e-01 4.834111699999999701e+01 1.790364012487251355e-01
5.051151000000000391e-01 4.822043000000000035e+01 1.777982224673576583e-01
5.098580000000000334e-01 4.806869400000000070e+01 1.765953365368392314e-01
5.146009000000000277e-01 4.790200800000000925e+01 1.754377511027279124e-01
5.193436999999999637e-01 4.748747600000000091e+01 1.738777398490810311e-01
5.240865999999999580e-01 4.735967299999999369e+01 1.728957038932532331e-01
5.288294999999999524e-01 4.735659900000000277e+01 1.721823217853183097e-01
5.335722999999999994e-01 4.716326700000000471e+01 1.708202137519977404e-01
5.383151999999999937e-01 4.696780499999999847e+01 1.692356300454109230e-01
5.430580999999999881e-01 4.675430200000000269e+01 1.676743421372870468e-01
5.478009000000000350e-01 4.646011700000000388e+01 1.660188874008629301e-01
5.525438000000000294e-01 4.627743200000000456e+01 1.646072217059190712e-01
5.572867000000000237e-01 4.629451999999999146e+01 1.635821343408937201e-01
5.620294999999999597e-01 4.612871499999999259e+01 1.622706735687791946e-01
5.667723999999999540e-01 4.588752099999999956e+01 1.608623662203556015e-01
5.715152000000000010e-01 4.551050599999999946e+01 1.592492356849507795e-01
5.762580999999999953e-01 4.514003399999999999e+01 1.576732977148435910e-01
5.810009999999999897e-01 4.527651600000000087e+01 1.570514683471456729e-01
5.857438000000000367e-01 4.521252899999999642e+01 1.564712944263991767e-01
5.904867000000000310e-01 4.502042000000000144e+01 1.557630831520854797e-01
5.952296000000000253e-01 4.480907000000000551e+01 1.550220104761227125e-01
5.999723999999999613e-01 4.480291900000000993e+01 1.548044203848636946e-01
6.047152999999999556e-01 4.445865899999999726e+01 1.538186187875463240e-01
6.094581999999999500e-01 4.432576200000000455e+01 1.530960126608511829e-01
6.142009999999999970e-01 4.400375200000000575e+01 1.523243816816021168e-01
6.189438999999999913e-01 4.410722799999999921e+01 1.520080929724634822e-01
6.236867999999999856e-01 4.386463899999999683e+01 1.512397985448106219e-01
6.284296000000000326e-01 4.364060199999999412e+01 1.505098902413535833e-01
6.331725000000000270e-01 4.340576800000000901e+01 1.497611059758297281e-01
6.379154000000000213e-01 4.341289899999999591e+01 1.494336535925268328e-01
6.426581999999999573e-01 4.332876200000000466e+01 1.489538637091690210e-01
6.474010999999999516e-01 4.324312700000000120e+01 1.484755087079801805e-01
6.521439999999999459e-01 4.313425199999999649e+01 1.479563719943186306e-01
6.568867999999999929e-01 4.278412700000001223e+01 1.470274641514768277e-01
6.616296999999999873e-01 4.239068699999999978e+01 1.460282451926369629e-01
6.663725999999999816e-01 4.223356700000000785e+01 1.454393605872423278e-01
6.711154000000000286e-01 4.213252100000000411e+01 1.449465322860588601e-01
6.758583000000000229e-01 4.207995700000000028e+01 1.445403992793360959e-01
6.806010999999999589e-01 4.215593799999999902e+01 1.443585475934992812e-01
6.853439999999999532e-01 4.174613500000000244e+01 1.433477246695279983e-01
6.900868999999999476e-01 4.156035200000000174e+01 1.427204643748495594e-01
6.948296999999999946e-01 4.138616700000000037e+01 1.421160634017390179e-01
6.995725999999999889e-01 4.129903399999999181e+01 1.416654336570897510e-01
7.043154999999999832e-01 4.123743600000000953e+01 1.412619552765050079e-01
7.090583000000000302e-01 4.114513300000000129e+01 1.408053137335754101e-01
7.138012000000000246e-01 4.083671700000000726e+01 1.399811350622572337e-01
7.185441000000000189e-01 4.068364400000000103e+01 1.394273909434125547e-01
7.232868999999999549e-01 4.082456000000000529e+01 1.393796299732321109e-01
7.280297999999999492e-01 4.050310100000000091e+01 1.385413636012064742e-01
7.327727000000000546e-01 4.026384199999999680e+01 1.378451950340439103e-01
7.375154999999999905e-01 4.023266199999999060e+01 1.375094464573983211e-01
7.422583999999999849e-01 4.007006100000000259e+01 1.369517338350150215e-01
7.470012999999999792e-01 3.998179700000000736e+01 1.365212164786697158e-01
7.517441000000000262e-01 3.986980499999999950e+01 1.360517210344995842e-01
7.564870000000000205e-01 3.974935000000000684e+01 1.355720283405633109e-01
7.612299000000000149e-01 3.952697600000000477e+01 1.349212203622762174e-01
7.659726999999999508e-01 3.927877999999999759e+01 1.342265324466102028e-01
7.707155999999999452e-01 3.915530100000000147e+01 1.337461339565095553e-01
7.754585000000000505e-01 3.911232900000000257e+01 1.334077700432081404e-01
7.802012999999999865e-01 3.920069299999999402e+01 1.334261374454240867e-01
7.849441999999999808e-01 3.896171099999999399e+01 1.327096405486530573e-01
7.896870000000000278e-01 3.885291600000000045e+01 1.321765585342567495e-01
7.944299000000000222e-01 3.833555199999999985e+01 1.310368563875236592e-01
7.991728000000000165e-01 3.849383200000000471e+01 1.310517164277709978e-01
8.039155999999999525e-01 3.824967899999999332e+01 1.303809253059867723e-01
8.086584999999999468e-01 3.795074799999999726e+01 1.296171940369695019e-01
8.134014000000000522e-01 3.808819799999999134e+01 1.296012309082305580e-01
8.181441999999999881e-01 3.798652799999999274e+01 1.292776351676077906e-01
8.228870999999999825e-01 3.768753299999999484e+01 1.284288442980286993e-01
8.276299999999999768e-01 3.782605900000000076e+01 1.284123500755912362e-01
8.323728000000000238e-01 3.767538899999999558e+01 1.279125479693989931e-01
8.371157000000000181e-01 3.751232800000000367e+01 1.273946616204674476e-01
8.418586000000000125e-01 3.741246800000000405e+01 1.269843130493664707e-01
8.466013999999999484e-01 3.707799200000000184e+01 1.261757789337937807e-01
8.513443000000000538e-01 3.725998999999999484e+01 1.262482151704514277e-01
8.560872000000000481e-01 3.701197900000000374e+01 1.255930326708531997e-01
8.608299999999999841e-01 3.672964399999999330e+01 1.248798809818851552e-01
8.655728999999999784e-01 3.690492400000000828e+01 1.249438811832096069e-01
8.703157999999999728e-01 3.672642299999999693e+01 1.244110949229931123e-01
8.750586000000000197e-01 3.656875300000000095e+01 1.239156945725556486e-01
8.798015000000000141e-01 3.644785700000000617e+01 1.234835621619136681e-01
8.845442999999999500e-01 3.631315700000000390e+01 1.230283253281251599e-01
8.892872000000000554e-01 3.616578699999999458e+01 1.225544667202016075e-01
8.940301000000000498e-01 3.608806700000000944e+01 1.222011491818526252e-01
8.987728999999999857e-01 3.606901200000000074e+01 1.219476459976054639e-01
9.035157999999999801e-01 3.588888500000000192e+01 1.214217099106737197e-01
9.082586999999999744e-01 3.567496299999999820e+01 1.208419283561173591e-01
9.130015000000000214e-01 3.566543199999999558e+01 1.206099355382507510e-01
9.177444000000000157e-01 3.560490799999999467e+01 1.202925110869126624e-01
9.224873000000000101e-01 3.549962699999999671e+01 1.198993531240994670e-01
9.272300999999999460e-01 3.505586699999999922e+01 1.189362816652042437e-01
9.319730000000000514e-01 3.510577299999999923e+01 1.188111518214380463e-01
9.367159000000000457e-01 3.506784100000000137e+01 1.185379837905761874e-01
9.414586999999999817e-01 3.485478899999999669e+01 1.179684214953069521e-01
9.462015999999999760e-01 3.483519299999999674e+01 1.177287919090814483e-01
9.509444999999999704e-01 3.494583800000000195e+01 1.177107277934721641e-01
9.556873000000000173e-01 3.458764500000000197e+01 1.169025391683918835e-01
9.604302000000000117e-01 3.463626099999999752e+01 1.167806232521397397e-01
9.651731000000000060e-01 3.458263600000000082e+01 1.164887350439230279e-01
9.699159000000000530e-01 3.447279999999999234e+01 1.161040144468540730e-01
9.746588000000000473e-01 3.426317099999999982e+01 1.155521422139139665e-01
9.794017000000000417e-01 3.418813899999999961e+01 1.152268576877725909e-01
9.841444999999999776e-01 3.406924400000000475e+01 1.148301937836307962e-01
9.888873999999999720e-01 3.404666100000000029e+01 1.145978493169858697e-01
9.936302000000000190e-01 3.387842400000000254e+01 1.141211740374576539e-01
9.983731000000000133e-01 3.396448300000000131e+01 1.140718506865541215e-01
1.003115999999999897e+00 3.380755200000000116e+01 1.136164412406351493e-01
1.007859000000000060e+00 3.365984899999999413e+01 1.131785281926183107e-01
1.012602000000000002e+00 3.361135900000000021e+01 1.129083248595049299e-01
1.017344999999999944e+00 3.351218399999999775e+01 1.125524031601342623e-01
1.022086999999999968e+00 3.341532000000000124e+01 1.122029553906834509e-01
1.026829999999999909e+00 3.336099399999999804e+01 1.119267950557881336e-01
1.031573000000000073e+00 3.327848200000000389e+01 1.116040175248736305e-01
1.036316000000000015e+00 3.306246700000000516e+01 1.110570915813996890e-01
1.041058999999999957e+00 3.309876200000000779e+01 1.109358239427800930e-01
1.045801999999999898e+00 3.294047300000000433e+01 1.104897409473006159e-01
1.050545000000000062e+00 3.298494499999999618e+01 1.103845148203125570e-01
1.055287000000000086e+00 3.281726700000000108e+01 1.099233510441239431e-01
1.060030000000000028e+00 3.273186199999999957e+01 1.096026155792921841e-01
1.064772999999999969e+00 3.263917500000000160e+01 1.092710560820810556e-01
1.069515999999999911e+00 3.254271899999999818e+01 1.089343500485278476e-01
1.074259000000000075e+00 3.235358599999999285e+01 1.084418126277576500e-01
1.079002000000000017e+00 3.236823800000000517e+01 1.082928375225891832e-01
1.083744999999999958e+00 3.232816400000000101e+01 1.080770279378333171e-01
1.088487999999999900e+00 3.234185499999999536e+01 1.079522924948437546e-01
1.093229999999999924e+00 3.208856799999999510e+01 1.073104180872165025e-01
1.097973000000000088e+00 3.216027900000000272e+01 1.072604119269178480e-01
1.102716000000000030e+00 3.216520300000000532e+01 1.071002423290124961e-01
1.107458999999999971e+00 3.198301300000000680e+01 1.066291894198563017e-01
1.112201999999999913e+00 3.187948000000000093e+01 1.062886210005229010e-01
1.116945000000000077e+00 3.181774499999999506e+01 1.060200401406135307e-01
1.121688000000000018e+00 3.168597699999999762e+01 1.056359337299576373e-01
1.126430000000000042e+00 3.180468499999999565e+01 1.056698031146921235e-01
1.131172999999999984e+00 3.158735899999999930e+01 1.051443103431331655e-01
1.135915999999999926e+00 3.152550400000000153e+01 1.048792038030466750e-01
1.140659000000000090e+00 3.131459300000000212e+01 1.043675536639936813e-01
1.145402000000000031e+00 3.136301400000000328e+01 1.042883608433007314e-01
1.150144999999999973e+00 3.133348099999999903e+01 1.040790022139667786e-01
1.154887999999999915e+00 3.130871800000000604e+01 1.038791917368074164e-01
1.159631000000000078e+00 3.115641600000000011e+01 1.034691677646321778e-01
1.164373000000000102e+00 3.118557599999999752e+01 1.033614722160636629e-01
1.169116000000000044e+00 3.108806600000000486e+01 1.031201494171366945e-01
1.173858999999999986e+00 3.094934900000000155e+01 1.027069531255411228e-01
1.178601999999999927e+00 3.102382700000000071e+01 1.026268310965036956e-01
1.183345000000000091e+00 3.107448299999999719e+01 1.025572371787671494e-01
1.188088000000000033e+00 3.086071799999999854e+01 1.020504571057802706e-01
1.192830999999999975e+00 3.071554599999999979e+01 1.016583577078682687e-01
1.197572999999999999e+00 3.065523299999999907e+01 1.014080083222335948e-01
1.202315999999999940e+00 3.060712799999999945e+01 1.011789112011905328e-01
1.207059000000000104e+00 3.080803700000000234e+01 1.016885252548378749e-01
1.211802000000000046e+00 3.082524799999999843e+01 1.050476688767618405e-01
1.216544999999999987e+00 3.049684399999999940e+01 1.066613871241134798e-01
1.221287999999999929e+00 3.055640599999999907e+01 1.083705975928014320e-01
1.226031000000000093e+00 3.065675000000000594e+01 1.099074593744064493e-01
1.230774000000000035e+00 3.053832299999999833e+01 1.109044144312033159e-01
1.235516000000000059e+00 3.013614700000000113e+01 1.112738611988759035e-01
1.240259000000000000e+00 3.027340900000000445e+01 1.125592496214980198e-01
1.245001999999999942e+00 3.031857199999999963e+01 1.136190781577064157e-01
1.249745000000000106e+00 3.033105500000000276e+01 1.145745295090095511e-01
1.254488000000000048e+00 2.998083600000000004e+01 1.148020744454428393e-01
1.259230999999999989e+00 2.988631900000000385e+01 1.152049712339962284e-01
1.263973999999999931e+00 2.984609899999999882e+01 1.154232952666245787e-01
1.268715999999999955e+00 2.981662299999999988e+01 1.156459515359180290e-01
1.273458999999999897e+00 3.000669299999999495e+01 1.141129325031558367e-01
1.278202000000000060e+00 3.004030400000000256e+01 1.099571529622352523e-01
1.282945000000000002e+00 2.985073200000000071e+01 1.075189871332598718e-01
1.287687999999999944e+00 2.994313000000000358e+01 1.061687340841737798e-01
1.292431000000000108e+00 2.988264699999999863e+01 1.048364177136656972e-01
1.297174000000000049e+00 2.984152300000000224e+01 1.037209913297906239e-01
1.301916000000000073e+00 2.989569099999999935e+01 1.028951193638498046e-01
1.306659000000000015e+00 2.965846300000000113e+01 1.016627664273326709e-01
1.311401999999999957e+00 2.964372099999999932e+01 1.008871089246198005e-01
1.316144999999999898e+00 2.955684899999999971e+01 1.000475597058488875e-01
1.320888000000000062e+00 2.950924599999999742e+01 9.946918240818761192e-02
1.325631000000000004e+00 2.955364000000000146e+01 9.928764853838870086e-02
1.330373999999999945e+00 2.937435999999999581e+01 9.874457083108316435e-02
1.335117000000000109e+00 2.934537500000000776e+01 9.846510884909231986e-02
1.339858999999999911e+00 2.940091400000000021e+01 9.833461257519651721e-02
1.344602000000000075e+00 2.943136900000000011e+01 9.816984097136094434e-02
1.349345000000000017e+00 2.934751900000000546e+01 9.782203434264849506e-02
1.354087999999999958e+00 2.929132099999999994e+01 9.752672305379947448e-02
1.358830999999999900e+00 2.919805900000000065e+01 9.717425947373357908e-02
1.363574000000000064e+00 2.906692800000000076e+01 9.676439450105137063e-02
1.368317000000000005e+00 2.912956199999999995e+01 9.668179827758791034e-02
1.373059000000000029e+00 2.900141800000000103e+01 9.628699744008585582e-02
1.377801999999999971e+00 2.887975599999999687e+01 9.590555018311087976e-02
1.382544999999999913e+00 2.894132300000000058e+01 9.583188729347867640e-02
1.387288000000000077e+00 2.903717700000000335e+01 9.581820402676152759e-02
1.392031000000000018e+00 2.899949299999999397e+01 9.558669699912274165e-02
1.396773999999999960e+00 2.900957200000000213e+01 9.543578268695657174e-02
1.401516999999999902e+00 2.881193600000000288e+01 9.494593457176510320e-02
1.406260000000000066e+00 2.885706100000000518e+01 9.485877426323512107e-02
1.411002000000000089e+00 2.870120799999999761e+01 9.444369159859752894e-02
1.415745000000000031e+00 2.871224600000000038e+01 9.430402897394575545e-02
1.420487999999999973e+00 2.868506500000000159e+01 9.410416923025727298e-02
1.425230999999999915e+00 2.866929100000000474e+01 9.392528230178602555e-02
1.429974000000000078e+00 2.876869800000000055e+01 9.393674675483446035e-02
1.434717000000000020e+00 2.857694200000000251e+01 9.347314398960483717e-02
1.439459999999999962e+00 2.857499600000000584e+01 9.332176083838163161e-02
1.444201999999999986e+00 2.856099999999999639e+01 9.315250094129948200e-02
1.448944999999999927e+00 2.848306800000000294e+01 9.288102935621891931e-02
1.453688000000000091e+00 2.846457600000000099e+01 9.270705752838129254e-02
1.458431000000000033e+00 2.835233200000000053e+01 9.238204230909598247e-02
1.463173999999999975e+00 2.848470900000000228e+01 9.248129902422219661e-02
1.467916999999999916e+00 2.843972899999999981e+01 9.227091876791083946e-02
1.472660000000000080e+00 2.839237699999999975e+01 9.202954760769879727e-02
1.477402000000000104e+00 2.840285200000000287e+01 9.190917666705158973e-02
1.482145000000000046e+00 2.830009400000000142e+01 9.160724717896341629e-02
1.486887999999999987e+00 2.802346200000000209e+01 9.102498034750790279e-02
1.491630999999999929e+00 2.818636700000000062e+01 9.115539730225960535e-02
1.496374000000000093e+00 2.818937900000000241e+01 9.102740901109565574e-02
1.501117000000000035e+00 2.820762899999999718e+01 9.097157637235379901e-02
1.505859999999999976e+00 2.831347599999999787e+01 9.277227027195303344e-02
1.510602999999999918e+00 2.824169300000000504e+01 9.526077194893865785e-02
1.515344999999999942e+00 2.814342599999999806e+01 9.667063734847361478e-02
1.520088000000000106e+00 2.810735799999999784e+01 9.788154525692829844e-02
1.524831000000000047e+00 2.805582100000000167e+01 9.890146301915508920e-02
1.529573999999999989e+00 2.800157299999999694e+01 9.958360022107354270e-02
1.534316999999999931e+00 2.844109900000000124e+01 9.757223768850080414e-02
1.539060000000000095e+00 2.832224599999999981e+01 9.585708730754236018e-02
1.543803000000000036e+00 2.809510099999999966e+01 9.446499429229432421e-02
1.548545000000000060e+00 2.786648000000000280e+01 9.309742424595805754e-02
1.553288000000000002e+00 2.792494099999999690e+01 9.236801161865615395e-02
1.558030999999999944e+00 2.792807099999999920e+01 9.159508304196846418e-02
1.562774000000000107e+00 2.785122999999999749e+01 9.055348137976473866e-02
1.567517000000000049e+00 2.788684900000000155e+01 8.977753326333376416e-02
1.572259999999999991e+00 2.782198900000000208e+01 8.914725559896502505e-02
1.577002999999999933e+00 2.777578300000000056e+01 8.872327735072740862e-02
1.581746000000000096e+00 2.771308000000000149e+01 8.845204906543771561e-02
1.586487999999999898e+00 2.771909600000000040e+01 8.848479664113434451e-02
1.591231000000000062e+00 2.759150500000000150e+01 8.839398357199033940e-02
1.595974000000000004e+00 2.751276500000000169e+01 8.837669524419941580e-02
1.600716999999999945e+00 2.746491999999999933e+01 8.837662723950830135e-02
1.605460000000000109e+00 2.756198200000000043e+01 8.841758483684453163e-02
1.610203000000000051e+00 2.742635299999999887e+01 8.805240938629503578e-02
1.614945999999999993e+00 2.755917299999999770e+01 8.812131253663327279e-02
1.619688000000000017e+00 2.741665300000000371e+01 8.775238849388716789e-02
1.624430999999999958e+00 2.734709600000000052e+01 8.750261011291378399e-02
1.629173999999999900e+00 2.741446300000000136e+01 8.747364418894185145e-02
1.633917000000000064e+00 2.738685399999999959e+01 8.729581535982924856e-02
1.638660000000000005e+00 2.744447000000000259e+01 8.725546783680837581e-02
1.643402999999999947e+00 2.741809699999999594e+01 8.708328820026263462e-02
1.648146000000000111e+00 2.727857900000000058e+01 8.673265470452579118e-02
1.652889000000000053e+00 2.726248999999999612e+01 8.658036317714715158e-02
1.657631000000000077e+00 2.726408799999999744e+01 8.645810654512392501e-02
1.662374000000000018e+00 2.714876999999999541e+01 8.615120827872582709e-02
1.667116999999999960e+00 2.717699700000000718e+01 8.607342533820645791e-02
1.671859999999999902e+00 2.724284800000000217e+01 8.605640270024131344e-02
1.676603000000000065e+00 2.729207399999999595e+01 8.601417453607632102e-02
1.681346000000000007e+00 2.727573699999999945e+01 8.586930988708828261e-02
1.686088999999999949e+00 2.725001999999999924e+01 8.571040378788388758e-02
1.690830999999999973e+00 2.706908299999999912e+01 8.530900134803828805e-02
1.695573999999999915e+00 2.711412800000000090e+01 8.526452940523861213e-02
1.700317000000000078e+00 2.693396900000000116e+01 8.486627930936409270e-02
1.705060000000000020e+00 2.691834000000000060e+01 8.472801024610869536e-02
1.709802999999999962e+00 2.696028100000000194e+01 8.468122318339703358e-02
1.714545999999999903e+00 2.698801899999999776e+01 8.461325957983122092e-02
1.719289000000000067e+00 2.698340999999999923e+01 8.449482127142762811e-02
1.724031000000000091e+00 2.696028100000000194e+01 8.434791315831767500e-02
1.728774000000000033e+00 2.695353200000000271e+01 8.422788660641082614e-02
1.733516999999999975e+00 2.700113699999999284e+01 8.419379611397979912e-02
1.738259999999999916e+00 2.702372999999999337e+01 8.412060819740546647e-02
1.743003000000000080e+00 2.679756899999999931e+01 8.366023253948437488e-02
1.747746000000000022e+00 2.688114200000000054e+01 8.368416913240878108e-02
1.752488999999999963e+00 2.676775699999999603e+01 8.340202554100470400e-02
1.757231999999999905e+00 2.680730400000000557e+01 8.335831306150814912e-02
1.761973999999999929e+00 2.676004099999999397e+01 8.317991411055734863e-02
1.766717000000000093e+00 2.669568100000000044e+01 8.297626353696459234e-02
1.771460000000000035e+00 2.677741500000000130e+01 8.300005386541926822e-02
1.776202999999999976e+00 2.683787899999999738e+01 8.302802478771369177e-02
1.780945999999999918e+00 2.676642400000000066e+01 8.281748910053177148e-02
1.785689000000000082e+00 2.665996400000000222e+01 8.251151347623190968e-02
1.790432000000000023e+00 2.658837099999999509e+01 8.230016505947178318e-02
1.795174000000000047e+00 2.662145800000000051e+01 8.225108449769399921e-02
1.799916999999999989e+00 2.659861099999999823e+01 8.211558919258753197e-02
1.804659999999999931e+00 2.656389599999999973e+01 8.196306761699564958e-02
1.809403000000000095e+00 2.650306500000000298e+01 8.177067912293439766e-02
1.814146000000000036e+00 2.661437500000000256e+01 8.184392475922450116e-02
1.818888999999999978e+00 2.671592099999999803e+01 8.190167910255383155e-02
1.823631999999999920e+00 2.657193600000000089e+01 8.158343761592422305e-02
1.828375000000000083e+00 2.658389599999999930e+01 8.150523952003944916e-02
1.833117000000000107e+00 2.657024700000000195e+01 8.138794095853574273e-02
1.837860000000000049e+00 2.659128500000000628e+01 8.132396784955220337e-02
1.842602999999999991e+00 2.656933399999999779e+01 8.119494494898742143e-02
1.847345999999999933e+00 2.648481600000000213e+01 8.097107268742832764e-02
1.852089000000000096e+00 2.661288799999999810e+01 8.113879008170690743e-02
1.856832000000000038e+00 2.652977999999999881e+01 8.085667851293174002e-02
1.861574999999999980e+00 2.645940900000000084e+01 8.065008078781757406e-02
1.866317000000000004e+00 2.644486800000000315e+01 8.053498142031448315e-02
1.871059999999999945e+00 2.633030600000000021e+01 8.026805620604873792e-02
1.875803000000000109e+00 2.637877699999999592e+01 8.024925396498960861e-02
1.880546000000000051e+00 2.635148899999999372e+01 8.011606060204159996e-02
1.885288999999999993e+00 2.636057900000000132e+01 8.003876061066975134e-02
1.890031999999999934e+00 2.632475400000000221e+01 7.989335296226088290e-02
1.894775000000000098e+00 2.641137900000000016e+01 7.993353273834831463e-02
1.899516999999999900e+00 2.615122699999999867e+01 7.944929196710313890e-02
1.904260000000000064e+00 2.616830100000000314e+01 7.938571324637008764e-02
1.909003000000000005e+00 2.620738400000000112e+01 7.935598200242247047e-02
1.913745999999999947e+00 2.629178699999999935e+01 7.939402559948890992e-02
1.918489000000000111e+00 2.620157100000000128e+01 7.916936025884507844e-02
1.923232000000000053e+00 2.625138599999999656e+01 7.915672523273306616e-02
1.927974999999999994e+00 2.622276999999999703e+01 7.902338956562861283e-02
1.932717999999999936e+00 2.606788099999999986e+01 7.864033597539114850e-02
1.937459999999999960e+00 2.607051900000000089e+01 7.846084144964352025e-02
1.942202999999999902e+00 2.606239299999999659e+01 7.823483065099330613e-02
1.946946000000000065e+00 2.616351799999999983e+01 7.819599326586625099e-02
1.951689000000000007e+00 2.606979700000000122e+01 7.790191777767477288e-02
1.956431999999999949e+00 2.611712699999999998e+01 7.788853883750292140e-02
1.961174999999999891e+00 2.614738899999999688e+01 7.785157286388180720e-02
1.965918000000000054e+00 2.605483299999999502e+01 7.763303967059256849e-02
1.970660000000000078e+00 2.600048400000000015e+01 7.751547239031378322e-02
1.975403000000000020e+00 2.603468300000000113e+01 7.754556507536843057e-02
1.980145999999999962e+00 2.609740100000000140e+01 7.766029987193714956e-02
1.984888999999999903e+00 2.601626099999999653e+01 7.756006063954437590e-02
1.989632000000000067e+00 2.603291399999999811e+01 7.760532921119142613e-02
1.994375000000000009e+00 2.591747699999999810e+01 7.740475590189598021e-02
1.999117999999999951e+00 2.603335799999999978e+01 7.746602183959236387e-02
2.003861000000000114e+00 2.599494899999999831e+01 7.732661726087855514e-02
2.008602999999999916e+00 2.599146800000000468e+01 7.723898369254025842e-02
2.013345999999999858e+00 2.616125500000000059e+01 7.809604318542841261e-02
2.018088999999999800e+00 2.603554900000000316e+01 8.018157726749394754e-02
2.022832000000000185e+00 2.607677999999999585e+01 8.157319298221751835e-02
2.027575000000000127e+00 2.593641699999999872e+01 8.238224756406505034e-02
2.032318000000000069e+00 2.585529900000000225e+01 8.313528285786547789e-02
2.037061000000000011e+00 2.596253399999999800e+01 8.410043191628149839e-02
2.041802999999999813e+00 2.580653099999999966e+01 8.455809304937464410e-02
2.046546000000000198e+00 2.570995599999999826e+01 8.478542532939667420e-02
2.051289000000000140e+00 2.579431400000000352e+01 8.518531974725457312e-02
2.056032000000000082e+00 2.580272200000000637e+01 8.544059796114197858e-02
2.060775000000000023e+00 2.573849500000000035e+01 8.555978551681039934e-02
2.065517999999999965e+00 2.569834399999999874e+01 8.570435980020676969e-02
2.070260999999999907e+00 2.566819199999999768e+01 8.585394052907938112e-02
2.075003000000000153e+00 2.578122200000000319e+01 8.623274494916824406e-02
2.079746000000000095e+00 2.616070099999999954e+01 8.477758095531211235e-02
2.084489000000000036e+00 2.607176599999999667e+01 8.248333536867735738e-02
2.089231999999999978e+00 2.580706099999999736e+01 8.088992543905390575e-02
2.093974999999999920e+00 2.576800299999999311e+01 7.994263236913393134e-02
2.098717999999999861e+00 2.579912599999999401e+01 7.926042040204366035e-02
2.103460999999999803e+00 2.577565700000000604e+01 7.859520645127665572e-02
2.108204000000000189e+00 2.574887600000000276e+01 7.811772683602231926e-02
2.112945999999999991e+00 2.572798900000000089e+01 7.787841321432724395e-02
2.117688999999999933e+00 2.569195700000000215e+01 7.763560693043689009e-02
2.122431999999999874e+00 2.562130400000000208e+01 7.735317011062442516e-02
2.127174999999999816e+00 2.569317300000000159e+01 7.729748645224758519e-02
2.131918000000000202e+00 2.569744700000000037e+01 7.714849398006483339e-02
2.136661000000000143e+00 2.569230200000000153e+01 7.699303856435332771e-02
2.141404000000000085e+00 2.564807399999999760e+01 7.678503529089897306e-02
2.146145999999999887e+00 2.564799000000000007e+01 7.664932820400646718e-02
2.150888999999999829e+00 2.560628299999999768e+01 7.645623409101902357e-02
2.155632000000000215e+00 2.565056099999999972e+01 7.639631195136059594e-02
2.160375000000000156e+00 2.567177900000000434e+01 7.630483213909391993e-02
2.165118000000000098e+00 2.551791300000000007e+01 7.595694314490150645e-02
2.169861000000000040e+00 2.559389499999999629e+01 7.595415083717413363e-02
2.174603999999999981e+00 2.558655800000000013e+01 7.583031219632753450e-02
2.179346999999999923e+00 2.553635600000000139e+01 7.564515195630384936e-02
2.184089000000000169e+00 2.560963800000000035e+01 7.564527830926197349e-02
2.188832000000000111e+00 2.559732399999999686e+01 7.552108381807427773e-02
2.193575000000000053e+00 2.559546099999999669e+01 7.541426577809466625e-02
2.198317999999999994e+00 2.560617300000000185e+01 7.532727571666388011e-02
2.203060999999999936e+00 2.536227699999999885e+01 7.486731231261410657e-02
2.207803999999999878e+00 2.545168299999999917e+01 7.490071552438867797e-02
2.212546999999999819e+00 2.559905499999999989e+01 7.501972393623493329e-02
2.217289000000000065e+00 2.552312399999999926e+01 7.481190888195474176e-02
2.222032000000000007e+00 2.548525899999999922e+01 7.466159910799394228e-02
2.226774999999999949e+00 2.552821499999999588e+01 7.463094237121155328e-02
2.231517999999999891e+00 2.560793299999999562e+01 7.465493741977284603e-02
2.236260999999999832e+00 2.550710499999999925e+01 7.441605025397074469e-02
2.241004000000000218e+00 2.551573400000000191e+01 7.433840253163973011e-02
2.245747000000000160e+00 2.557403899999999908e+01 7.433388533789619945e-02
2.250490000000000101e+00 2.552608299999999630e+01 7.417579964477161170e-02
2.255231999999999903e+00 2.546328600000000364e+01 7.399667442453478072e-02
2.259974999999999845e+00 2.544907500000000056e+01 7.388928737843869499e-02
2.264717999999999787e+00 2.550857199999999381e+01 7.388994645440745412e-02
2.269461000000000173e+00 2.544962500000000460e+01 7.371954279477117844e-02
2.274204000000000114e+00 2.539451999999999998e+01 7.355511898395786230e-02
2.278947000000000056e+00 2.540387899999999632e+01 7.348514887345333757e-02
2.283689999999999998e+00 2.550093800000000144e+01 7.354239064366482892e-02
2.288431999999999800e+00 2.538013499999999567e+01 7.328605407957027029e-02
2.293175000000000185e+00 2.537775599999999798e+01 7.320085549032059880e-02
2.297918000000000127e+00 2.535715300000000028e+01 7.309019959711904324e-02
2.302661000000000069e+00 2.537424700000000044e+01 7.303454137306812644e-02
2.307404000000000011e+00 2.536370400000000203e+01 7.293997296510945638e-02
2.312146999999999952e+00 2.534974399999999406e+01 7.284037517163334530e-02
2.316889999999999894e+00 2.530806099999999859e+01 7.270167915155467675e-02
2.321632000000000140e+00 2.537048499999999862e+01 7.271352897189009568e-02
2.326375000000000082e+00 2.529383499999999785e+01 7.252610013839225211e-02
2.331118000000000023e+00 2.524680099999999783e+01 7.238129068717412407e-02
2.335860999999999965e+00 2.533456800000000086e+01 7.243046436539737898e-02
2.340603999999999907e+00 2.528952999999999918e+01 7.228969302660856466e-02
2.345346999999999849e+00 2.537035199999999691e+01 7.232966454986156091e-02
2.350089999999999790e+00 2.530429900000000032e+01 7.216006995013793390e-02
2.354833000000000176e+00 2.534809700000000277e+01 7.214732691417055643e-02
2.359574999999999978e+00 2.526453300000000013e+01 7.195418845076637093e-02
2.364317999999999920e+00 2.528019100000000208e+01 7.190253154997257312e-02
2.369060999999999861e+00 2.514499700000000004e+01 7.163640566374615548e-02
2.373803999999999803e+00 2.532588799999999907e+01 7.182036858451437689e-02
2.378547000000000189e+00 2.518171900000000107e+01 7.154290719254284558e-02
2.383290000000000131e+00 2.528848099999999732e+01 7.162215413348092807e-02
2.388033000000000072e+00 2.525308699999999718e+01 7.149983627994192792e-02
2.392774999999999874e+00 2.518334000000000117e+01 7.132921970783571985e-02
2.397517999999999816e+00 2.525961499999999660e+01 7.136599014671693442e-02
2.402261000000000202e+00 2.535220600000000246e+01 7.142582162963896641e-02
2.407004000000000143e+00 2.513588000000000022e+01 7.104942162397663574e-02
2.411747000000000085e+00 2.521604500000000115e+01 7.109252654013781259e-02
2.416490000000000027e+00 2.527044800000000180e+01 7.109931326896413994e-02
2.421232999999999969e+00 2.512664499999999990e+01 7.082727596146629057e-02
2.425975999999999910e+00 2.522098600000000346e+01 7.089044343676373372e-02
2.430718000000000156e+00 2.511993599999999915e+01 7.067934831189376377e-02
2.435461000000000098e+00 2.522701900000000208e+01 7.076132350377287161e-02
2.440204000000000040e+00 2.505720299999999767e+01 7.047946193569797069e-02
2.444946999999999981e+00 2.510842099999999988e+01 7.045840804424054193e-02
2.449689999999999923e+00 2.516941999999999879e+01 7.047595549257987257e-02
2.454432999999999865e+00 2.517526000000000153e+01 7.041675706619200670e-02
2.459175999999999807e+00 2.508187800000000323e+01 7.021905612706426381e-02
2.463918000000000053e+00 2.519698599999999900e+01 7.031257394238102365e-02
2.468660999999999994e+00 2.521688199999999824e+01 7.027369297066647646e-02
2.473403999999999936e+00 2.513423300000000182e+01 7.009197162810373860e-02
2.478146999999999878e+00 2.513586899999999957e+01 7.002832564067271170e-02
2.482889999999999819e+00 2.507136500000000012e+01 6.987245948831913300e-02
2.487633000000000205e+00 2.508798200000000023e+01 6.983010628672922659e-02
2.492376000000000147e+00 2.507540700000000200e+01 6.974727326521733273e-02
2.497117999999999949e+00 2.515758000000000294e+01 6.979629901424072580e-02
2.501860999999999891e+00 2.503624200000000144e+01 6.956289590856752636e-02
2.506603999999999832e+00 2.506390599999999580e+01 6.953682502176526670e-02
2.511347000000000218e+00 2.508119699999999952e+01 6.949496031878642233e-02
2.516090000000000160e+00 2.499037700000000228e+01 6.925169596285565832e-02
2.520833000000000101e+00 2.514926400000000228e+01 6.932924985662688999e-02
2.525576000000000043e+00 2.507837299999999559e+01 6.909067071759399103e-02
2.530318999999999985e+00 2.511727600000000393e+01 6.903104763607025018e-02
2.535060999999999787e+00 2.504118300000000019e+01 6.886332023819574655e-02
2.539804000000000173e+00 2.497999899999999940e+01 6.871693722513322333e-02
2.544547000000000114e+00 2.505551099999999920e+01 6.875916718569968777e-02
2.549290000000000056e+00 2.506331700000000495e+01 6.870814122860988138e-02
2.554032999999999998e+00 2.505363300000000137e+01 6.863373671780736984e-02
2.558775999999999939e+00 2.505811600000000183e+01 6.857855351451427883e-02
2.563518999999999881e+00 2.497779200000000088e+01 6.840996786644473748e-02
2.568261000000000127e+00 2.501419200000000131e+01 6.845412979311839285e-02
2.573004000000000069e+00 2.509426300000000154e+01 6.857941197851583071e-02
2.577747000000000011e+00 2.499793999999999983e+01 6.846279180622275029e-02
2.582489999999999952e+00 2.504404600000000158e+01 6.850709067195454027e-02
2.587232999999999894e+00 2.507042999999999822e+01 6.848271921241226579e-02
2.591975999999999836e+00 2.501852699999999885e+01 6.835124509144877014e-02
2.596719000000000221e+00 2.501926100000000375e+01 6.829172458285484582e-02
2.601462000000000163e+00 2.497568599999999961e+01 6.817201663314280402e-02
2.606203999999999965e+00 2.500910199999999861e+01 6.815782765656415443e-02
2.610946999999999907e+00 2.496136700000000275e+01 6.803293768912378747e-02
2.615689999999999849e+00 2.497612500000000324e+01 6.799343451380140957e-02
2.620432999999999790e+00 2.502364099999999780e+01 6.799849194307767963e-02
2.625176000000000176e+00 2.498436099999999982e+01 6.788617860157322714e-02
2.629919000000000118e+00 2.502188199999999796e+01 6.787806979820139308e-02
2.634662000000000059e+00 2.506868800000000164e+01 6.789704393213522038e-02
2.639403999999999861e+00 2.500152899999999789e+01 6.775902589978399782e-02
2.644146999999999803e+00 2.501430800000000332e+01 6.769548800157806911e-02
2.648890000000000189e+00 2.505176900000000018e+01 6.768383234075033006e-02
2.653633000000000131e+00 2.497160199999999719e+01 6.752758170062733711e-02
2.658376000000000072e+00 2.495399800000000212e+01 6.744736853447508285e-02
2.663119000000000014e+00 2.496676100000000176e+01 6.739520613658883663e-02
2.667861999999999956e+00 2.499929300000000154e+01 6.738123474858856432e-02
2.672604999999999897e+00 2.499067399999999495e+01 6.731212451903891003e-02
2.677347000000000143e+00 2.499263800000000302e+01 6.725751238390029196e-02
2.682090000000000085e+00 2.498651100000000014e+01 6.719210442048678678e-02
2.686833000000000027e+00 2.497417999999999694e+01 6.711884620443724081e-02
2.691575999999999969e+00 2.502082400000000106e+01 6.712443083743280248e-02
2.696318999999999910e+00 2.496911100000000161e+01 6.699836494436561818e-02
2.701061999999999852e+00 2.504666999999999888e+01 6.704602330154413314e-02
2.705804999999999794e+00 2.504391399999999734e+01 6.698589012589144243e-02
2.710547000000000040e+00 2.497625299999999982e+01 6.683901874933084741e-02
2.715289999999999981e+00 2.493091199999999930e+01 6.672264067612507232e-02
2.720032999999999923e+00 2.490533999999999892e+01 6.663273176657624752e-02
2.724775999999999865e+00 2.481668300000000116e+01 6.645855247073548244e-02
2.729518999999999807e+00 2.486356999999999928e+01 6.646585380662239917e-02
2.734262000000000192e+00 2.505395599999999945e+01 6.666457815237189499e-02
2.739005000000000134e+00 2.497622800000000254e+01 6.650602390713264422e-02
2.743746999999999936e+00 2.490242599999999840e+01 6.635250727828226336e-02
2.748489999999999878e+00 2.487289999999999424e+01 6.625844502710956374e-02
2.753232999999999819e+00 2.488136399999999782e+01 6.621505920463410799e-02
2.757976000000000205e+00 2.493079900000000038e+01 6.622640961456313646e-02
2.762719000000000147e+00 2.494554799999999872e+01 6.619164204088609504e-02
2.767462000000000089e+00 2.491239800000000315e+01 6.609331497060803862e-02
2.772205000000000030e+00 2.486627899999999869e+01 6.597832411291151833e-02
2.776947999999999972e+00 2.496766900000000078e+01 6.605877194537225494e-02
2.781690000000000218e+00 2.499728700000000003e+01 6.604409112833638240e-02
2.786433000000000160e+00 2.486828799999999973e+01 6.581972431188540251e-02
2.791176000000000101e+00 2.495757599999999954e+01 6.588431574410406888e-02
2.795919000000000043e+00 2.493879799999999847e+01 6.580634333169030348e-02
2.800661999999999985e+00 2.503678999999999988e+01 6.589720595499629074e-02
2.805404999999999927e+00 2.487535500000000255e+01 6.562177927841869596e-02
2.810147999999999868e+00 2.482817899999999867e+01 6.553804301448662439e-02
2.814890000000000114e+00 2.505964200000000019e+01 6.579839964224813709e-02
2.819633000000000056e+00 2.506964000000000325e+01 6.703111428901432911e-02
2.824375999999999998e+00 2.495294200000000018e+01 6.827866215573720476e-02
2.829118999999999939e+00 2.493158899999999889e+01 6.913137903828406317e-02
2.833861999999999881e+00 2.492112799999999950e+01 6.983850188378756818e-02
2.838604999999999823e+00 2.487625100000000344e+01 7.038624158599533776e-02
2.843348000000000209e+00 2.485063200000000094e+01 7.064656187415138677e-02
2.848091000000000150e+00 2.474658599999999709e+01 7.071253763624382738e-02
2.852832999999999952e+00 2.470857200000000020e+01 7.086435269342478138e-02
2.857575999999999894e+00 2.486814500000000194e+01 7.128374406558343757e-02
2.862318999999999836e+00 2.487368400000000079e+01 7.146938101907138186e-02
2.867062000000000221e+00 2.484781900000000121e+01 7.159967844820533389e-02
2.871805000000000163e+00 2.493124800000000363e+01 7.187795617607528609e-02
2.876548000000000105e+00 2.486467900000000242e+01 7.193171865688390010e-02
2.881291000000000047e+00 2.479575999999999780e+01 7.163805328991149080e-02
2.886032999999999848e+00 2.502624899999999997e+01 6.991823620931308936e-02
2.890775999999999790e+00 2.497961699999999752e+01 6.875497498151460218e-02
2.895519000000000176e+00 2.501253999999999422e+01 6.805712317981930937e-02
2.900262000000000118e+00 2.491239900000000063e+01 6.733331736551972924e-02
2.905005000000000059e+00 2.498850999999999800e+01 6.707275340443838441e-02
2.909748000000000001e+00 2.488934599999999975e+01 6.676408341801676194e-02
2.914490999999999943e+00 2.492367199999999983e+01 6.665375329742730115e-02
2.919233000000000189e+00 2.490246499999999941e+01 6.648348379695140364e-02
2.923976000000000131e+00 2.487708599999999848e+01 6.631911479150712219e-02
2.928719000000000072e+00 2.493788599999999889e+01 6.627901233885581667e-02
2.933462000000000014e+00 2.493050699999999864e+01 6.615484509896384091e-02
2.938204999999999956e+00 2.484785099999999858e+01 6.593700885571394943e-02
2.942947999999999897e+00 2.484852800000000528e+01 6.583554805180860670e-02
2.947690999999999839e+00 2.485333100000000428e+01 6.574391031174295352e-02
2.952433999999999781e+00 2.486930100000000010e+01 6.567848448180804710e-02
2.957176000000000027e+00 2.491251399999999450e+01 6.565094640971370910e-02
2.961918999999999969e+00 2.484214800000000167e+01 6.545720743977015421e-02
2.966661999999999910e+00 2.486188200000000137e+01 6.539864354692305481e-02
2.971404999999999852e+00 2.492844699999999847e+01 6.540340223295192101e-02
2.976147999999999794e+00 2.488260600000000267e+01 6.526285968195080778e-02
2.980891000000000179e+00 2.493159700000000001e+01 6.524883986736929042e-02
2.985634000000000121e+00 2.487038499999999885e+01 6.509226931608239064e-02
2.990375999999999923e+00 2.491694800000000143e+01 6.509516984520663518e-02
2.995118999999999865e+00 2.482091499999999940e+01 6.488224586688641493e-02
2.999861999999999806e+00 2.485949400000000153e+01 6.485768304492768588e-02
3.004605000000000192e+00 2.483179499999999962e+01 6.475100427624655430e-02
3.009348000000000134e+00 2.488519699999999801e+01 6.475116456590568337e-02
3.014091000000000076e+00 2.483370500000000192e+01 6.463524614149543379e-02
3.018834000000000017e+00 2.488617400000000401e+01 6.461644786832373977e-02
3.023576999999999959e+00 2.475680100000000294e+01 6.438204901330804586e-02
3.028319000000000205e+00 2.479154000000000480e+01 6.436169055976466435e-02
3.033062000000000147e+00 2.469163800000000109e+01 6.416734157663303573e-02
3.037805000000000089e+00 2.484397300000000186e+01 6.430116687622550176e-02
3.042548000000000030e+00 2.483912600000000026e+01 6.423206668779232742e-02
3.047290999999999972e+00 2.486868900000000338e+01 6.420782909514773096e-02
3.052033999999999914e+00 2.478412900000000008e+01 6.403675825172445990e-02
3.056776999999999855e+00 2.479388600000000054e+01 6.398849265629484584e-02
3.061519000000000101e+00 2.487963899999999740e+01 6.403843148403542962e-02
3.066262000000000043e+00 2.482510099999999653e+01 6.390854644133051043e-02
3.071004999999999985e+00 2.480142500000000183e+01 6.383178829231481166e-02
3.075747999999999927e+00 2.478973400000000282e+01 6.376090263835511307e-02
3.080490999999999868e+00 2.481616199999999850e+01 6.372969197535947872e-02
3.085233999999999810e+00 2.473503299999999783e+01 6.355853700239960657e-02
3.089977000000000196e+00 2.473572399999999760e+01 6.352021419920433898e-02
3.094720000000000137e+00 2.479254099999999639e+01 6.351919622767907003e-02
3.099461999999999939e+00 2.481442799999999949e+01 6.349018423650147624e-02
3.104204999999999881e+00 2.475056400000000068e+01 6.335231595747151112e-02
3.108947999999999823e+00 2.475130400000000108e+01 6.329741846169320563e-02
3.113691000000000209e+00 2.477304899999999677e+01 6.327021109280100974e-02
3.118434000000000150e+00 2.478069899999999848e+01 6.322527912687612994e-02
3.123177000000000092e+00 2.473135400000000317e+01 6.310769365879646819e-02
3.127920000000000034e+00 2.467374699999999876e+01 6.297996943637079736e-02
3.132661999999999836e+00 2.481266099999999852e+01 6.310315077339165302e-02
3.137405000000000221e+00 2.474949999999999761e+01 6.296946026284645781e-02
3.142148000000000163e+00 2.484462900000000474e+01 6.303700296819163273e-02
3.146891000000000105e+00 2.475470999999999577e+01 6.287780318513283562e-02
3.151634000000000047e+00 2.486380199999999974e+01 6.296567068539650480e-02
3.156376999999999988e+00 2.480226599999999593e+01 6.282544274328513700e-02
3.161119999999999930e+00 2.483215599999999768e+01 6.281154010540818122e-02
3.165862000000000176e+00 2.486211200000000332e+01 6.284125823823707990e-02
3.170605000000000118e+00 2.482397500000000434e+01 6.272512847788117019e-02
3.175348000000000059e+00 2.470503199999999921e+01 6.249607022856477206e-02
3.180091000000000001e+00 2.480102700000000127e+01 6.256612216297650908e-02
3.184833999999999943e+00 2.477882399999999663e+01 6.248728062662832483e-02
3.189576999999999884e+00 2.476600499999999982e+01 6.242060578209410876e-02
3.194319999999999826e+00 2.476668700000000101e+01 6.235315381729219369e-02
3.199063000000000212e+00 2.478896299999999897e+01 6.226675645002958254e-02
3.203805000000000014e+00 2.477850900000000323e+01 6.213825894413762402e-02
3.208547999999999956e+00 2.481425400000000181e+01 6.210661909159199967e-02
3.213290999999999897e+00 2.470290800000000075e+01 6.191827179892781668e-02
3.218033999999999839e+00 2.467485100000000031e+01 6.183453105174972070e-02
3.222776999999999781e+00 2.476159200000000027e+01 6.189450979474674097e-02
3.227520000000000167e+00 2.483090499999999423e+01 6.193273384688746663e-02
3.232263000000000108e+00 2.475540299999999760e+01 6.179039293276018807e-02
3.237004999999999910e+00 2.475488599999999906e+01 6.174208659559458218e-02
3.241747999999999852e+00 2.482923900000000117e+01 6.178683064921601520e-02
3.246490999999999794e+00 2.478315100000000015e+01 6.168187981736613507e-02
3.251234000000000179e+00 2.490763800000000217e+01 6.180656738183896298e-02
3.255977000000000121e+00 2.486965200000000209e+01 6.177540667293741905e-02
3.260720000000000063e+00 2.485211100000000073e+01 6.177106742290115055e-02
3.265463000000000005e+00 2.477452799999999655e+01 6.165231396267539798e-02
3.270205999999999946e+00 2.475670399999999916e+01 6.158324021299220463e-02
3.274948000000000192e+00 2.479844899999999797e+01 6.158802546974777303e-02
3.279691000000000134e+00 2.478692000000000206e+01 6.152691073300934482e-02
3.284434000000000076e+00 2.474904499999999885e+01 6.143353112413203754e-02
3.289177000000000017e+00 2.481212000000000018e+01 6.146524141921595741e-02
3.293919999999999959e+00 2.478325800000000001e+01 6.138297802317105312e-02
3.298662999999999901e+00 2.475772600000000168e+01 6.130531356266273602e-02
3.303405999999999842e+00 2.470823400000000092e+01 6.119838242564668018e-02
3.308148000000000089e+00 2.477088099999999926e+01 6.123028194670591257e-02
3.312891000000000030e+00 2.470736399999999833e+01 6.110596593047522285e-02
3.317633999999999972e+00 2.482331399999999988e+01 6.120353461593537603e-02
3.322376999999999914e+00 2.488660899999999643e+01 6.123693500185896366e-02
3.327119999999999855e+00 2.483803800000000450e+01 6.114722077381194720e-02
3.331862999999999797e+00 2.473087100000000049e+01 6.095404064033491803e-02
3.336606000000000183e+00 2.475157900000000311e+01 6.093450238104107519e-02
3.341347999999999985e+00 2.478528899999999879e+01 6.093156571022281115e-02
3.346090999999999926e+00 2.483916100000000071e+01 6.095283236667266985e-02
3.350833999999999868e+00 2.473840200000000067e+01 6.078440415666917090e-02
3.355576999999999810e+00 2.478435899999999847e+01 6.079654987150175105e-02
3.360320000000000196e+00 2.474178500000000014e+01 6.070019985001780249e-02
3.365063000000000137e+00 2.479164399999999802e+01 6.071718191458905928e-02
3.369806000000000079e+00 2.485601100000000230e+01 6.075185410148483539e-02
3.374549000000000021e+00 2.483377399999999824e+01 6.068071042609339549e-02
3.379290999999999823e+00 2.494623700000000355e+01 6.145047618269283696e-02
3.384034000000000209e+00 2.489308500000000279e+01 6.282527793221849566e-02
3.388777000000000150e+00 2.482498400000000061e+01 6.356873682436595119e-02
3.393520000000000092e+00 2.479413899999999771e+01 6.418377682182001276e-02
3.398263000000000034e+00 2.471827700000000050e+01 6.447319436503669288e-02
3.403005999999999975e+00 2.473745699999999914e+01 6.467206532899966165e-02
3.407748999999999917e+00 2.471725700000000003e+01 6.461218316071357104e-02
3.412491000000000163e+00 2.476243300000000147e+01 6.470707926590953118e-02
3.417234000000000105e+00 2.470394599999999841e+01 6.480274074212447055e-02
3.421977000000000046e+00 2.481057500000000005e+01 6.509953429561919636e-02
3.426719999999999988e+00 2.473936600000000041e+01 6.513843305215975821e-02
3.431462999999999930e+00 2.468002399999999597e+01 6.519589102155212701e-02
3.436205999999999872e+00 2.475981900000000024e+01 6.544235863922007179e-02
3.440948999999999813e+00 2.472584699999999813e+01 6.551627957982275596e-02
3.445692000000000199e+00 2.476521599999999879e+01 6.569780407749638285e-02
3.450434000000000001e+00 2.470453499999999991e+01 6.570870854803950722e-02
3.455176999999999943e+00 2.461434600000000117e+01 6.569608341139065999e-02
3.459919999999999884e+00 2.465729200000000176e+01 6.585645659868666346e-02
3.464662999999999826e+00 2.478097400000000050e+01 6.612129365605606823e-02
3.469406000000000212e+00 2.470345300000000321e+01 6.611429426821252564e-02
3.474149000000000154e+00 2.465135899999999936e+01 6.613737056445016804e-02
3.478892000000000095e+00 2.474291900000000055e+01 6.635076078432786129e-02
3.483633999999999897e+00 2.462082500000000351e+01 6.627415923287069410e-02
3.488376999999999839e+00 2.467940300000000065e+01 6.643797753316847687e-02
3.493119999999999781e+00 2.477976499999999760e+01 6.665553359412854095e-02
3.497863000000000167e+00 2.482812299999999794e+01 6.680121925685489348e-02
3.502606000000000108e+00 2.475925600000000060e+01 6.678702663807545292e-02
3.507349000000000050e+00 2.476741499999999974e+01 6.687413461440155915e-02
3.512091999999999992e+00 2.475938999999999623e+01 6.693821353278335551e-02
3.516833999999999794e+00 2.472805399999999665e+01 6.696860835285066427e-02
3.521577000000000179e+00 2.477477600000000280e+01 6.710276319378882803e-02
3.526320000000000121e+00 2.479335800000000489e+01 6.719738498773594748e-02
3.531063000000000063e+00 2.472999100000000539e+01 6.717952820060289765e-02
3.535806000000000004e+00 2.461501799999999918e+01 6.708973448149949115e-02
3.540548999999999946e+00 2.465814100000000053e+01 6.721304003559427920e-02
3.545291999999999888e+00 2.480488700000000080e+01 6.747680438391698288e-02
3.550034999999999830e+00 2.480578300000000169e+01 6.754101202680412586e-02
3.554777000000000076e+00 2.485164999999999935e+01 6.766472799715964048e-02
3.559520000000000017e+00 2.473677999999999955e+01 6.756821553251571300e-02
3.564262999999999959e+00 2.459940800000000394e+01 6.743925428694552693e-02
3.569005999999999901e+00 2.474779700000000204e+01 6.771340118024274379e-02
3.573748999999999842e+00 2.479932699999999812e+01 6.786062627882680220e-02
3.578491999999999784e+00 2.477622799999999614e+01 6.785209375606179871e-02
3.583235000000000170e+00 2.471127999999999503e+01 6.781835466186421357e-02
3.587976999999999972e+00 2.473154800000000009e+01 6.787698971343233967e-02
3.592719999999999914e+00 2.465050699999999750e+01 6.771297658705899281e-02
3.597462999999999855e+00 2.463159499999999724e+01 6.762674933052822968e-02
3.602205999999999797e+00 2.474312099999999859e+01 6.771967570792922220e-02
3.606949000000000183e+00 2.467317800000000005e+01 6.756424945567218732e-02
3.611692000000000125e+00 2.478091299999999819e+01 6.770244001443226356e-02
3.616435000000000066e+00 2.476783800000000113e+01 6.775198236896025350e-02
3.621178000000000008e+00 2.498336799999999869e+01 6.886866393105939288e-02
3.625919999999999810e+00 2.481081999999999965e+01 7.108431995483110999e-02
3.630663000000000196e+00 2.485557999999999623e+01 7.253387417935498738e-02
3.635406000000000137e+00 2.472918299999999903e+01 7.338176897080432581e-02
3.640149000000000079e+00 2.478231399999999951e+01 7.422230550238924363e-02
3.644892000000000021e+00 2.475362799999999908e+01 7.468664131766068748e-02
3.649634999999999962e+00 2.476655799999999630e+01 7.518786785326672661e-02
3.654377999999999904e+00 2.470323799999999892e+01 7.550900908970929748e-02
3.659120000000000150e+00 2.465863500000000030e+01 7.586177320010784042e-02
3.663863000000000092e+00 2.465502899999999897e+01 7.626189370426819658e-02
3.668606000000000034e+00 2.469730700000000212e+01 7.672008696366486302e-02
3.673348999999999975e+00 2.463568599999999620e+01 7.700630646410203117e-02
3.678091999999999917e+00 2.460031200000000240e+01 7.732383516462695838e-02
3.682834999999999859e+00 2.465443899999999289e+01 7.777385578446655012e-02
3.687577999999999800e+00 2.474247600000000347e+01 7.827167308651707123e-02
3.692321000000000186e+00 2.475976299999999952e+01 7.865284231964093931e-02
3.697062999999999988e+00 2.464469500000000224e+01 7.881706565188215108e-02
3.701805999999999930e+00 2.462630899999999912e+01 7.913018510926408955e-02
3.706548999999999872e+00 2.473018700000000081e+01 7.963645215715224601e-02
3.711291999999999813e+00 2.458256800000000197e+01 7.973300825665177727e-02
3.716035000000000199e+00 2.465376199999999685e+01 8.018038623897368045e-02
3.720778000000000141e+00 2.469861300000000170e+01 8.058244862009282528e-02
3.725521000000000083e+00 2.462379699999999971e+01 8.078632578797725894e-02
3.730262999999999884e+00 2.457063099999999878e+01 8.102310966568428141e-02
3.735005999999999826e+00 2.470172600000000074e+01 8.156114251043447561e-02
3.739749000000000212e+00 2.475543499999999852e+01 8.197107588913482568e-02
3.744492000000000154e+00 2.458043400000000034e+01 8.199903943384703742e-02
3.749235000000000095e+00 2.464804000000000173e+01 8.242872286581236219e-02
3.753978000000000037e+00 2.477935500000000246e+01 8.296521716623056486e-02
3.758720999999999979e+00 2.476583099999999860e+01 8.325785609570907075e-02
3.763462999999999781e+00 2.485507700000000142e+01 8.372302086366330276e-02
3.768206000000000166e+00 2.474943400000000082e+01 8.385865281925115877e-02
3.772949000000000108e+00 2.458647099999999952e+01 8.389378530577876192e-02
3.777692000000000050e+00 2.465157999999999561e+01 8.431601318096700048e-02
3.782434999999999992e+00 2.467635299999999887e+01 8.466976130241775367e-02
3.787177999999999933e+00 2.463546499999999995e+01 8.490989538806416326e-02
3.791920999999999875e+00 2.464320000000000022e+01 8.523387258433409719e-02
3.796663999999999817e+00 2.471503799999999984e+01 8.566835462017523273e-02
3.801406000000000063e+00 2.462661100000000403e+01 8.582502406228326164e-02
3.806149000000000004e+00 2.479619999999999891e+01 8.643099625336618519e-02
3.810891999999999946e+00 2.472208199999999678e+01 8.661182831546451744e-02
3.815634999999999888e+00 2.480591399999999780e+01 8.706909847944563352e-02
3.820377999999999830e+00 2.460514799999999980e+01 8.702595317819908360e-02
3.825121000000000215e+00 2.468019099999999710e+01 8.746879995794784590e-02
3.829864000000000157e+00 2.470291900000000140e+01 8.781993340691565675e-02
3.834605999999999959e+00 2.477175400000000138e+01 8.825399824425067541e-02
3.839348999999999901e+00 2.461574300000000193e+01 8.828736924119326424e-02
3.844091999999999842e+00 2.467833300000000207e+01 8.871091780595102838e-02
3.848834999999999784e+00 2.466796900000000292e+01 8.900750983584251874e-02
3.853578000000000170e+00 2.465640900000000002e+01 8.934671135904555250e-02
3.858321000000000112e+00 2.460820500000000166e+01 8.952226998575214811e-02
3.863064000000000053e+00 2.448356199999999916e+01 8.960866796484590058e-02
3.867806999999999995e+00 2.462752800000000164e+01 9.018666323760349268e-02
3.872548999999999797e+00 2.462448799999999949e+01 9.049634801851066945e-02
3.877292000000000183e+00 2.480329599999999957e+01 9.114170798451168287e-02
3.882035000000000124e+00 2.472521400000000114e+01 9.131635736583726404e-02
3.886778000000000066e+00 2.451951000000000391e+01 9.125326493437700692e-02
3.891521000000000008e+00 2.452909700000000015e+01 9.158930484665445126e-02
3.896263999999999950e+00 2.473179099999999764e+01 9.228732702561549817e-02
3.901006999999999891e+00 2.466127000000000180e+01 9.247649250259765141e-02
3.905749000000000137e+00 2.468682799999999844e+01 9.284759118351321172e-02
3.910492000000000079e+00 2.452100300000000388e+01 9.285803778567690292e-02
3.915235000000000021e+00 2.483238599999999607e+01 9.377175367715109844e-02
3.919977999999999962e+00 2.469712900000000388e+01 9.380087064144607134e-02
3.924720999999999904e+00 2.480572400000000144e+01 9.409012361884003250e-02
3.929463999999999846e+00 2.465365800000000007e+01 9.387343106250618796e-02
3.934206999999999788e+00 2.468065700000000007e+01 9.404863560269016709e-02
3.938949000000000034e+00 2.458382800000000046e+01 9.396648326509564331e-02
3.943691999999999975e+00 2.463913899999999657e+01 9.417385627448150720e-02
3.948434999999999917e+00 2.479061399999999793e+01 9.456431154207226020e-02
3.953177999999999859e+00 2.468043200000000326e+01 9.448125204054294568e-02
3.957920999999999800e+00 2.467375200000000035e+01 9.463517280008633403e-02
3.962664000000000186e+00 2.478131599999999679e+01 9.484976179673673680e-02
3.967407000000000128e+00 2.473083400000000154e+01 9.499708690260452726e-02
3.972150000000000070e+00 2.468795399999999773e+01 9.523491366325587126e-02
3.976891999999999872e+00 2.450960399999999950e+01 9.521033291587630010e-02
3.981634999999999813e+00 2.470161599999999780e+01 9.590526110134678373e-02
3.986378000000000199e+00 2.447307099999999735e+01 9.578369364303247757e-02
3.991121000000000141e+00 2.464053200000000032e+01 9.643610436257159246e-02
3.995864000000000082e+00 2.466636899999999599e+01 9.681433409572830218e-02
4.000606999999999580e+00 2.458764099999999786e+01 9.698791417195598563e-02
4.005349999999999966e+00 2.494347999999999743e+01 9.802007237050122668e-02
4.010092000000000212e+00 2.472318699999999936e+01 9.791924774601824810e-02
4.014834999999999710e+00 2.451398899999999870e+01 9.783732510963849549e-02
4.019578000000000095e+00 2.456727099999999808e+01 9.827910663609942810e-02
4.024320999999999593e+00 2.465552199999999772e+01 9.879271632407471415e-02
4.029063999999999979e+00 2.456655599999999851e+01 9.895423408947996713e-02
4.033807000000000365e+00 2.460065800000000280e+01 9.936370383084811020e-02
4.038549999999999862e+00 2.464767700000000161e+01 9.980257982152315743e-02
4.043293000000000248e+00 2.460888699999999929e+01 1.000689427878909826e-01
4.048034999999999606e+00 2.459920800000000085e+01 1.003967662039769032e-01
4.052777999999999992e+00 2.455113300000000010e+01 1.006476283345012490e-01
4.057521000000000377e+00 2.477048200000000477e+01 1.014486282002319550e-01
4.062263999999999875e+00 2.468617100000000164e+01 1.016302390620827945e-01
4.067007000000000261e+00 2.470145499999999927e+01 1.020184331565036351e-01
4.071749999999999758e+00 2.467160300000000106e+01 1.023154160294556803e-01
4.076493000000000144e+00 2.465813699999999997e+01 1.026480600786308095e-01
4.081235000000000390e+00 2.482968999999999937e+01 1.033684520271833246e-01
4.085977999999999888e+00 2.471911899999999918e+01 1.035044596562230135e-01
4.090721000000000274e+00 2.463120800000000088e+01 1.036879029230527022e-01
4.095463999999999771e+00 2.465046699999999902e+01 1.040987673227771887e-01
4.100207000000000157e+00 2.463577500000000242e+01 1.044401828369296847e-01
4.104949999999999655e+00 2.458005599999999902e+01 1.046980063817702228e-01
4.109693000000000040e+00 2.475250700000000137e+01 1.054430212366740671e-01
4.114436000000000426e+00 2.471634800000000354e+01 1.057465851932065937e-01
4.119177999999999784e+00 2.478686300000000386e+01 1.062823586624271205e-01
4.123921000000000170e+00 2.474363399999999302e+01 1.065763751200611981e-01
4.128663999999999668e+00 2.457614700000000241e+01 1.066043298064398293e-01
4.133407000000000053e+00 2.471650899999999851e+01 1.073009160153397812e-01
4.138150000000000439e+00 2.454431299999999894e+01 1.073201805299133921e-01
4.142892999999999937e+00 2.474897400000000403e+01 1.081654119063206049e-01
4.147636000000000323e+00 2.471377599999999575e+01 1.084893355210414245e-01
4.152377999999999680e+00 2.484696899999999786e+01 1.091873490462329094e-01
4.157121000000000066e+00 2.470972799999999836e+01 1.092928251479308999e-01
4.161863999999999564e+00 2.472652400000000128e+01 1.097410007599297355e-01
4.166606999999999950e+00 2.462167299999999770e+01 1.099214439656944348e-01
4.171350000000000335e+00 2.473289899999999619e+01 1.105864254118343465e-01
4.176092999999999833e+00 2.473413400000000095e+01 1.110170684725249740e-01
4.180836000000000219e+00 2.472584799999999561e+01 1.115758770639505154e-01
4.185577999999999577e+00 2.460050400000000081e+01 1.116010280760755258e-01
4.190320999999999962e+00 2.478196600000000061e+01 1.124034023907101443e-01
4.195064000000000348e+00 2.473814600000000041e+01 1.127392196927120838e-01
4.199806999999999846e+00 2.462860100000000330e+01 1.129269730825518819e-01
4.204550000000000232e+00 2.480856400000000050e+01 1.137822370711237124e-01
4.209292999999999729e+00 2.470680800000000232e+01 1.139960367072105629e-01
4.214036000000000115e+00 2.448171800000000076e+01 1.139228405638039732e-01
4.218778999999999613e+00 2.465922600000000031e+01 1.147895872887436663e-01
4.223520999999999859e+00 2.459215100000000120e+01 1.150905834447492893e-01
4.228264000000000244e+00 2.471309600000000017e+01 1.158363867996757557e-01
4.233006999999999742e+00 2.480588799999999949e+01 1.165211891168868030e-01
4.237750000000000128e+00 2.476495899999999750e+01 1.168965127970411216e-01
4.242492999999999626e+00 2.462970899999999830e+01 1.170522136631063359e-01
4.247236000000000011e+00 2.464361400000000302e+01 1.175639407203488557e-01
4.251979000000000397e+00 2.473339299999999952e+01 1.182676648314001239e-01
4.256720999999999755e+00 2.479835899999999782e+01 1.191139568284283745e-01
4.261464000000000141e+00 2.492473799999999784e+01 1.197471154952560735e-01
4.266206999999999638e+00 2.484563399999999689e+01 1.200181986688747954e-01
4.270950000000000024e+00 2.482817500000000166e+01 1.204818079055742508e-01
4.275693000000000410e+00 2.488037999999999883e+01 1.211182121276263846e-01
4.280435999999999908e+00 2.480507700000000071e+01 1.214508516868432614e-01
4.285179000000000293e+00 2.472824299999999909e+01 1.217819240967829286e-01
4.289921999999999791e+00 2.469010499999999908e+01 1.222126407533733750e-01
4.294664000000000037e+00 2.479688300000000112e+01 1.230086854207685654e-01
4.299407000000000423e+00 2.469958000000000098e+01 1.233019091677744622e-01
4.304149999999999920e+00 2.463055100000000053e+01 1.236697010767330018e-01
4.308893000000000306e+00 2.468128700000000464e+01 1.243455129049568786e-01
4.313635999999999804e+00 2.480390300000000181e+01 1.252074036334022145e-01
4.318379000000000190e+00 2.460362999999999900e+01 1.252595242551084453e-01
4.323121999999999687e+00 2.455978900000000209e+01 1.258000627961615991e-01
4.327863999999999933e+00 2.450531799999999905e+01 1.262043302022248237e-01
4.332607000000000319e+00 2.459219900000000081e+01 1.269427906033450126e-01
4.337349999999999817e+00 2.481774899999999917e+01 1.281107264320217043e-01
4.342093000000000202e+00 2.481225099999999983e+01 1.286899282966495472e-01
4.346835999999999700e+00 2.485765000000000313e+01 1.294080098449639782e-01
4.351579000000000086e+00 2.472917000000000343e+01 1.296783826879044643e-01
4.356321999999999584e+00 2.487702499999999617e+01 1.306809319519822155e-01
4.361063999999999830e+00 2.492081800000000413e+01 1.314192875592905541e-01
4.365807000000000215e+00 2.482909599999999983e+01 1.318074093247287581e-01
4.370549999999999713e+00 2.472169399999999584e+01 1.321573551731173857e-01
4.375293000000000099e+00 2.451561499999999683e+01 1.322464248548315402e-01
4.380035999999999596e+00 2.474329999999999785e+01 1.335725532624251477e-01
4.384778999999999982e+00 2.476746400000000037e+01 1.343522644485294903e-01
4.389522000000000368e+00 2.473998999999999882e+01 1.348321898349448267e-01
4.394264999999999866e+00 2.489223000000000141e+01 1.359103509895504547e-01
4.399007000000000112e+00 2.482331100000000035e+01 1.359884365370850334e-01
4.403749999999999609e+00 2.483749399999999952e+01 1.361206198344384055e-01
4.408492999999999995e+00 2.468887299999999740e+01 1.358049724794538060e-01
4.413236000000000381e+00 2.470917199999999880e+01 1.359516742649913013e-01
4.417978999999999878e+00 2.456844800000000006e+01 1.356547849960719199e-01
4.422722000000000264e+00 2.457069200000000109e+01 1.357529625063873258e-01
4.427464999999999762e+00 2.476282300000000092e+01 1.363704205430066874e-01
4.432207000000000008e+00 2.478595099999999718e+01 1.365241287891972022e-01
4.436950000000000394e+00 2.478199799999999797e+01 1.366773524244218052e-01
4.441692999999999891e+00 2.488017400000000379e+01 1.375679227976903674e-01
4.446436000000000277e+00 2.473725200000000513e+01 1.378749005721034149e-01
4.451178999999999775e+00 2.471193600000000146e+01 1.385144281911743769e-01
4.455922000000000160e+00 2.438527099999999592e+01 1.383112105774954859e-01
4.460664999999999658e+00 2.463402500000000117e+01 1.397446997314996664e-01
4.465408000000000044e+00 2.463960900000000009e+01 1.405005374540115315e-01
4.470150000000000290e+00 2.467611300000000085e+01 1.413550911342293936e-01
4.474892999999999788e+00 2.465751800000000316e+01 1.420631921180310620e-01
4.479636000000000173e+00 2.469059200000000232e+01 1.429301653092019675e-01
4.484378999999999671e+00 2.461925700000000106e+01 1.435073207211569613e-01
4.489122000000000057e+00 2.480118999999999829e+01 1.448345023767900475e-01
4.493865000000000443e+00 2.492448900000000123e+01 1.460053913780278712e-01
4.498607999999999940e+00 2.487533899999999676e+01 1.466840080076124153e-01
4.503350000000000186e+00 2.477768799999999416e+01 1.472291579766939473e-01
4.508092999999999684e+00 2.473087100000000049e+01 1.479357453915925436e-01
4.512836000000000070e+00 2.480824600000000402e+01 1.490276747135474145e-01
4.517578999999999567e+00 2.466208299999999909e+01 1.494593661638895232e-01
4.522321999999999953e+00 2.499696999999999747e+01 1.513619557024366569e-01
4.527065000000000339e+00 2.485282299999999722e+01 1.518285722286049355e-01
4.531807999999999836e+00 2.486154099999999900e+01 1.527743292709252965e-01
4.536551000000000222e+00 2.474430300000000216e+01 1.533442061319986727e-01
4.541292999999999580e+00 2.473895100000000369e+01 1.542749309566590066e-01
4.546035999999999966e+00 2.484892800000000079e+01 1.555841483687804838e-01
4.550779000000000352e+00 2.501440200000000047e+01 1.570858971783224978e-01
4.555521999999999849e+00 2.494292399999999787e+01 1.578634602390721065e-01
4.560265000000000235e+00 2.505069700000000310e+01 1.592231823402028845e-01
4.565007999999999733e+00 2.488072100000000120e+01 1.597205471876777527e-01
4.569751000000000118e+00 2.490152800000000255e+01 1.608407634340918713e-01
4.574493000000000364e+00 2.476414899999999975e+01 1.614691978401756878e-01
4.579235999999999862e+00 2.478727499999999750e+01 1.626368325697475636e-01
4.583979000000000248e+00 2.495774499999999918e+01 1.643115350976774580e-01
4.588721999999999746e+00 2.471496499999999941e+01 1.646437121362119005e-01
4.593465000000000131e+00 2.487144899999999836e+01 1.663227352021526828e-01
4.598207999999999629e+00 2.497392499999999771e+01 1.678483426507667575e-01
4.602951000000000015e+00 2.507496800000000547e+01 1.693983839354478715e-01
4.607693000000000261e+00 2.500693099999999802e+01 1.704016692407756550e-01
4.612435999999999758e+00 2.515504699999999971e+01 1.721676166771466121e-01
4.617179000000000144e+00 2.501564600000000027e+01 1.729742882587201325e-01
4.621921999999999642e+00 2.488477800000000073e+01 1.738318153789912557e-01
4.626665000000000028e+00 2.490473100000000173e+01 1.752411139689396546e-01
4.631408000000000413e+00 2.524124899999999627e+01 1.777965433594818345e-01
4.636150999999999911e+00 2.490137600000000262e+01 1.779934820619182290e-01
4.640894000000000297e+00 2.487449900000000369e+01 1.793276208068160238e-01
4.645635999999999655e+00 2.504233199999999826e+01 1.813949581114025766e-01
4.650379000000000040e+00 2.491789099999999735e+01 1.824411460317943157e-01
4.655122000000000426e+00 2.526663699999999935e+01 1.852580216906425936e-01
4.659864999999999924e+00 2.481181000000000125e+01 1.851490651788679775e-01
4.664608000000000310e+00 2.477578899999999962e+01 1.866200440649698755e-01
4.669350999999999807e+00 2.495472700000000188e+01 1.889421012649621090e-01
4.674094000000000193e+00 2.494542399999999560e+01 1.906009553449344585e-01
4.678836000000000439e+00 2.521568199999999749e+01 1.933754213189326499e-01
4.683578999999999937e+00 2.459815800000000152e+01 1.927612658250067168e-01
4.688322000000000322e+00 2.508442300000000458e+01 1.964908693257429728e-01
4.693064999999999820e+00 2.480845199999999906e+01 1.972828734662877559e-01
4.697808000000000206e+00 2.482817199999999502e+01 1.992869807389622272e-01
4.702550999999999704e+00 2.537376700000000440e+01 2.034721260580557023e-01
4.707294000000000089e+00 2.474562299999999837e+01 2.029760881596026911e-01
4.712036999999999587e+00 2.503072999999999837e+01 2.062528490615368748e-01
4.716778999999999833e+00 2.469265400000000454e+01 2.070140633347548609e-01
4.721522000000000219e+00 2.492609499999999656e+01 2.102260604488218332e-01
4.726264999999999716e+00 2.449557499999999877e+01 2.106918154857053138e-01
4.731008000000000102e+00 2.488173700000000110e+01 2.147265013202061534e-01
4.735750999999999600e+00 2.522657599999999789e+01 2.186889267429064643e-01
4.740493999999999986e+00 2.502798499999999393e+01 2.203756173671408969e-01
4.745237000000000371e+00 2.496202800000000011e+01 2.227171001892645497e-01
4.749978999999999729e+00 2.464341999999999899e+01 2.240044913345879407e-01
4.754722000000000115e+00 2.495542599999999922e+01 2.282470431113042542e-01
4.759464999999999613e+00 2.464633399999999952e+01 2.297446199835349867e-01
4.764207999999999998e+00 2.514082499999999953e+01 2.350930744574384335e-01
4.768951000000000384e+00 2.505213300000000132e+01 2.378478828234874276e-01
4.773693999999999882e+00 2.464501299999999873e+01 2.391843152463881683e-01
4.778437000000000268e+00 2.480991000000000213e+01 2.434049148045308308e-01
4.783178999999999625e+00 2.507881000000000071e+01 2.483062220433736866e-01
4.787922000000000011e+00 2.488648799999999994e+01 2.510838515032928209e-01
4.792665000000000397e+00 2.483864499999999609e+01 2.547381494571993032e-01
4.797407999999999895e+00 2.505990900000000110e+01 2.599690460650259660e-01
4.802151000000000280e+00 2.472861100000000434e+01 2.625112023727412258e-01
4.806893999999999778e+00 2.457474800000000315e+01 2.661619471152792404e-01
4.811637000000000164e+00 2.465800099999999873e+01 2.713174130508513859e-01
4.816379999999999661e+00 2.537304999999999922e+01 2.802532601555866032e-01
4.821121999999999908e+00 2.481560899999999847e+01 2.824087210527034819e-01
4.825865000000000293e+00 2.505207200000000256e+01 2.893357962144604834e-01
4.830607999999999791e+00 2.539463800000000049e+01 2.972670741717341469e-01
4.835351000000000177e+00 2.557256599999999835e+01 3.046640360069274855e-01
4.840093999999999674e+00 2.528704800000000574e+01 3.096956310978463134e-01
4.844837000000000060e+00 2.569133499999999870e+01 3.194175524844303227e-01
4.849579999999999558e+00 2.516214199999999934e+01 3.238108839036157316e-01
4.854321999999999804e+00 2.512119299999999811e+01 3.318211315586155341e-01
4.859065000000000190e+00 2.471852900000000020e+01 3.380121963103550620e-01
4.863807999999999687e+00 2.498806900000000297e+01 3.495121539500164465e-01
4.868551000000000073e+00 2.556618500000000083e+01 3.641735467047132468e-01
4.873293999999999571e+00 2.566099799999999931e+01 3.765192004426201611e-01
4.878036999999999956e+00 2.539300400000000124e+01 3.873507506684478185e-01
4.882780000000000342e+00 2.560445299999999946e+01 4.031972738812850676e-01
4.887522999999999840e+00 2.566554000000000002e+01 4.196212808554518614e-01
4.892265000000000086e+00 2.473844599999999971e+01 4.296113983293157190e-01
4.897007999999999583e+00 2.578196500000000313e+01 4.590921382875010615e-01
4.901750999999999969e+00 2.573105099999999723e+01 4.822789384380475330e-01
4.906494000000000355e+00 2.524698599999999971e+01 5.051643239221769166e-01
4.911236999999999853e+00 2.485715100000000177e+01 5.337640402472613177e-01
4.915980000000000238e+00 2.487564500000000223e+01 5.736722951177963825e-01
4.920722999999999736e+00 2.587484099999999643e+01 6.362199305263629423e-01
4.925464999999999982e+00 2.565221700000000027e+01 7.005014449678172994e-01
4.930208000000000368e+00 2.646009500000000259e+01 8.068443852562958707e-01
4.934950999999999866e+00 2.682730900000000318e+01 9.615447146727550409e-01
4.939694000000000251e+00 2.307923699999999911e+01 1.151674938038273144e+00
4.944436999999999749e+00 7.165183799999999437e+00 1.111778591130144989e+00