# [71] Sgs_R09_0.9
# Sample c= 1.0 mg/ml
#
# Number of frames collected: 10
# Exposure time per frame: 0.5
# No significant radiation damage detected, merging 10 files
# Merged from: /data/visitor/mx1905/bm29/20170412/Poker/1d/Sxl_10gs_208_00001.dat
# Merged from: /data/visitor/mx1905/bm29/20170412/Poker/1d/Sxl_10gs_208_00002.dat
# Merged from: /data/visitor/mx1905/bm29/20170412/Poker/1d/Sxl_10gs_208_00003.dat
# Merged from: /data/visitor/mx1905/bm29/20170412/Poker/1d/Sxl_10gs_208_00004.dat
# Merged from: /data/visitor/mx1905/bm29/20170412/Poker/1d/Sxl_10gs_208_00005.dat
# Merged from: /data/visitor/mx1905/bm29/20170412/Poker/1d/Sxl_10gs_208_00006.dat
# Merged from: /data/visitor/mx1905/bm29/20170412/Poker/1d/Sxl_10gs_208_00007.dat
# Merged from: /data/visitor/mx1905/bm29/20170412/Poker/1d/Sxl_10gs_208_00008.dat
# Merged from: /data/visitor/mx1905/bm29/20170412/Poker/1d/Sxl_10gs_208_00009.dat
# Merged from: /data/visitor/mx1905/bm29/20170412/Poker/1d/Sxl_10gs_208_00010.dat
#
# Sample Information:
# Storage Temperature (degrees C): 20.0
# Measurement Temperature (degrees C): 20.03
# Concentration: 1.0
# Code: 
3.082862000000000102e-02 6.276219199999999319e+02 8.450524648751994050e+00
3.557148999999999728e-02 2.162337199999999939e+03 6.467552747857878259e+00
4.031434999999999880e-02 2.922580800000000181e+03 4.953079006417321573e+00
4.505722000000000199e-02 1.480006679999999960e+03 2.506330543252882848e+00
4.980007999999999657e-02 9.290275699999999688e+02 1.778109169358678798e+00
5.454294999999999977e-02 6.499934200000000146e+02 1.399208407811616706e+00
5.928581000000000129e-02 4.726898500000000354e+02 1.134354450231438882e+00
6.402868000000000448e-02 3.678743800000000306e+02 9.541308850016332332e-01
6.877154000000000600e-02 3.003655700000000479e+02 8.281578683404451358e-01
7.351441000000000225e-02 2.518462199999999882e+02 7.307183465954375512e-01
7.825727999999999851e-02 2.156073899999999810e+02 6.508453311205512071e-01
8.300014000000000003e-02 1.880294099999999844e+02 5.883675519815059207e-01
8.774300999999999628e-02 1.683856300000000203e+02 5.402374378786423126e-01
9.248586999999999780e-02 1.540796600000000183e+02 5.022055353652625787e-01
9.722873999999999406e-02 1.412448200000000043e+02 4.668763250377020446e-01
1.019715999999999956e-01 1.312230500000000006e+02 4.385639657597965591e-01
1.067145000000000038e-01 1.251212699999999813e+02 4.180135294887953323e-01
1.114572999999999953e-01 1.180280699999999996e+02 3.968022794150381505e-01
1.162002000000000035e-01 1.132689800000000133e+02 3.802270628727786872e-01
1.209430999999999978e-01 1.093276699999999835e+02 3.657140773182514515e-01
1.256858999999999893e-01 1.056793100000000152e+02 3.523804241005450422e-01
1.304288000000000114e-01 1.031836329999999862e+02 3.415270194687091143e-01
1.351717000000000057e-01 1.004108200000000153e+02 3.306005882084301351e-01
1.399144999999999972e-01 9.764210099999999670e+01 3.200969861156458540e-01
1.446573999999999915e-01 9.548370200000000807e+01 3.110423727667005478e-01
1.494003000000000136e-01 9.385020199999999591e+01 3.032149830497246623e-01
1.541431000000000051e-01 9.333956600000001913e+01 2.979635489939759241e-01
1.588859999999999995e-01 9.176795899999999051e+01 2.907701469642425818e-01
1.636287999999999909e-01 9.061304899999998952e+01 2.845361437355797274e-01
1.683717000000000130e-01 8.919302899999999568e+01 2.781415415334899111e-01
1.731146000000000074e-01 8.809524300000001062e+01 2.724610734043141913e-01
1.778573999999999988e-01 8.699945400000001428e+01 2.669590043629451737e-01
1.826002999999999932e-01 8.650753500000000429e+01 2.625897529507688066e-01
1.873431999999999875e-01 8.556190599999999336e+01 2.577094853270665009e-01
1.920860000000000067e-01 8.455771500000000174e+01 2.528865519808961571e-01
1.968289000000000011e-01 8.366921599999999160e+01 2.483740273970843349e-01
2.015717999999999954e-01 8.338041699999999423e+01 2.449096421100686316e-01
2.063145999999999869e-01 8.262548200000000520e+01 2.408756759436085082e-01
2.110575000000000090e-01 8.204610999999999876e+01 2.369752765499675284e-01
2.158004000000000033e-01 8.162663799999998560e+01 2.336588165746217027e-01
2.205431999999999948e-01 8.090929799999999261e+01 2.300532047120082968e-01
2.252860999999999891e-01 8.036137699999999029e+01 2.267971662211293871e-01
2.300290000000000112e-01 7.979814600000000269e+01 2.236027951486736498e-01
2.347718000000000027e-01 7.943547399999997083e+01 2.207610709340396826e-01
2.395146999999999970e-01 7.903587699999999927e+01 2.179521663829155353e-01
2.442575999999999914e-01 7.870188699999999926e+01 2.153072085506012867e-01
2.490004000000000106e-01 7.806795300000000282e+01 2.123201952410789795e-01
2.537433000000000050e-01 7.754875800000000652e+01 2.095522906752985415e-01
2.584861999999999993e-01 7.740913700000000119e+01 2.073875769172196792e-01
2.632289999999999908e-01 7.670326700000001097e+01 2.045409124913614707e-01
2.679718999999999851e-01 7.634953299999999388e+01 2.022206128543371229e-01
2.727146999999999766e-01 7.622161699999999485e+01 2.002423625022929643e-01
2.774576000000000264e-01 7.560119600000000162e+01 1.977297035392773239e-01
2.822005000000000208e-01 7.541885700000000270e+01 1.958830837058677665e-01
2.869433000000000122e-01 7.515642999999998608e+01 1.938799926441047150e-01
2.916862000000000066e-01 7.476185799999998949e+01 1.917436121277624195e-01
2.964291000000000009e-01 7.425852199999999925e+01 1.895236623776490326e-01
3.011718999999999924e-01 7.404025299999999277e+01 1.877152538453359110e-01
3.059147999999999867e-01 7.353745499999999424e+01 1.855888034390086594e-01
3.106576999999999811e-01 7.313743600000000811e+01 1.836242933539446176e-01
3.154004999999999725e-01 7.272863399999999956e+01 1.817000451710147346e-01
3.201434000000000224e-01 7.220677100000000337e+01 1.796809912138835619e-01
3.248863000000000167e-01 7.249130800000000363e+01 1.786893327552154243e-01
3.296291000000000082e-01 7.195488500000000442e+01 1.767061042592951714e-01
3.343720000000000026e-01 7.154520600000000741e+01 1.749217610199363115e-01
3.391148999999999969e-01 7.166653399999999863e+01 1.756486342910718590e-01
3.438576999999999884e-01 7.144495799999999974e+01 1.776432650800218449e-01
3.486005999999999827e-01 7.096591000000000804e+01 1.815536017045310258e-01
3.533434999999999770e-01 7.071440300000000434e+01 1.845560570528315125e-01
3.580863000000000240e-01 7.011843199999999854e+01 1.860613310562205525e-01
3.628292000000000184e-01 6.977033099999999877e+01 1.874293518723102736e-01
3.675720000000000098e-01 6.906994100000000003e+01 1.880211276203493376e-01
3.723149000000000042e-01 6.922300700000000973e+01 1.896146587384221760e-01
3.770577999999999985e-01 6.886316599999999255e+01 1.903868398688386143e-01
3.818005999999999900e-01 6.842238799999999799e+01 1.907890172097906623e-01
3.865434999999999843e-01 6.821232799999998520e+01 1.914358882263453854e-01
3.912863999999999787e-01 6.797449799999999698e+01 1.918680903636375834e-01
3.960292000000000256e-01 6.794812100000000044e+01 1.926191213956135184e-01
4.007721000000000200e-01 6.764747099999999591e+01 1.930140705830593051e-01
4.055150000000000143e-01 6.732733899999999494e+01 1.991934771631511114e-01
4.102578000000000058e-01 6.702448000000001116e+01 2.039275289186141260e-01
4.150007000000000001e-01 6.663985599999999465e+01 2.077941387273909424e-01
4.197435999999999945e-01 6.617779299999999409e+01 2.102617984453590549e-01
4.244863999999999860e-01 6.600993000000001132e+01 2.133952217439298860e-01
4.292292999999999803e-01 6.555276999999999532e+01 2.159037737106424548e-01
4.339721999999999746e-01 6.534595300000000861e+01 2.188634694258340674e-01
4.387150000000000216e-01 6.506211800000001233e+01 2.215736200364605557e-01
4.434579000000000160e-01 6.482047199999999521e+01 2.244108262723108760e-01
4.482008000000000103e-01 6.442538499999999146e+01 2.275034267387693598e-01
4.529436000000000018e-01 6.426475899999999797e+01 2.309229480430693149e-01
4.576864999999999961e-01 6.407729600000001824e+01 2.329938405072694285e-01
4.624293999999999905e-01 6.377596499999999935e+01 2.343817306385794497e-01
4.671721999999999819e-01 6.336181199999998626e+01 2.324654277321894502e-01
4.719150999999999763e-01 6.381252700000000999e+01 2.241083498313523048e-01
4.766579000000000232e-01 6.283951400000000831e+01 2.182059756360716918e-01
4.814008000000000176e-01 6.241814499999999555e+01 2.147106099556698733e-01
4.861437000000000119e-01 6.204916300000000717e+01 2.119678091214942106e-01
4.908865000000000034e-01 6.203457300000000174e+01 2.102148688729781889e-01
4.956293999999999977e-01 6.183408200000000221e+01 2.083979083768088270e-01
5.003722999999999921e-01 6.095275099999999924e+01 2.056061569350280949e-01
5.051151000000000391e-01 6.092091599999999829e+01 2.043862035428399559e-01
5.098580000000000334e-01 6.087817400000000134e+01 2.032523216193916071e-01
5.146009000000000277e-01 6.073368000000000677e+01 2.020307997312929538e-01
5.193436999999999637e-01 6.029139300000000645e+01 2.003728925763098301e-01
5.240865999999999580e-01 5.997310699999999173e+01 1.989824339734354575e-01
5.288294999999999524e-01 5.932637500000000585e+01 1.970963783719754114e-01
5.335722999999999994e-01 5.930074100000000215e+01 1.958952343358730253e-01
5.383151999999999937e-01 5.880583000000000027e+01 1.936683768712548492e-01
5.430580999999999881e-01 5.862325599999999071e+01 1.920205118808704092e-01
5.478009000000000350e-01 5.806044099999999020e+01 1.898078033197362902e-01
5.525438000000000294e-01 5.763192599999999999e+01 1.878678935971130615e-01
5.572867000000000237e-01 5.766240999999998706e+01 1.867128598265660189e-01
5.620294999999999597e-01 5.741343300000001193e+01 1.851474652359097195e-01
5.667723999999999540e-01 5.684686800000000773e+01 1.831121206687503777e-01
5.715152000000000010e-01 5.702771800000000724e+01 1.823144299579542438e-01
5.762580999999999953e-01 5.641727499999999651e+01 1.802767414393872947e-01
5.810009999999999897e-01 5.660420500000000033e+01 1.795917472947114457e-01
5.857438000000000367e-01 5.590127199999999164e+01 1.779395335178661219e-01
5.904867000000000310e-01 5.569770300000000418e+01 1.771883259070399230e-01
5.952296000000000253e-01 5.527978399999999226e+01 1.760962186929183049e-01
5.999723999999999613e-01 5.553455499999999745e+01 1.762659592052918112e-01
6.047152999999999556e-01 5.509219799999999623e+01 1.751186858049757211e-01
6.094581999999999500e-01 5.451277700000000692e+01 1.736367405027953725e-01
6.142009999999999970e-01 5.415036500000000075e+01 1.728152714866050266e-01
6.189438999999999913e-01 5.413527599999999751e+01 1.722299686110912997e-01
6.236867999999999856e-01 5.395289499999999094e+01 1.715429344045422966e-01
6.284296000000000326e-01 5.347301000000000215e+01 1.703897562876888483e-01
6.331725000000000270e-01 5.336208199999998669e+01 1.698237242756429344e-01
6.379154000000000213e-01 5.302089999999999748e+01 1.688958813278799431e-01
6.426581999999999573e-01 5.258066599999999369e+01 1.678159905502202009e-01
6.474010999999999516e-01 5.235969500000000210e+01 1.670904261350236730e-01
6.521439999999999459e-01 5.237063900000000416e+01 1.667336756569101075e-01
6.568867999999999929e-01 5.194069199999999853e+01 1.656789801989733413e-01
6.616296999999999873e-01 5.184685999999999240e+01 1.651655560089730357e-01
6.663725999999999816e-01 5.150399299999999414e+01 1.642592818221801365e-01
6.711154000000000286e-01 5.129785099999999431e+01 1.635705628059657968e-01
6.758583000000000229e-01 5.118419900000000666e+01 1.630331751289172404e-01
6.806010999999999589e-01 5.079087299999999061e+01 1.620550458860679499e-01
6.853439999999999532e-01 5.043794900000000325e+01 1.611454197538192690e-01
6.900868999999999476e-01 4.998342900000000100e+01 1.600723774258634990e-01
6.948296999999999946e-01 5.017960899999999924e+01 1.600427532408102982e-01
6.995725999999999889e-01 4.976521400000000028e+01 1.590425408347675151e-01
7.043154999999999832e-01 4.960331499999999494e+01 1.584495941970874844e-01
7.090583000000000302e-01 4.935252499999999998e+01 1.577143192068624633e-01
7.138012000000000246e-01 4.893401599999999974e+01 1.567134059939521984e-01
7.185441000000000189e-01 4.890307700000000324e+01 1.563374418152465306e-01
7.232868999999999549e-01 4.866718000000000188e+01 1.556371902717232913e-01
7.280297999999999492e-01 4.831477800000000400e+01 1.547503762514282344e-01
7.327727000000000546e-01 4.808844699999999506e+01 1.540674969298748698e-01
7.375154999999999905e-01 4.812009700000000123e+01 1.538023657117071064e-01
7.422583999999999849e-01 4.790554600000000107e+01 1.531464703798912086e-01
7.470012999999999792e-01 4.728660800000000819e+01 1.518430397230614015e-01
7.517441000000000262e-01 4.726759099999999592e+01 1.515027241802621716e-01
7.564870000000000205e-01 4.680389500000000425e+01 1.504536416633485696e-01
7.612299000000000149e-01 4.675650100000000009e+01 1.500759671680476082e-01
7.659726999999999508e-01 4.648820299999999861e+01 1.493438977925191369e-01
7.707155999999999452e-01 4.633487699999999876e+01 1.487978558578583743e-01
7.754585000000000505e-01 4.621882300000000043e+01 1.483167594540414913e-01
7.802012999999999865e-01 4.597471700000001249e+01 1.477781461109886341e-01
7.849441999999999808e-01 4.578225700000000131e+01 1.471257202123527341e-01
7.896870000000000278e-01 4.550255700000000303e+01 1.462909520024064935e-01
7.944299000000000222e-01 4.535114999999999696e+01 1.457616441314092959e-01
7.991728000000000165e-01 4.506230799999999448e+01 1.450141609231739848e-01
8.039155999999999525e-01 4.494425899999999530e+01 1.445419194375119620e-01
8.086584999999999468e-01 4.452136600000000044e+01 1.435797386731167413e-01
8.134014000000000522e-01 4.479869099999999094e+01 1.437484575494304140e-01
8.181441999999999881e-01 4.446905699999999939e+01 1.430521034903338984e-01
8.228870999999999825e-01 4.417084200000000749e+01 1.421963735390175121e-01
8.276299999999999768e-01 4.395276099999999531e+01 1.415666485471994973e-01
8.323728000000000238e-01 4.368319600000000946e+01 1.408633690320702514e-01
8.371157000000000181e-01 4.357859899999999698e+01 1.404291712415564886e-01
8.418586000000000125e-01 4.347327800000000764e+01 1.399940503556015570e-01
8.466013999999999484e-01 4.314886399999999611e+01 1.392063215704286983e-01
8.513443000000000538e-01 4.288553600000000898e+01 1.385210165836704421e-01
8.560872000000000481e-01 4.276117399999999691e+01 1.380625531138023887e-01
8.608299999999999841e-01 4.247469700000000614e+01 1.373428525417045576e-01
8.655728999999999784e-01 4.245186300000000301e+01 1.370495781270942293e-01
8.703157999999999728e-01 4.228217399999999770e+01 1.365227081512943585e-01
8.750586000000000197e-01 4.216296199999999317e+01 1.360796353778293832e-01
8.798015000000000141e-01 4.187587200000000109e+01 1.353665845081957475e-01
8.845442999999999500e-01 4.176557300000000339e+01 1.349394501240704369e-01
8.892872000000000554e-01 4.144530699999999968e+01 1.341758058065533055e-01
8.940301000000000498e-01 4.103656700000000512e+01 1.332710034946146815e-01
8.987728999999999857e-01 4.115635400000000033e+01 1.332236744147439478e-01
9.035157999999999801e-01 4.095755100000000937e+01 1.326600106856832828e-01
9.082586999999999744e-01 4.075343900000000019e+01 1.320914268837872219e-01
9.130015000000000214e-01 4.063035200000000202e+01 1.316561078048208155e-01
9.177444000000000157e-01 4.038448300000000302e+01 1.310230115470832069e-01
9.224873000000000101e-01 4.041973799999999528e+01 1.308453443960391760e-01
9.272300999999999460e-01 4.017881599999999764e+01 1.302233902462967552e-01
9.319730000000000514e-01 4.002550899999999956e+01 1.297456491706184267e-01
9.367159000000000457e-01 3.976013000000000375e+01 1.290872980887926014e-01
9.414586999999999817e-01 3.943543400000000076e+01 1.283318340864483265e-01
9.462015999999999760e-01 3.957763199999999415e+01 1.283379022454695650e-01
9.509444999999999704e-01 3.944009499999999946e+01 1.278921787972563950e-01
9.556873000000000173e-01 3.927408900000000358e+01 1.274010051328120507e-01
9.604302000000000117e-01 3.911917100000000147e+01 1.269277335885884983e-01
9.651731000000000060e-01 3.894216500000000281e+01 1.264216511588157621e-01
9.699159000000000530e-01 3.874122799999999955e+01 1.258787318372611153e-01
9.746588000000000473e-01 3.870902799999999644e+01 1.256107870785232172e-01
9.794017000000000417e-01 3.845931199999999706e+01 1.249893681947340518e-01
9.841444999999999776e-01 3.832918100000000550e+01 1.245650137899610987e-01
9.888873999999999720e-01 3.822965299999999900e+01 1.241926214608279483e-01
9.936302000000000190e-01 3.815328000000000230e+01 1.238588259305617723e-01
9.983731000000000133e-01 3.798725899999999456e+01 1.233790294225246276e-01
1.003115999999999897e+00 3.771385800000000188e+01 1.227273627590624167e-01
1.007859000000000060e+00 3.749632999999999328e+01 1.221684130735625207e-01
1.012602000000000002e+00 3.744609799999999922e+01 1.218828690334277515e-01
1.017344999999999944e+00 3.728272500000000633e+01 1.214126202296157420e-01
1.022086999999999968e+00 3.727126299999999759e+01 1.211922849319955614e-01
1.026829999999999909e+00 3.708634400000000397e+01 1.206918657838924186e-01
1.031573000000000073e+00 3.698488900000000967e+01 1.203279849693898174e-01
1.036316000000000015e+00 3.679586099999999504e+01 1.198214504935472824e-01
1.041058999999999957e+00 3.660799199999999587e+01 1.193192165889271211e-01
1.045801999999999898e+00 3.679304900000000345e+01 1.194254027015986264e-01
1.050545000000000062e+00 3.669731600000000071e+01 1.190759184608336241e-01
1.055287000000000086e+00 3.635939900000000335e+01 1.183324097237122147e-01
1.060030000000000028e+00 3.629806899999999814e+01 1.180411964233250011e-01
1.064772999999999969e+00 3.609233100000000150e+01 1.175166862775440108e-01
1.069515999999999911e+00 3.592677599999999671e+01 1.170585962540009184e-01
1.074259000000000075e+00 3.572241499999999803e+01 1.165366628892843259e-01
1.079002000000000017e+00 3.582828299999999899e+01 1.165225474981606280e-01
1.083744999999999958e+00 3.574800799999999867e+01 1.162319279613901885e-01
1.088487999999999900e+00 3.567593200000000309e+01 1.159560961818243696e-01
1.093229999999999924e+00 3.544613400000000070e+01 1.153474023016487493e-01
1.097973000000000088e+00 3.539099299999999459e+01 1.150753771029115607e-01
1.102716000000000030e+00 3.524463200000000285e+01 1.146569061504936204e-01
1.107458999999999971e+00 3.509455300000000477e+01 1.142332866698678034e-01
1.112201999999999913e+00 3.514433899999999511e+01 1.141340973603309356e-01
1.116945000000000077e+00 3.491012700000000279e+01 1.135756979462987787e-01
1.121688000000000018e+00 3.486043399999999792e+01 1.133186167560917557e-01
1.126430000000000042e+00 3.460915199999999459e+01 1.127346937231964025e-01
1.131172999999999984e+00 3.444361500000000120e+01 1.122897335222307752e-01
1.135915999999999926e+00 3.422447700000000026e+01 1.117592571124414735e-01
1.140659000000000090e+00 3.426505200000000428e+01 1.116539640401750522e-01
1.145402000000000031e+00 3.425410800000000222e+01 1.114654298339000649e-01
1.150144999999999973e+00 3.417020000000000124e+01 1.111576324074451672e-01
1.154887999999999915e+00 3.401439100000000337e+01 1.107347511189342021e-01
1.159631000000000078e+00 3.380509300000000650e+01 1.102261618223564082e-01
1.164373000000000102e+00 3.379611099999999624e+01 1.100453338806094000e-01
1.169116000000000044e+00 3.380736399999999264e+01 1.099787700046004346e-01
1.173858999999999986e+00 3.363052200000000624e+01 1.094958481054624233e-01
1.178601999999999927e+00 3.365846100000000263e+01 1.093243073571728702e-01
1.183345000000000091e+00 3.362732200000000660e+01 1.091106606095188225e-01
1.188088000000000033e+00 3.329874900000000082e+01 1.084132865090450953e-01
1.192830999999999975e+00 3.332156899999999666e+01 1.082886393451889251e-01
1.197572999999999999e+00 3.311649499999999335e+01 1.077950063665219088e-01
1.202315999999999940e+00 3.314970999999999890e+01 1.076900147071296471e-01
1.207059000000000104e+00 3.333470799999999912e+01 1.081794874076277974e-01
1.211802000000000046e+00 3.315073399999999992e+01 1.114131344791331052e-01
1.216544999999999987e+00 3.302307000000000414e+01 1.135129628756627873e-01
1.221287999999999929e+00 3.285766499999999724e+01 1.149304947843613062e-01
1.226031000000000093e+00 3.264393300000000409e+01 1.159903456450009918e-01
1.230774000000000035e+00 3.250794699999999438e+01 1.170246260739473687e-01
1.235516000000000059e+00 3.252905499999999961e+01 1.182337599458428840e-01
1.240259000000000000e+00 3.259483000000000885e+01 1.194487476997096731e-01
1.245001999999999942e+00 3.245418599999999287e+01 1.202233235555971447e-01
1.249745000000000106e+00 3.236770099999999672e+01 1.210477264828220545e-01
1.254488000000000048e+00 3.225544400000000422e+01 1.217828263536907818e-01
1.259230999999999989e+00 3.204460999999999871e+01 1.220025100234601589e-01
1.263973999999999931e+00 3.192618600000000129e+01 1.220898882186747941e-01
1.268715999999999955e+00 3.172463699999999420e+01 1.219990447470405276e-01
1.273458999999999897e+00 3.201757399999999620e+01 1.205526615125199069e-01
1.278202000000000060e+00 3.200884499999999377e+01 1.160814969498683846e-01
1.282945000000000002e+00 3.191722100000000140e+01 1.137042657659197015e-01
1.287687999999999944e+00 3.198274799999999729e+01 1.122180393352245342e-01
1.292431000000000108e+00 3.156435300000000055e+01 1.101940493349128081e-01
1.297174000000000049e+00 3.164256699999999611e+01 1.092317342479812436e-01
1.301916000000000073e+00 3.164260300000000115e+01 1.082637994137444909e-01
1.306659000000000015e+00 3.156182299999999685e+01 1.072568823816098804e-01
1.311401999999999957e+00 3.137429199999999696e+01 1.061482600066468301e-01
1.316144999999999898e+00 3.121412399999999820e+01 1.051499782665117760e-01
1.320888000000000062e+00 3.135699500000000128e+01 1.048656503701879406e-01
1.325631000000000004e+00 3.109143800000000013e+01 1.041517713634304981e-01
1.330373999999999945e+00 3.122937300000000249e+01 1.041278946984250664e-01
1.335117000000000109e+00 3.117411999999999850e+01 1.037925550836436422e-01
1.339858999999999911e+00 3.118609700000000018e+01 1.035768916473230467e-01
1.344602000000000075e+00 3.108590899999999380e+01 1.031837496723108094e-01
1.349345000000000017e+00 3.073690900000000426e+01 1.023853016366660790e-01
1.354087999999999958e+00 3.087278599999999784e+01 1.023997010509855032e-01
1.358830999999999900e+00 3.074140299999999826e+01 1.019747749846107859e-01
1.363574000000000064e+00 3.069802100000000067e+01 1.017016303524043846e-01
1.368317000000000005e+00 3.049098700000000051e+01 1.011626086288273801e-01
1.373059000000000029e+00 3.081770100000000667e+01 1.015113473618654283e-01
1.377801999999999971e+00 3.062980799999999704e+01 1.010126165313625507e-01
1.382544999999999913e+00 3.032649100000000431e+01 1.003271690015177520e-01
1.387288000000000077e+00 3.036065499999999773e+01 1.002035771123102326e-01
1.392031000000000018e+00 3.023931400000000025e+01 9.982627357590086181e-02
1.396773999999999960e+00 3.015934599999999932e+01 9.951944909873096379e-02
1.401516999999999902e+00 3.023276500000000055e+01 9.946850155159421558e-02
1.406260000000000066e+00 2.995907200000000259e+01 9.884899492622875594e-02
1.411002000000000089e+00 3.011687300000000533e+01 9.894283307672820105e-02
1.415745000000000031e+00 3.002383700000000388e+01 9.862482982003974163e-02
1.420487999999999973e+00 2.997387900000000016e+01 9.838050434001495426e-02
1.425230999999999915e+00 2.992398400000000080e+01 9.813864376365051545e-02
1.429974000000000078e+00 2.979209499999999977e+01 9.776467255889931263e-02
1.434717000000000020e+00 2.980564299999999633e+01 9.763024352799239136e-02
1.439459999999999962e+00 2.982266500000000065e+01 9.750334064936852507e-02
1.444201999999999986e+00 2.971329599999999616e+01 9.717173041989629612e-02
1.448944999999999927e+00 2.975955499999999532e+01 9.709635971538840837e-02
1.453688000000000091e+00 2.966470199999999835e+01 9.679154500852696352e-02
1.458431000000000033e+00 2.949423699999999826e+01 9.636474185706096762e-02
1.463173999999999975e+00 2.939354200000000361e+01 9.607939388049083207e-02
1.467916999999999916e+00 2.936737300000000417e+01 9.589394963048658571e-02
1.472660000000000080e+00 2.932675400000000110e+01 9.565658853916911286e-02
1.477402000000000104e+00 2.925125300000000195e+01 9.539075300919948319e-02
1.482145000000000046e+00 2.928772899999999524e+01 9.530928691990303570e-02
1.486887999999999987e+00 2.939204799999999551e+01 9.533904870821922894e-02
1.491630999999999929e+00 2.932680199999999715e+01 9.509370702075191362e-02
1.496374000000000093e+00 2.929671899999999596e+01 9.490636461065296570e-02
1.501117000000000035e+00 2.923206499999999863e+01 9.471278951733656803e-02
1.505859999999999976e+00 2.920084300000000255e+01 9.635531477498322783e-02
1.510602999999999918e+00 2.901639099999999871e+01 9.875223928842777332e-02
1.515344999999999942e+00 2.899782499999999885e+01 1.003564690113417646e-01
1.520088000000000106e+00 2.909326300000000032e+01 1.018458640177916097e-01
1.524831000000000047e+00 2.899930600000000069e+01 1.028350678350468950e-01
1.529573999999999989e+00 2.873610000000000042e+01 1.031732111075355646e-01
1.534316999999999931e+00 2.897972299999999990e+01 1.007296381061661555e-01
1.539060000000000095e+00 2.891543100000000166e+01 9.905624269920700053e-02
1.543803000000000036e+00 2.891148899999999955e+01 9.800473611672397278e-02
1.548545000000000060e+00 2.873254599999999570e+01 9.668078878348997096e-02
1.553288000000000002e+00 2.894388999999999257e+01 9.617459551077404967e-02
1.558030999999999944e+00 2.863863299999999867e+01 9.486034440542212565e-02
1.562774000000000107e+00 2.863953199999999555e+01 9.391229714914869908e-02
1.567517000000000049e+00 2.854758400000000051e+01 9.289853234275231852e-02
1.572259999999999991e+00 2.846514699999999465e+01 9.222049934494716550e-02
1.577002999999999933e+00 2.835894400000000104e+01 9.168657052625754644e-02
1.581746000000000096e+00 2.840392800000000051e+01 9.158213512777260701e-02
1.586487999999999898e+00 2.828202699999999936e+01 9.140939173718856670e-02
1.591231000000000062e+00 2.842866500000000229e+01 9.176345281493225592e-02
1.595974000000000004e+00 2.838112699999999933e+01 9.179973777212221964e-02
1.600716999999999945e+00 2.820583299999999483e+01 9.159546180932165438e-02
1.605460000000000109e+00 2.817764299999999977e+01 9.143071761755072746e-02
1.610203000000000051e+00 2.809663400000000522e+01 9.114667299362057273e-02
1.614945999999999993e+00 2.822671899999999567e+01 9.120840574500520270e-02
1.619688000000000017e+00 2.811784300000000059e+01 9.088650391424239749e-02
1.624430999999999958e+00 2.822355200000000153e+01 9.091336190708768084e-02
1.629173999999999900e+00 2.809124499999999713e+01 9.055849378744380840e-02
1.633917000000000064e+00 2.798777199999999965e+01 9.025318739206610041e-02
1.638660000000000005e+00 2.804141999999999868e+01 9.020317277673718659e-02
1.643402999999999947e+00 2.803083799999999925e+01 9.005148393071710222e-02
1.648146000000000111e+00 2.803708199999999806e+01 8.992806058821352366e-02
1.652889000000000053e+00 2.812372300000000180e+01 8.993522447439322720e-02
1.657631000000000077e+00 2.777864500000000092e+01 8.925292175704557796e-02
1.662374000000000018e+00 2.768759599999999566e+01 8.897863987731156887e-02
1.667116999999999960e+00 2.778894599999999926e+01 8.901447984126684143e-02
1.671859999999999902e+00 2.775171700000000286e+01 8.882977035215670891e-02
1.676603000000000065e+00 2.761490799999999624e+01 8.848721061403336252e-02
1.681346000000000007e+00 2.769931900000000269e+01 8.849946815438214376e-02
1.686088999999999949e+00 2.769470799999999855e+01 8.837001837122362979e-02
1.690830999999999973e+00 2.773453999999999908e+01 8.831312773089117218e-02
1.695573999999999915e+00 2.779008199999999462e+01 8.828201710534087920e-02
1.700317000000000078e+00 2.770275199999999671e+01 8.802437852088704218e-02
1.705060000000000020e+00 2.763293600000000083e+01 8.779557082763629616e-02
1.709802999999999962e+00 2.748991300000000138e+01 8.745163336777249385e-02
1.714545999999999903e+00 2.731536200000000036e+01 8.705888589797540489e-02
1.719289000000000067e+00 2.725282899999999842e+01 8.684483638280862672e-02
1.724031000000000091e+00 2.740305000000000035e+01 8.696969335485091324e-02
1.728774000000000033e+00 2.736665499999999795e+01 8.679904513904747321e-02
1.733516999999999975e+00 2.724251199999999784e+01 8.649062379460967231e-02
1.738259999999999916e+00 2.720080700000000462e+01 8.631316513681849822e-02
1.743003000000000080e+00 2.724881899999999746e+01 8.627835768695066299e-02
1.747746000000000022e+00 2.726892399999999839e+01 8.620053803306740314e-02
1.752488999999999963e+00 2.730127499999999685e+01 8.614267096405010815e-02
1.757231999999999905e+00 2.720483299999999716e+01 8.588204703475807444e-02
1.761973999999999929e+00 2.724729799999999358e+01 8.584072923972047020e-02
1.766717000000000093e+00 2.717030199999999951e+01 8.561243371642579536e-02
1.771460000000000035e+00 2.711027800000000099e+01 8.541172324192154719e-02
1.776202999999999976e+00 2.716497600000000290e+01 8.543027932166732952e-02
1.780945999999999918e+00 2.701003000000000043e+01 8.508363107322053365e-02
1.785689000000000082e+00 2.704986600000000152e+01 8.500097570547057724e-02
1.790432000000000023e+00 2.705389500000000069e+01 8.490366598509277440e-02
1.795174000000000047e+00 2.685260099999999994e+01 8.448410083756764666e-02
1.799916999999999989e+00 2.701584599999999980e+01 8.463727404966915613e-02
1.804659999999999931e+00 2.680397400000000019e+01 8.420309151293436933e-02
1.809403000000000095e+00 2.681496399999999625e+01 8.411917980477222334e-02
1.814146000000000036e+00 2.691573900000000208e+01 8.417603661513410607e-02
1.818888999999999978e+00 2.693968100000000021e+01 8.411250284126492449e-02
1.823631999999999920e+00 2.685529900000000225e+01 8.388061987438695521e-02
1.828375000000000083e+00 2.680328399999999789e+01 8.370016433707104520e-02
1.833117000000000107e+00 2.693332400000000604e+01 8.380371035876217622e-02
1.837860000000000049e+00 2.669452600000000331e+01 8.333281205784129342e-02
1.842602999999999991e+00 2.688287400000000460e+01 8.352815461543609821e-02
1.847345999999999933e+00 2.691236600000000223e+01 8.347652959210152823e-02
1.852089000000000096e+00 2.686918000000000006e+01 8.338087675923119835e-02
1.856832000000000038e+00 2.658585500000000224e+01 8.278110590971650418e-02
1.861574999999999980e+00 2.668268600000000035e+01 8.282978615290698121e-02
1.866317000000000004e+00 2.670521400000000156e+01 8.276918595852263139e-02
1.871059999999999945e+00 2.649716600000000355e+01 8.235142020945904195e-02
1.875803000000000109e+00 2.650935600000000392e+01 8.227532828329765791e-02
1.880546000000000051e+00 2.657061100000000309e+01 8.227623230583240577e-02
1.885288999999999993e+00 2.648644099999999568e+01 8.205237081975266800e-02
1.890031999999999934e+00 2.644456400000000329e+01 8.189425348061853127e-02
1.894775000000000098e+00 2.656768000000000285e+01 8.199111579360229829e-02
1.899516999999999900e+00 2.656709900000000246e+01 8.189781535899172404e-02
1.904260000000000064e+00 2.651877400000000051e+01 8.173119859596394976e-02
1.909003000000000005e+00 2.655330200000000218e+01 8.169269051282618266e-02
1.913745999999999947e+00 2.661072199999999910e+01 8.168886449069848177e-02
1.918489000000000111e+00 2.647766800000000131e+01 8.139357245082377845e-02
1.923232000000000053e+00 2.636640600000000489e+01 8.113215141700237665e-02
1.927974999999999994e+00 2.635383900000000068e+01 8.102042953630030075e-02
1.932717999999999936e+00 2.640659999999999741e+01 8.094779794781820081e-02
1.937459999999999960e+00 2.630136800000000363e+01 8.059784338176798069e-02
1.942202999999999902e+00 2.622402699999999953e+01 8.025995459439658197e-02
1.946946000000000065e+00 2.620381899999999931e+01 8.003403053383480181e-02
1.951689000000000007e+00 2.618930000000000291e+01 7.985411807984169053e-02
1.956431999999999949e+00 2.626403899999999680e+01 7.988181620055530285e-02
1.961174999999999891e+00 2.626313700000000040e+01 7.979633952188720791e-02
1.965918000000000054e+00 2.624878700000000009e+01 7.969179697327886946e-02
1.970660000000000078e+00 2.624681900000000567e+01 7.965126608479616843e-02
1.975403000000000020e+00 2.612210099999999713e+01 7.944049424737487097e-02
1.980145999999999962e+00 2.613267899999999599e+01 7.947841092203780655e-02
1.984888999999999903e+00 2.612380299999999878e+01 7.948594373749298669e-02
1.989632000000000067e+00 2.605531799999999976e+01 7.940260311231742141e-02
1.994375000000000009e+00 2.614169799999999810e+01 7.950507360479266983e-02
1.999117999999999951e+00 2.609160600000000230e+01 7.931455726904614034e-02
2.003861000000000114e+00 2.610605199999999826e+01 7.925229280285460420e-02
2.008602999999999916e+00 2.602871100000000482e+01 7.905033515316491066e-02
2.013345999999999858e+00 2.624558499999999839e+01 7.999899264506397933e-02
2.018088999999999800e+00 2.611339199999999749e+01 8.212580919886999786e-02
2.022832000000000185e+00 2.594553499999999957e+01 8.321630940867480453e-02
2.027575000000000127e+00 2.595846500000000034e+01 8.428972121794922612e-02
2.032318000000000069e+00 2.595799800000000346e+01 8.519260560992250597e-02
2.037061000000000011e+00 2.595050700000000532e+01 8.599124994796564225e-02
2.041802999999999813e+00 2.580175799999999953e+01 8.647103926981911104e-02
2.046546000000000198e+00 2.587388999999999939e+01 8.698773055246641905e-02
2.051289000000000140e+00 2.577930200000000127e+01 8.709524162156737082e-02
2.056032000000000082e+00 2.599049699999999774e+01 8.769922041555386349e-02
2.060775000000000023e+00 2.584724300000000241e+01 8.768836089034963421e-02
2.065517999999999965e+00 2.571634700000000251e+01 8.768217514256530787e-02
2.070260999999999907e+00 2.588209499999999963e+01 8.816953582963392433e-02
2.075003000000000153e+00 2.571989200000000508e+01 8.808688592432473152e-02
2.079746000000000095e+00 2.592131799999999586e+01 8.630604032001235049e-02
2.084489000000000036e+00 2.591135600000000139e+01 8.409734230734702831e-02
2.089231999999999978e+00 2.590713699999999875e+01 8.288793366633470661e-02
2.093974999999999920e+00 2.583015900000000187e+01 8.185753381683755214e-02
2.098717999999999861e+00 2.580348200000000247e+01 8.106792980613788946e-02
2.103460999999999803e+00 2.579587599999999981e+01 8.041236882844143841e-02
2.108204000000000189e+00 2.578859899999999783e+01 7.995417453173536693e-02
2.112945999999999991e+00 2.564060799999999674e+01 7.951247015017266773e-02
2.117688999999999933e+00 2.573216899999999896e+01 7.946153380495998841e-02
2.122431999999999874e+00 2.570915400000000162e+01 7.924614533989461640e-02
2.127174999999999816e+00 2.576950699999999728e+01 7.917092135288497645e-02
2.131918000000000202e+00 2.572085199999999716e+01 7.893725543267196554e-02
2.136661000000000143e+00 2.574635600000000224e+01 7.882505612492705926e-02
2.141404000000000085e+00 2.560615199999999803e+01 7.846537759496605147e-02
2.146145999999999887e+00 2.569741199999999637e+01 7.846622454259985502e-02
2.150888999999999829e+00 2.559464900000000398e+01 7.817550240925030813e-02
2.155632000000000215e+00 2.558819300000000396e+01 7.803687238305426210e-02
2.160375000000000156e+00 2.553653300000000215e+01 7.783262152127859435e-02
2.165118000000000098e+00 2.560241700000000264e+01 7.781121503078203272e-02
2.169861000000000040e+00 2.558061999999999969e+01 7.765976780729774709e-02
2.174603999999999981e+00 2.555131899999999945e+01 7.749974381596626272e-02
2.179346999999999923e+00 2.550481899999999769e+01 7.731587582538981818e-02
2.184089000000000169e+00 2.550726000000000226e+01 7.720917158022548576e-02
2.188832000000000111e+00 2.537749600000000072e+01 7.690451278452065109e-02
2.193575000000000053e+00 2.548743799999999737e+01 7.696474707106690238e-02
2.198317999999999994e+00 2.542779999999999774e+01 7.676988410642938965e-02
2.203060999999999936e+00 2.550598900000000313e+01 7.678493589132766306e-02
2.207803999999999878e+00 2.547241299999999953e+01 7.663361662707494915e-02
2.212546999999999819e+00 2.554213899999999882e+01 7.663888862065132423e-02
2.217289000000000065e+00 2.546070999999999884e+01 7.641804367563789779e-02
2.222032000000000007e+00 2.544129200000000424e+01 7.629203128716917359e-02
2.226774999999999949e+00 2.551969000000000065e+01 7.631375533051235061e-02
2.231517999999999891e+00 2.551199100000000186e+01 7.620787269040778245e-02
2.236260999999999832e+00 2.537794999999999845e+01 7.591377285524346374e-02
2.241004000000000218e+00 2.535266899999999879e+01 7.578392854702109549e-02
2.245747000000000160e+00 2.523367800000000116e+01 7.551506926498115224e-02
2.250490000000000101e+00 2.538833400000000040e+01 7.565595137072429754e-02
2.255231999999999903e+00 2.534606399999999482e+01 7.550344289159734157e-02
2.259974999999999845e+00 2.539203999999999795e+01 7.548332311814974493e-02
2.264717999999999787e+00 2.542065099999999944e+01 7.543843301597005779e-02
2.269461000000000173e+00 2.535971299999999928e+01 7.526121766112078837e-02
2.274204000000000114e+00 2.537074099999999532e+01 7.519112750063533523e-02
2.278947000000000056e+00 2.539303499999999758e+01 7.513866988553365156e-02
2.283689999999999998e+00 2.525847000000000264e+01 7.485485707526465249e-02
2.288431999999999800e+00 2.520937100000000086e+01 7.469855919487737583e-02
2.293175000000000185e+00 2.537527899999999903e+01 7.486027096068313680e-02
2.297918000000000127e+00 2.529036100000000431e+01 7.465229743745063762e-02
2.302661000000000069e+00 2.522080199999999905e+01 7.446769387805426965e-02
2.307404000000000011e+00 2.523695099999999769e+01 7.441041605221677957e-02
2.312146999999999952e+00 2.527689900000000378e+01 7.438811412856558003e-02
2.316889999999999894e+00 2.520816800000000057e+01 7.420647074425315570e-02
2.321632000000000140e+00 2.522922399999999499e+01 7.415808200543484718e-02
2.326375000000000082e+00 2.524444700000000097e+01 7.410129304372629899e-02
2.331118000000000023e+00 2.512854699999999752e+01 7.385210330895052022e-02
2.335860999999999965e+00 2.532692999999999728e+01 7.406476051731282484e-02
2.340603999999999907e+00 2.525505799999999823e+01 7.388159538972816076e-02
2.345346999999999849e+00 2.522389400000000137e+01 7.375902065877366909e-02
2.350089999999999790e+00 2.510057700000000125e+01 7.350170933412773777e-02
2.354833000000000176e+00 2.515368600000000043e+01 7.350294373128467285e-02
2.359574999999999978e+00 2.516122899999999873e+01 7.343833187604413559e-02
2.364317999999999920e+00 2.514160499999999843e+01 7.333416530583339310e-02
2.369060999999999861e+00 2.510801299999999614e+01 7.321007703278832601e-02
2.373803999999999803e+00 2.500314200000000042e+01 7.298262990169647468e-02
2.378547000000000189e+00 2.522504199999999486e+01 7.323124157126315037e-02
2.383290000000000131e+00 2.516236400000000017e+01 7.306657482168710249e-02
2.388033000000000072e+00 2.510599100000000305e+01 7.291099891491406582e-02
2.392774999999999874e+00 2.511162400000000261e+01 7.284595561065830560e-02
2.397517999999999816e+00 2.506252399999999980e+01 7.270200625221287516e-02
2.402261000000000202e+00 2.512539800000000056e+01 7.272103793298126395e-02
2.407004000000000143e+00 2.511372399999999772e+01 7.263171534557337494e-02
2.411747000000000085e+00 2.508298900000000131e+01 7.251544633086043357e-02
2.416490000000000027e+00 2.508633800000000136e+01 7.244925915535990746e-02
2.421232999999999969e+00 2.507635600000000053e+01 7.236390418211555153e-02
2.425975999999999910e+00 2.517972300000000274e+01 7.244167280437206757e-02
2.430718000000000156e+00 2.505895999999999901e+01 7.219725313143846024e-02
2.435461000000000098e+00 2.507522800000000274e+01 7.215100405079405421e-02
2.440204000000000040e+00 2.507999799999999979e+01 7.211348611212745063e-02
2.444946999999999981e+00 2.505787300000000428e+01 7.198671039363516155e-02
2.449689999999999923e+00 2.505205500000000285e+01 7.190881854986494459e-02
2.454432999999999865e+00 2.505668700000000371e+01 7.184669168890937818e-02
2.459175999999999807e+00 2.503778600000000409e+01 7.175115044734126091e-02
2.463918000000000053e+00 2.494554600000000022e+01 7.155034063073564821e-02
2.468660999999999994e+00 2.501505700000000232e+01 7.158210833815667473e-02
2.473403999999999936e+00 2.507391799999999904e+01 7.159838064129453450e-02
2.478146999999999878e+00 2.503056800000000237e+01 7.146909897835287961e-02
2.482889999999999819e+00 2.491748499999999922e+01 7.124025214734715228e-02
2.487633000000000205e+00 2.494290799999999919e+01 7.120975448226528337e-02
2.492376000000000147e+00 2.498709700000000211e+01 7.120616703560725402e-02
2.497117999999999949e+00 2.493789499999999748e+01 7.106970387058961225e-02
2.501860999999999891e+00 2.497443300000000121e+01 7.105548399813485516e-02
2.506603999999999832e+00 2.501929499999999962e+01 7.105342352764081049e-02
2.511347000000000218e+00 2.505559200000000075e+01 7.103755944875499162e-02
2.516090000000000160e+00 2.495068300000000150e+01 7.076890925886028527e-02
2.520833000000000101e+00 2.491000999999999976e+01 7.056622545527357904e-02
2.525576000000000043e+00 2.499326399999999637e+01 7.054034526530757188e-02
2.530318999999999985e+00 2.492764900000000239e+01 7.033232799690339321e-02
2.535060999999999787e+00 2.492453799999999831e+01 7.026371550666746235e-02
2.539804000000000173e+00 2.499926800000000071e+01 7.030524874474594621e-02
2.544547000000000114e+00 2.498720300000000094e+01 7.022540999727377997e-02
2.549290000000000056e+00 2.500254699999999985e+01 7.018392195262815325e-02
2.554032999999999998e+00 2.495063400000000087e+01 7.004866919794908164e-02
2.558775999999999939e+00 2.480503200000000064e+01 6.978150045155735726e-02
2.563518999999999881e+00 2.494148099999999957e+01 6.991347468082743932e-02
2.568261000000000127e+00 2.492626700000000284e+01 6.988636421507202212e-02
2.573004000000000069e+00 2.495285399999999498e+01 6.993954063958313094e-02
2.577747000000000011e+00 2.496553700000000475e+01 6.997277450942902821e-02
2.582489999999999952e+00 2.497842299999999938e+01 6.997178550475827152e-02
2.587232999999999894e+00 2.478355800000000286e+01 6.963689166581603363e-02
2.591975999999999836e+00 2.492751200000000011e+01 6.977691295554856732e-02
2.596719000000000221e+00 2.494211199999999806e+01 6.973550813195886211e-02
2.601462000000000163e+00 2.479145899999999614e+01 6.946321129761781621e-02
2.606203999999999965e+00 2.484804600000000008e+01 6.948145961530673154e-02
2.610946999999999907e+00 2.489893799999999757e+01 6.949152637790309561e-02
2.615689999999999849e+00 2.483926199999999795e+01 6.934744685557500676e-02
2.620432999999999790e+00 2.486479800000000040e+01 6.932240923874255500e-02
2.625176000000000176e+00 2.496699800000000025e+01 6.940431236546472371e-02
2.629919000000000118e+00 2.497726000000000113e+01 6.935822479206413260e-02
2.634662000000000059e+00 2.489718799999999987e+01 6.920162606827963414e-02
2.639403999999999861e+00 2.497463699999999776e+01 6.926122904084650034e-02
2.644146999999999803e+00 2.489744500000000116e+01 6.907154124722351962e-02
2.648890000000000189e+00 2.478178600000000031e+01 6.884762216352427466e-02
2.653633000000000131e+00 2.478984299999999763e+01 6.880996833599038742e-02
2.658376000000000072e+00 2.489282499999999843e+01 6.889506698258010542e-02
2.663119000000000014e+00 2.487324500000000427e+01 6.879718988439571803e-02
2.667861999999999956e+00 2.479871599999999887e+01 6.863502975327541444e-02
2.672604999999999897e+00 2.492822100000000063e+01 6.875530897285460352e-02
2.677347000000000143e+00 2.490702499999999731e+01 6.866775172365700841e-02
2.682090000000000085e+00 2.494464499999999774e+01 6.866109866688560603e-02
2.686833000000000027e+00 2.491146200000000022e+01 6.855750758061658623e-02
2.691575999999999969e+00 2.478434700000000035e+01 6.832426132504104688e-02
2.696318999999999910e+00 2.483319800000000299e+01 6.833392372971641704e-02
2.701061999999999852e+00 2.487531000000000247e+01 6.833417223824694853e-02
2.705804999999999794e+00 2.484620700000000326e+01 6.823683716354092543e-02
2.710547000000000040e+00 2.478233200000000025e+01 6.809178419065767263e-02
2.715289999999999981e+00 2.496364999999999768e+01 6.828332773388391674e-02
2.720032999999999923e+00 2.480581699999999756e+01 6.801033189169788939e-02
2.724775999999999865e+00 2.485407299999999964e+01 6.801965994463290976e-02
2.729518999999999807e+00 2.477986100000000036e+01 6.786141591167546561e-02
2.734262000000000192e+00 2.488574700000000206e+01 6.794979284379312756e-02
2.739005000000000134e+00 2.494174199999999786e+01 6.796981316211189728e-02
2.743746999999999936e+00 2.483869100000000074e+01 6.777320132300819477e-02
2.748489999999999878e+00 2.479538999999999760e+01 6.765814078119941621e-02
2.753232999999999819e+00 2.482335799999999892e+01 6.764060079291725480e-02
2.757976000000000205e+00 2.478695099999999485e+01 6.753551304256154297e-02
2.762719000000000147e+00 2.479798100000000360e+01 6.749508212780098992e-02
2.767462000000000089e+00 2.479911100000000346e+01 6.744112717643885313e-02
2.772205000000000030e+00 2.481003800000000226e+01 6.740104119185548470e-02
2.776947999999999972e+00 2.477108799999999889e+01 6.729308935024755356e-02
2.781690000000000218e+00 2.472427099999999811e+01 6.717472690124240420e-02
2.786433000000000160e+00 2.477272600000000224e+01 6.718564886713307427e-02
2.791176000000000101e+00 2.483224000000000231e+01 6.721170184685625049e-02
2.795919000000000043e+00 2.487727900000000503e+01 6.721831356647606226e-02
2.800661999999999985e+00 2.478221299999999871e+01 6.705077112776555714e-02
2.805404999999999927e+00 2.470841200000000271e+01 6.688700791656029820e-02
2.810147999999999868e+00 2.486637599999999892e+01 6.707847639235853254e-02
2.814890000000000114e+00 2.484029299999999907e+01 6.699814732937173223e-02
2.819633000000000056e+00 2.477869600000000361e+01 6.815494209938263714e-02
2.824375999999999998e+00 2.482371200000000400e+01 6.964884282061475917e-02
2.829118999999999939e+00 2.483856599999999659e+01 7.057012649467690746e-02
2.833861999999999881e+00 2.481573699999999860e+01 7.127398610043007843e-02
2.838604999999999823e+00 2.475907300000000077e+01 7.181543088842397282e-02
2.843348000000000209e+00 2.480086799999999769e+01 7.217917214404928616e-02
2.848091000000000150e+00 2.474430899999999767e+01 7.231558523515729808e-02
2.852832999999999952e+00 2.476657499999999956e+01 7.255928969747153789e-02
2.857575999999999894e+00 2.476489499999999566e+01 7.275173376178603601e-02
2.862318999999999836e+00 2.468202800000000252e+01 7.281103116121279140e-02
2.867062000000000221e+00 2.482878600000000091e+01 7.319839138180632421e-02
2.871805000000000163e+00 2.481679199999999952e+01 7.334220535534502483e-02
2.876548000000000105e+00 2.481473700000000093e+01 7.349215212120134566e-02
2.881291000000000047e+00 2.475712100000000149e+01 7.320849492230119271e-02
2.886032999999999848e+00 2.481691000000000003e+01 7.120701230915113533e-02
2.890775999999999790e+00 2.484342099999999931e+01 7.012525100686699264e-02
2.895519000000000176e+00 2.477415600000000140e+01 6.927086503092985681e-02
2.900262000000000118e+00 2.475043099999999896e+01 6.863883129575634734e-02
2.905005000000000059e+00 2.469276999999999944e+01 6.818943608825051017e-02
2.909748000000000001e+00 2.475135799999999975e+01 6.809145103437508340e-02
2.914490999999999943e+00 2.468397300000000172e+01 6.783957788624352114e-02
2.919233000000000189e+00 2.464903700000000342e+01 6.764721733985663843e-02
2.923976000000000131e+00 2.479644899999999907e+01 6.771588331562765350e-02
2.928719000000000072e+00 2.471340400000000059e+01 6.747886331846068841e-02
2.933462000000000014e+00 2.466737499999999628e+01 6.729983431701745678e-02
2.938204999999999956e+00 2.463948500000000053e+01 6.715173084789102798e-02
2.942947999999999897e+00 2.471841500000000025e+01 6.715484534827327601e-02
2.947690999999999839e+00 2.473626599999999698e+01 6.707914861156707986e-02
2.952433999999999781e+00 2.482828199999999441e+01 6.711517994803113674e-02
2.957176000000000027e+00 2.480724999999999980e+01 6.700055701551219101e-02
2.961918999999999969e+00 2.460331499999999849e+01 6.662178024815082478e-02
2.966661999999999910e+00 2.476741899999999674e+01 6.675727197308245486e-02
2.971404999999999852e+00 2.481015700000000379e+01 6.673049046597215317e-02
2.976147999999999794e+00 2.466789499999999791e+01 6.645695867734092988e-02
2.980891000000000179e+00 2.470122999999999536e+01 6.642223847234147993e-02
2.985634000000000121e+00 2.461409599999999998e+01 6.622711861373255238e-02
2.990375999999999923e+00 2.470763900000000035e+01 6.629380350510898079e-02
2.995118999999999865e+00 2.473617300000000085e+01 6.624293703395479904e-02
2.999861999999999806e+00 2.477891800000000089e+01 6.622371314803708608e-02
3.004605000000000192e+00 2.462256099999999748e+01 6.594262676207628127e-02
3.009348000000000134e+00 2.473383199999999960e+01 6.602061581603052565e-02
3.014091000000000076e+00 2.466031500000000065e+01 6.587262775821381422e-02
3.018834000000000017e+00 2.470081900000000275e+01 6.583790833955845134e-02
3.023576999999999959e+00 2.473474399999999918e+01 6.581541905310941964e-02
3.028319000000000205e+00 2.473883199999999505e+01 6.575396454388815481e-02
3.033062000000000147e+00 2.472864999999999824e+01 6.567413088090241768e-02
3.037805000000000089e+00 2.475239699999999843e+01 6.564068338778170086e-02
3.042548000000000030e+00 2.476639899999999983e+01 6.559521509245930249e-02
3.047290999999999972e+00 2.477626199999999557e+01 6.554449671191778237e-02
3.052033999999999914e+00 2.471062700000000589e+01 6.539446783524430207e-02
3.056776999999999855e+00 2.468718900000000005e+01 6.530148370588603757e-02
3.061519000000000101e+00 2.466997599999999835e+01 6.521699460697111261e-02
3.066262000000000043e+00 2.470076299999999847e+01 6.519670773021440935e-02
3.071004999999999985e+00 2.476866300000000365e+01 6.523882924115208259e-02
3.075747999999999927e+00 2.474957900000000066e+01 6.515653832714718430e-02
3.080490999999999868e+00 2.469603999999999999e+01 6.501984412362582511e-02
3.085233999999999810e+00 2.473533099999999862e+01 6.500302079314621007e-02
3.089977000000000196e+00 2.459553399999999712e+01 6.477905859280838619e-02
3.094720000000000137e+00 2.463047900000000112e+01 6.474965608139551798e-02
3.099461999999999939e+00 2.475388399999999933e+01 6.485333771068300945e-02
3.104204999999999881e+00 2.463631399999999871e+01 6.464205996196903392e-02
3.108947999999999823e+00 2.464533700000000138e+01 6.459674935088374759e-02
3.113691000000000209e+00 2.471260900000000049e+01 6.462870178787130659e-02
3.118434000000000150e+00 2.466802300000000514e+01 6.451452975917440491e-02
3.123177000000000092e+00 2.471216099999999827e+01 6.451624210334712395e-02
3.127920000000000034e+00 2.461875700000000222e+01 6.433895711760566349e-02
3.132661999999999836e+00 2.466478500000000196e+01 6.434426684828338516e-02
3.137405000000000221e+00 2.477530300000000096e+01 6.443372448017187226e-02
3.142148000000000163e+00 2.470375100000000046e+01 6.428592734397940711e-02
3.146891000000000105e+00 2.467570600000000169e+01 6.420369069090577085e-02
3.151634000000000047e+00 2.467787399999999920e+01 6.415504855292916697e-02
3.156376999999999988e+00 2.459854500000000144e+01 6.398837448083831425e-02
3.161119999999999930e+00 2.462482999999999933e+01 6.396985534172092147e-02
3.165862000000000176e+00 2.465121900000000110e+01 6.399566669687956066e-02
3.170605000000000118e+00 2.468746300000000105e+01 6.397356234105773531e-02
3.175348000000000059e+00 2.465613800000000211e+01 6.385262154470010276e-02
3.180091000000000001e+00 2.469733300000000042e+01 6.385358845272440242e-02
3.184833999999999943e+00 2.468299599999999572e+01 6.378324928023972051e-02
3.189576999999999884e+00 2.466797599999999946e+01 6.371229796810895518e-02
3.194319999999999826e+00 2.471563299999999685e+01 6.370408895289453310e-02
3.199063000000000212e+00 2.472392200000000173e+01 6.359792731146747535e-02
3.203805000000000014e+00 2.477430900000000236e+01 6.354478852288203417e-02
3.208547999999999956e+00 2.474178700000000219e+01 6.342489988194384420e-02
3.213290999999999897e+00 2.471660899999999828e+01 6.334254202040995319e-02
3.218033999999999839e+00 2.468711700000000064e+01 6.325507192675619561e-02
3.222776999999999781e+00 2.474145100000000141e+01 6.327512135896620760e-02
3.227520000000000167e+00 2.467423300000000097e+01 6.313979186255684606e-02
3.232263000000000108e+00 2.471547500000000142e+01 6.314341520493882420e-02
3.237004999999999910e+00 2.464398500000000070e+01 6.300303986403116285e-02
3.241747999999999852e+00 2.471758899999999670e+01 6.304837508710989247e-02
3.246490999999999794e+00 2.463114700000000568e+01 6.288971585542425802e-02
3.251234000000000179e+00 2.462372599999999778e+01 6.284947755166067629e-02
3.255977000000000121e+00 2.471728200000000442e+01 6.298485949784440874e-02
3.260720000000000063e+00 2.461616400000000127e+01 6.287384695199348117e-02
3.265463000000000005e+00 2.457419900000000368e+01 6.279752721177005170e-02
3.270205999999999946e+00 2.457810900000000132e+01 6.275479383786548848e-02
3.274948000000000192e+00 2.461513500000000221e+01 6.275418490054905651e-02
3.279691000000000134e+00 2.462072799999999972e+01 6.271332865507379950e-02
3.284434000000000076e+00 2.466285500000000042e+01 6.271969067350859073e-02
3.289177000000000017e+00 2.465702200000000488e+01 6.266490696904129798e-02
3.293919999999999959e+00 2.467189400000000177e+01 6.263646642678769028e-02
3.298662999999999901e+00 2.472618500000000097e+01 6.265831341913138952e-02
3.303405999999999842e+00 2.460066000000000130e+01 6.245241886130352416e-02
3.308148000000000089e+00 2.462368899999999883e+01 6.243496476282980184e-02
3.312891000000000030e+00 2.460859500000000111e+01 6.236925990413307030e-02
3.317633999999999972e+00 2.473726699999999923e+01 6.248556629842286908e-02
3.322376999999999914e+00 2.477331900000000076e+01 6.248555759431774492e-02
3.327119999999999855e+00 2.472937000000000296e+01 6.239943356196031576e-02
3.331862999999999797e+00 2.468408200000000008e+01 6.227984570697971817e-02
3.336606000000000183e+00 2.461229600000000062e+01 6.214338128653768001e-02
3.341347999999999985e+00 2.460057500000000275e+01 6.208317213092127279e-02
3.346090999999999926e+00 2.462010199999999926e+01 6.206217923448870133e-02
3.350833999999999868e+00 2.463194100000000120e+01 6.203144962969751874e-02
3.355576999999999810e+00 2.455666399999999783e+01 6.189151774982093457e-02
3.360320000000000196e+00 2.463373000000000346e+01 6.194350376003846664e-02
3.365063000000000137e+00 2.457460300000000331e+01 6.182425558613463545e-02
3.369806000000000079e+00 2.461959900000000090e+01 6.183602684577980263e-02
3.374549000000000021e+00 2.467147599999999841e+01 6.185619400472437690e-02
3.379290999999999823e+00 2.482816199999999895e+01 6.269765094135107408e-02
3.384034000000000209e+00 2.477612399999999937e+01 6.410158303659901913e-02
3.388777000000000150e+00 2.470762500000000017e+01 6.485910549421645965e-02
3.393520000000000092e+00 2.465516600000000125e+01 6.545777822869182361e-02
3.398263000000000034e+00 2.464757499999999979e+01 6.584353701214418209e-02
3.403005999999999975e+00 2.465890299999999868e+01 6.603613432997952615e-02
3.407748999999999917e+00 2.470767499999999828e+01 6.606727168846386611e-02
3.412491000000000163e+00 2.474287299999999945e+01 6.615102066501769851e-02
3.417234000000000105e+00 2.459063199999999938e+01 6.612272552926415359e-02
3.421977000000000046e+00 2.460664299999999827e+01 6.630431531253301591e-02
3.426719999999999988e+00 2.476680999999999955e+01 6.665521961055188849e-02
3.431462999999999930e+00 2.467019999999999769e+01 6.666372722801433559e-02
3.436205999999999872e+00 2.454591800000000035e+01 6.663953079301279669e-02
3.440948999999999813e+00 2.458150800000000302e+01 6.680892148755881998e-02
3.445692000000000199e+00 2.454529099999999886e+01 6.689135785474009666e-02
3.450434000000000001e+00 2.459256900000000101e+01 6.704915262148955502e-02
3.455176999999999943e+00 2.460497799999999913e+01 6.717586496279001618e-02
3.459919999999999884e+00 2.456925300000000334e+01 6.723258763187386911e-02
3.464662999999999826e+00 2.468241800000000197e+01 6.748883818208607777e-02
3.469406000000000212e+00 2.461366399999999643e+01 6.749336168895131438e-02
3.474149000000000154e+00 2.458063399999999987e+01 6.754307141096931033e-02
3.478892000000000095e+00 2.459279900000000296e+01 6.765214213204116811e-02
3.483633999999999897e+00 2.466130000000000067e+01 6.783529549265043812e-02
3.488376999999999839e+00 2.470601899999999773e+01 6.798404850357177287e-02
3.493119999999999781e+00 2.465089399999999742e+01 6.799225042425570409e-02
3.497863000000000167e+00 2.461479600000000190e+01 6.802463943776990152e-02
3.502606000000000108e+00 2.464233100000000221e+01 6.814305507142823237e-02
3.507349000000000050e+00 2.475043300000000102e+01 6.837019379500397509e-02
3.512091999999999992e+00 2.461949399999999955e+01 6.826539875311063432e-02
3.516833999999999794e+00 2.468711599999999606e+01 6.843339169495253616e-02
3.521577000000000179e+00 2.464437899999999715e+01 6.844653090542061891e-02
3.526320000000000121e+00 2.454638299999999873e+01 6.838112574019603040e-02
3.531063000000000063e+00 2.475185700000000111e+01 6.873631597546743521e-02
3.535806000000000004e+00 2.464718699999999885e+01 6.865884597048875493e-02
3.540548999999999946e+00 2.475873899999999850e+01 6.888013502822566692e-02
3.545291999999999888e+00 2.464813399999999888e+01 6.879149212146949688e-02
3.550034999999999830e+00 2.464433900000000222e+01 6.885027951814429170e-02
3.554777000000000076e+00 2.458824100000000001e+01 6.883424670062134043e-02
3.559520000000000017e+00 2.464689599999999814e+01 6.897768641774598697e-02
3.564262999999999959e+00 2.472502300000000020e+01 6.914723364727760890e-02
3.569005999999999901e+00 2.463469100000000367e+01 6.909325527421326940e-02
3.573748999999999842e+00 2.464335099999999912e+01 6.918359984225090631e-02
3.578491999999999784e+00 2.465633300000000006e+01 6.922560136893793348e-02
3.583235000000000170e+00 2.461537200000000070e+01 6.922445843184835135e-02
3.587976999999999972e+00 2.463913299999999751e+01 6.928924421118619337e-02
3.592719999999999914e+00 2.464792299999999869e+01 6.924760490091046161e-02
3.597462999999999855e+00 2.459230299999999758e+01 6.910788004507879834e-02
3.602205999999999797e+00 2.454459800000000058e+01 6.897984445271096443e-02
3.606949000000000183e+00 2.462189799999999806e+01 6.902737497613320450e-02
3.611692000000000125e+00 2.459058799999999678e+01 6.897405849004320522e-02
3.616435000000000066e+00 2.472946500000000114e+01 6.923760543452453509e-02
3.621178000000000008e+00 2.485581900000000388e+01 7.025332789650964860e-02
3.625919999999999810e+00 2.477510500000000349e+01 7.264724352803759999e-02
3.630663000000000196e+00 2.482022100000000009e+01 7.412906738466160106e-02
3.635406000000000137e+00 2.468557400000000257e+01 7.498287504320169661e-02
3.640149000000000079e+00 2.464920099999999792e+01 7.570448659419598547e-02
3.644892000000000021e+00 2.458560400000000001e+01 7.612362128343080903e-02
3.649634999999999962e+00 2.460444400000000087e+01 7.664398734111631251e-02
3.654377999999999904e+00 2.463376099999999980e+01 7.711591198014908222e-02
3.659120000000000150e+00 2.450112100000000126e+01 7.733719716989620463e-02
3.663863000000000092e+00 2.468976299999999924e+01 7.804952888854999049e-02
3.668606000000000034e+00 2.467057700000000153e+01 7.842078743328646795e-02
3.673348999999999975e+00 2.459623799999999960e+01 7.869291208907827628e-02
3.678091999999999917e+00 2.458591499999999996e+01 7.905713500292557705e-02
3.682834999999999859e+00 2.461715199999999726e+01 7.948072231379064989e-02
3.687577999999999800e+00 2.459014000000000166e+01 7.980324897613819135e-02
3.692321000000000186e+00 2.450820099999999968e+01 8.003010370916809058e-02
3.697062999999999988e+00 2.451891399999999877e+01 8.040179256679044761e-02
3.701805999999999930e+00 2.455462700000000353e+01 8.081001421341725555e-02
3.706548999999999872e+00 2.456190799999999896e+01 8.116822225587178030e-02
3.711291999999999813e+00 2.458333700000000022e+01 8.154579046738402726e-02
3.716035000000000199e+00 2.448537499999999767e+01 8.172123531050420886e-02
3.720778000000000141e+00 2.454352100000000192e+01 8.215408918705993657e-02
3.725521000000000083e+00 2.453175399999999939e+01 8.246714343384581314e-02
3.730262999999999884e+00 2.457032500000000397e+01 8.286352542783043118e-02
3.735005999999999826e+00 2.458671500000000165e+01 8.321983007144150013e-02
3.739749000000000212e+00 2.465344000000000335e+01 8.366058810928297951e-02
3.744492000000000154e+00 2.449158900000000116e+01 8.371026326251698735e-02
3.749235000000000095e+00 2.468092700000000406e+01 8.435762688264174247e-02
3.753978000000000037e+00 2.457780600000000248e+01 8.450409969711528135e-02
3.758720999999999979e+00 2.458584699999999756e+01 8.483917370135155012e-02
3.763462999999999781e+00 2.463476599999999905e+01 8.524477610282990558e-02
3.768206000000000166e+00 2.469044900000000453e+01 8.566128825013782921e-02
3.772949000000000108e+00 2.461023899999999998e+01 8.584123232301713036e-02
3.777692000000000050e+00 2.456268100000000132e+01 8.607586417312985960e-02
3.782434999999999992e+00 2.440016899999999822e+01 8.610748985697527780e-02
3.787177999999999933e+00 2.458167200000000108e+01 8.674424463558375042e-02
3.791920999999999875e+00 2.456091800000000092e+01 8.702462430339816257e-02
3.796663999999999817e+00 2.468471100000000007e+01 8.756079843696892850e-02
3.801406000000000063e+00 2.467339700000000136e+01 8.785823656635897982e-02
3.806149000000000004e+00 2.458799899999999639e+01 8.802242975108787171e-02
3.810891999999999946e+00 2.455804099999999579e+01 8.828536389365794490e-02
3.815634999999999888e+00 2.456678400000000195e+01 8.861735876703728809e-02
3.820377999999999830e+00 2.451424399999999792e+01 8.883865125743074798e-02
3.825121000000000215e+00 2.459880700000000076e+01 8.930846345040877043e-02
3.829864000000000157e+00 2.454171099999999939e+01 8.952168888817334247e-02
3.834605999999999959e+00 2.451418699999999973e+01 8.978863375540692415e-02
3.839348999999999901e+00 2.454073200000000199e+01 9.015544225018698454e-02
3.844091999999999842e+00 2.449341599999999630e+01 9.038589096339594287e-02
3.848834999999999784e+00 2.446007700000000185e+01 9.064548414414531907e-02
3.853578000000000170e+00 2.465937900000000127e+01 9.138215729206933258e-02
3.858321000000000112e+00 2.464848899999999787e+01 9.163101449019375733e-02
3.863064000000000053e+00 2.461322200000000038e+01 9.188666888113693199e-02
3.867806999999999995e+00 2.475060800000000327e+01 9.246608092746387564e-02
3.872548999999999797e+00 2.464395400000000080e+01 9.258882233349823021e-02
3.877292000000000183e+00 2.466520699999999877e+01 9.295249005408139087e-02
3.882035000000000124e+00 2.469447199999999754e+01 9.333286891597568358e-02
3.886778000000000066e+00 2.455528699999999986e+01 9.339426057409416781e-02
3.891521000000000008e+00 2.445678799999999598e+01 9.353184107856425678e-02
3.896263999999999950e+00 2.438300999999999874e+01 9.371632683914579709e-02
3.901006999999999891e+00 2.450231600000000043e+01 9.427234678267162882e-02
3.905749000000000137e+00 2.458236399999999833e+01 9.475606423272812939e-02
3.910492000000000079e+00 2.446094800000000191e+01 9.485150105390109665e-02
3.915235000000000021e+00 2.453684499999999247e+01 9.532946359667614222e-02
3.919977999999999962e+00 2.469012400000000085e+01 9.591841311733791120e-02
3.924720999999999904e+00 2.445405099999999976e+01 9.554356700090017862e-02
3.929463999999999846e+00 2.460031999999999996e+01 9.590236402923443815e-02
3.934206999999999788e+00 2.450961099999999959e+01 9.585156575684197766e-02
3.938949000000000034e+00 2.449610200000000404e+01 9.592955452390050652e-02
3.943691999999999975e+00 2.448320799999999764e+01 9.600843060381519800e-02
3.948434999999999917e+00 2.454249399999999781e+01 9.622754091266751131e-02
3.953177999999999859e+00 2.458541999999999916e+01 9.644151381700673265e-02
3.957920999999999800e+00 2.455158699999999783e+01 9.654546236156261174e-02
3.962664000000000186e+00 2.449833700000000292e+01 9.644914063694294548e-02
3.967407000000000128e+00 2.447508099999999942e+01 9.665169965907893790e-02
3.972150000000000070e+00 2.450407299999999822e+01 9.703532371359670228e-02
3.976891999999999872e+00 2.463766000000000034e+01 9.762770686025049049e-02
3.981634999999999813e+00 2.451224099999999950e+01 9.770748851761619502e-02
3.986378000000000199e+00 2.465477600000000180e+01 9.832287090680580377e-02
3.991121000000000141e+00 2.462352599999999825e+01 9.859299444427581383e-02
3.995864000000000082e+00 2.462069000000000329e+01 9.892228559308463565e-02
4.000606999999999580e+00 2.443845100000000059e+01 9.889020742240203776e-02
4.005349999999999966e+00 2.452195200000000241e+01 9.939661420093291733e-02
4.010092000000000212e+00 2.453642300000000276e+01 9.976505627605990190e-02
4.014834999999999710e+00 2.446884400000000070e+01 9.996793584891007500e-02
4.019578000000000095e+00 2.448156599999999727e+01 1.003364518266706557e-01
4.024320999999999593e+00 2.454595899999999986e+01 1.008125348216956513e-01
4.029063999999999979e+00 2.452297899999999942e+01 1.011123618820280595e-01
4.033807000000000365e+00 2.460816200000000009e+01 1.016365017697908602e-01
4.038549999999999862e+00 2.457317000000000107e+01 1.019155042509524156e-01
4.043293000000000248e+00 2.471510699999999616e+01 1.025633665602387473e-01
4.048034999999999606e+00 2.462273900000000282e+01 1.027270519907804019e-01
4.052777999999999992e+00 2.463489899999999722e+01 1.031096056666947758e-01
4.057521000000000377e+00 2.442874600000000385e+01 1.030352266761887653e-01
4.062263999999999875e+00 2.458699700000000021e+01 1.037303709624085996e-01
4.067007000000000261e+00 2.439985099999999818e+01 1.036973188646389266e-01
4.071749999999999758e+00 2.441140900000000258e+01 1.040865575799670706e-01
4.076493000000000144e+00 2.450131000000000014e+01 1.046458304020695396e-01
4.081235000000000390e+00 2.445663400000000109e+01 1.049198580598853930e-01
4.085977999999999888e+00 2.471394299999999689e+01 1.058451160115401884e-01
4.090721000000000274e+00 2.473699399999999926e+01 1.062709636191118828e-01
4.095463999999999771e+00 2.455641599999999869e+01 1.062605057798982899e-01
4.100207000000000157e+00 2.452479799999999699e+01 1.065723722726725359e-01
4.104949999999999655e+00 2.459152999999999878e+01 1.071015707960424751e-01
4.109693000000000040e+00 2.466215599999999597e+01 1.076416222419352975e-01
4.114436000000000426e+00 2.459278600000000026e+01 1.078786721072358262e-01
4.119177999999999784e+00 2.464008800000000221e+01 1.083752899278954684e-01
4.123921000000000170e+00 2.446570399999999879e+01 1.083842130301572171e-01
4.128663999999999668e+00 2.432558300000000173e+01 1.084689559264820219e-01
4.133407000000000053e+00 2.463664999999999949e+01 1.095613806463121565e-01
4.138150000000000439e+00 2.473735599999999835e+01 1.101891048848033794e-01
4.142892999999999937e+00 2.473051800000000000e+01 1.105814391729475626e-01
4.147636000000000323e+00 2.452716700000000216e+01 1.105344549818250144e-01
4.152377999999999680e+00 2.461526500000000084e+01 1.111463908825743169e-01
4.157121000000000066e+00 2.474375300000000166e+01 1.118526545147481288e-01
4.161863999999999564e+00 2.468655700000000053e+01 1.121437511212622085e-01
4.166606999999999950e+00 2.455828999999999951e+01 1.122740230431603370e-01
4.171350000000000335e+00 2.461931200000000430e+01 1.128389405361464731e-01
4.176092999999999833e+00 2.459724300000000241e+01 1.132244631113462213e-01
4.180836000000000219e+00 2.472066299999999828e+01 1.140986438483288790e-01
4.185577999999999577e+00 2.470571200000000189e+01 1.143804617565469667e-01
4.190320999999999962e+00 2.468881500000000173e+01 1.147412095000749782e-01
4.195064000000000348e+00 2.472481800000000618e+01 1.152695948033574114e-01
4.199806999999999846e+00 2.469020800000000193e+01 1.156370230510635339e-01
4.204550000000000232e+00 2.471879699999999858e+01 1.161567602576079050e-01
4.209292999999999729e+00 2.463758400000000393e+01 1.164222969707255084e-01
4.214036000000000115e+00 2.461307000000000400e+01 1.168232649101209608e-01
4.218778999999999613e+00 2.460158000000000200e+01 1.172603077180854880e-01
4.223520999999999859e+00 2.477357599999999849e+01 1.181389456828001450e-01
4.228264000000000244e+00 2.490343999999999980e+01 1.189237738267542588e-01
4.233006999999999742e+00 2.463489500000000021e+01 1.187569217688434486e-01
4.237750000000000128e+00 2.468475300000000061e+01 1.193588234377886276e-01
4.242492999999999626e+00 2.486066699999999940e+01 1.202717288847957172e-01
4.247236000000000011e+00 2.466767499999999558e+01 1.202934963489955267e-01
4.251979000000000397e+00 2.465360700000000094e+01 1.207596408109990194e-01
4.256720999999999755e+00 2.446842200000000389e+01 1.210070769576160055e-01
4.261464000000000141e+00 2.461798800000000043e+01 1.217120767950271992e-01
4.266206999999999638e+00 2.480977400000000088e+01 1.226564247103363037e-01
4.270950000000000024e+00 2.475761899999999827e+01 1.230437367328959253e-01
4.275693000000000410e+00 2.472832299999999961e+01 1.234906674707825919e-01
4.280435999999999908e+00 2.452773099999999928e+01 1.235137649340169730e-01
4.285179000000000293e+00 2.472039300000000139e+01 1.245294177441844397e-01
4.289921999999999791e+00 2.470149200000000178e+01 1.250183667212054206e-01
4.294664000000000037e+00 2.483442800000000261e+01 1.258987112648763396e-01
4.299407000000000423e+00 2.469432499999999919e+01 1.260899805005373797e-01
4.304149999999999920e+00 2.444871199999999689e+01 1.260116790050731794e-01
4.308893000000000306e+00 2.471214400000000211e+01 1.272499932127994227e-01
4.313635999999999804e+00 2.462501200000000168e+01 1.275896595573328685e-01
4.318379000000000190e+00 2.470327800000000451e+01 1.283642255424084222e-01
4.323121999999999687e+00 2.450610500000000158e+01 1.285175915796386292e-01
4.327863999999999933e+00 2.452570999999999657e+01 1.291254580327190760e-01
4.332607000000000319e+00 2.450036499999999862e+01 1.295841170168196277e-01
4.337349999999999817e+00 2.468081099999999850e+01 1.306594671485461212e-01
4.342093000000000202e+00 2.462320999999999316e+01 1.311112845704274221e-01
4.346835999999999700e+00 2.468441299999999927e+01 1.318859261386418624e-01
4.351579000000000086e+00 2.457025199999999998e+01 1.321977839579124570e-01
4.356321999999999584e+00 2.460999299999999934e+01 1.329307541033105111e-01
4.361063999999999830e+00 2.449462499999999565e+01 1.332507675659284907e-01
4.365807000000000215e+00 2.465793499999999838e+01 1.343365091121836719e-01
4.370549999999999713e+00 2.486193099999999845e+01 1.355425522147152007e-01
4.375293000000000099e+00 2.475044699999999764e+01 1.358973030823986128e-01
4.380035999999999596e+00 2.472650499999999951e+01 1.365610288728083543e-01
4.384778999999999982e+00 2.468871700000000047e+01 1.371860755103516127e-01
4.389522000000000368e+00 2.489140399999999786e+01 1.383169361211590842e-01
4.394264999999999866e+00 2.468765800000000254e+01 1.384260566093963307e-01
4.399007000000000112e+00 2.451997599999999977e+01 1.382252113406592098e-01
4.403749999999999609e+00 2.449784000000000361e+01 1.382578526402511443e-01
4.408492999999999995e+00 2.465733900000000034e+01 1.388012760300293413e-01
4.413236000000000381e+00 2.475239200000000039e+01 1.391619657166199286e-01
4.417978999999999878e+00 2.447949299999999795e+01 1.384853859712168178e-01
4.422722000000000264e+00 2.455712800000000229e+01 1.387987283290016416e-01
4.427464999999999762e+00 2.469263899999999978e+01 1.392707250847944889e-01
4.432207000000000008e+00 2.468872199999999850e+01 1.393517548908347892e-01
4.436950000000000394e+00 2.470787599999999884e+01 1.395736129787242263e-01
4.441692999999999891e+00 2.465385700000000213e+01 1.400517769125786960e-01
4.446436000000000277e+00 2.443922999999999845e+01 1.401553825545879539e-01
4.451178999999999775e+00 2.446189999999999998e+01 1.409427877717465971e-01
4.455922000000000160e+00 2.454864800000000358e+01 1.419264650050504062e-01
4.460664999999999658e+00 2.450426500000000019e+01 1.425424937930300229e-01
4.465408000000000044e+00 2.467427200000000198e+01 1.437938075121098502e-01
4.470150000000000290e+00 2.490193800000000124e+01 1.452265879243525570e-01
4.474892999999999788e+00 2.466125600000000162e+01 1.453017978502416929e-01
4.479636000000000173e+00 2.467661700000000025e+01 1.461362173408737586e-01
4.484378999999999671e+00 2.458504200000000139e+01 1.466657645373936614e-01
4.489122000000000057e+00 2.480758499999999955e+01 1.481438083671220984e-01
4.493865000000000443e+00 2.453355900000000034e+01 1.481468367796157370e-01
4.498607999999999940e+00 2.478153499999999809e+01 1.497334735357438162e-01
4.503350000000000186e+00 2.484312499999999702e+01 1.507726700163166123e-01
4.508092999999999684e+00 2.463304400000000527e+01 1.509973770043509522e-01
4.512836000000000070e+00 2.480304399999999987e+01 1.523973566216760278e-01
4.517578999999999567e+00 2.483236000000000132e+01 1.533817377642667790e-01
4.522321999999999953e+00 2.478143500000000188e+01 1.541318521570213818e-01
4.527065000000000339e+00 2.476753799999999828e+01 1.550113429563211020e-01
4.531807999999999836e+00 2.475621599999999844e+01 1.559139156724966835e-01
4.536551000000000222e+00 2.455845500000000214e+01 1.562381403337098074e-01
4.541292999999999580e+00 2.477904000000000195e+01 1.579077253785510782e-01
4.546035999999999966e+00 2.476283300000000054e+01 1.588431546361504521e-01
4.550779000000000352e+00 2.455378299999999925e+01 1.591683351824781101e-01
4.555521999999999849e+00 2.467023099999999758e+01 1.605649796727882106e-01
4.560265000000000235e+00 2.464903500000000136e+01 1.615296938376823421e-01
4.565007999999999733e+00 2.469530400000000014e+01 1.627394096570913828e-01
4.569751000000000118e+00 2.491595099999999974e+01 1.645424739332042585e-01
4.574493000000000364e+00 2.503582899999999611e+01 1.660411150787138579e-01
4.579235999999999862e+00 2.486838400000000249e+01 1.666037006542399612e-01
4.583979000000000248e+00 2.464901099999999801e+01 1.670019292155680568e-01
4.588721999999999746e+00 2.461528099999999952e+01 1.680446372260590848e-01
4.593465000000000131e+00 2.473426399999999958e+01 1.696320177846773747e-01
4.598207999999999629e+00 2.460077100000000172e+01 1.703743179322499968e-01
4.602951000000000015e+00 2.479896400000000156e+01 1.722909575334437005e-01
4.607693000000000261e+00 2.484006200000000320e+01 1.736907793138507405e-01
4.612435999999999758e+00 2.489128999999999792e+01 1.751535151123413958e-01
4.617179000000000144e+00 2.481388000000000105e+01 1.761891115394665919e-01
4.621921999999999642e+00 2.492348499999999945e+01 1.779194518792852620e-01
4.626665000000000028e+00 2.458874300000000090e+01 1.780817415775876045e-01
4.631408000000000413e+00 2.452371899999999982e+01 1.792328763580878226e-01
4.636150999999999911e+00 2.455931700000000006e+01 1.807829078196199479e-01
4.640894000000000297e+00 2.478012000000000370e+01 1.830536477670466899e-01
4.645635999999999655e+00 2.447855799999999959e+01 1.834164228478254444e-01
4.650379000000000040e+00 2.457515400000000128e+01 1.852984972342927583e-01
4.655122000000000426e+00 2.448887900000000073e+01 1.865280662459901928e-01
4.659864999999999924e+00 2.472296700000000058e+01 1.890162854021554817e-01
4.664608000000000310e+00 2.486488099999999690e+01 1.912029603107028575e-01
4.669350999999999807e+00 2.475236199999999798e+01 1.924498312589559279e-01
4.674094000000000193e+00 2.463941900000000018e+01 1.937318846979758091e-01
4.678836000000000439e+00 2.501361099999999738e+01 1.969744438675804232e-01
4.683578999999999937e+00 2.473713899999999910e+01 1.976970713462271045e-01
4.688322000000000322e+00 2.475348600000000232e+01 1.996249098762774843e-01
4.693064999999999820e+00 2.474314499999999839e+01 2.014994635125557654e-01
4.697808000000000206e+00 2.479163799999999895e+01 2.036647733471534938e-01
4.702550999999999704e+00 2.470141199999999770e+01 2.053194890138656525e-01
4.707294000000000089e+00 2.493173800000000284e+01 2.083668331509266614e-01
4.712036999999999587e+00 2.484673199999999582e+01 2.101617694585604101e-01
4.716778999999999833e+00 2.515333300000000349e+01 2.136832785203458263e-01
4.721522000000000219e+00 2.497421500000000094e+01 2.152098423897926549e-01
4.726264999999999716e+00 2.477710000000000079e+01 2.167132517994649343e-01
4.731008000000000102e+00 2.444991699999999923e+01 2.176912744655201126e-01
4.735750999999999600e+00 2.493033300000000096e+01 2.223406384196800478e-01
4.740493999999999986e+00 2.478540800000000033e+01 2.242878111687643672e-01
4.745237000000000371e+00 2.483849400000000074e+01 2.272130459751924292e-01
4.749978999999999729e+00 2.492209000000000430e+01 2.303855580084469834e-01
4.754722000000000115e+00 2.492136900000000210e+01 2.332730000941913295e-01
4.759464999999999613e+00 2.496542799999999573e+01 2.364806902410327982e-01
4.764207999999999998e+00 2.502543599999999913e+01 2.398818020030046017e-01
4.768951000000000384e+00 2.520131000000000299e+01 2.439747141607849223e-01
4.773693999999999882e+00 2.466870300000000071e+01 2.447356653831098128e-01
4.778437000000000268e+00 2.437442199999999914e+01 2.467407447793722175e-01
4.783178999999999625e+00 2.484587099999999893e+01 2.527656663045859675e-01
4.787922000000000011e+00 2.499805399999999977e+01 2.573630841235168276e-01
4.792665000000000397e+00 2.485398700000000005e+01 2.606061294061212119e-01
4.797407999999999895e+00 2.462427699999999930e+01 2.635541500234431789e-01
4.802151000000000280e+00 2.489574499999999802e+01 2.693811772784472369e-01
4.806893999999999778e+00 2.492137000000000313e+01 2.741219762625131118e-01
4.811637000000000164e+00 2.451126699999999659e+01 2.766550437278024743e-01
4.816379999999999661e+00 2.453474100000000035e+01 2.818456907119590849e-01
4.821121999999999908e+00 2.519508399999999781e+01 2.910245867411100917e-01
4.825865000000000293e+00 2.508577400000000424e+01 2.961086832091743837e-01
4.830607999999999791e+00 2.506280399999999631e+01 3.020285178185510011e-01
4.835351000000000177e+00 2.489066300000000354e+01 3.074038536205525585e-01
4.840093999999999674e+00 2.506032199999999932e+01 3.153088061317489976e-01
4.844837000000000060e+00 2.510457199999999744e+01 3.229227930879888797e-01
4.849579999999999558e+00 2.469152900000000272e+01 3.280555035889811122e-01
4.854321999999999804e+00 2.468583000000000283e+01 3.364063558645110086e-01
4.859065000000000190e+00 2.514337300000000042e+01 3.486496296004055750e-01
4.863807999999999687e+00 2.534271100000000132e+01 3.599810383019222404e-01
4.868551000000000073e+00 2.452773799999999582e+01 3.648059066110224125e-01
4.873293999999999571e+00 2.539242699999999786e+01 3.830526535985621095e-01
4.878036999999999956e+00 2.536024700000000109e+01 3.958945045894929349e-01
4.882780000000000342e+00 2.485088099999999756e+01 4.062438689629912503e-01
4.887522999999999840e+00 2.515010699999999844e+01 4.248222982740547660e-01
4.892265000000000086e+00 2.524322699999999742e+01 4.438312990367849764e-01
4.897007999999999583e+00 2.506291800000000336e+01 4.629293205431256331e-01
4.901750999999999969e+00 2.520540000000000447e+01 4.881723220000802610e-01
4.906494000000000355e+00 2.518039200000000122e+01 5.159587679819968020e-01
4.911236999999999853e+00 2.507448199999999972e+01 5.482746643551660304e-01
4.915980000000000238e+00 2.549142599999999703e+01 5.939223251963003936e-01
4.920722999999999736e+00 2.531662800000000146e+01 6.436169951519771226e-01
4.925464999999999982e+00 2.552377800000000008e+01 7.146199196761660044e-01
4.930208000000000368e+00 2.571939000000000419e+01 8.135428551865599989e-01
4.934950999999999866e+00 2.658996000000000137e+01 9.790244508452126126e-01
4.939694000000000251e+00 2.564087099999999708e+01 1.241478336323026621e+00
4.944436999999999749e+00 8.758236200000000693e+00 1.257090153191233961e+00