# [32] Sgs_R04_1.0
# Sample c= 1.0 mg/ml
#
# Number of frames collected: 10
# Exposure time per frame: 0.5
# No significant radiation damage detected, merging 10 files
# Merged from: /data/visitor/mx1905/bm29/20170412/Poker/1d/Sxl_10gs_129_00001.dat
# Merged from: /data/visitor/mx1905/bm29/20170412/Poker/1d/Sxl_10gs_129_00002.dat
# Merged from: /data/visitor/mx1905/bm29/20170412/Poker/1d/Sxl_10gs_129_00003.dat
# Merged from: /data/visitor/mx1905/bm29/20170412/Poker/1d/Sxl_10gs_129_00004.dat
# Merged from: /data/visitor/mx1905/bm29/20170412/Poker/1d/Sxl_10gs_129_00005.dat
# Merged from: /data/visitor/mx1905/bm29/20170412/Poker/1d/Sxl_10gs_129_00006.dat
# Merged from: /data/visitor/mx1905/bm29/20170412/Poker/1d/Sxl_10gs_129_00007.dat
# Merged from: /data/visitor/mx1905/bm29/20170412/Poker/1d/Sxl_10gs_129_00008.dat
# Merged from: /data/visitor/mx1905/bm29/20170412/Poker/1d/Sxl_10gs_129_00009.dat
# Merged from: /data/visitor/mx1905/bm29/20170412/Poker/1d/Sxl_10gs_129_00010.dat
#
# Sample Information:
# Storage Temperature (degrees C): 20.0
# Measurement Temperature (degrees C): 20.03
# Concentration: 1.0
# Code: 
3.082862000000000102e-02 6.437207200000000284e+02 8.409026260765987359e+00
3.557148999999999728e-02 1.373696199999999862e+03 5.065155850644381452e+00
4.031434999999999880e-02 1.777125000000000000e+03 3.795082381323383380e+00
4.505722000000000199e-02 1.129955850000000055e+03 2.151809809986565902e+00
4.980007999999999657e-02 7.613622600000001057e+02 1.581632644789538578e+00
5.454294999999999977e-02 5.490355499999999438e+02 1.263553651195436833e+00
5.928581000000000129e-02 4.095590300000000070e+02 1.037490247680685318e+00
6.402868000000000448e-02 3.250583500000000754e+02 8.812587841566517088e-01
6.877154000000000600e-02 2.661254900000000134e+02 7.659414035146095978e-01
7.351441000000000225e-02 2.238040599999999927e+02 6.768312058517175211e-01
7.825727999999999851e-02 1.910653900000000363e+02 6.020060628826009452e-01
8.300014000000000003e-02 1.678001800000000117e+02 5.461292699686036700e-01
8.774300999999999628e-02 1.504750099999999975e+02 5.017964758021223881e-01
9.248586999999999780e-02 1.370127899999999954e+02 4.653208580991722298e-01
9.722873999999999406e-02 1.259612900000000053e+02 4.332086426194888817e-01
1.019715999999999956e-01 1.173616999999999990e+02 4.075246876814336838e-01
1.067145000000000038e-01 1.106667599999999965e+02 3.862743950386564595e-01
1.114572999999999953e-01 1.051187000000000182e+02 3.679459185602144689e-01
1.162002000000000035e-01 1.001472260000000034e+02 3.512929111299429863e-01
1.209430999999999978e-01 9.621681599999999435e+01 3.371043990179599659e-01
1.256858999999999893e-01 9.324678400000000522e+01 3.252339823913393269e-01
1.304288000000000114e-01 9.040871699999999578e+01 3.141138211172579409e-01
1.351717000000000057e-01 8.789583299999999610e+01 3.039203071806770295e-01
1.399144999999999972e-01 8.603701699999999164e+01 2.952350069520237041e-01
1.446573999999999915e-01 8.366377400000001785e+01 2.860787685712510298e-01
1.494003000000000136e-01 8.177424000000000603e+01 2.781014425544179325e-01
1.541431000000000051e-01 8.087935099999999977e+01 2.725280878850392940e-01
1.588859999999999995e-01 7.896122600000001057e+01 2.650166521014852838e-01
1.636287999999999909e-01 7.781724799999999220e+01 2.590847634866423332e-01
1.683717000000000130e-01 7.682094500000000892e+01 2.536309151937953255e-01
1.731146000000000074e-01 7.623769699999999716e+01 2.490434512836653680e-01
1.778573999999999988e-01 7.497581499999998300e+01 2.435055028867811888e-01
1.826002999999999932e-01 7.424251100000000747e+01 2.390227104627869747e-01
1.873431999999999875e-01 7.366620800000001168e+01 2.349557845128714406e-01
1.920860000000000067e-01 7.296144999999999925e+01 2.308116302167778355e-01
1.968289000000000011e-01 7.210370199999999841e+01 2.265499909519901323e-01
2.015717999999999954e-01 7.133437200000000189e+01 2.225794929258201049e-01
2.063145999999999869e-01 7.069625100000000373e+01 2.189253598598156769e-01
2.110575000000000090e-01 7.044717300000000648e+01 2.157583432617881380e-01
2.158004000000000033e-01 7.015596899999999891e+01 2.128434408622321139e-01
2.205431999999999948e-01 6.938804000000000372e+01 2.093307943413488803e-01
2.252860999999999891e-01 6.889131600000000333e+01 2.063279065971966586e-01
2.300290000000000112e-01 6.887970299999999213e+01 2.041213126544808021e-01
2.347718000000000027e-01 6.798969900000000166e+01 2.006774751993287143e-01
2.395146999999999970e-01 6.745261700000000360e+01 1.978382744124715653e-01
2.442575999999999914e-01 6.713051499999998839e+01 1.953835024151146238e-01
2.490004000000000106e-01 6.682045200000000307e+01 1.930062547590191413e-01
2.537433000000000050e-01 6.649418199999999501e+01 1.906595930325791222e-01
2.584861999999999993e-01 6.619332200000000910e+01 1.884323837101438692e-01
2.632289999999999908e-01 6.577182500000000687e+01 1.861036806959800727e-01
2.679718999999999851e-01 6.544058399999998699e+01 1.839533595324768789e-01
2.727146999999999766e-01 6.502036599999999567e+01 1.817202395831430117e-01
2.774576000000000264e-01 6.466952399999999557e+01 1.796880494388230221e-01
2.822005000000000208e-01 6.459909000000000390e+01 1.781278970200728951e-01
2.869433000000000122e-01 6.422039100000000644e+01 1.760954617968753799e-01
2.916862000000000066e-01 6.359539099999999223e+01 1.737622315484809166e-01
2.964291000000000009e-01 6.351676699999999443e+01 1.722250280901672370e-01
3.011718999999999924e-01 6.310257800000000827e+01 1.702750144222783257e-01
3.059147999999999867e-01 6.277479000000001008e+01 1.684813891109365191e-01
3.106576999999999811e-01 6.255215400000000869e+01 1.668565273845785124e-01
3.154004999999999725e-01 6.209038600000000230e+01 1.649590841928637031e-01
3.201434000000000224e-01 6.188151700000000943e+01 1.634389266174325617e-01
3.248863000000000167e-01 6.129740300000000985e+01 1.614501687579427691e-01
3.296291000000000082e-01 6.122118199999999888e+01 1.601526265169041785e-01
3.343720000000000026e-01 6.120761399999999242e+01 1.589710735635539995e-01
3.391148999999999969e-01 6.108908199999998345e+01 1.593419744717919639e-01
3.438576999999999884e-01 6.087290399999999124e+01 1.611152765595435521e-01
3.486005999999999827e-01 6.054573599999999800e+01 1.647720605886383305e-01
3.533434999999999770e-01 6.034131299999999243e+01 1.675110958076914958e-01
3.580863000000000240e-01 5.978157800000000321e+01 1.688050236202797150e-01
3.628292000000000184e-01 5.983677999999999741e+01 1.705485699725925453e-01
3.675720000000000098e-01 5.943893299999999869e+01 1.713797438670927042e-01
3.723149000000000042e-01 5.906072799999999745e+01 1.720909389953936830e-01
3.770577999999999985e-01 5.898319000000000045e+01 1.731287941708305467e-01
3.818005999999999900e-01 5.858629000000000531e+01 1.734658760498369867e-01
3.865434999999999843e-01 5.835239799999999377e+01 1.739734237097358971e-01
3.912863999999999787e-01 5.810812600000000572e+01 1.743050852000764261e-01
3.960292000000000256e-01 5.792871499999999685e+01 1.747508680768919687e-01
4.007721000000000200e-01 5.777374199999999149e+01 1.752629705601588261e-01
4.055150000000000143e-01 5.754704299999999506e+01 1.809474897962881357e-01
4.102578000000000058e-01 5.718656000000000716e+01 1.850836473529539061e-01
4.150007000000000001e-01 5.683258399999999710e+01 1.885501249752163377e-01
4.197435999999999945e-01 5.639782399999999285e+01 1.907204325821066915e-01
4.244863999999999860e-01 5.621660499999999416e+01 1.934970334697692640e-01
4.292292999999999803e-01 5.616595200000000432e+01 1.963645091293431677e-01
4.339721999999999746e-01 5.565552900000000136e+01 1.984631787664243308e-01
4.387150000000000216e-01 5.550397000000000247e+01 2.010840892428769622e-01
4.434579000000000160e-01 5.501232700000000619e+01 2.031325200827011623e-01
4.482008000000000103e-01 5.496234399999999454e+01 2.064685041835138679e-01
4.529436000000000018e-01 5.461281499999999767e+01 2.091653015490360923e-01
4.576864999999999961e-01 5.480527299999999968e+01 2.117216476233030331e-01
4.624293999999999905e-01 5.446741400000000510e+01 2.128262497577183276e-01
4.671721999999999819e-01 5.419238099999999747e+01 2.112395542040308993e-01
4.719150999999999763e-01 5.429562399999999656e+01 2.031184328087662361e-01
4.766579000000000232e-01 5.370406299999999788e+01 1.982054310355465532e-01
4.814008000000000176e-01 5.349548800000000170e+01 1.953072845793397128e-01
4.861437000000000119e-01 5.312401699999999494e+01 1.927122333131742471e-01
4.908865000000000034e-01 5.277248500000000320e+01 1.905075314118972185e-01
4.956293999999999977e-01 5.297285100000000568e+01 1.895255833366627507e-01
5.003722999999999921e-01 5.260493000000000308e+01 1.876785421391326814e-01
5.051151000000000391e-01 5.226841699999999946e+01 1.860158263257943867e-01
5.098580000000000334e-01 5.194511800000000079e+01 1.844755685741724383e-01
5.146009000000000277e-01 5.201087900000000275e+01 1.837010169344418797e-01
5.193436999999999637e-01 5.119139799999999951e+01 1.814143075910648606e-01
5.240865999999999580e-01 5.116557600000000150e+01 1.805872945052184320e-01
5.288294999999999524e-01 5.094243999999999772e+01 1.794552711362867869e-01
5.335722999999999994e-01 5.070140299999999911e+01 1.779776931424295050e-01
5.383151999999999937e-01 5.041685700000000026e+01 1.761968433397292366e-01
5.430580999999999881e-01 4.996604699999999610e+01 1.741854619147542305e-01
5.478009000000000350e-01 5.014944900000001127e+01 1.733279971337818859e-01
5.525438000000000294e-01 4.946319799999999844e+01 1.710108961203253286e-01
5.572867000000000237e-01 4.939899299999999727e+01 1.698042074469890417e-01
5.620294999999999597e-01 4.905016799999999932e+01 1.681485418530942744e-01
5.667723999999999540e-01 4.918599000000000387e+01 1.673579262778217003e-01
5.715152000000000010e-01 4.872177299999999889e+01 1.655775542596061023e-01
5.762580999999999953e-01 4.822289799999998650e+01 1.637654260380868587e-01
5.810009999999999897e-01 4.843194999999999339e+01 1.632262005607053312e-01
5.857438000000000367e-01 4.806980099999999823e+01 1.621286203006508109e-01
5.904867000000000310e-01 4.786185699999999343e+01 1.613886600235524549e-01
5.952296000000000253e-01 4.784896799999999928e+01 1.609774519306402807e-01
5.999723999999999613e-01 4.750451699999999278e+01 1.601828379599974650e-01
6.047152999999999556e-01 4.718205099999999419e+01 1.592346207484424681e-01
6.094581999999999500e-01 4.718176400000000115e+01 1.587235042160901888e-01
6.142009999999999970e-01 4.673174000000000206e+01 1.577426383481514705e-01
6.189438999999999913e-01 4.641228299999999507e+01 1.566920457568287128e-01
6.236867999999999856e-01 4.634877900000000039e+01 1.562234933585342767e-01
6.284296000000000326e-01 4.604693699999999978e+01 1.553596881930470741e-01
6.331725000000000270e-01 4.598245599999999911e+01 1.548958581932222134e-01
6.379154000000000213e-01 4.562377899999999897e+01 1.539405380155808856e-01
6.426581999999999573e-01 4.539570099999999542e+01 1.532108790490182559e-01
6.474010999999999516e-01 4.529425099999999560e+01 1.526990128608292641e-01
6.521439999999999459e-01 4.494297699999999907e+01 1.517651494675806567e-01
6.568867999999999929e-01 4.487685699999999400e+01 1.513166501943067899e-01
6.616296999999999873e-01 4.474534400000000289e+01 1.507627454498982056e-01
6.663725999999999816e-01 4.442709099999999722e+01 1.498978183690750088e-01
6.711154000000000286e-01 4.435138200000000097e+01 1.494413861670005894e-01
6.758583000000000229e-01 4.405227099999999751e+01 1.486120415644533177e-01
6.806010999999999589e-01 4.392201899999999171e+01 1.480718652848909689e-01
6.853439999999999532e-01 4.362294799999999384e+01 1.472510762585486077e-01
6.900868999999999476e-01 4.337696599999999592e+01 1.465192756287465592e-01
6.948296999999999946e-01 4.312348999999999677e+01 1.457777298870790994e-01
6.995725999999999889e-01 4.295975899999999825e+01 1.451921714818109610e-01
7.043154999999999832e-01 4.311998299999999773e+01 1.451566529509323022e-01
7.090583000000000302e-01 4.267052299999999576e+01 1.440927656250087507e-01
7.138012000000000246e-01 4.232797100000000512e+01 1.432109378831718516e-01
7.185441000000000189e-01 4.228798700000000110e+01 1.428450250355776108e-01
7.232868999999999549e-01 4.229462600000000094e+01 1.425606262450446193e-01
7.280297999999999492e-01 4.202506400000000042e+01 1.418103273218576377e-01
7.327727000000000546e-01 4.181828699999999799e+01 1.411677476303390688e-01
7.375154999999999905e-01 4.160468000000000188e+01 1.405182142072962936e-01
7.422583999999999849e-01 4.124280499999999705e+01 1.396207639781784082e-01
7.470012999999999792e-01 4.130194100000000645e+01 1.394353473170336366e-01
7.517441000000000262e-01 4.115122699999999867e+01 1.388966933096958400e-01
7.564870000000000205e-01 4.098533600000000376e+01 1.383367826553426050e-01
7.612299000000000149e-01 4.065841100000000097e+01 1.375076723984607341e-01
7.659726999999999508e-01 4.036881199999999836e+01 1.367416204050544426e-01
7.707155999999999452e-01 4.038788399999999967e+01 1.364991276283753219e-01
7.754585000000000505e-01 4.025538200000000444e+01 1.360048903275599130e-01
7.802012999999999865e-01 4.012535300000000404e+01 1.356506867846518083e-01
7.849441999999999808e-01 3.982876199999999756e+01 1.348342500946614064e-01
7.896870000000000278e-01 3.960056800000000266e+01 1.340948046010929651e-01
7.944299000000000222e-01 3.951834999999999809e+01 1.336935319456461213e-01
7.991728000000000165e-01 3.910281400000000218e+01 1.327300867430719344e-01
8.039155999999999525e-01 3.924426799999999815e+01 1.327109364889438869e-01
8.086584999999999468e-01 3.903801200000000904e+01 1.321036215542867043e-01
8.134014000000000522e-01 3.895682100000000503e+01 1.317116460760475172e-01
8.181441999999999881e-01 3.866004500000000377e+01 1.310563820825429993e-01
8.228870999999999825e-01 3.868372399999999089e+01 1.307514246423858162e-01
8.276299999999999768e-01 3.851978199999999930e+01 1.302181318985535796e-01
8.323728000000000238e-01 3.816145500000000368e+01 1.293645431626394282e-01
8.371157000000000181e-01 3.828921599999999614e+01 1.293364021177850764e-01
8.418586000000000125e-01 3.788557699999999784e+01 1.284095017485890611e-01
8.466013999999999484e-01 3.783004600000000295e+01 1.280721087558782112e-01
8.513443000000000538e-01 3.765406199999999615e+01 1.275346100938356819e-01
8.560872000000000481e-01 3.753254199999999230e+01 1.270915675537157841e-01
8.608299999999999841e-01 3.745097900000000379e+01 1.267168452713659521e-01
8.655728999999999784e-01 3.719572300000000098e+01 1.260485104823797498e-01
8.703157999999999728e-01 3.712748500000000718e+01 1.257001701339461319e-01
8.750586000000000197e-01 3.685479199999999622e+01 1.250076041670401816e-01
8.798015000000000141e-01 3.684149599999999225e+01 1.247556302815548274e-01
8.845442999999999500e-01 3.655169200000000274e+01 1.240353043578460435e-01
8.892872000000000554e-01 3.654243000000000308e+01 1.237933210243597759e-01
8.940301000000000498e-01 3.635296800000000417e+01 1.232485174249994681e-01
8.987728999999999857e-01 3.638732299999999498e+01 1.230834762190392562e-01
9.035157999999999801e-01 3.624505399999999611e+01 1.226194376288302773e-01
9.082586999999999744e-01 3.593700700000000126e+01 1.218780115203164927e-01
9.130015000000000214e-01 3.603406100000000123e+01 1.218243682263564914e-01
9.177444000000000157e-01 3.575952099999999945e+01 1.211428929404077676e-01
9.224873000000000101e-01 3.573776099999999900e+01 1.208890784914356809e-01
9.272300999999999460e-01 3.556217499999999632e+01 1.203778643827302652e-01
9.319730000000000514e-01 3.543244599999999878e+01 1.199462899807376137e-01
9.367159000000000457e-01 3.517717600000000289e+01 1.193031164878839145e-01
9.414586999999999817e-01 3.519069400000000059e+01 1.191151074895145240e-01
9.462015999999999760e-01 3.510805700000000940e+01 1.187668840817851790e-01
9.509444999999999704e-01 3.492911299999999386e+01 1.182580256604975621e-01
9.556873000000000173e-01 3.465234300000000189e+01 1.175839639289831123e-01
9.604302000000000117e-01 3.472067600000000454e+01 1.174945197338841812e-01
9.651731000000000060e-01 3.470420499999999464e+01 1.172638553754574292e-01
9.699159000000000530e-01 3.439978600000000597e+01 1.165481147342070922e-01
9.746588000000000473e-01 3.417464400000000069e+01 1.159670253622136354e-01
9.794017000000000417e-01 3.426355699999999871e+01 1.159179077195736929e-01
9.841444999999999776e-01 3.416778400000000460e+01 1.155584201759755070e-01
9.888873999999999720e-01 3.392425000000000068e+01 1.149509865261973268e-01
9.936302000000000190e-01 3.374246600000000740e+01 1.144488245545208505e-01
9.983731000000000133e-01 3.394387700000000052e+01 1.145948639615973208e-01
1.003115999999999897e+00 3.366339900000000540e+01 1.139283755043597468e-01
1.007859000000000060e+00 3.364913400000000365e+01 1.137138410132803451e-01
1.012602000000000002e+00 3.353790500000000208e+01 1.133363447419251102e-01
1.017344999999999944e+00 3.332103599999999943e+01 1.127797150105292606e-01
1.022086999999999968e+00 3.313797200000000487e+01 1.122826752643069081e-01
1.026829999999999909e+00 3.322892299999999466e+01 1.122512062172010827e-01
1.031573000000000073e+00 3.305957999999999686e+01 1.117802900545002281e-01
1.036316000000000015e+00 3.288414500000000373e+01 1.112987561690426119e-01
1.041058999999999957e+00 3.284119499999999903e+01 1.110436247276888888e-01
1.045801999999999898e+00 3.262621399999999738e+01 1.104991176454594992e-01
1.050545000000000062e+00 3.252165800000000218e+01 1.101425605813969588e-01
1.055287000000000086e+00 3.234402099999999791e+01 1.096614941010252559e-01
1.060030000000000028e+00 3.240338599999999758e+01 1.095844765810199128e-01
1.064772999999999969e+00 3.225858700000000567e+01 1.091632920001178730e-01
1.069515999999999911e+00 3.238409599999999244e+01 1.091998699439056253e-01
1.074259000000000075e+00 3.213122300000000564e+01 1.085969746724336493e-01
1.079002000000000017e+00 3.214381399999999900e+01 1.084444935618941452e-01
1.083744999999999958e+00 3.187853000000000137e+01 1.078475951407461830e-01
1.088487999999999900e+00 3.195761999999999858e+01 1.078338400014726417e-01
1.093229999999999924e+00 3.174847200000000313e+01 1.072622211421752070e-01
1.097973000000000088e+00 3.164617100000000249e+01 1.069199481533722046e-01
1.102716000000000030e+00 3.162520100000000411e+01 1.067167433055919296e-01
1.107458999999999971e+00 3.152814300000000003e+01 1.063859173926718499e-01
1.112201999999999913e+00 3.140835299999999819e+01 1.060162306587043302e-01
1.116945000000000077e+00 3.129432899999999762e+01 1.056584394713574182e-01
1.121688000000000018e+00 3.142312499999999886e+01 1.057112798220265770e-01
1.126430000000000042e+00 3.114723799999999798e+01 1.050832507267147609e-01
1.131172999999999984e+00 3.121772599999999898e+01 1.050384040090227983e-01
1.135915999999999926e+00 3.115213199999999460e+01 1.047660584561369290e-01
1.140659000000000090e+00 3.102757100000000534e+01 1.043961359585626747e-01
1.145402000000000031e+00 3.089504500000000320e+01 1.040135228265209599e-01
1.150144999999999973e+00 3.091736500000000021e+01 1.038911380989788746e-01
1.154887999999999915e+00 3.075728099999999898e+01 1.034637738690045161e-01
1.159631000000000078e+00 3.059920399999999674e+01 1.030411290281206121e-01
1.164373000000000102e+00 3.054851599999999934e+01 1.028004467868194605e-01
1.169116000000000044e+00 3.061535900000000154e+01 1.028335643708409852e-01
1.173858999999999986e+00 3.056942700000000102e+01 1.025738019454943417e-01
1.178601999999999927e+00 3.049906100000000464e+01 1.022527380778725237e-01
1.183345000000000091e+00 3.032136399999999909e+01 1.018022216107590666e-01
1.188088000000000033e+00 3.015370399999999762e+01 1.013678823933360090e-01
1.192830999999999975e+00 3.010477500000000006e+01 1.011346572588422699e-01
1.197572999999999999e+00 3.028230800000000045e+01 1.012821778467080519e-01
1.202315999999999940e+00 3.016247699999999554e+01 1.009324450890554808e-01
1.207059000000000104e+00 3.028056200000000331e+01 1.013072407411079318e-01
1.211802000000000046e+00 3.018273400000000350e+01 1.044554262190868776e-01
1.216544999999999987e+00 2.995102999999999582e+01 1.062195763512493868e-01
1.221287999999999929e+00 3.001280100000000317e+01 1.079274589135684331e-01
1.226031000000000093e+00 2.991982900000000356e+01 1.091094218505445912e-01
1.230774000000000035e+00 2.967533099999999990e+01 1.098606686918093545e-01
1.235516000000000059e+00 2.962169899999999600e+01 1.108594291790756942e-01
1.240259000000000000e+00 2.947997599999999352e+01 1.116176177025410138e-01
1.245001999999999942e+00 2.941872499999999491e+01 1.124675262396110514e-01
1.249745000000000106e+00 2.932501400000000302e+01 1.132092431391363840e-01
1.254488000000000048e+00 2.929111800000000088e+01 1.140288044763374808e-01
1.259230999999999989e+00 2.930819499999999422e+01 1.146430555998181611e-01
1.263973999999999931e+00 2.907421599999999984e+01 1.144780062739598758e-01
1.268715999999999955e+00 2.929215700000000311e+01 1.151849189133356266e-01
1.273458999999999897e+00 2.930230599999999797e+01 1.133170899928135356e-01
1.278202000000000060e+00 2.949446400000000423e+01 1.094863413237861377e-01
1.282945000000000002e+00 2.936682700000000068e+01 1.071654015269079274e-01
1.287687999999999944e+00 2.926235200000000347e+01 1.054681011321437489e-01
1.292431000000000108e+00 2.898316600000000065e+01 1.037514850901002789e-01
1.297174000000000049e+00 2.907575600000000193e+01 1.028822151701838106e-01
1.301916000000000073e+00 2.917749500000000040e+01 1.021487280711174533e-01
1.306659000000000015e+00 2.885245500000000263e+01 1.007621693339807029e-01
1.311401999999999957e+00 2.872495800000000443e+01 9.979696584465481968e-02
1.316144999999999898e+00 2.886466199999999915e+01 9.935257532979556439e-02
1.320888000000000062e+00 2.896981900000000110e+01 9.903772895798954035e-02
1.325631000000000004e+00 2.894306200000000473e+01 9.873712522729938268e-02
1.330373999999999945e+00 2.872014800000000179e+01 9.811617535454437988e-02
1.335117000000000109e+00 2.874451700000000187e+01 9.792838070806440809e-02
1.339858999999999911e+00 2.861620800000000031e+01 9.748786071515724849e-02
1.344602000000000075e+00 2.848816099999999807e+01 9.705638795773104122e-02
1.349345000000000017e+00 2.851827099999999859e+01 9.690162484921706343e-02
1.354087999999999958e+00 2.843871900000000252e+01 9.656675364733921518e-02
1.358830999999999900e+00 2.827273900000000140e+01 9.608973065806825087e-02
1.363574000000000064e+00 2.819857800000000481e+01 9.577411640684292682e-02
1.368317000000000005e+00 2.831614499999999524e+01 9.578845049130767231e-02
1.373059000000000029e+00 2.835174999999999912e+01 9.566790301766417426e-02
1.377801999999999971e+00 2.831482500000000258e+01 9.542726012082239362e-02
1.382544999999999913e+00 2.812832099999999969e+01 9.493827084891162671e-02
1.387288000000000077e+00 2.807235899999999873e+01 9.467359037916962816e-02
1.392031000000000018e+00 2.812881800000000254e+01 9.460119023345740785e-02
1.396773999999999960e+00 2.806869499999999817e+01 9.433443466886522188e-02
1.401516999999999902e+00 2.803749399999999881e+01 9.411912991917956162e-02
1.406260000000000066e+00 2.795156499999999866e+01 9.381514215346900554e-02
1.411002000000000089e+00 2.790106400000000164e+01 9.357322143486777877e-02
1.415745000000000031e+00 2.784417900000000401e+01 9.332162362029768066e-02
1.420487999999999973e+00 2.794950499999999849e+01 9.334403163934425207e-02
1.425230999999999915e+00 2.794161399999999773e+01 9.317898218346130912e-02
1.429974000000000078e+00 2.782191500000000062e+01 9.282976553690633348e-02
1.434717000000000020e+00 2.774396300000000082e+01 9.255105631835382207e-02
1.439459999999999962e+00 2.778509299999999982e+01 9.247285350027542594e-02
1.444201999999999986e+00 2.772480499999999637e+01 9.222753479529363640e-02
1.448944999999999927e+00 2.766292800000000085e+01 9.198159305980681266e-02
1.453688000000000091e+00 2.770662699999999745e+01 9.191177706647554735e-02
1.458431000000000033e+00 2.748233800000000571e+01 9.139837165264706742e-02
1.463173999999999975e+00 2.750761400000000023e+01 9.132570936226337699e-02
1.467916999999999916e+00 2.754107300000000080e+01 9.124539864053091143e-02
1.472660000000000080e+00 2.758487399999999568e+01 9.115494084866984648e-02
1.477402000000000104e+00 2.743209600000000137e+01 9.076654608202518182e-02
1.482145000000000046e+00 2.734606399999999482e+01 9.049024404475489169e-02
1.486887999999999987e+00 2.726010899999999992e+01 9.021564298512370350e-02
1.491630999999999929e+00 2.742882100000000634e+01 9.036182769554076954e-02
1.496374000000000093e+00 2.711467999999999989e+01 8.971186469455419421e-02
1.501117000000000035e+00 2.726115899999999925e+01 8.986961902504317368e-02
1.505859999999999976e+00 2.729705700000000235e+01 9.153722353929411026e-02
1.510602999999999918e+00 2.717746599999999901e+01 9.390562421319342823e-02
1.515344999999999942e+00 2.728872499999999235e+01 9.565683322865961569e-02
1.520088000000000106e+00 2.721328600000000009e+01 9.678306256110105754e-02
1.524831000000000047e+00 2.706361600000000323e+01 9.761183066863668434e-02
1.529573999999999989e+00 2.713389600000000357e+01 9.850785947352119765e-02
1.534316999999999931e+00 2.734030500000000075e+01 9.613321481769712684e-02
1.539060000000000095e+00 2.714172899999999800e+01 9.429693503512773245e-02
1.543803000000000036e+00 2.706878199999999879e+01 9.317691778639332345e-02
1.548545000000000060e+00 2.693149900000000230e+01 9.196982102318781993e-02
1.553288000000000002e+00 2.703480599999999612e+01 9.132826745168826088e-02
1.558030999999999944e+00 2.684597000000000122e+01 9.024227629381142979e-02
1.562774000000000107e+00 2.693184600000000017e+01 8.948170827347901035e-02
1.567517000000000049e+00 2.703099500000000077e+01 8.882132056759008132e-02
1.572259999999999991e+00 2.693896399999999858e+01 8.815013798213364171e-02
1.577002999999999933e+00 2.701399600000000234e+01 8.792597296127521722e-02
1.581746000000000096e+00 2.678810200000000208e+01 8.738854876479469624e-02
1.586487999999999898e+00 2.665680500000000208e+01 8.719702316885422078e-02
1.591231000000000062e+00 2.668218499999999693e+01 8.735022197435619862e-02
1.595974000000000004e+00 2.673069500000000431e+01 8.753744072224696471e-02
1.600716999999999945e+00 2.669990199999999803e+01 8.756316676942023369e-02
1.605460000000000109e+00 2.669094199999999972e+01 8.743478005444972612e-02
1.610203000000000051e+00 2.675075099999999750e+01 8.738633022076450207e-02
1.614945999999999993e+00 2.661521199999999610e+01 8.702240772579555861e-02
1.619688000000000017e+00 2.658221700000000354e+01 8.682913983430620708e-02
1.624430999999999958e+00 2.659773600000000471e+01 8.671736314697305048e-02
1.629173999999999900e+00 2.668635100000000193e+01 8.672624750323917886e-02
1.633917000000000064e+00 2.657684199999999919e+01 8.641558378585888212e-02
1.638660000000000005e+00 2.651278399999999991e+01 8.618093821194743043e-02
1.643402999999999947e+00 2.654511299999999707e+01 8.610469616415879213e-02
1.648146000000000111e+00 2.652530099999999535e+01 8.594497021738968512e-02
1.652889000000000053e+00 2.652313799999999944e+01 8.581591471886901301e-02
1.657631000000000077e+00 2.640570999999999913e+01 8.550223952028508656e-02
1.662374000000000018e+00 2.645878599999999636e+01 8.546533199446076923e-02
1.667116999999999960e+00 2.644579099999999627e+01 8.532274190402580616e-02
1.671859999999999902e+00 2.639513400000000232e+01 8.512110757784405179e-02
1.676603000000000065e+00 2.643125299999999811e+01 8.506076811717785957e-02
1.681346000000000007e+00 2.638552199999999814e+01 8.486934265396840760e-02
1.686088999999999949e+00 2.631005100000000496e+01 8.463095976312273727e-02
1.690830999999999973e+00 2.642309200000000402e+01 8.469715441240927012e-02
1.695573999999999915e+00 2.630729200000000034e+01 8.439710857669768806e-02
1.700317000000000078e+00 2.625015200000000348e+01 8.419167905724592171e-02
1.705060000000000020e+00 2.615490799999999894e+01 8.392619842960243048e-02
1.709802999999999962e+00 2.617536899999999989e+01 8.384738519953857661e-02
1.714545999999999903e+00 2.600904799999999994e+01 8.347055661939065119e-02
1.719289000000000067e+00 2.602549499999999938e+01 8.338722020805765245e-02
1.724031000000000091e+00 2.626926800000000028e+01 8.366705945995472904e-02
1.728774000000000033e+00 2.616207299999999947e+01 8.338772886711209864e-02
1.733516999999999975e+00 2.615814499999999754e+01 8.327419179750830680e-02
1.738259999999999916e+00 2.609239299999999773e+01 8.306243531662492463e-02
1.743003000000000080e+00 2.601750400000000241e+01 8.283670695517295068e-02
1.747746000000000022e+00 2.600745100000000321e+01 8.271547316906070757e-02
1.752488999999999963e+00 2.599917300000000253e+01 8.259781721258438458e-02
1.757231999999999905e+00 2.605230699999999544e+01 8.257790265832741505e-02
1.761973999999999929e+00 2.600853400000000448e+01 8.240460147597160334e-02
1.766717000000000093e+00 2.594699100000000414e+01 8.220441577648612830e-02
1.771460000000000035e+00 2.605516200000000282e+01 8.227332744664031527e-02
1.776202999999999976e+00 2.611417099999999891e+01 8.230137747894929190e-02
1.780945999999999918e+00 2.595479200000000475e+01 8.195103638997860984e-02
1.785689000000000082e+00 2.586066000000000287e+01 8.166261277939679264e-02
1.790432000000000023e+00 2.592085200000000356e+01 8.165787518512773735e-02
1.795174000000000047e+00 2.588099899999999565e+01 8.149570033007814962e-02
1.799916999999999989e+00 2.593233799999999789e+01 8.147699513914404001e-02
1.804659999999999931e+00 2.593209099999999623e+01 8.137849663471610762e-02
1.809403000000000095e+00 2.575241700000000122e+01 8.099853577757687439e-02
1.814146000000000036e+00 2.590927199999999786e+01 8.114739720538977075e-02
1.818888999999999978e+00 2.592728000000000321e+01 8.107824271384278525e-02
1.823631999999999920e+00 2.595750499999999761e+01 8.102891653456376075e-02
1.828375000000000083e+00 2.585880999999999474e+01 8.077900025125836492e-02
1.833117000000000107e+00 2.567641800000000174e+01 8.039847176210999924e-02
1.837860000000000049e+00 2.561079499999999598e+01 8.020081032467128723e-02
1.842602999999999991e+00 2.566455399999999898e+01 8.019065184696591575e-02
1.847345999999999933e+00 2.570888400000000118e+01 8.016626654149611175e-02
1.852089000000000096e+00 2.576268900000000173e+01 8.022250567769620422e-02
1.856832000000000038e+00 2.567998300000000000e+01 7.994018126510973876e-02
1.861574999999999980e+00 2.581779499999999672e+01 8.005585797870383435e-02
1.866317000000000004e+00 2.564558299999999846e+01 7.969643082192827410e-02
1.871059999999999945e+00 2.549765200000000220e+01 7.937493070263872130e-02
1.875803000000000109e+00 2.571658399999999389e+01 7.962303792781144640e-02
1.880546000000000051e+00 2.571848300000000265e+01 7.953506473272842214e-02
1.885288999999999993e+00 2.570747300000000024e+01 7.942752423541224460e-02
1.890031999999999934e+00 2.571591200000000299e+01 7.935018520619344096e-02
1.894775000000000098e+00 2.559874399999999994e+01 7.907901210111503709e-02
1.899516999999999900e+00 2.553677300000000017e+01 7.889426434683639855e-02
1.904260000000000064e+00 2.553430900000000037e+01 7.880158394873100491e-02
1.909003000000000005e+00 2.549141600000000096e+01 7.864719960219689054e-02
1.913745999999999947e+00 2.554648900000000111e+01 7.864343741946368260e-02
1.918489000000000111e+00 2.543714100000000400e+01 7.838740271755405276e-02
1.923232000000000053e+00 2.549941500000000261e+01 7.839610731340108940e-02
1.927974999999999994e+00 2.548494699999999824e+01 7.828460436227355213e-02
1.932717999999999936e+00 2.549820099999999812e+01 7.815660596809395622e-02
1.937459999999999960e+00 2.550110099999999846e+01 7.797864147151833958e-02
1.942202999999999902e+00 2.538201600000000013e+01 7.758436003878681209e-02
1.946946000000000065e+00 2.541134400000000326e+01 7.744050648304025286e-02
1.951689000000000007e+00 2.546136800000000022e+01 7.736388325885407147e-02
1.956431999999999949e+00 2.538515699999999953e+01 7.716468295415720990e-02
1.961174999999999891e+00 2.532520500000000041e+01 7.699240728126702238e-02
1.965918000000000054e+00 2.539072499999999977e+01 7.701203633599165710e-02
1.970660000000000078e+00 2.547845200000000077e+01 7.710854551648020638e-02
1.975403000000000020e+00 2.533956900000000445e+01 7.687748875898652023e-02
1.980145999999999962e+00 2.526800100000000171e+01 7.679000124441397179e-02
1.984888999999999903e+00 2.533647200000000055e+01 7.691435226415288540e-02
1.989632000000000067e+00 2.544033000000000300e+01 7.709202337069703814e-02
1.994375000000000009e+00 2.536038200000000131e+01 7.694270473277046996e-02
1.999117999999999951e+00 2.524847100000000211e+01 7.666243168352344928e-02
2.003861000000000114e+00 2.525340899999999777e+01 7.658846101979853438e-02
2.008602999999999916e+00 2.543786899999999918e+01 7.678559130767503849e-02
2.013345999999999858e+00 2.556598500000000129e+01 7.757993958760796283e-02
2.018088999999999800e+00 2.530481800000000092e+01 7.943493590242080293e-02
2.022832000000000185e+00 2.530299400000000176e+01 8.074666595780038980e-02
2.027575000000000127e+00 2.535076199999999602e+01 8.184507526958052781e-02
2.032318000000000069e+00 2.527717799999999926e+01 8.260250172555913539e-02
2.037061000000000011e+00 2.524455199999999877e+01 8.333477342238772290e-02
2.041802999999999813e+00 2.507287099999999924e+01 8.375485659635445446e-02
2.046546000000000198e+00 2.509926499999999550e+01 8.418206141474500470e-02
2.051289000000000140e+00 2.522887800000000169e+01 8.465836418878054659e-02
2.056032000000000082e+00 2.506406099999999881e+01 8.462051291877872861e-02
2.060775000000000023e+00 2.516681000000000168e+01 8.501795076087050040e-02
2.065517999999999965e+00 2.526164499999999791e+01 8.538844686698546238e-02
2.070260999999999907e+00 2.510583000000000098e+01 8.532335890859429894e-02
2.075003000000000153e+00 2.501995799999999903e+01 8.536541677924262828e-02
2.079746000000000095e+00 2.521055300000000088e+01 8.363068184419161777e-02
2.084489000000000036e+00 2.530406000000000333e+01 8.165716850668103266e-02
2.089231999999999978e+00 2.522624499999999870e+01 8.036555484016956463e-02
2.093974999999999920e+00 2.513634700000000066e+01 7.934291537765800206e-02
2.098717999999999861e+00 2.506250299999999953e+01 7.850268891768612256e-02
2.103460999999999803e+00 2.515274000000000143e+01 7.801918586745955342e-02
2.108204000000000189e+00 2.512858699999999956e+01 7.754842824303403992e-02
2.112945999999999991e+00 2.513080800000000181e+01 7.734561832610428733e-02
2.117688999999999933e+00 2.503252600000000072e+01 7.700755706323372807e-02
2.122431999999999874e+00 2.497776400000000052e+01 7.674906308227090468e-02
2.127174999999999816e+00 2.510820399999999708e+01 7.678614300065279841e-02
2.131918000000000202e+00 2.509829200000000426e+01 7.661656156969784415e-02
2.136661000000000143e+00 2.496246900000000579e+01 7.626270362126759406e-02
2.141404000000000085e+00 2.506040399999999835e+01 7.627138899613275513e-02
2.146145999999999887e+00 2.504842599999999919e+01 7.611850792739764671e-02
2.150888999999999829e+00 2.499420900000000145e+01 7.590635343854293393e-02
2.155632000000000215e+00 2.500057799999999730e+01 7.579102725968225873e-02
2.160375000000000156e+00 2.507796499999999895e+01 7.578599241501690620e-02
2.165118000000000098e+00 2.497620200000000068e+01 7.551389143700448781e-02
2.169861000000000040e+00 2.505694199999999938e+01 7.552071481235131389e-02
2.174603999999999981e+00 2.496704499999999882e+01 7.527280992449399133e-02
2.179346999999999923e+00 2.500285700000000233e+01 7.521667448034510817e-02
2.184089000000000169e+00 2.495571299999999582e+01 7.503842387503885381e-02
2.188832000000000111e+00 2.492358200000000323e+01 7.488494863776898325e-02
2.193575000000000053e+00 2.486467999999999989e+01 7.469317930307559084e-02
2.198317999999999994e+00 2.498419600000000074e+01 7.477061605847111492e-02
2.203060999999999936e+00 2.496697999999999951e+01 7.464486408143095053e-02
2.207803999999999878e+00 2.494319200000000336e+01 7.451133636792928172e-02
2.212546999999999819e+00 2.503248099999999710e+01 7.454759840016980665e-02
2.217289000000000065e+00 2.494320599999999999e+01 7.431876238803496182e-02
2.222032000000000007e+00 2.496613799999999728e+01 7.425859885937183269e-02
2.226774999999999949e+00 2.486581899999999834e+01 7.401649400995766181e-02
2.231517999999999891e+00 2.480612200000000200e+01 7.383612543667293637e-02
2.236260999999999832e+00 2.485383999999999816e+01 7.381605544996833190e-02
2.241004000000000218e+00 2.476876299999999986e+01 7.360028598059453753e-02
2.245747000000000160e+00 2.484378999999999849e+01 7.362326378673592076e-02
2.250490000000000101e+00 2.482573000000000008e+01 7.350880131211975921e-02
2.255231999999999903e+00 2.489212599999999753e+01 7.351982167272647084e-02
2.259974999999999845e+00 2.485507199999999628e+01 7.337903905957476880e-02
2.264717999999999787e+00 2.485158299999999798e+01 7.328887023915840737e-02
2.269461000000000173e+00 2.491474400000000244e+01 7.329735425028655049e-02
2.274204000000000114e+00 2.482525900000000263e+01 7.308169187610943918e-02
2.278947000000000056e+00 2.489145299999999850e+01 7.309597857991916026e-02
2.283689999999999998e+00 2.495177099999999726e+01 7.310192621754368902e-02
2.288431999999999800e+00 2.498017299999999707e+01 7.306187126619397010e-02
2.293175000000000185e+00 2.487174899999999766e+01 7.282175083400838078e-02
2.297918000000000127e+00 2.475032199999999705e+01 7.256345787420140359e-02
2.302661000000000069e+00 2.474331199999999953e+01 7.247346069568640081e-02
2.307404000000000011e+00 2.492522100000000052e+01 7.266027268251956661e-02
2.312146999999999952e+00 2.484356700000000018e+01 7.246200060154839306e-02
2.316889999999999894e+00 2.473800400000000010e+01 7.222967933402722751e-02
2.321632000000000140e+00 2.477270299999999992e+01 7.220301512838851743e-02
2.326375000000000082e+00 2.475992999999999711e+01 7.210730001147803991e-02
2.331118000000000023e+00 2.478845399999999799e+01 7.207188919813604933e-02
2.335860999999999965e+00 2.468139299999999636e+01 7.184018464370550694e-02
2.340603999999999907e+00 2.466938000000000031e+01 7.174699924528411821e-02
2.345346999999999849e+00 2.472372400000000425e+01 7.175110429641623488e-02
2.350089999999999790e+00 2.477082200000000256e+01 7.174450850216970710e-02
2.354833000000000176e+00 2.473555800000000104e+01 7.161873260707424249e-02
2.359574999999999978e+00 2.468157099999999815e+01 7.146709718743164685e-02
2.364317999999999920e+00 2.475730199999999925e+01 7.150283821779664095e-02
2.369060999999999861e+00 2.472057199999999710e+01 7.137662536833469518e-02
2.373803999999999803e+00 2.473468500000000247e+01 7.132430098557854259e-02
2.378547000000000189e+00 2.472864500000000376e+01 7.124312020473975993e-02
2.383290000000000131e+00 2.466415400000000346e+01 7.107842428551015834e-02
2.388033000000000072e+00 2.464965799999999874e+01 7.098574496606271933e-02
2.392774999999999874e+00 2.482939100000000110e+01 7.117247684629431081e-02
2.397517999999999816e+00 2.467535400000000223e+01 7.088069949373596024e-02
2.402261000000000202e+00 2.472214699999999965e+01 7.087770267111864753e-02
2.407004000000000143e+00 2.474543500000000407e+01 7.084023785739854140e-02
2.411747000000000085e+00 2.469326199999999716e+01 7.069564334616385004e-02
2.416490000000000027e+00 2.456444000000000116e+01 7.044183805272261067e-02
2.421232999999999969e+00 2.457812500000000000e+01 7.039249012296552865e-02
2.425975999999999910e+00 2.469385600000000025e+01 7.048869413600596101e-02
2.430718000000000156e+00 2.459776000000000096e+01 7.028277546234923401e-02
2.435461000000000098e+00 2.459311600000000197e+01 7.020834325785647867e-02
2.440204000000000040e+00 2.462145100000000042e+01 7.020569836704923516e-02
2.444946999999999981e+00 2.460683900000000079e+01 7.009223226809443985e-02
2.449689999999999923e+00 2.472231400000000079e+01 7.018874846895832575e-02
2.454432999999999865e+00 2.469839800000000096e+01 7.008770237171067785e-02
2.459175999999999807e+00 2.462489199999999556e+01 6.991667430533721195e-02
2.463918000000000053e+00 2.454779599999999817e+01 6.974023721587344071e-02
2.468660999999999994e+00 2.453298399999999901e+01 6.965316823783826439e-02
2.473403999999999936e+00 2.453751700000000113e+01 6.959359465880390894e-02
2.478146999999999878e+00 2.458533100000000360e+01 6.959582791945434499e-02
2.482889999999999819e+00 2.465675099999999631e+01 6.963115654416275613e-02
2.487633000000000205e+00 2.474901399999999896e+01 6.969581477773109657e-02
2.492376000000000147e+00 2.477762199999999737e+01 6.967088465523027518e-02
2.497117999999999949e+00 2.457984199999999930e+01 6.932755110339756943e-02
2.501860999999999891e+00 2.450681300000000107e+01 6.916000236848897365e-02
2.506603999999999832e+00 2.446156399999999920e+01 6.903204312230300232e-02
2.511347000000000218e+00 2.450046000000000035e+01 6.902147315910099612e-02
2.516090000000000160e+00 2.457999699999999876e+01 6.901655945938553471e-02
2.520833000000000101e+00 2.464728000000000208e+01 6.896935918138721866e-02
2.525576000000000043e+00 2.470346899999999835e+01 6.890743970538740215e-02
2.530318999999999985e+00 2.460928099999999930e+01 6.866342338784967025e-02
2.535060999999999787e+00 2.468324700000000149e+01 6.870373136569804529e-02
2.539804000000000173e+00 2.463993000000000322e+01 6.858120501065871621e-02
2.544547000000000114e+00 2.457227100000000064e+01 6.842577650470910156e-02
2.549290000000000056e+00 2.461958600000000175e+01 6.843021638523000272e-02
2.554032999999999998e+00 2.458321500000000270e+01 6.831878954925724168e-02
2.558775999999999939e+00 2.455967000000000056e+01 6.822505072856011044e-02
2.563518999999999881e+00 2.450079699999999860e+01 6.808504139988312553e-02
2.568261000000000127e+00 2.451022299999999987e+01 6.809250689550429281e-02
2.573004000000000069e+00 2.453460700000000116e+01 6.814198972589514958e-02
2.577747000000000011e+00 2.458246600000000015e+01 6.822343821070732395e-02
2.582489999999999952e+00 2.447476900000000199e+01 6.805524205139674987e-02
2.587232999999999894e+00 2.446167100000000261e+01 6.797694546315978525e-02
2.591975999999999836e+00 2.458762899999999973e+01 6.809137454260487388e-02
2.596719000000000221e+00 2.453198099999999826e+01 6.795408368076785721e-02
2.601462000000000163e+00 2.449196199999999735e+01 6.783862711371745069e-02
2.606203999999999965e+00 2.452085500000000096e+01 6.781927864725854904e-02
2.610946999999999907e+00 2.454109999999999658e+01 6.778762510551170073e-02
2.615689999999999849e+00 2.452951600000000099e+01 6.771226592126569632e-02
2.620432999999999790e+00 2.455877600000000172e+01 6.769341298126355100e-02
2.625176000000000176e+00 2.443900999999999968e+01 6.746930605592886543e-02
2.629919000000000118e+00 2.450711199999999579e+01 6.750466618955314191e-02
2.634662000000000059e+00 2.451506000000000185e+01 6.747137611766637622e-02
2.639403999999999861e+00 2.456755899999999926e+01 6.749689714684667385e-02
2.644146999999999803e+00 2.459763299999999475e+01 6.745760415668052012e-02
2.648890000000000189e+00 2.464436499999999697e+01 6.745952212886331678e-02
2.653633000000000131e+00 2.449930900000000022e+01 6.721301460741216371e-02
2.658376000000000072e+00 2.442890499999999676e+01 6.706031749009692955e-02
2.663119000000000014e+00 2.447211099999999462e+01 6.705057741747494360e-02
2.667861999999999956e+00 2.448558799999999991e+01 6.701129757039106516e-02
2.672604999999999897e+00 2.435648800000000236e+01 6.677742283858295602e-02
2.677347000000000143e+00 2.445843599999999896e+01 6.686011614786799284e-02
2.682090000000000085e+00 2.446087800000000101e+01 6.680668405261258602e-02
2.686833000000000027e+00 2.445972100000000182e+01 6.674865763255392881e-02
2.691575999999999969e+00 2.449189799999999906e+01 6.673579323081280101e-02
2.696318999999999910e+00 2.444570200000000426e+01 6.661659924580584646e-02
2.701061999999999852e+00 2.442389600000000272e+01 6.653103796289593086e-02
2.705804999999999794e+00 2.446754700000000327e+01 6.653444063903596328e-02
2.710547000000000040e+00 2.444512699999999938e+01 6.644782158442744113e-02
2.715289999999999981e+00 2.452012199999999709e+01 6.649422271409900775e-02
2.720032999999999923e+00 2.442454000000000036e+01 6.630917369783459470e-02
2.724775999999999865e+00 2.435692099999999982e+01 6.616206736704574598e-02
2.729518999999999807e+00 2.438601900000000100e+01 6.614623866027605215e-02
2.734262000000000192e+00 2.441844099999999784e+01 6.613533138941393719e-02
2.739005000000000134e+00 2.439142299999999963e+01 6.604408200188113809e-02
2.743746999999999936e+00 2.444556600000000302e+01 6.606251842010565922e-02
2.748489999999999878e+00 2.446365300000000076e+01 6.603230653205216516e-02
2.753232999999999819e+00 2.456882200000000083e+01 6.611981012541778835e-02
2.757976000000000205e+00 2.443716099999999969e+01 6.588810329369255980e-02
2.762719000000000147e+00 2.446758499999999970e+01 6.587501418237570738e-02
2.767462000000000089e+00 2.439909599999999656e+01 6.572893102665826326e-02
2.772205000000000030e+00 2.439156000000000191e+01 6.566499547064935660e-02
2.776947999999999972e+00 2.438718899999999934e+01 6.560555951431784605e-02
2.781690000000000218e+00 2.444059200000000232e+01 6.562393926924761645e-02
2.786433000000000160e+00 2.437142499999999501e+01 6.547753242271045493e-02
2.791176000000000101e+00 2.428122800000000225e+01 6.530316456292221960e-02
2.795919000000000043e+00 2.435645500000000041e+01 6.535141837161453915e-02
2.800661999999999985e+00 2.452654400000000123e+01 6.554115936391802233e-02
2.805404999999999927e+00 2.445317199999999858e+01 6.538073307789153688e-02
2.810147999999999868e+00 2.452321599999999790e+01 6.545276670583757839e-02
2.814890000000000114e+00 2.456381199999999865e+01 6.546278920205814145e-02
2.819633000000000056e+00 2.459182900000000060e+01 6.671384176024267032e-02
2.824375999999999998e+00 2.447256900000000002e+01 6.794876363594262725e-02
2.829118999999999939e+00 2.443429900000000288e+01 6.877308874887255730e-02
2.833861999999999881e+00 2.447891800000000018e+01 6.955458779382923951e-02
2.838604999999999823e+00 2.438656800000000047e+01 7.003067045205337016e-02
2.843348000000000209e+00 2.446284299999999945e+01 7.043580440580415880e-02
2.848091000000000150e+00 2.440269999999999939e+01 7.056253805634474241e-02
2.852832999999999952e+00 2.445616599999999963e+01 7.084603259109009676e-02
2.857575999999999894e+00 2.431284699999999788e+01 7.082793469182198376e-02
2.862318999999999836e+00 2.441756099999999918e+01 7.115740053161231926e-02
2.867062000000000221e+00 2.438935899999999890e+01 7.128281853733829665e-02
2.871805000000000163e+00 2.436353299999999678e+01 7.140223823550352622e-02
2.876548000000000105e+00 2.444154500000000141e+01 7.166579656358185169e-02
2.881291000000000047e+00 2.430595500000000087e+01 7.127365986349865068e-02
2.886032999999999848e+00 2.450151000000000323e+01 6.951958995820674281e-02
2.890775999999999790e+00 2.454741699999999938e+01 6.849096992080416779e-02
2.895519000000000176e+00 2.439571300000000065e+01 6.754139284784109465e-02
2.900262000000000118e+00 2.447073900000000179e+01 6.706015270931761640e-02
2.905005000000000059e+00 2.448048499999999805e+01 6.671198088850682772e-02
2.909748000000000001e+00 2.446801899999999463e+01 6.652023758801753339e-02
2.914490999999999943e+00 2.444427200000000511e+01 6.633242362621313837e-02
2.919233000000000189e+00 2.448459600000000336e+01 6.624571735697862285e-02
2.923976000000000131e+00 2.436793199999999615e+01 6.595788470741689724e-02
2.928719000000000072e+00 2.441287499999999611e+01 6.589807305664786841e-02
2.933462000000000014e+00 2.440697000000000116e+01 6.577658455545787319e-02
2.938204999999999956e+00 2.442344800000000049e+01 6.569121127225011070e-02
2.942947999999999897e+00 2.445146099999999834e+01 6.562683268201734144e-02
2.947690999999999839e+00 2.440812000000000381e+01 6.547103837514492430e-02
2.952433999999999781e+00 2.434588400000000163e+01 6.530150427025169235e-02
2.957176000000000027e+00 2.439974899999999636e+01 6.528959588246277534e-02
2.961918999999999969e+00 2.438977100000000320e+01 6.517560149841963857e-02
2.966661999999999910e+00 2.432328900000000260e+01 6.500246343462762200e-02
2.971404999999999852e+00 2.448465600000000109e+01 6.513553694960762253e-02
2.976147999999999794e+00 2.442299399999999565e+01 6.497358197355676546e-02
2.980891000000000179e+00 2.432353400000000221e+01 6.476324918370911232e-02
2.985634000000000121e+00 2.431809600000000060e+01 6.468009857363546389e-02
2.990375999999999923e+00 2.442967200000000361e+01 6.477059766795888185e-02
2.995118999999999865e+00 2.436266700000000185e+01 6.459480976296702592e-02
2.999861999999999806e+00 2.442631800000000197e+01 6.460449262607051435e-02
3.004605000000000192e+00 2.452062799999999854e+01 6.465855385709766423e-02
3.009348000000000134e+00 2.434948100000000437e+01 6.436355215741049185e-02
3.014091000000000076e+00 2.440801300000000040e+01 6.439230342003382512e-02
3.018834000000000017e+00 2.435241200000000106e+01 6.423227233244359347e-02
3.023576999999999959e+00 2.431993099999999686e+01 6.412340992804735351e-02
3.028319000000000205e+00 2.442161600000000021e+01 6.419212678168328967e-02
3.033062000000000147e+00 2.441365799999999808e+01 6.411710258272280971e-02
3.037805000000000089e+00 2.437129699999999488e+01 6.399804809419894214e-02
3.042548000000000030e+00 2.435650000000000048e+01 6.391607138214926154e-02
3.047290999999999972e+00 2.420551499999999834e+01 6.365564933653100610e-02
3.052033999999999914e+00 2.428219399999999695e+01 6.369499806271368414e-02
3.056776999999999855e+00 2.431438800000000100e+01 6.367665305351562222e-02
3.061519000000000101e+00 2.438371500000000225e+01 6.370707912454079414e-02
3.066262000000000043e+00 2.436515199999999837e+01 6.362327718233476426e-02
3.071004999999999985e+00 2.432551199999999980e+01 6.352535661386563004e-02
3.075747999999999927e+00 2.445320299999999847e+01 6.363604184742087388e-02
3.080490999999999868e+00 2.434148100000000170e+01 6.342604245706884303e-02
3.085233999999999810e+00 2.429547500000000326e+01 6.329953913197473858e-02
3.089977000000000196e+00 2.432196800000000181e+01 6.329492014769588781e-02
3.094720000000000137e+00 2.430266299999999902e+01 6.319595146419350329e-02
3.099461999999999939e+00 2.420297199999999904e+01 6.300953398139283457e-02
3.104204999999999881e+00 2.433315499999999787e+01 6.312290501463553583e-02
3.108947999999999823e+00 2.443348099999999334e+01 6.319721324768284854e-02
3.113691000000000209e+00 2.436404499999999729e+01 6.305264072633674777e-02
3.118434000000000150e+00 2.427409200000000311e+01 6.288171790421918927e-02
3.123177000000000092e+00 2.440244000000000213e+01 6.299304964945021124e-02
3.127920000000000034e+00 2.440245499999999979e+01 6.293898653470439419e-02
3.132661999999999836e+00 2.436178100000000057e+01 6.283296051244918745e-02
3.137405000000000221e+00 2.432934800000000308e+01 6.273798236365032976e-02
3.142148000000000163e+00 2.434449200000000246e+01 6.270421572890692852e-02
3.146891000000000105e+00 2.437490199999999874e+01 6.269852740722543782e-02
3.151634000000000047e+00 2.436344799999999822e+01 6.263367424395042959e-02
3.156376999999999988e+00 2.441670799999999986e+01 6.263994055237920300e-02
3.161119999999999930e+00 2.427901299999999907e+01 6.241175049370351058e-02
3.165862000000000176e+00 2.419530899999999818e+01 6.229600642260144788e-02
3.170605000000000118e+00 2.427962199999999982e+01 6.233696040799150545e-02
3.175348000000000059e+00 2.423002600000000228e+01 6.219491989598828485e-02
3.180091000000000001e+00 2.428075599999999667e+01 6.220914981430706453e-02
3.184833999999999943e+00 2.432025999999999755e+01 6.220915232523425986e-02
3.189576999999999884e+00 2.433405699999999783e+01 6.217655361835762451e-02
3.194319999999999826e+00 2.431344499999999798e+01 6.208208404239744238e-02
3.199063000000000212e+00 2.436121999999999943e+01 6.202906314389650122e-02
3.203805000000000014e+00 2.443188299999999558e+01 6.200391812357344129e-02
3.208547999999999956e+00 2.436716700000000202e+01 6.184565434617537300e-02
3.213290999999999897e+00 2.427651099999999929e+01 6.168165123466053806e-02
3.218033999999999839e+00 2.427083599999999919e+01 6.162610383356147137e-02
3.222776999999999781e+00 2.430201999999999884e+01 6.161720147465234859e-02
3.227520000000000167e+00 2.424691800000000086e+01 6.149935785683376122e-02
3.232263000000000108e+00 2.429471400000000259e+01 6.151203355086953817e-02
3.237004999999999910e+00 2.428660400000000053e+01 6.145427864950657459e-02
3.241747999999999852e+00 2.420368099999999600e+01 6.130180044349921309e-02
3.246490999999999794e+00 2.436087900000000062e+01 6.145326788730767070e-02
3.251234000000000179e+00 2.432381099999999918e+01 6.137646277758681407e-02
3.255977000000000121e+00 2.437450399999999817e+01 6.145625344132442380e-02
3.260720000000000063e+00 2.438519500000000306e+01 6.148709652113848456e-02
3.265463000000000005e+00 2.440599599999999825e+01 6.149117111883054682e-02
3.270205999999999946e+00 2.433000600000000446e+01 6.134880289750159477e-02
3.274948000000000192e+00 2.433563400000000243e+01 6.130885787167218715e-02
3.279691000000000134e+00 2.423399400000000270e+01 6.113421721334215408e-02
3.284434000000000076e+00 2.430235600000000318e+01 6.117424336685334252e-02
3.289177000000000017e+00 2.426883899999999628e+01 6.108595468711527227e-02
3.293919999999999959e+00 2.430228599999999872e+01 6.108182078053502051e-02
3.298662999999999901e+00 2.424707000000000079e+01 6.096659093558783049e-02
3.303405999999999842e+00 2.430599900000000346e+01 6.099510059387639599e-02
3.308148000000000089e+00 2.429687000000000197e+01 6.093813538243190997e-02
3.312891000000000030e+00 2.424613099999999832e+01 6.082890644934692975e-02
3.317633999999999972e+00 2.427673699999999712e+01 6.082190362134435452e-02
3.322376999999999914e+00 2.433840099999999751e+01 6.085490652695968450e-02
3.327119999999999855e+00 2.429101100000000102e+01 6.076568933507954517e-02
3.331862999999999797e+00 2.431566699999999770e+01 6.073556243720477921e-02
3.336606000000000183e+00 2.427993999999999986e+01 6.064649654985191513e-02
3.341347999999999985e+00 2.424326199999999787e+01 6.055626584062297202e-02
3.346090999999999926e+00 2.433154599999999590e+01 6.062182091211876234e-02
3.350833999999999868e+00 2.433706400000000514e+01 6.058417175514822783e-02
3.355576999999999810e+00 2.427165000000000106e+01 6.045873115835130596e-02
3.360320000000000196e+00 2.430479000000000056e+01 6.045607710575422178e-02
3.365063000000000137e+00 2.434562099999999774e+01 6.046277398337260994e-02
3.369806000000000079e+00 2.430031800000000075e+01 6.036269062792346679e-02
3.374549000000000021e+00 2.429304000000000130e+01 6.030986560296416193e-02
3.379290999999999823e+00 2.442349600000000009e+01 6.110041453994154159e-02
3.384034000000000209e+00 2.427343499999999921e+01 6.234171967745034959e-02
3.388777000000000150e+00 2.439216199999999901e+01 6.332026655471137411e-02
3.393520000000000092e+00 2.432826899999999881e+01 6.388888688683894146e-02
3.398263000000000034e+00 2.432969300000000246e+01 6.427716509305539394e-02
3.403005999999999975e+00 2.433854799999999585e+01 6.446212050205996080e-02
3.407748999999999917e+00 2.440137700000000009e+01 6.451187754115515760e-02
3.412491000000000163e+00 2.431271800000000027e+01 6.443029136217529040e-02
3.417234000000000105e+00 2.429823899999999881e+01 6.458247185550658465e-02
3.421977000000000046e+00 2.434370399999999890e+01 6.479935929061027278e-02
3.426719999999999988e+00 2.424957500000000010e+01 6.480570340801418416e-02
3.431462999999999930e+00 2.429905000000000115e+01 6.500704295338544103e-02
3.436205999999999872e+00 2.428697799999999773e+01 6.513171933075927178e-02
3.440948999999999813e+00 2.425911900000000188e+01 6.521228785556139329e-02
3.445692000000000199e+00 2.432098500000000030e+01 6.542417547172681147e-02
3.450434000000000001e+00 2.429841300000000004e+01 6.548499497023803351e-02
3.455176999999999943e+00 2.433381100000000075e+01 6.564006009595588220e-02
3.459919999999999884e+00 2.440691900000000203e+01 6.584180287153215683e-02
3.464662999999999826e+00 2.426650599999999969e+01 6.575128388897817644e-02
3.469406000000000212e+00 2.428893599999999964e+01 6.587766039366683979e-02
3.474149000000000154e+00 2.425281299999999973e+01 6.592141349455274413e-02
3.478892000000000095e+00 2.424198400000000220e+01 6.599688895817287793e-02
3.483633999999999897e+00 2.429326300000000316e+01 6.615368188711948094e-02
3.488376999999999839e+00 2.421981000000000250e+01 6.613815717103781189e-02
3.493119999999999781e+00 2.419270000000000209e+01 6.618322576107407706e-02
3.497863000000000167e+00 2.428694199999999981e+01 6.639228493355534000e-02
3.502606000000000108e+00 2.423085000000000022e+01 6.639378897942789515e-02
3.507349000000000050e+00 2.425404799999999739e+01 6.650135023140958668e-02
3.512091999999999992e+00 2.424183100000000479e+01 6.655861574670930703e-02
3.516833999999999794e+00 2.425087699999999913e+01 6.664353750417215116e-02
3.521577000000000179e+00 2.428849400000000358e+01 6.676566812896579661e-02
3.526320000000000121e+00 2.426633400000000051e+01 6.680442543198017447e-02
3.531063000000000063e+00 2.420635700000000412e+01 6.678957326382764514e-02
3.535806000000000004e+00 2.429246200000000044e+01 6.697475145584490253e-02
3.540548999999999946e+00 2.430031199999999814e+01 6.704975359506849808e-02
3.545291999999999888e+00 2.433602400000000188e+01 6.716299891261333366e-02
3.550034999999999830e+00 2.442171299999999690e+01 6.734383773260772810e-02
3.554777000000000076e+00 2.430223100000000258e+01 6.723970877252667677e-02
3.559520000000000017e+00 2.420131399999999644e+01 6.715963371801993154e-02
3.564262999999999959e+00 2.429968500000000020e+01 6.735490459463364110e-02
3.569005999999999901e+00 2.424338199999999688e+01 6.734759369014901853e-02
3.573748999999999842e+00 2.431138400000000033e+01 6.751817141191694682e-02
3.578491999999999784e+00 2.422174799999999806e+01 6.741647833845668125e-02
3.583235000000000170e+00 2.432555599999999885e+01 6.761589968961589925e-02
3.587976999999999972e+00 2.431824800000000053e+01 6.763654696485177364e-02
3.592719999999999914e+00 2.425626700000000113e+01 6.749750501467442765e-02
3.597462999999999855e+00 2.423957100000000153e+01 6.741439642146178357e-02
3.602205999999999797e+00 2.429628500000000102e+01 6.743333893028359560e-02
3.606949000000000183e+00 2.429339399999999927e+01 6.736995994290927159e-02
3.611692000000000125e+00 2.431633599999999973e+01 6.739266759820092267e-02
3.616435000000000066e+00 2.447639799999999966e+01 6.768154355550706769e-02
3.621178000000000008e+00 2.449780500000000316e+01 6.852949874985735101e-02
3.625919999999999810e+00 2.435772699999999702e+01 7.077660980113345546e-02
3.630663000000000196e+00 2.434792700000000210e+01 7.214057140297822079e-02
3.635406000000000137e+00 2.424569999999999936e+01 7.301622042514800681e-02
3.640149000000000079e+00 2.419224500000000333e+01 7.369191633834540345e-02
3.644892000000000021e+00 2.422401199999999832e+01 7.424454224017815185e-02
3.649634999999999962e+00 2.436171999999999827e+01 7.493542624908194894e-02
3.654377999999999904e+00 2.433005899999999855e+01 7.530292619500586482e-02
3.659120000000000150e+00 2.409667600000000220e+01 7.535915086018153686e-02
3.663863000000000092e+00 2.418371599999999688e+01 7.589898945763112748e-02
3.668606000000000034e+00 2.430580900000000000e+01 7.648172305321447595e-02
3.673348999999999975e+00 2.420203199999999555e+01 7.669882839909943073e-02
3.678091999999999917e+00 2.430797799999999853e+01 7.723873870894966409e-02
3.682834999999999859e+00 2.414592699999999681e+01 7.734393104941265917e-02
3.687577999999999800e+00 2.434361699999999828e+01 7.801808978094504354e-02
3.692321000000000186e+00 2.429715699999999856e+01 7.829555652872964566e-02
3.697062999999999988e+00 2.428487199999999646e+01 7.862214012837033528e-02
3.701805999999999930e+00 2.426310400000000200e+01 7.892876508371583777e-02
3.706548999999999872e+00 2.420206300000000255e+01 7.916664163904327256e-02
3.711291999999999813e+00 2.423138599999999698e+01 7.954852961267354361e-02
3.716035000000000199e+00 2.424770699999999835e+01 7.990596382346565330e-02
3.720778000000000141e+00 2.425233300000000014e+01 8.024155834521409791e-02
3.725521000000000083e+00 2.413605199999999940e+01 8.037325440773254726e-02
3.730262999999999884e+00 2.419146299999999528e+01 8.078892520114747122e-02
3.735005999999999826e+00 2.420375700000000307e+01 8.112963662304853441e-02
3.739749000000000212e+00 2.432738800000000268e+01 8.165642780544224433e-02
3.744492000000000154e+00 2.422489000000000203e+01 8.180184995549427684e-02
3.749235000000000095e+00 2.415677699999999817e+01 8.200212900673432836e-02
3.753978000000000037e+00 2.420830099999999874e+01 8.240458292866119361e-02
3.758720999999999979e+00 2.427991300000000052e+01 8.284020922390526731e-02
3.763462999999999781e+00 2.429406399999999877e+01 8.317755749914516883e-02
3.768206000000000166e+00 2.418957599999999886e+01 8.330989717913353521e-02
3.772949000000000108e+00 2.419478000000000151e+01 8.362959321909439747e-02
3.777692000000000050e+00 2.424382499999999752e+01 8.402474572608119308e-02
3.782434999999999992e+00 2.417273899999999998e+01 8.421111658044679038e-02
3.787177999999999933e+00 2.429881999999999920e+01 8.474048852237635321e-02
3.791920999999999875e+00 2.426010400000000544e+01 8.498241690365485046e-02
3.796663999999999817e+00 2.426724699999999757e+01 8.530372225056946645e-02
3.801406000000000063e+00 2.416198700000000343e+01 8.542711013620442329e-02
3.806149000000000004e+00 2.413317399999999679e+01 8.568448259308450443e-02
3.810891999999999946e+00 2.428264200000000272e+01 8.625826081895808517e-02
3.815634999999999888e+00 2.417491799999999813e+01 8.637471056705545158e-02
3.820377999999999830e+00 2.419145300000000276e+01 8.671321338596846284e-02
3.825121000000000215e+00 2.426319899999999663e+01 8.715075260000915147e-02
3.829864000000000157e+00 2.417542399999999958e+01 8.730237779897291606e-02
3.834605999999999959e+00 2.433408599999999566e+01 8.789858079883144937e-02
3.839348999999999901e+00 2.418778200000000211e+01 8.794433976490470539e-02
3.844091999999999842e+00 2.426446300000000278e+01 8.839378929128562101e-02
3.848834999999999784e+00 2.432336300000000051e+01 8.881557295139123898e-02
3.853578000000000170e+00 2.424993599999999816e+01 8.904053838353685746e-02
3.858321000000000112e+00 2.421090199999999726e+01 8.923087825909536974e-02
3.863064000000000053e+00 2.413323899999999966e+01 8.940025865973598440e-02
3.867806999999999995e+00 2.425725899999999768e+01 8.994393676411935323e-02
3.872548999999999797e+00 2.425565400000000338e+01 9.025523017386638536e-02
3.877292000000000183e+00 2.422099400000000102e+01 9.050598825098425670e-02
3.882035000000000124e+00 2.415108600000000294e+01 9.069128468950642119e-02
3.886778000000000066e+00 2.424285700000000432e+01 9.118056639324960411e-02
3.891521000000000008e+00 2.421624899999999769e+01 9.144825812445582514e-02
3.896263999999999950e+00 2.423874500000000154e+01 9.180959818092714053e-02
3.901006999999999891e+00 2.431825399999999604e+01 9.228025848343565651e-02
3.905749000000000137e+00 2.428952300000000264e+01 9.254797870302625129e-02
3.910492000000000079e+00 2.423693199999999948e+01 9.277024181891571630e-02
3.915235000000000021e+00 2.428607200000000077e+01 9.318779807576740848e-02
3.919977999999999962e+00 2.432453099999999679e+01 9.354587592091326287e-02
3.924720999999999904e+00 2.414844899999999583e+01 9.328961196260063260e-02
3.929463999999999846e+00 2.415783700000000067e+01 9.337931073215041677e-02
3.934206999999999788e+00 2.428076599999999630e+01 9.373972491498468174e-02
3.938949000000000034e+00 2.415430399999999977e+01 9.359752739910920383e-02
3.943691999999999975e+00 2.419378499999999832e+01 9.377509815402168547e-02
3.948434999999999917e+00 2.430259699999999867e+01 9.408688246686250367e-02
3.953177999999999859e+00 2.422160099999999971e+01 9.405658906294710186e-02
3.957920999999999800e+00 2.412783699999999953e+01 9.404006573931614210e-02
3.962664000000000186e+00 2.428531200000000112e+01 9.435464556472882014e-02
3.967407000000000128e+00 2.428710099999999983e+01 9.460123835466055509e-02
3.972150000000000070e+00 2.414247200000000149e+01 9.463744349365688091e-02
3.976891999999999872e+00 2.431506900000000115e+01 9.529540862537502766e-02
3.981634999999999813e+00 2.420938100000000048e+01 9.540904190698855369e-02
3.986378000000000199e+00 2.408937900000000454e+01 9.549461125256701599e-02
3.991121000000000141e+00 2.423526400000000081e+01 9.610731968309438322e-02
3.995864000000000082e+00 2.429281000000000290e+01 9.654812133765006132e-02
4.000606999999999580e+00 2.422067600000000098e+01 9.673211305261557313e-02
4.005349999999999966e+00 2.414711299999999738e+01 9.691422856921938500e-02
4.010092000000000212e+00 2.415463000000000449e+01 9.725988764767776185e-02
4.014834999999999710e+00 2.422499399999999525e+01 9.773452767183815615e-02
4.019578000000000095e+00 2.420034899999999922e+01 9.801955869074804872e-02
4.024320999999999593e+00 2.414926899999999677e+01 9.825131670312668708e-02
4.029063999999999979e+00 2.431944399999999717e+01 9.893642166502029933e-02
4.033807000000000365e+00 2.421148400000000223e+01 9.905651426125340608e-02
4.038549999999999862e+00 2.429087200000000024e+01 9.956181186696232144e-02
4.043293000000000248e+00 2.413675499999999730e+01 9.958895641930735898e-02
4.048034999999999606e+00 2.420848900000000015e+01 1.000831451046648446e-01
4.052777999999999992e+00 2.417744099999999818e+01 1.003668022904371515e-01
4.057521000000000377e+00 2.429979100000000258e+01 1.009713411724386251e-01
4.062263999999999875e+00 2.415512899999999874e+01 1.010228178033314439e-01
4.067007000000000261e+00 2.430205199999999977e+01 1.016849203031929411e-01
4.071749999999999758e+00 2.430326000000000164e+01 1.020451316169698475e-01
4.076493000000000144e+00 2.418672899999999970e+01 1.021589408141636984e-01
4.081235000000000390e+00 2.432870300000000086e+01 1.028206356044301106e-01
4.085977999999999888e+00 2.426183200000000539e+01 1.030441313129656089e-01
4.090721000000000274e+00 2.426295000000000002e+01 1.034132009903929034e-01
4.095463999999999771e+00 2.413924400000000148e+01 1.035175529992966997e-01
4.100207000000000157e+00 2.431453300000000084e+01 1.042644603115658875e-01
4.104949999999999655e+00 2.422768999999999906e+01 1.044530274449098906e-01
4.109693000000000040e+00 2.424586800000000153e+01 1.048686351924992682e-01
4.114436000000000426e+00 2.430333099999999646e+01 1.053723377902023167e-01
4.119177999999999784e+00 2.433069500000000218e+01 1.058149434612436907e-01
4.123921000000000170e+00 2.440752000000000166e+01 1.063676979132593542e-01
4.128663999999999668e+00 2.430151299999999992e+01 1.065251572277384484e-01
4.133407000000000053e+00 2.425096200000000124e+01 1.068054850097465841e-01
4.138150000000000439e+00 2.424080700000000022e+01 1.071761843592964614e-01
4.142892999999999937e+00 2.429222800000000504e+01 1.076864928963827961e-01
4.147636000000000323e+00 2.432224899999999934e+01 1.081527690648191459e-01
4.152377999999999680e+00 2.423876899999999779e+01 1.083702819797291161e-01
4.157121000000000066e+00 2.402993399999999724e+01 1.083059314484502156e-01
4.161863999999999564e+00 2.413787100000000052e+01 1.089570819213519365e-01
4.166606999999999950e+00 2.437779699999999750e+01 1.099107867104148067e-01
4.171350000000000335e+00 2.425246800000000036e+01 1.100426462815003309e-01
4.176092999999999833e+00 2.444113299999999711e+01 1.108968866843848822e-01
4.180836000000000219e+00 2.435902499999999904e+01 1.112866106856678500e-01
4.185577999999999577e+00 2.433951099999999812e+01 1.115503820918884170e-01
4.190320999999999962e+00 2.427208399999999955e+01 1.117853283967014943e-01
4.195064000000000348e+00 2.431571300000000591e+01 1.123191661403324382e-01
4.199806999999999846e+00 2.415986099999999936e+01 1.123942323487255174e-01
4.204550000000000232e+00 2.431292900000000046e+01 1.131906630107934325e-01
4.209292999999999729e+00 2.435599500000000006e+01 1.137371941235403583e-01
4.214036000000000115e+00 2.421058699999999675e+01 1.138443476298687529e-01
4.218778999999999613e+00 2.426755899999999855e+01 1.144308815602191470e-01
4.223520999999999859e+00 2.437094699999999747e+01 1.151320132837248683e-01
4.228264000000000244e+00 2.425047099999999745e+01 1.153083598547464533e-01
4.233006999999999742e+00 2.427579900000000279e+01 1.158332235448098907e-01
4.237750000000000128e+00 2.433073599999999459e+01 1.164338102856623119e-01
4.242492999999999626e+00 2.421640699999999669e+01 1.166335011724504434e-01
4.247236000000000011e+00 2.428460099999999855e+01 1.172752542663954289e-01
4.251979000000000397e+00 2.429729999999999990e+01 1.177939266115587830e-01
4.256720999999999755e+00 2.437809100000000129e+01 1.186775874923845925e-01
4.261464000000000141e+00 2.449711300000000236e+01 1.192961181876627530e-01
4.266206999999999638e+00 2.412843499999999963e+01 1.188517105065000773e-01
4.270950000000000024e+00 2.419210199999999844e+01 1.195099459714726031e-01
4.275693000000000410e+00 2.418886900000000395e+01 1.200071173465799140e-01
4.280435999999999908e+00 2.427799600000000169e+01 1.207410249263774354e-01
4.285179000000000293e+00 2.442262899999999703e+01 1.216188991422472165e-01
4.289921999999999791e+00 2.438334700000000410e+01 1.220450675149245823e-01
4.294664000000000037e+00 2.424177599999999799e+01 1.222188928867313090e-01
4.299407000000000423e+00 2.414626999999999768e+01 1.225092196667667138e-01
4.304149999999999920e+00 2.441515599999999964e+01 1.237299123109044247e-01
4.308893000000000306e+00 2.439851900000000029e+01 1.242359002135151880e-01
4.313635999999999804e+00 2.437921899999999908e+01 1.247382782140169788e-01
4.318379000000000190e+00 2.426504900000000120e+01 1.250030834958202053e-01
4.323121999999999687e+00 2.442241100000000031e+01 1.260613263918153315e-01
4.327863999999999933e+00 2.443997499999999690e+01 1.266521544118405507e-01
4.332607000000000319e+00 2.443347999999999587e+01 1.271509815863924031e-01
4.337349999999999817e+00 2.436085700000000287e+01 1.275466553592790320e-01
4.342093000000000202e+00 2.418079200000000384e+01 1.276627672229092014e-01
4.346835999999999700e+00 2.435580900000000071e+01 1.287213751754419933e-01
4.351579000000000086e+00 2.450038500000000141e+01 1.297082108895292740e-01
4.356321999999999584e+00 2.445294599999999718e+01 1.301958239370602788e-01
4.361063999999999830e+00 2.439343399999999917e+01 1.306570040473387651e-01
4.365807000000000215e+00 2.426505799999999624e+01 1.309389436656050731e-01
4.370549999999999713e+00 2.438627899999999826e+01 1.318995083836251303e-01
4.375293000000000099e+00 2.427163000000000181e+01 1.322300240219803358e-01
4.380035999999999596e+00 2.438868999999999687e+01 1.332602415319227851e-01
4.384778999999999982e+00 2.428256099999999762e+01 1.336809609511769581e-01
4.389522000000000368e+00 2.427676899999999804e+01 1.342171204472130674e-01
4.394264999999999866e+00 2.430297399999999897e+01 1.349490444371463371e-01
4.399007000000000112e+00 2.397614399999999790e+01 1.343013715418993614e-01
4.403749999999999609e+00 2.427363899999999575e+01 1.352245638511908876e-01
4.408492999999999995e+00 2.431897999999999982e+01 1.354429292738343615e-01
4.413236000000000381e+00 2.424754700000000440e+01 1.353343584336364758e-01
4.417978999999999878e+00 2.440811599999999970e+01 1.358726785901996637e-01
4.422722000000000264e+00 2.430113999999999663e+01 1.356662919735672490e-01
4.427464999999999762e+00 2.429701599999999928e+01 1.357420708296691036e-01
4.432207000000000008e+00 2.441487300000000005e+01 1.361607142901027911e-01
4.436950000000000394e+00 2.405619599999999636e+01 1.353195606005417884e-01
4.441692999999999891e+00 2.419159599999999699e+01 1.363140284712157091e-01
4.446436000000000277e+00 2.445100700000000060e+01 1.377450436842320713e-01
4.451178999999999775e+00 2.434048999999999907e+01 1.381416259429513738e-01
4.455922000000000160e+00 2.430833499999999958e+01 1.387678642804031914e-01
4.460664999999999658e+00 2.420455700000000121e+01 1.391984760828056111e-01
4.465408000000000044e+00 2.441609699999999705e+01 1.405458247096643687e-01
4.470150000000000290e+00 2.433581199999999711e+01 1.410633802863943131e-01
4.474892999999999788e+00 2.436824399999999713e+01 1.419179441385320373e-01
4.479636000000000173e+00 2.437012999999999963e+01 1.426939751884447882e-01
4.484378999999999671e+00 2.460082900000000095e+01 1.441548974129488181e-01
4.489122000000000057e+00 2.428554799999999858e+01 1.440214548266601224e-01
4.493865000000000443e+00 2.443321700000000263e+01 1.452660056193058602e-01
4.498607999999999940e+00 2.437515299999999741e+01 1.459117067328608852e-01
4.503350000000000186e+00 2.426972999999999914e+01 1.464244969499554072e-01
4.508092999999999684e+00 2.434708599999999734e+01 1.475010773687541465e-01
4.512836000000000070e+00 2.439207599999999942e+01 1.484949512959164442e-01
4.517578999999999567e+00 2.437988099999999747e+01 1.493282238160097419e-01
4.522321999999999953e+00 2.414111400000000174e+01 1.494755373915069574e-01
4.527065000000000339e+00 2.426417199999999497e+01 1.507535331316095517e-01
4.531807999999999836e+00 2.412695099999999826e+01 1.512363418020688521e-01
4.536551000000000222e+00 2.416006099999999890e+01 1.522640347630270230e-01
4.541292999999999580e+00 2.420286499999999563e+01 1.533404763980714125e-01
4.546035999999999966e+00 2.452702100000000129e+01 1.553288993473696811e-01
4.550779000000000352e+00 2.456027200000000477e+01 1.564146788643358266e-01
4.555521999999999849e+00 2.423207799999999779e+01 1.563586874949620398e-01
4.560265000000000235e+00 2.415717199999999920e+01 1.571221369744890406e-01
4.565007999999999733e+00 2.442745100000000136e+01 1.590326526683504549e-01
4.569751000000000118e+00 2.438989100000000576e+01 1.599578120472229525e-01
4.574493000000000364e+00 2.409872199999999864e+01 1.600639388982449673e-01
4.579235999999999862e+00 2.416838799999999665e+01 1.613785366779705854e-01
4.583979000000000248e+00 2.436470200000000119e+01 1.631411859280429977e-01
4.588721999999999746e+00 2.463727100000000547e+01 1.651887191544825217e-01
4.593465000000000131e+00 2.466916400000000209e+01 1.664549538800566830e-01
4.598207999999999629e+00 2.464276699999999920e+01 1.675469062268214460e-01
4.602951000000000015e+00 2.453754700000000000e+01 1.683927247011633710e-01
4.607693000000000261e+00 2.441722599999999943e+01 1.692039904833325947e-01
4.612435999999999758e+00 2.452291200000000160e+01 1.708218856237317673e-01
4.617179000000000144e+00 2.483727800000000485e+01 1.731992762929940866e-01
4.621921999999999642e+00 2.448593999999999937e+01 1.732762972680011448e-01
4.626665000000000028e+00 2.446952900000000142e+01 1.745525267914618261e-01
4.631408000000000413e+00 2.438479799999999642e+01 1.756088061733482586e-01
4.636150999999999911e+00 2.448106200000000143e+01 1.773479517794180893e-01
4.640894000000000297e+00 2.441577200000000047e+01 1.785352613489615270e-01
4.645635999999999655e+00 2.466996500000000125e+01 1.809217539259215246e-01
4.650379000000000040e+00 2.443499300000000218e+01 1.815480862510596705e-01
4.655122000000000426e+00 2.455337899999999962e+01 1.835174231324625538e-01
4.659864999999999924e+00 2.443906099999999881e+01 1.846515461251638235e-01
4.664608000000000310e+00 2.456313100000000205e+01 1.867258895570531041e-01
4.669350999999999807e+00 2.437117200000000139e+01 1.876329991103614370e-01
4.674094000000000193e+00 2.463078199999999995e+01 1.903211101717796894e-01
4.678836000000000439e+00 2.457915099999999597e+01 1.918523847729532439e-01
4.683578999999999937e+00 2.430455500000000058e+01 1.925442540327111374e-01
4.688322000000000322e+00 2.419381799999999672e+01 1.939145757285815619e-01
4.693064999999999820e+00 2.446179300000000012e+01 1.968576099284739256e-01
4.697808000000000206e+00 2.479995100000000008e+01 2.001476924476260355e-01
4.702550999999999704e+00 2.439517999999999631e+01 2.004854857284548986e-01
4.707294000000000089e+00 2.470829499999999967e+01 2.038149445252131486e-01
4.712036999999999587e+00 2.463835199999999759e+01 2.056300721090981443e-01
4.716778999999999833e+00 2.443346700000000027e+01 2.069315747468142841e-01
4.721522000000000219e+00 2.461973199999999551e+01 2.099515429165858538e-01
4.726264999999999716e+00 2.476964300000000208e+01 2.129028131554263903e-01
4.731008000000000102e+00 2.480327799999999883e+01 2.154361327894055989e-01
4.735750999999999600e+00 2.430209699999999629e+01 2.156940149237263626e-01
4.740493999999999986e+00 2.413812199999999564e+01 2.174808977124349507e-01
4.745237000000000371e+00 2.441049399999999991e+01 2.213199477222697331e-01
4.749978999999999729e+00 2.451263300000000100e+01 2.245016678377690922e-01
4.754722000000000115e+00 2.438570900000000208e+01 2.267298969564009725e-01
4.759464999999999613e+00 2.427191799999999944e+01 2.291079942079317644e-01
4.764207999999999998e+00 2.457175099999999901e+01 2.335538294885740329e-01
4.768951000000000384e+00 2.465393099999999649e+01 2.371037699016809996e-01
4.773693999999999882e+00 2.460799700000000101e+01 2.401733800393461848e-01
4.778437000000000268e+00 2.474699999999999633e+01 2.442852779501204219e-01
4.783178999999999625e+00 2.464846700000000368e+01 2.473703141205476630e-01
4.787922000000000011e+00 2.478149499999999961e+01 2.517789825853112839e-01
4.792665000000000397e+00 2.455355699999999430e+01 2.545105535867514535e-01
4.797407999999999895e+00 2.479738899999999902e+01 2.598677334759036395e-01
4.802151000000000280e+00 2.438607400000000069e+01 2.619616653554702745e-01
4.806893999999999778e+00 2.461667700000000281e+01 2.676914512267464796e-01
4.811637000000000164e+00 2.474228700000000103e+01 2.731096603682456880e-01
4.816379999999999661e+00 2.471254100000000520e+01 2.779338380270394149e-01
4.821121999999999908e+00 2.495456200000000280e+01 2.845825916392316635e-01
4.825865000000000293e+00 2.463007200000000196e+01 2.882911668332100996e-01
4.830607999999999791e+00 2.452582299999999904e+01 2.935667520332500002e-01
4.835351000000000177e+00 2.453175299999999837e+01 2.998593092581075537e-01
4.840093999999999674e+00 2.493931799999999654e+01 3.090629212197532061e-01
4.844837000000000060e+00 2.499822599999999895e+01 3.166209338837492338e-01
4.849579999999999558e+00 2.496844499999999556e+01 3.241388092100537244e-01
4.854321999999999804e+00 2.441218099999999680e+01 3.287038278412042214e-01
4.859065000000000190e+00 2.426228300000000004e+01 3.365156301784658077e-01
4.863807999999999687e+00 2.468898300000000035e+01 3.491134800425500506e-01
4.868551000000000073e+00 2.486973700000000420e+01 3.609356862114218578e-01
4.873293999999999571e+00 2.434924600000000083e+01 3.685626865402546470e-01
4.878036999999999956e+00 2.460327300000000150e+01 3.831435760150364578e-01
4.882780000000000342e+00 2.455106900000000181e+01 3.967469806620965156e-01
4.887522999999999840e+00 2.445586800000000238e+01 4.116151483038251735e-01
4.892265000000000086e+00 2.503243000000000151e+01 4.342692612791515527e-01
4.897007999999999583e+00 2.510708599999999890e+01 4.552592707580483955e-01
4.901750999999999969e+00 2.530126599999999826e+01 4.805720233307179123e-01
4.906494000000000355e+00 2.523370600000000152e+01 5.075006006145115212e-01
4.911236999999999853e+00 2.555121399999999809e+01 5.438135025536879885e-01
4.915980000000000238e+00 2.527834600000000265e+01 5.811238698945088155e-01
4.920722999999999736e+00 2.566243499999999855e+01 6.366997608136663045e-01
4.925464999999999982e+00 2.567158300000000537e+01 7.041903680379617558e-01
4.930208000000000368e+00 2.555363200000000035e+01 7.967789605505281036e-01
4.934950999999999866e+00 2.607147099999999540e+01 9.525319076701841414e-01
4.939694000000000251e+00 2.559299299999999633e+01 1.218690741787923804e+00
4.944436999999999749e+00 7.837158699999998923e+00 1.168409452326721887e+00