# copyC
# Sample c= 0.0 mg/ml
#
# Number of frames collected: 10
# Exposure time per frame: 0.5
# No significant radiation damage detected, merging 10 files
# Merged from: /data/visitor/mx1905/bm29/20170412/Poker/1d/Sxl_10gs_163_00001.dat
# Merged from: /data/visitor/mx1905/bm29/20170412/Poker/1d/Sxl_10gs_163_00002.dat
# Merged from: /data/visitor/mx1905/bm29/20170412/Poker/1d/Sxl_10gs_163_00003.dat
# Merged from: /data/visitor/mx1905/bm29/20170412/Poker/1d/Sxl_10gs_163_00004.dat
# Merged from: /data/visitor/mx1905/bm29/20170412/Poker/1d/Sxl_10gs_163_00005.dat
# Merged from: /data/visitor/mx1905/bm29/20170412/Poker/1d/Sxl_10gs_163_00006.dat
# Merged from: /data/visitor/mx1905/bm29/20170412/Poker/1d/Sxl_10gs_163_00007.dat
# Merged from: /data/visitor/mx1905/bm29/20170412/Poker/1d/Sxl_10gs_163_00008.dat
# Merged from: /data/visitor/mx1905/bm29/20170412/Poker/1d/Sxl_10gs_163_00009.dat
# Merged from: /data/visitor/mx1905/bm29/20170412/Poker/1d/Sxl_10gs_163_00010.dat
#
# Sample Information:
# Storage Temperature (degrees C): 20.0
# Measurement Temperature (degrees C): 20.03
# Concentration: 0.0
# Code: 
3.082862000000000102e-02 6.171715299999999615e+02 8.325375873483311651e+00
3.557148999999999728e-02 1.179327499999999873e+03 4.745354584708607604e+00
4.031434999999999880e-02 1.149890100000000075e+03 3.086681113169708279e+00
4.505722000000000199e-02 8.998564199999998436e+02 1.941615239176554653e+00
4.980007999999999657e-02 6.123006100000000060e+02 1.434154779641768629e+00
5.454294999999999977e-02 4.384516300000001365e+02 1.141716319799130464e+00
5.928581000000000129e-02 3.184054199999999355e+02 9.249533765637973914e-01
6.402868000000000448e-02 2.486469299999999691e+02 7.793244293522307853e-01
6.877154000000000600e-02 1.995530200000000036e+02 6.706337878485022497e-01
7.351441000000000225e-02 1.624757099999999923e+02 5.831022543730558505e-01
7.825727999999999851e-02 1.350170899999999961e+02 5.116916136067992671e-01
8.300014000000000003e-02 1.142523199999999832e+02 4.556545872380305395e-01
8.774300999999999628e-02 9.861415600000000836e+01 4.107421229301543297e-01
9.248586999999999780e-02 8.654358499999999310e+01 3.739326992968119989e-01
9.722873999999999406e-02 7.732421700000000442e+01 3.431945689487524431e-01
1.019715999999999956e-01 6.911315299999999695e+01 3.162095509927763670e-01
1.067145000000000038e-01 6.420646399999999687e+01 2.974956674053587102e-01
1.114572999999999953e-01 5.849867299999999659e+01 2.775371488360233729e-01
1.162002000000000035e-01 5.417269000000001000e+01 2.612426747427877283e-01
1.209430999999999978e-01 5.133881600000000844e+01 2.489808910871067482e-01
1.256858999999999893e-01 4.846753700000000009e+01 2.370874153942555684e-01
1.304288000000000114e-01 4.624799199999999644e+01 2.271602352004133130e-01
1.351717000000000057e-01 4.409304600000000107e+01 2.176529238360004614e-01
1.399144999999999972e-01 4.238172500000000298e+01 2.095165885519752746e-01
1.446573999999999915e-01 4.064109900000000408e+01 2.016061914911198849e-01
1.494003000000000136e-01 3.915131900000000087e+01 1.945684122008015104e-01
1.541431000000000051e-01 3.814399699999999882e+01 1.892385335325522389e-01
1.588859999999999995e-01 3.709744000000000597e+01 1.836717137629863827e-01
1.636287999999999909e-01 3.634115299999999849e+01 1.790223865649399893e-01
1.683717000000000130e-01 3.528081699999999188e+01 1.737944347013099800e-01
1.731146000000000074e-01 3.441027400000000114e+01 1.691758996547064187e-01
1.778573999999999988e-01 3.375101599999999991e+01 1.651945940051105510e-01
1.826002999999999932e-01 3.352875699999999881e+01 1.624147667683447094e-01
1.873431999999999875e-01 3.249103799999999609e+01 1.577748849957353316e-01
1.920860000000000067e-01 3.210920600000000036e+01 1.548210157616642657e-01
1.968289000000000011e-01 3.172845900000000441e+01 1.519545829146353999e-01
2.015717999999999954e-01 3.114155400000000284e+01 1.486996225904992086e-01
2.063145999999999869e-01 3.096893099999999777e+01 1.465091559773753493e-01
2.110575000000000090e-01 3.052087199999999712e+01 1.435947453737615176e-01
2.158004000000000033e-01 3.010104300000000421e+01 1.409687537281248126e-01
2.205431999999999948e-01 3.004177499999999412e+01 1.392700573126481323e-01
2.252860999999999891e-01 2.982691799999999915e+01 1.372726495624011778e-01
2.300290000000000112e-01 2.954230700000000454e+01 1.351664971160745909e-01
2.347718000000000027e-01 2.940567800000000176e+01 1.334432854880739094e-01
2.395146999999999970e-01 2.916562499999999503e+01 1.315378774985064836e-01
2.442575999999999914e-01 2.888853699999999591e+01 1.295969275177922264e-01
2.490004000000000106e-01 2.871294800000000080e+01 1.279262518263522830e-01
2.537433000000000050e-01 2.871625200000000433e+01 1.266878035843529982e-01
2.584861999999999993e-01 2.843306999999999718e+01 1.248717977801653001e-01
2.632289999999999908e-01 2.835595699999999653e+01 1.235552442028953479e-01
2.679718999999999851e-01 2.811719499999999883e+01 1.219197671238314989e-01
2.727146999999999766e-01 2.781835300000000188e+01 1.201844664081602454e-01
2.774576000000000264e-01 2.788935599999999937e+01 1.193143059184044452e-01
2.822005000000000208e-01 2.780750899999999959e+01 1.181691147838651590e-01
2.869433000000000122e-01 2.750551300000000055e+01 1.165267682721978504e-01
2.916862000000000066e-01 2.759659199999999757e+01 1.157375626523593215e-01
2.964291000000000009e-01 2.749818300000000093e+01 1.145798619421846826e-01
3.011718999999999924e-01 2.747668099999999569e+01 1.136092265937709705e-01
3.059147999999999867e-01 2.748625399999999530e+01 1.127252072343697398e-01
3.106576999999999811e-01 2.716917600000000377e+01 1.111896771999428823e-01
3.154004999999999725e-01 2.715046700000000257e+01 1.102952625146959714e-01
3.201434000000000224e-01 2.700853799999999794e+01 1.091766339880718278e-01
3.248863000000000167e-01 2.693592100000000045e+01 1.082150141190361819e-01
3.296291000000000082e-01 2.701715699999999742e+01 1.075739502296364503e-01
3.343720000000000026e-01 2.706857800000000225e+01 1.068936943706657594e-01
3.391148999999999969e-01 2.708462700000000112e+01 1.072787688027333070e-01
3.438576999999999884e-01 2.701907100000000383e+01 1.085335718248805204e-01
3.486005999999999827e-01 2.692039000000000470e+01 1.110929325193227568e-01
3.533434999999999770e-01 2.690480700000000525e+01 1.130980572617876490e-01
3.580863000000000240e-01 2.668924200000000013e+01 1.140443974254702064e-01
3.628292000000000184e-01 2.680866400000000027e+01 1.154265130724895505e-01
3.675720000000000098e-01 2.658318499999999673e+01 1.158861233360966442e-01
3.723149000000000042e-01 2.665796399999999977e+01 1.169031262522046699e-01
3.770577999999999985e-01 2.658164099999999763e+01 1.175168617451925329e-01
3.818005999999999900e-01 2.651964399999999955e+01 1.180059817397105526e-01
3.865434999999999843e-01 2.651670599999999922e+01 1.185816317054294161e-01
3.912863999999999787e-01 2.637253599999999665e+01 1.187330185143231354e-01
3.960292000000000256e-01 2.658788399999999541e+01 1.197066548425278765e-01
4.007721000000000200e-01 2.666256500000000074e+01 1.203870783297908559e-01
4.055150000000000143e-01 2.652085900000000152e+01 1.242049318566923882e-01
4.102578000000000058e-01 2.649324800000000124e+01 1.273774712598884085e-01
4.150007000000000001e-01 2.644129300000000171e+01 1.300389740100566793e-01
4.197435999999999945e-01 2.652290499999999795e+01 1.322454169783195133e-01
4.244863999999999860e-01 2.644069700000000012e+01 1.341783673108623565e-01
4.292292999999999803e-01 2.644327100000000286e+01 1.362347831951330190e-01
4.339721999999999746e-01 2.623972900000000053e+01 1.377873534421359680e-01
4.387150000000000216e-01 2.647122399999999587e+01 1.404128340923571083e-01
4.434579000000000160e-01 2.641892299999999949e+01 1.423348142838623820e-01
4.482008000000000103e-01 2.645719399999999766e+01 1.448428868380660373e-01
4.529436000000000018e-01 2.660883199999999604e+01 1.476247350890510512e-01
4.576864999999999961e-01 2.643131800000000453e+01 1.486680124744176601e-01
4.624293999999999905e-01 2.629167800000000099e+01 1.495100149086431851e-01
4.671721999999999819e-01 2.623657399999999740e+01 1.486153642306810574e-01
4.719150999999999763e-01 2.651036500000000018e+01 1.435088970741204561e-01
4.766579000000000232e-01 2.652754499999999638e+01 1.408525378263845718e-01
4.814008000000000176e-01 2.639395399999999725e+01 1.387126632579870067e-01
4.861437000000000119e-01 2.619280499999999989e+01 1.368228877394458420e-01
4.908865000000000034e-01 2.620817900000000122e+01 1.357471962138942223e-01
4.956293999999999977e-01 2.636482399999999870e+01 1.351940663217469085e-01
5.003722999999999921e-01 2.622155599999999964e+01 1.339783714595639552e-01
5.051151000000000391e-01 2.618848100000000301e+01 1.331340567263245567e-01
5.098580000000000334e-01 2.620671300000000059e+01 1.324880891358875823e-01
5.146009000000000277e-01 2.620195000000000007e+01 1.318364013367317455e-01
5.193436999999999637e-01 2.606776399999999327e+01 1.308967625356051434e-01
5.240865999999999580e-01 2.618289799999999445e+01 1.306204485519981418e-01
5.288294999999999524e-01 2.626018099999999933e+01 1.302775087205366444e-01
5.335722999999999994e-01 2.629735699999999810e+01 1.296031543050700507e-01
5.383151999999999937e-01 2.598012800000000055e+01 1.278895393364684052e-01
5.430580999999999881e-01 2.596589499999999973e+01 1.269638599501499709e-01
5.478009000000000350e-01 2.595060999999999396e+01 1.260705177104000652e-01
5.525438000000000294e-01 2.611202399999999813e+01 1.256339544796035435e-01
5.572867000000000237e-01 2.596813300000000169e+01 1.244841024640351429e-01
5.620294999999999597e-01 2.607445900000000094e+01 1.239608650327626710e-01
5.667723999999999540e-01 2.609553299999999965e+01 1.232573148959707765e-01
5.715152000000000010e-01 2.606567999999999685e+01 1.224555537932032478e-01
5.762580999999999953e-01 2.610734599999999972e+01 1.218374101402803777e-01
5.810009999999999897e-01 2.622309100000000015e+01 1.214422533677500526e-01
5.857438000000000367e-01 2.597042799999999829e+01 1.204944702735220863e-01
5.904867000000000310e-01 2.597409400000000090e+01 1.202132746847131700e-01
5.952296000000000253e-01 2.608320099999999542e+01 1.201748028969055471e-01
5.999723999999999613e-01 2.604182400000000186e+01 1.199190864644256588e-01
6.047152999999999556e-01 2.584121900000000238e+01 1.191542835141544410e-01
6.094581999999999500e-01 2.609034600000000026e+01 1.193432995625422627e-01
6.142009999999999970e-01 2.611289300000000324e+01 1.192269702019140426e-01
6.189438999999999913e-01 2.588414400000000271e+01 1.183181204081559940e-01
6.236867999999999856e-01 2.599780099999999905e+01 1.183040017549757267e-01
6.284296000000000326e-01 2.603145999999999916e+01 1.181112495741239721e-01
6.331725000000000270e-01 2.590481399999999823e+01 1.175541486383789858e-01
6.379154000000000213e-01 2.585791900000000254e+01 1.171812749896548045e-01
6.426581999999999573e-01 2.584955199999999920e+01 1.168995131649127189e-01
6.474010999999999516e-01 2.594067199999999929e+01 1.168447740401255680e-01
6.521439999999999459e-01 2.593628300000000309e+01 1.165732456164222108e-01
6.568867999999999929e-01 2.596166699999999850e+01 1.163712714473013887e-01
6.616296999999999873e-01 2.607465599999999739e+01 1.163679826434320386e-01
6.663725999999999816e-01 2.596449900000000000e+01 1.158684786848878101e-01
6.711154000000000286e-01 2.583050600000000330e+01 1.153155538427214910e-01
6.758583000000000229e-01 2.574944199999999839e+01 1.148835448924788311e-01
6.806010999999999589e-01 2.576086500000000257e+01 1.146609660581681955e-01
6.853439999999999532e-01 2.574733499999999964e+01 1.143855588520583388e-01
6.900868999999999476e-01 2.592287999999999926e+01 1.145277388179985756e-01
6.948296999999999946e-01 2.600174299999999761e+01 1.144562410146537229e-01
6.995725999999999889e-01 2.584681899999999999e+01 1.138727942275665067e-01
7.043154999999999832e-01 2.586325000000000074e+01 1.136693141007730362e-01
7.090583000000000302e-01 2.586925000000000097e+01 1.134421135871484798e-01
7.138012000000000246e-01 2.584358999999999895e+01 1.131469513863139903e-01
7.185441000000000189e-01 2.580936799999999920e+01 1.128364168055747963e-01
7.232868999999999549e-01 2.585148200000000429e+01 1.126947698809980247e-01
7.280297999999999492e-01 2.570555599999999430e+01 1.121427542463011851e-01
7.327727000000000546e-01 2.568068500000000043e+01 1.118561519680357080e-01
7.375154999999999905e-01 2.608051899999999890e+01 1.124925005453123739e-01
7.422583999999999849e-01 2.584840100000000263e+01 1.117626692774501551e-01
7.470012999999999792e-01 2.578408700000000664e+01 1.113954277093875955e-01
7.517441000000000262e-01 2.587793399999999266e+01 1.113702949425164207e-01
7.564870000000000205e-01 2.576621300000000048e+01 1.109054912016659566e-01
7.612299000000000149e-01 2.594853400000000221e+01 1.110739808080591917e-01
7.659726999999999508e-01 2.577756400000000170e+01 1.104848529573669580e-01
7.707155999999999452e-01 2.570858099999999880e+01 1.101152501611906559e-01
7.754585000000000505e-01 2.589232700000000165e+01 1.102890137081105476e-01
7.802012999999999865e-01 2.589548899999999776e+01 1.101865430624357212e-01
7.849441999999999808e-01 2.583078699999999728e+01 1.097929577717783323e-01
7.896870000000000278e-01 2.579163600000000045e+01 1.094219580170328471e-01
7.944299000000000222e-01 2.589897999999999456e+01 1.094350604724436682e-01
7.991728000000000165e-01 2.579546000000000205e+01 1.090036786716352124e-01
8.039155999999999525e-01 2.568850800000000234e+01 1.085655643795061798e-01
8.086584999999999468e-01 2.582005600000000101e+01 1.086308922466569793e-01
8.134014000000000522e-01 2.575952399999999898e+01 1.082942436766571592e-01
8.181441999999999881e-01 2.568690500000000299e+01 1.080157320119398134e-01
8.228870999999999825e-01 2.575768599999999964e+01 1.078797007923965323e-01
8.276299999999999768e-01 2.594267200000000528e+01 1.080540377168007493e-01
8.323728000000000238e-01 2.559790699999999930e+01 1.071294760357372339e-01
8.371157000000000181e-01 2.575954699999999775e+01 1.072644070457213772e-01
8.418586000000000125e-01 2.579541099999999432e+01 1.071360337445226574e-01
8.466013999999999484e-01 2.576563500000000317e+01 1.068711465512113684e-01
8.513443000000000538e-01 2.577897399999999806e+01 1.066986153119200698e-01
8.560872000000000481e-01 2.564060299999999870e+01 1.062138193054576185e-01
8.608299999999999841e-01 2.571599400000000202e+01 1.061715924338082900e-01
8.655728999999999784e-01 2.570379100000000250e+01 1.059482418201085629e-01
8.703157999999999728e-01 2.578908299999999798e+01 1.059278154065649569e-01
8.750586000000000197e-01 2.568191700000000566e+01 1.055132522955562202e-01
8.798015000000000141e-01 2.560461600000000360e+01 1.051609563438536676e-01
8.845442999999999500e-01 2.569581000000000159e+01 1.051541965617901475e-01
8.892872000000000554e-01 2.560276799999999753e+01 1.047721178564583466e-01
8.940301000000000498e-01 2.576264299999999707e+01 1.049085789718648271e-01
8.987728999999999857e-01 2.578859699999999933e+01 1.047713620948324820e-01
9.035157999999999801e-01 2.551928600000000102e+01 1.040334934051058424e-01
9.082586999999999744e-01 2.566412700000000058e+01 1.041409552314904452e-01
9.130015000000000214e-01 2.561423599999999823e+01 1.038537845051305669e-01
9.177444000000000157e-01 2.562497400000000169e+01 1.036902052935358143e-01
9.224873000000000101e-01 2.553721700000000183e+01 1.033270911890163540e-01
9.272300999999999460e-01 2.566001699999999985e+01 1.033914970173011733e-01
9.319730000000000514e-01 2.570668200000000070e+01 1.033030663089281181e-01
9.367159000000000457e-01 2.552751599999999854e+01 1.027612935953712975e-01
9.414586999999999817e-01 2.564330299999999596e+01 1.028120404442213198e-01
9.462015999999999760e-01 2.556572500000000048e+01 1.024766730195574710e-01
9.509444999999999704e-01 2.557766399999999507e+01 1.023225186745249093e-01
9.556873000000000173e-01 2.574367700000000170e+01 1.024757290287505035e-01
9.604302000000000117e-01 2.571580400000000211e+01 1.022415896161640303e-01
9.651731000000000060e-01 2.569132799999999861e+01 1.020164768989264836e-01
9.699159000000000530e-01 2.556330799999999925e+01 1.015873879935619700e-01
9.746588000000000473e-01 2.566537000000000290e+01 1.016155806996825728e-01
9.794017000000000417e-01 2.561674499999999810e+01 1.013445054338556750e-01
9.841444999999999776e-01 2.566234700000000046e+01 1.012617511212708654e-01
9.888873999999999720e-01 2.573427500000000379e+01 1.012319300674090761e-01
9.936302000000000190e-01 2.578021600000000291e+01 1.011510208582528242e-01
9.983731000000000133e-01 2.569059799999999427e+01 1.008034943742899259e-01
1.003115999999999897e+00 2.564139199999999619e+01 1.005374334845499096e-01
1.007859000000000060e+00 2.566901499999999459e+01 1.004234235005130593e-01
1.012602000000000002e+00 2.573586799999999997e+01 1.003863504632014070e-01
1.017344999999999944e+00 2.553763599999999911e+01 9.983112843649019630e-02
1.022086999999999968e+00 2.563392099999999729e+01 9.985303705925573092e-02
1.026829999999999909e+00 2.547557799999999872e+01 9.937998614048555723e-02
1.031573000000000073e+00 2.552174600000000027e+01 9.930607010864542228e-02
1.036316000000000015e+00 2.558820800000000162e+01 9.927065418532003693e-02
1.041058999999999957e+00 2.553740799999999922e+01 9.900938795622514499e-02
1.045801999999999898e+00 2.562811500000000109e+01 9.902339479702812475e-02
1.050545000000000062e+00 2.556105099999999908e+01 9.873290523551557507e-02
1.055287000000000086e+00 2.545238900000000015e+01 9.836154826508476667e-02
1.060030000000000028e+00 2.552359499999999670e+01 9.833966669808476280e-02
1.064772999999999969e+00 2.549462000000000472e+01 9.812560086639979251e-02
1.069515999999999911e+00 2.541378800000000027e+01 9.781262422778616572e-02
1.074259000000000075e+00 2.549352699999999317e+01 9.780773152455228547e-02
1.079002000000000017e+00 2.558008500000000041e+01 9.781687306322359166e-02
1.083744999999999958e+00 2.540617999999999910e+01 9.734979601276574912e-02
1.088487999999999900e+00 2.535381399999999985e+01 9.711659989673752935e-02
1.093229999999999924e+00 2.539212299999999800e+01 9.699264550844152732e-02
1.097973000000000088e+00 2.551237499999999869e+01 9.706832801003065225e-02
1.102716000000000030e+00 2.559451699999999974e+01 9.707184659310288954e-02
1.107458999999999971e+00 2.553954599999999786e+01 9.681558600019006533e-02
1.112201999999999913e+00 2.558087900000000303e+01 9.674115143159708885e-02
1.116945000000000077e+00 2.554220499999999916e+01 9.651719515390819182e-02
1.121688000000000018e+00 2.550439000000000078e+01 9.629596979533826262e-02
1.126430000000000042e+00 2.538273400000000279e+01 9.591736481304205530e-02
1.131172999999999984e+00 2.548740799999999851e+01 9.596532774501008445e-02
1.135915999999999926e+00 2.547555600000000098e+01 9.579497829215213867e-02
1.140659000000000090e+00 2.535643999999999920e+01 9.542421249921897997e-02
1.145402000000000031e+00 2.561100600000000327e+01 9.575529609284699761e-02
1.150144999999999973e+00 2.544531500000000079e+01 9.529827403242673023e-02
1.154887999999999915e+00 2.550323500000000010e+01 9.526114196440277349e-02
1.159631000000000078e+00 2.536411299999999613e+01 9.485700150133884179e-02
1.164373000000000102e+00 2.550337499999999835e+01 9.497362412588665481e-02
1.169116000000000044e+00 2.546008300000000091e+01 9.481978242727780171e-02
1.173858999999999986e+00 2.535122400000000198e+01 9.444872253214968427e-02
1.178601999999999927e+00 2.534006899999999973e+01 9.424089465521962028e-02
1.183345000000000091e+00 2.527652000000000143e+01 9.398219220928824558e-02
1.188088000000000033e+00 2.536817299999999875e+01 9.401104749660647852e-02
1.192830999999999975e+00 2.538307100000000460e+01 9.389841019098993380e-02
1.197572999999999999e+00 2.544691999999999865e+01 9.387721307738475240e-02
1.202315999999999940e+00 2.559716299999999833e+01 9.401507499090716591e-02
1.207059000000000104e+00 2.570523899999999884e+01 9.437854067217399390e-02
1.211802000000000046e+00 2.554501700000000142e+01 9.716471723799642579e-02
1.216544999999999987e+00 2.544777099999999592e+01 9.899822049671450075e-02
1.221287999999999929e+00 2.538039099999999948e+01 1.003533550267583230e-01
1.226031000000000093e+00 2.541975800000000163e+01 1.016886455729719002e-01
1.230774000000000035e+00 2.550701399999999808e+01 1.029859899924776140e-01
1.235516000000000059e+00 2.540334999999999610e+01 1.038047095020062233e-01
1.240259000000000000e+00 2.544718100000000049e+01 1.048559043842834659e-01
1.245001999999999942e+00 2.543929100000000076e+01 1.057478677528634614e-01
1.249745000000000106e+00 2.558312099999999845e+01 1.069162275907156179e-01
1.254488000000000048e+00 2.549673100000000048e+01 1.075703431558140827e-01
1.259230999999999989e+00 2.540650799999999876e+01 1.079268531301200290e-01
1.263973999999999931e+00 2.530960999999999927e+01 1.079977047396272205e-01
1.268715999999999955e+00 2.526836299999999724e+01 1.081714041214280470e-01
1.273458999999999897e+00 2.549411600000000178e+01 1.068731232046326862e-01
1.278202000000000060e+00 2.578278199999999742e+01 1.035043916269845904e-01
1.282945000000000002e+00 2.560707800000000134e+01 1.011835953108180391e-01
1.287687999999999944e+00 2.534545000000000670e+01 9.924772081176674865e-02
1.292431000000000108e+00 2.549146299999999954e+01 9.838356338144396696e-02
1.297174000000000049e+00 2.546790600000000282e+01 9.735885062651981892e-02
1.301916000000000073e+00 2.558048699999999798e+01 9.670910553311307112e-02
1.306659000000000015e+00 2.554509999999999792e+01 9.586581098847023197e-02
1.311401999999999957e+00 2.540010799999999946e+01 9.488763786032668179e-02
1.316144999999999898e+00 2.534908200000000278e+01 9.414144782052058513e-02
1.320888000000000062e+00 2.536817699999999576e+01 9.370792414919562607e-02
1.325631000000000004e+00 2.557128099999999904e+01 9.384006974604931772e-02
1.330373999999999945e+00 2.559679799999999972e+01 9.365787376772387318e-02
1.335117000000000109e+00 2.549969899999999967e+01 9.326154017602271418e-02
1.339858999999999911e+00 2.555479399999999757e+01 9.315037855170529846e-02
1.344602000000000075e+00 2.542126599999999925e+01 9.270307139359459936e-02
1.349345000000000017e+00 2.527923100000000289e+01 9.224769012450827199e-02
1.354087999999999958e+00 2.544047699999999779e+01 9.235047695907369625e-02
1.358830999999999900e+00 2.549561200000000127e+01 9.226344508873976502e-02
1.363574000000000064e+00 2.539081900000000047e+01 9.189181932743414882e-02
1.368317000000000005e+00 2.554994500000000102e+01 9.200153932945905055e-02
1.373059000000000029e+00 2.545142400000000293e+01 9.165083460324897902e-02
1.377801999999999971e+00 2.548766499999999979e+01 9.154496974417382360e-02
1.382544999999999913e+00 2.547335099999999741e+01 9.135159966010611421e-02
1.387288000000000077e+00 2.540806200000000104e+01 9.107081652555554241e-02
1.392031000000000018e+00 2.548134100000000046e+01 9.104082561476253832e-02
1.396773999999999960e+00 2.541877300000000162e+01 9.076961094746907599e-02
1.401516999999999902e+00 2.529655299999999940e+01 9.039470742271696335e-02
1.406260000000000066e+00 2.551731299999999436e+01 9.063404877030707685e-02
1.411002000000000089e+00 2.539962799999999987e+01 9.027319612450032671e-02
1.415745000000000031e+00 2.536314699999999789e+01 9.005766616585342277e-02
1.420487999999999973e+00 2.525581700000000041e+01 8.971893394540139677e-02
1.425230999999999915e+00 2.538344500000000181e+01 8.979898540002165253e-02
1.429974000000000078e+00 2.528306300000000562e+01 8.947717283594179560e-02
1.434717000000000020e+00 2.542093599999999753e+01 8.957704955039599848e-02
1.439459999999999962e+00 2.536003099999999932e+01 8.932781932249941881e-02
1.444201999999999986e+00 2.533132499999999965e+01 8.913722068817436783e-02
1.448944999999999927e+00 2.535034699999999930e+01 8.903227477427103076e-02
1.453688000000000091e+00 2.550590700000000055e+01 8.916688349947697600e-02
1.458431000000000033e+00 2.547588999999999970e+01 8.897754507614322184e-02
1.463173999999999975e+00 2.546800999999999959e+01 8.885212010408867489e-02
1.467916999999999916e+00 2.535852200000000067e+01 8.852922072921684538e-02
1.472660000000000080e+00 2.535355100000000306e+01 8.836256857011344501e-02
1.477402000000000104e+00 2.547378799999999899e+01 8.843964034707230137e-02
1.482145000000000046e+00 2.533675199999999705e+01 8.807114097592866342e-02
1.486887999999999987e+00 2.541170600000000235e+01 8.807216791986274829e-02
1.491630999999999929e+00 2.536413000000000295e+01 8.786081425925496013e-02
1.496374000000000093e+00 2.543122799999999728e+01 8.784869648240320461e-02
1.501117000000000035e+00 2.552541099999999830e+01 8.792878631967518399e-02
1.505859999999999976e+00 2.536578700000000097e+01 8.922113954278773629e-02
1.510602999999999918e+00 2.523155000000000214e+01 9.148770727577067163e-02
1.515344999999999942e+00 2.549469199999999702e+01 9.348741204602147026e-02
1.520088000000000106e+00 2.544534000000000162e+01 9.462746755948665822e-02
1.524831000000000047e+00 2.538986500000000035e+01 9.559690670764300902e-02
1.529573999999999989e+00 2.538705800000000323e+01 9.634408997941337760e-02
1.534316999999999931e+00 2.555683499999999952e+01 9.397867082987235166e-02
1.539060000000000095e+00 2.558267900000000239e+01 9.256695407305676193e-02
1.543803000000000036e+00 2.533742499999999609e+01 9.115047255223913958e-02
1.548545000000000060e+00 2.535776800000000009e+01 9.023494775068249818e-02
1.553288000000000002e+00 2.535958499999999916e+01 8.943736977697129553e-02
1.558030999999999944e+00 2.524259299999999939e+01 8.847928474188633541e-02
1.562774000000000107e+00 2.529964700000000377e+01 8.769246113575498991e-02
1.567517000000000049e+00 2.530861200000000011e+01 8.690091403265388925e-02
1.572259999999999991e+00 2.527927100000000138e+01 8.634132828951149308e-02
1.577002999999999933e+00 2.539243400000000150e+01 8.619436334927649268e-02
1.581746000000000096e+00 2.532473599999999436e+01 8.591324737249372845e-02
1.586487999999999898e+00 2.538857399999999842e+01 8.604402877652173043e-02
1.591231000000000062e+00 2.536404999999999887e+01 8.611267728231483676e-02
1.595974000000000004e+00 2.531411899999999804e+01 8.613389878204341654e-02
1.600716999999999945e+00 2.531561800000000062e+01 8.621139456704896009e-02
1.605460000000000109e+00 2.530523099999999914e+01 8.608171162816699584e-02
1.610203000000000051e+00 2.542720399999999614e+01 8.614480212068630072e-02
1.614945999999999993e+00 2.542809600000000003e+01 8.600569508271588282e-02
1.619688000000000017e+00 2.523727199999999726e+01 8.554503455555033387e-02
1.624430999999999958e+00 2.524519900000000661e+01 8.542340741865253606e-02
1.629173999999999900e+00 2.539126399999999961e+01 8.553654293935721020e-02
1.633917000000000064e+00 2.527466899999999939e+01 8.520935125971033919e-02
1.638660000000000005e+00 2.528942799999999735e+01 8.510540949268148581e-02
1.643402999999999947e+00 2.525693500000000213e+01 8.492367681973972404e-02
1.648146000000000111e+00 2.520507799999999676e+01 8.471069626126030705e-02
1.652889000000000053e+00 2.517773499999999487e+01 8.454098410881139003e-02
1.657631000000000077e+00 2.541206500000000190e+01 8.481102135055325342e-02
1.662374000000000018e+00 2.537822999999999851e+01 8.463296415324469968e-02
1.667116999999999960e+00 2.532181600000000188e+01 8.441862964420235316e-02
1.671859999999999902e+00 2.526891399999999521e+01 8.421172598697464207e-02
1.676603000000000065e+00 2.543104900000000512e+01 8.436388470229247427e-02
1.681346000000000007e+00 2.535301499999999919e+01 8.411758131228631863e-02
1.686088999999999949e+00 2.534817299999999918e+01 8.399356990569041559e-02
1.690830999999999973e+00 2.529220799999999869e+01 8.378646881785924150e-02
1.695573999999999915e+00 2.527133800000000008e+01 8.363874964853432181e-02
1.700317000000000078e+00 2.529857299999999753e+01 8.357098479657697199e-02
1.705060000000000020e+00 2.525380800000000292e+01 8.338510334555147840e-02
1.709802999999999962e+00 2.522764500000000254e+01 8.323110314404885690e-02
1.714545999999999903e+00 2.520180899999999724e+01 8.307900385811568811e-02
1.719289000000000067e+00 2.530572099999999836e+01 8.314067017083996702e-02
1.724031000000000091e+00 2.528886400000000023e+01 8.300406312606871395e-02
1.728774000000000033e+00 2.518450899999999848e+01 8.272507824490285544e-02
1.733516999999999975e+00 2.534726400000000268e+01 8.288509488282257143e-02
1.738259999999999916e+00 2.512887500000000074e+01 8.242104624305009175e-02
1.743003000000000080e+00 2.514503500000000003e+01 8.234172009935304681e-02
1.747746000000000022e+00 2.519416000000000011e+01 8.231744766586668316e-02
1.752488999999999963e+00 2.528236099999999809e+01 8.235718042184847487e-02
1.757231999999999905e+00 2.524668899999999638e+01 8.219532432262736943e-02
1.761973999999999929e+00 2.508953100000000092e+01 8.183587994146149236e-02
1.766717000000000093e+00 2.513816899999999777e+01 8.181298541960499437e-02
1.771460000000000035e+00 2.528783199999999809e+01 8.195432582488980378e-02
1.776202999999999976e+00 2.520867499999999950e+01 8.176135614592018597e-02
1.780945999999999918e+00 2.520406899999999695e+01 8.165539607249419629e-02
1.785689000000000082e+00 2.534652600000000078e+01 8.174607034077478740e-02
1.790432000000000023e+00 2.525632099999999980e+01 8.150094054382808761e-02
1.795174000000000047e+00 2.512363399999999558e+01 8.118746152686817652e-02
1.799916999999999989e+00 2.523321999999999932e+01 8.126516521729774956e-02
1.804659999999999931e+00 2.530291899999999927e+01 8.127930232147172196e-02
1.809403000000000095e+00 2.517054099999999650e+01 8.096891389957815155e-02
1.814146000000000036e+00 2.514396499999999790e+01 8.082914413888779570e-02
1.818888999999999978e+00 2.515775400000000062e+01 8.075433116370291098e-02
1.823631999999999920e+00 2.522815000000000296e+01 8.077099033620735447e-02
1.828375000000000083e+00 2.521171499999999810e+01 8.064901365959227519e-02
1.833117000000000107e+00 2.523942799999999664e+01 8.059797903270093933e-02
1.837860000000000049e+00 2.510921899999999951e+01 8.029480316823747743e-02
1.842602999999999991e+00 2.522262000000000270e+01 8.038148513050938360e-02
1.847345999999999933e+00 2.514021699999999981e+01 8.015643857707563380e-02
1.852089000000000096e+00 2.510622900000000257e+01 8.007470556553861196e-02
1.856832000000000038e+00 2.509018799999999771e+01 7.989574483273872985e-02
1.861574999999999980e+00 2.508875399999999800e+01 7.979523225007620346e-02
1.866317000000000004e+00 2.512891599999999670e+01 7.976701027785609854e-02
1.871059999999999945e+00 2.512568899999999772e+01 7.967018289499340489e-02
1.875803000000000109e+00 2.517979099999999804e+01 7.966398589295103916e-02
1.880546000000000051e+00 2.514294699999999949e+01 7.951467117770216753e-02
1.885288999999999993e+00 2.514204100000000253e+01 7.942281565227023166e-02
1.890031999999999934e+00 2.512272699999999759e+01 7.930199378559658896e-02
1.894775000000000098e+00 2.506637699999999924e+01 7.912280000389773638e-02
1.899516999999999900e+00 2.499074700000000249e+01 7.891438135515414787e-02
1.904260000000000064e+00 2.519704100000000224e+01 7.915012537670297610e-02
1.909003000000000005e+00 2.505636400000000208e+01 7.884041135806560407e-02
1.913745999999999947e+00 2.504795500000000175e+01 7.873837424111637673e-02
1.918489000000000111e+00 2.518454499999999641e+01 7.886481422536668895e-02
1.923232000000000053e+00 2.506222299999999592e+01 7.858573958381570579e-02
1.927974999999999994e+00 2.530498900000000262e+01 7.887541910769665932e-02
1.932717999999999936e+00 2.505727399999999960e+01 7.833969378440791553e-02
1.937459999999999960e+00 2.501697100000000162e+01 7.809405111163141011e-02
1.942202999999999902e+00 2.506252900000000139e+01 7.795203134330176697e-02
1.946946000000000065e+00 2.489724400000000415e+01 7.750576524061549011e-02
1.951689000000000007e+00 2.521007099999999923e+01 7.783750234456010553e-02
1.956431999999999949e+00 2.505648500000000212e+01 7.751622244569132680e-02
1.961174999999999891e+00 2.514030800000000099e+01 7.756406878710722652e-02
1.965918000000000054e+00 2.515580500000000086e+01 7.750757398281989119e-02
1.970660000000000078e+00 2.510931699999999722e+01 7.739939488243820220e-02
1.975403000000000020e+00 2.497501400000000160e+01 7.717132581617282272e-02
1.980145999999999962e+00 2.507696299999999923e+01 7.734999293017615074e-02
1.984888999999999903e+00 2.505221199999999726e+01 7.733232784796664760e-02
1.989632000000000067e+00 2.502470399999999984e+01 7.731024383662102317e-02
1.994375000000000009e+00 2.513210400000000178e+01 7.744755787501114708e-02
1.999117999999999951e+00 2.504368300000000147e+01 7.720007083148629212e-02
2.003861000000000114e+00 2.504556400000000238e+01 7.712098088519427075e-02
2.008602999999999916e+00 2.503666499999999928e+01 7.702492053224657687e-02
2.013345999999999858e+00 2.531052199999999885e+01 7.804994484775630570e-02
2.018088999999999800e+00 2.526970600000000289e+01 8.026282501096382305e-02
2.022832000000000185e+00 2.513024199999999908e+01 8.136566659802033086e-02
2.027575000000000127e+00 2.510048300000000054e+01 8.234584663173061259e-02
2.032318000000000069e+00 2.507519500000000079e+01 8.318685241642395645e-02
2.037061000000000011e+00 2.505997500000000144e+01 8.395317561608196810e-02
2.041802999999999813e+00 2.506009099999999634e+01 8.466495158653432329e-02
2.046546000000000198e+00 2.489521100000000331e+01 8.477173752673235196e-02
2.051289000000000140e+00 2.507254699999999659e+01 8.533449061787268253e-02
2.056032000000000082e+00 2.500405599999999851e+01 8.545935536550752776e-02
2.060775000000000023e+00 2.486859899999999968e+01 8.545287127010887940e-02
2.065517999999999965e+00 2.485203599999999824e+01 8.563539373315917635e-02
2.070260999999999907e+00 2.484954599999999658e+01 8.583087364019545418e-02
2.075003000000000153e+00 2.492913800000000180e+01 8.615812148022959638e-02
2.079746000000000095e+00 2.519972700000000287e+01 8.454274023717116282e-02
2.084489000000000036e+00 2.521822099999999978e+01 8.242529808870635577e-02
2.089231999999999978e+00 2.511836900000000128e+01 8.108551023502348631e-02
2.093974999999999920e+00 2.507167100000000204e+01 8.012210114178233700e-02
2.098717999999999861e+00 2.504465800000000186e+01 7.934766021797430569e-02
2.103460999999999803e+00 2.492329900000000009e+01 7.852642889103451929e-02
2.108204000000000189e+00 2.507852600000000010e+01 7.833287831620130981e-02
2.112945999999999991e+00 2.500682499999999919e+01 7.801287736543051354e-02
2.117688999999999933e+00 2.493168599999999913e+01 7.770705372459760230e-02
2.122431999999999874e+00 2.495903899999999709e+01 7.757358408629190516e-02
2.127174999999999816e+00 2.496896999999999878e+01 7.742456155797913797e-02
2.131918000000000202e+00 2.495524400000000043e+01 7.724777644658842313e-02
2.136661000000000143e+00 2.498628599999999977e+01 7.714774770724093511e-02
2.141404000000000085e+00 2.489702699999999780e+01 7.686801510555414663e-02
2.146145999999999887e+00 2.490370900000000276e+01 7.674253162451510901e-02
2.150888999999999829e+00 2.489772200000000169e+01 7.660226718666099388e-02
2.155632000000000215e+00 2.500853299999999990e+01 7.664611302516650959e-02
2.160375000000000156e+00 2.500441700000000012e+01 7.651645412931522283e-02
2.165118000000000098e+00 2.492255999999999716e+01 7.627178438920648174e-02
2.169861000000000040e+00 2.499829000000000079e+01 7.627133405915488551e-02
2.174603999999999981e+00 2.495967100000000016e+01 7.609898801051692696e-02
2.179346999999999923e+00 2.496853999999999729e+01 7.600111563162280370e-02
2.184089000000000169e+00 2.500314599999999743e+01 7.594510276145854943e-02
2.188832000000000111e+00 2.494948000000000121e+01 7.575723337356637943e-02
2.193575000000000053e+00 2.491943500000000000e+01 7.560707723319226581e-02
2.198317999999999994e+00 2.501901800000000264e+01 7.565501695652376846e-02
2.203060999999999936e+00 2.484332699999999861e+01 7.528794242643373213e-02
2.207803999999999878e+00 2.486699600000000032e+01 7.522495463218373257e-02
2.212546999999999819e+00 2.487522799999999989e+01 7.513978105402091545e-02
2.217289000000000065e+00 2.496796199999999644e+01 7.518274107082754953e-02
2.222032000000000007e+00 2.486568100000000214e+01 7.493340962443788278e-02
2.226774999999999949e+00 2.500999900000000054e+01 7.505644806941973168e-02
2.231517999999999891e+00 2.490234000000000236e+01 7.480207232575913912e-02
2.236260999999999832e+00 2.494562899999999672e+01 7.477487449000969066e-02
2.241004000000000218e+00 2.481532099999999730e+01 7.448885794384149661e-02
2.245747000000000160e+00 2.474769999999999825e+01 7.429796152560647071e-02
2.250490000000000101e+00 2.496496099999999885e+01 7.453461305312385210e-02
2.255231999999999903e+00 2.491254099999999738e+01 7.436812858486960276e-02
2.259974999999999845e+00 2.494065400000000210e+01 7.432286471722412968e-02
2.264717999999999787e+00 2.494844300000000104e+01 7.424841338408047497e-02
2.269461000000000173e+00 2.486525899999999822e+01 7.403911472732571664e-02
2.274204000000000114e+00 2.489408600000000149e+01 7.399691246329875849e-02
2.278947000000000056e+00 2.486641300000000143e+01 7.387183305020120216e-02
2.283689999999999998e+00 2.484831799999999902e+01 7.376168409444093521e-02
2.288431999999999800e+00 2.490071600000000274e+01 7.375695754510486202e-02
2.293175000000000185e+00 2.487943100000000030e+01 7.364312878249741623e-02
2.297918000000000127e+00 2.494730099999999950e+01 7.366202109968880696e-02
2.302661000000000069e+00 2.489760899999999921e+01 7.350775370349987847e-02
2.307404000000000011e+00 2.488802000000000447e+01 7.341352328465786115e-02
2.312146999999999952e+00 2.486348799999999670e+01 7.329744106995073061e-02
2.316889999999999894e+00 2.474944199999999839e+01 7.304990451465423473e-02
2.321632000000000140e+00 2.482813600000000420e+01 7.308767622900320948e-02
2.326375000000000082e+00 2.484230299999999758e+01 7.303069149293330009e-02
2.331118000000000023e+00 2.481365299999999863e+01 7.291066697957371279e-02
2.335860999999999965e+00 2.466960100000000367e+01 7.262189440193020373e-02
2.340603999999999907e+00 2.486478400000000732e+01 7.283174821722598891e-02
2.345346999999999849e+00 2.481245299999999787e+01 7.267918732794555192e-02
2.350089999999999790e+00 2.476909200000000055e+01 7.253990148952574324e-02
2.354833000000000176e+00 2.479114799999999974e+01 7.249667820675924357e-02
2.359574999999999978e+00 2.489618500000000267e+01 7.257533929914003479e-02
2.364317999999999920e+00 2.480617999999999768e+01 7.236957876204683227e-02
2.369060999999999861e+00 2.479776999999999987e+01 7.228306265072476089e-02
2.373803999999999803e+00 2.475531600000000054e+01 7.214766295292038278e-02
2.378547000000000189e+00 2.485342299999999938e+01 7.221699562401082129e-02
2.383290000000000131e+00 2.471996400000000094e+01 7.195020966634704807e-02
2.388033000000000072e+00 2.471701099999999940e+01 7.187332215741248920e-02
2.392774999999999874e+00 2.477490699999999890e+01 7.188519568644019531e-02
2.397517999999999816e+00 2.473617000000000488e+01 7.175736426231527076e-02
2.402261000000000202e+00 2.473164900000000088e+01 7.167981430503708729e-02
2.407004000000000143e+00 2.482567300000000188e+01 7.174432576888363500e-02
2.411747000000000085e+00 2.480898999999999788e+01 7.164937421178849131e-02
2.416490000000000027e+00 2.482889399999999824e+01 7.160773644506157609e-02
2.421232999999999969e+00 2.479577800000000209e+01 7.148990068058705405e-02
2.425975999999999910e+00 2.479828400000000244e+01 7.142332356049807540e-02
2.430718000000000156e+00 2.466719900000000010e+01 7.116485410187602112e-02
2.435461000000000098e+00 2.490728800000000120e+01 7.144131350401181080e-02
2.440204000000000040e+00 2.493458500000000555e+01 7.143644883638673726e-02
2.444946999999999981e+00 2.482218300000000255e+01 7.118126224037474303e-02
2.449689999999999923e+00 2.485113100000000230e+01 7.115404600644786859e-02
2.454432999999999865e+00 2.486370500000000305e+01 7.110402149689425133e-02
2.459175999999999807e+00 2.474869099999999733e+01 7.087173183454739678e-02
2.463918000000000053e+00 2.478935499999999337e+01 7.086206165848478455e-02
2.468660999999999994e+00 2.483005999999999602e+01 7.085310575702097324e-02
2.473403999999999936e+00 2.471888700000000227e+01 7.062725280034684583e-02
2.478146999999999878e+00 2.478438200000000080e+01 7.065422074869838476e-02
2.482889999999999819e+00 2.478091299999999819e+01 7.058271153288460387e-02
2.487633000000000205e+00 2.474069399999999774e+01 7.045921818007562509e-02
2.492376000000000147e+00 2.474698799999999821e+01 7.040227138526709838e-02
2.497117999999999949e+00 2.480063099999999920e+01 7.041287883954042148e-02
2.501860999999999891e+00 2.481612699999999805e+01 7.036923728043951998e-02
2.506603999999999832e+00 2.474286800000000142e+01 7.020011280083957028e-02
2.511347000000000218e+00 2.465369499999999903e+01 7.000718934836264173e-02
2.516090000000000160e+00 2.475109600000000043e+01 7.002674533450629901e-02
2.520833000000000101e+00 2.467636499999999700e+01 6.977765894673666758e-02
2.525576000000000043e+00 2.469838799999999779e+01 6.966674323404675739e-02
2.530318999999999985e+00 2.465874900000000380e+01 6.949698348103390544e-02
2.535060999999999787e+00 2.477610800000000069e+01 6.959843040944099779e-02
2.539804000000000173e+00 2.473424399999999679e+01 6.947660509571332299e-02
2.544547000000000114e+00 2.470035099999999773e+01 6.936699979959057294e-02
2.549290000000000056e+00 2.469535199999999620e+01 6.929771341727805622e-02
2.554032999999999998e+00 2.465526700000000204e+01 6.917984472964723575e-02
2.558775999999999939e+00 2.462233700000000169e+01 6.907179712180146203e-02
2.563518999999999881e+00 2.472326800000000091e+01 6.915416943807436989e-02
2.568261000000000127e+00 2.466084500000000190e+01 6.906098503995436455e-02
2.573004000000000069e+00 2.472712999999999894e+01 6.916965306248831769e-02
2.577747000000000011e+00 2.467898399999999981e+01 6.911762081251134060e-02
2.582489999999999952e+00 2.463187100000000385e+01 6.903272343874317096e-02
2.587232999999999894e+00 2.471065899999999971e+01 6.908194727867765506e-02
2.591975999999999836e+00 2.468388999999999811e+01 6.898339575115160216e-02
2.596719000000000221e+00 2.472121500000000083e+01 6.897434358002690891e-02
2.601462000000000163e+00 2.462564800000000176e+01 6.878021851013850496e-02
2.606203999999999965e+00 2.454789699999999897e+01 6.861140871470647329e-02
2.610946999999999907e+00 2.467371600000000242e+01 6.872661523248763116e-02
2.615689999999999849e+00 2.465044200000000174e+01 6.863395844824557446e-02
2.620432999999999790e+00 2.469580099999999945e+01 6.863700978156755950e-02
2.625176000000000176e+00 2.468076200000000142e+01 6.855647085818959707e-02
2.629919000000000118e+00 2.478293600000000652e+01 6.863853931047556034e-02
2.634662000000000059e+00 2.470171900000000065e+01 6.848110996564965580e-02
2.639403999999999861e+00 2.471878200000000092e+01 6.845746933417858060e-02
2.644146999999999803e+00 2.467119599999999835e+01 6.830975481637231728e-02
2.648890000000000189e+00 2.472592900000000071e+01 6.832272106434579551e-02
2.653633000000000131e+00 2.459170900000000159e+01 6.808869537956796503e-02
2.658376000000000072e+00 2.463736899999999963e+01 6.809485954315126766e-02
2.663119000000000014e+00 2.474608500000000078e+01 6.817471722986681582e-02
2.667861999999999956e+00 2.476320199999999971e+01 6.813979459069421929e-02
2.672604999999999897e+00 2.467175599999999491e+01 6.795578192410856033e-02
2.677347000000000143e+00 2.467876800000000159e+01 6.790766940663697793e-02
2.682090000000000085e+00 2.465827499999999617e+01 6.782181068696706283e-02
2.686833000000000027e+00 2.459778800000000132e+01 6.768129328202808492e-02
2.691575999999999969e+00 2.456790499999999966e+01 6.758271612811667106e-02
2.696318999999999910e+00 2.466906600000000083e+01 6.766463897289853868e-02
2.701061999999999852e+00 2.457627600000000001e+01 6.748051960311510222e-02
2.705804999999999794e+00 2.465161200000000363e+01 6.752712250610490297e-02
2.710547000000000040e+00 2.472406199999999998e+01 6.756938495971012704e-02
2.715289999999999981e+00 2.463730500000000134e+01 6.739442337137695194e-02
2.720032999999999923e+00 2.461129500000000547e+01 6.730247354302590357e-02
2.724775999999999865e+00 2.453788899999999984e+01 6.714602022993097774e-02
2.729518999999999807e+00 2.463329500000000039e+01 6.722041622579408293e-02
2.734262000000000192e+00 2.462402199999999297e+01 6.715188930644618026e-02
2.739005000000000134e+00 2.462593100000000135e+01 6.709880250721469985e-02
2.743746999999999936e+00 2.452108099999999880e+01 6.690054993587571386e-02
2.748489999999999878e+00 2.460192400000000390e+01 6.695528388586817481e-02
2.753232999999999819e+00 2.461646199999999851e+01 6.692003113609332199e-02
2.757976000000000205e+00 2.452012600000000120e+01 6.673402148979559745e-02
2.762719000000000147e+00 2.465095199999999664e+01 6.685696194746139354e-02
2.767462000000000089e+00 2.460189799999999849e+01 6.673551602285097972e-02
2.772205000000000030e+00 2.454262499999999747e+01 6.660068907761540480e-02
2.776947999999999972e+00 2.455330199999999863e+01 6.656092328325531604e-02
2.781690000000000218e+00 2.460592699999999766e+01 6.657778678703504815e-02
2.786433000000000160e+00 2.457061200000000056e+01 6.647576466923715843e-02
2.791176000000000101e+00 2.464692100000000252e+01 6.652494705842763867e-02
2.795919000000000043e+00 2.464639000000000024e+01 6.647047472025530146e-02
2.800661999999999985e+00 2.451543000000000205e+01 6.625516737412336099e-02
2.805404999999999927e+00 2.450307300000000055e+01 6.617544638501880738e-02
2.810147999999999868e+00 2.453928100000000256e+01 6.620243850847187805e-02
2.814890000000000114e+00 2.467855300000000440e+01 6.634537734108610085e-02
2.819633000000000056e+00 2.460751700000000142e+01 6.747745161955436000e-02
2.824375999999999998e+00 2.469077300000000008e+01 6.901028908551029573e-02
2.829118999999999939e+00 2.455194300000000140e+01 6.970529010839206230e-02
2.833861999999999881e+00 2.457135400000000303e+01 7.046097667031163414e-02
2.838604999999999823e+00 2.459122100000000088e+01 7.110607414295208595e-02
2.843348000000000209e+00 2.445516299999999887e+01 7.120805464961391107e-02
2.848091000000000150e+00 2.455231299999999806e+01 7.156595496145705393e-02
2.852832999999999952e+00 2.454411900000000202e+01 7.176280040921828585e-02
2.857575999999999894e+00 2.451922199999999918e+01 7.191911929372675483e-02
2.862318999999999836e+00 2.468179999999999907e+01 7.233710030157484983e-02
2.867062000000000221e+00 2.449759399999999943e+01 7.223556460267892276e-02
2.871805000000000163e+00 2.449135899999999566e+01 7.238565832501560326e-02
2.876548000000000105e+00 2.452330999999999861e+01 7.258415600637579956e-02
2.881291000000000047e+00 2.462561500000000336e+01 7.253874865282279594e-02
2.886032999999999848e+00 2.470559599999999989e+01 7.058494419263502961e-02
2.890775999999999790e+00 2.459460800000000091e+01 6.931913429333418086e-02
2.895519000000000176e+00 2.457996100000000439e+01 6.854994126568234036e-02
2.900262000000000118e+00 2.454227399999999903e+01 6.790496351571288780e-02
2.905005000000000059e+00 2.465106899999999968e+01 6.768861195219769145e-02
2.909748000000000001e+00 2.454707800000000262e+01 6.736880333375382113e-02
2.914490999999999943e+00 2.461714800000000025e+01 6.730694966749273256e-02
2.919233000000000189e+00 2.459915099999999910e+01 6.713905840223186039e-02
2.923976000000000131e+00 2.452190500000000029e+01 6.690185294271526473e-02
2.928719000000000072e+00 2.457285299999999850e+01 6.684901747080505829e-02
2.933462000000000014e+00 2.460222499999999712e+01 6.677366246085801593e-02
2.938204999999999956e+00 2.451277900000000187e+01 6.654338223858552448e-02
2.942947999999999897e+00 2.449993199999999760e+01 6.642258027717681812e-02
2.947690999999999839e+00 2.447039399999999887e+01 6.628369887422019824e-02
2.952433999999999781e+00 2.445240899999999939e+01 6.617195277829572564e-02
2.957176000000000027e+00 2.466861899999999963e+01 6.637844437342818593e-02
2.961918999999999969e+00 2.451681300000000618e+01 6.607198941567599126e-02
2.966661999999999910e+00 2.455194499999999991e+01 6.603377543288661833e-02
2.971404999999999852e+00 2.460979400000000084e+01 6.602811284281415172e-02
2.976147999999999794e+00 2.460007300000000185e+01 6.593406657435517404e-02
2.980891000000000179e+00 2.462386799999999809e+01 6.588675666539368925e-02
2.985634000000000121e+00 2.452538999999999803e+01 6.567770316475675385e-02
2.990375999999999923e+00 2.455445600000000184e+01 6.565811502743282291e-02
2.995118999999999865e+00 2.459618800000000505e+01 6.562557394793053223e-02
2.999861999999999806e+00 2.451917399999999958e+01 6.544721482536060286e-02
3.004605000000000192e+00 2.450227899999999792e+01 6.535334425649157175e-02
3.009348000000000134e+00 2.460636600000000129e+01 6.542188414213015446e-02
3.014091000000000076e+00 2.460642199999999846e+01 6.537266399262309235e-02
3.018834000000000017e+00 2.454089299999999341e+01 6.519752655759650239e-02
3.023576999999999959e+00 2.459240300000000090e+01 6.519898090802493662e-02
3.028319000000000205e+00 2.446559100000000342e+01 6.496446311300663190e-02
3.033062000000000147e+00 2.445217699999999894e+01 6.488142589607906463e-02
3.037805000000000089e+00 2.447830100000000186e+01 6.485182058443694775e-02
3.042548000000000030e+00 2.462228700000000003e+01 6.497863056708182150e-02
3.047290999999999972e+00 2.447671600000000325e+01 6.472331078000335969e-02
3.052033999999999914e+00 2.463084899999999777e+01 6.486417090485394055e-02
3.056776999999999855e+00 2.448435300000000225e+01 6.460964367789764906e-02
3.061519000000000101e+00 2.452308199999999871e+01 6.459939356114266507e-02
3.066262000000000043e+00 2.447972599999999943e+01 6.448207076089755574e-02
3.071004999999999985e+00 2.450509499999999719e+01 6.446871372775789255e-02
3.075747999999999927e+00 2.465069999999999695e+01 6.460327390369237366e-02
3.080490999999999868e+00 2.445967599999999820e+01 6.428699064540818742e-02
3.085233999999999810e+00 2.455396700000000010e+01 6.434303455342543776e-02
3.089977000000000196e+00 2.449917400000000356e+01 6.423162833641928027e-02
3.094720000000000137e+00 2.454623600000000039e+01 6.421835952792862012e-02
3.099461999999999939e+00 2.458913100000000185e+01 6.421665861899075733e-02
3.104204999999999881e+00 2.453325299999999842e+01 6.408695386620821832e-02
3.108947999999999823e+00 2.449398000000000053e+01 6.397909248881465671e-02
3.113691000000000209e+00 2.456312599999999335e+01 6.401392333274927293e-02
3.118434000000000150e+00 2.448792899999999761e+01 6.386049028075731215e-02
3.123177000000000092e+00 2.450344799999999879e+01 6.382551603749944680e-02
3.127920000000000034e+00 2.447848899999999972e+01 6.373815495970996947e-02
3.132661999999999836e+00 2.452680099999999896e+01 6.374663025442756092e-02
3.137405000000000221e+00 2.443896699999999811e+01 6.357871056118943875e-02
3.142148000000000163e+00 2.439220300000000208e+01 6.346380953239413869e-02
3.146891000000000105e+00 2.442087300000000027e+01 6.345588232501066239e-02
3.151634000000000047e+00 2.455806899999999615e+01 6.358281413423992612e-02
3.156376999999999988e+00 2.462566699999999287e+01 6.360710363279639679e-02
3.161119999999999930e+00 2.440364300000000242e+01 6.326759055839173418e-02
3.165862000000000176e+00 2.446107699999999952e+01 6.333384865309385492e-02
3.170605000000000118e+00 2.458019699999999830e+01 6.341927638344826978e-02
3.175348000000000059e+00 2.452121299999999948e+01 6.326344439876950554e-02
3.180091000000000001e+00 2.447249199999999902e+01 6.314895034282359820e-02
3.184833999999999943e+00 2.442488900000000029e+01 6.303622984215347114e-02
3.189576999999999884e+00 2.449991299999999939e+01 6.308194673285456855e-02
3.194319999999999826e+00 2.452710600000000341e+01 6.304777074697645589e-02
3.199063000000000212e+00 2.451829399999999737e+01 6.292087840476084937e-02
3.203805000000000014e+00 2.457994800000000168e+01 6.288337319133889547e-02
3.208547999999999956e+00 2.447311499999999995e+01 6.266941957745579550e-02
3.213290999999999897e+00 2.444727299999999914e+01 6.258678744858614529e-02
3.218033999999999839e+00 2.451201200000000213e+01 6.262034596438284528e-02
3.222776999999999781e+00 2.452776200000000273e+01 6.259123075506344003e-02
3.227520000000000167e+00 2.454662900000000292e+01 6.256644603246455660e-02
3.232263000000000108e+00 2.455789800000000156e+01 6.253224166388088312e-02
3.237004999999999910e+00 2.450949500000000114e+01 6.242236702838174084e-02
3.241747999999999852e+00 2.442720100000000016e+01 6.226912996671464529e-02
3.246490999999999794e+00 2.441529599999999789e+01 6.220609666000913307e-02
3.251234000000000179e+00 2.460529899999999870e+01 6.241728856199858788e-02
3.255977000000000121e+00 2.453685800000000228e+01 6.234637853304632327e-02
3.260720000000000063e+00 2.459522299999999717e+01 6.243835735244401830e-02
3.265463000000000005e+00 2.455082099999999912e+01 6.235949941039296146e-02
3.270205999999999946e+00 2.454262399999999644e+01 6.230167775365844790e-02
3.274948000000000192e+00 2.439061699999999888e+01 6.206110429217642777e-02
3.279691000000000134e+00 2.449826100000000295e+01 6.215048874830912673e-02
3.284434000000000076e+00 2.446340400000000059e+01 6.205920475395572400e-02
3.289177000000000017e+00 2.449685699999999855e+01 6.205486507257186590e-02
3.293919999999999959e+00 2.446213200000000043e+01 6.196392059070503222e-02
3.298662999999999901e+00 2.451479600000000048e+01 6.198413177876012370e-02
3.303405999999999842e+00 2.455279499999999970e+01 6.198571995020546455e-02
3.308148000000000089e+00 2.445833600000000274e+01 6.182012541748843626e-02
3.312891000000000030e+00 2.448707600000000184e+01 6.181018294782665567e-02
3.317633999999999972e+00 2.446418199999999743e+01 6.173526407790526360e-02
3.322376999999999914e+00 2.440474499999999836e+01 6.161538053628331374e-02
3.327119999999999855e+00 2.451770199999999633e+01 6.172770853466132135e-02
3.331862999999999797e+00 2.453075199999999967e+01 6.168225979297937978e-02
3.336606000000000183e+00 2.445608200000000210e+01 6.154305494592545583e-02
3.341347999999999985e+00 2.449866699999999753e+01 6.155145557198789946e-02
3.346090999999999926e+00 2.436684100000000086e+01 6.134058226645472400e-02
3.350833999999999868e+00 2.441700200000000009e+01 6.135845303015551033e-02
3.355576999999999810e+00 2.442768000000000228e+01 6.132722254323115518e-02
3.360320000000000196e+00 2.446102099999999879e+01 6.132454651597759460e-02
3.365063000000000137e+00 2.450793200000000027e+01 6.133881415478294186e-02
3.369806000000000079e+00 2.440468600000000166e+01 6.116504537137040787e-02
3.374549000000000021e+00 2.458930200000000355e+01 6.135143726054916036e-02
3.379290999999999823e+00 2.463319400000000314e+01 6.204469491883170262e-02
3.384034000000000209e+00 2.453063900000000075e+01 6.336833965404727043e-02
3.388777000000000150e+00 2.447688400000000186e+01 6.413567322777551094e-02
3.393520000000000092e+00 2.445506400000000014e+01 6.476752334080639051e-02
3.398263000000000034e+00 2.442830299999999966e+01 6.512371663400823296e-02
3.403005999999999975e+00 2.446266600000000224e+01 6.534505883280999905e-02
3.407748999999999917e+00 2.445975699999999620e+01 6.530750266286255989e-02
3.412491000000000163e+00 2.448143200000000164e+01 6.537246750912266424e-02
3.417234000000000105e+00 2.443573799999999707e+01 6.548543584593066735e-02
3.421977000000000046e+00 2.441823000000000121e+01 6.562038357565505575e-02
3.426719999999999988e+00 2.452439599999999942e+01 6.589674777878115619e-02
3.431462999999999930e+00 2.447345200000000176e+01 6.596555018342832588e-02
3.436205999999999872e+00 2.449864099999999922e+01 6.614239286130869921e-02
3.440948999999999813e+00 2.448961399999999600e+01 6.625029671183670088e-02
3.445692000000000199e+00 2.439672999999999803e+01 6.625495009169050931e-02
3.450434000000000001e+00 2.445210300000000103e+01 6.642238530033606203e-02
3.455176999999999943e+00 2.448755999999999844e+01 6.657936800906569252e-02
3.459919999999999884e+00 2.451272999999999769e+01 6.671833434946798647e-02
3.464662999999999826e+00 2.443050699999999864e+01 6.670689743765707835e-02
3.469406000000000212e+00 2.438476599999999905e+01 6.674183179187997972e-02
3.474149000000000154e+00 2.442575499999999877e+01 6.689196681212775109e-02
3.478892000000000095e+00 2.432478099999999799e+01 6.684492150611967554e-02
3.483633999999999897e+00 2.440595100000000173e+01 6.704445508839564083e-02
3.488376999999999839e+00 2.444069300000000311e+01 6.717812768693467995e-02
3.493119999999999781e+00 2.435904400000000081e+01 6.714904962179510384e-02
3.497863000000000167e+00 2.442545399999999489e+01 6.732194544511840850e-02
3.502606000000000108e+00 2.437462500000000176e+01 6.733095010247812373e-02
3.507349000000000050e+00 2.444587899999999792e+01 6.750628454556212299e-02
3.512091999999999992e+00 2.443361200000000011e+01 6.756465852939907979e-02
3.516833999999999794e+00 2.437210200000000171e+01 6.755302765671869492e-02
3.521577000000000179e+00 2.448007800000000245e+01 6.777408405589557816e-02
3.526320000000000121e+00 2.441936399999999807e+01 6.776027649835263122e-02
3.531063000000000063e+00 2.443258999999999759e+01 6.784722917718526147e-02
3.535806000000000004e+00 2.453183900000000150e+01 6.805228556876176393e-02
3.540548999999999946e+00 2.442390500000000131e+01 6.796768117732868153e-02
3.545291999999999888e+00 2.441731700000000060e+01 6.802326950923044679e-02
3.550034999999999830e+00 2.441893600000000220e+01 6.808880601817746125e-02
3.554777000000000076e+00 2.448017399999999810e+01 6.823601377285530567e-02
3.559520000000000017e+00 2.450852300000000028e+01 6.833643761840310638e-02
3.564262999999999959e+00 2.430372100000000302e+01 6.810982111350095958e-02
3.569005999999999901e+00 2.444858900000000190e+01 6.838434377589508451e-02
3.573748999999999842e+00 2.437040700000000371e+01 6.835200908964564337e-02
3.578491999999999784e+00 2.437710599999999772e+01 6.838481362632933824e-02
3.583235000000000170e+00 2.436667299999999869e+01 6.842572548523910558e-02
3.587976999999999972e+00 2.451594499999999854e+01 6.866626531845751447e-02
3.592719999999999914e+00 2.443419499999999900e+01 6.849820275158173544e-02
3.597462999999999855e+00 2.432086000000000325e+01 6.827834256292621140e-02
3.602205999999999797e+00 2.439093400000000145e+01 6.831623746861575919e-02
3.606949000000000183e+00 2.442853699999999861e+01 6.830864350196100276e-02
3.611692000000000125e+00 2.439461399999999713e+01 6.825193105780963387e-02
3.616435000000000066e+00 2.454844500000000096e+01 6.853489463598233522e-02
3.621178000000000008e+00 2.462425400000000408e+01 6.947041096792791470e-02
3.625919999999999810e+00 2.442812500000000142e+01 7.166726814486304442e-02
3.630663000000000196e+00 2.437201500000000465e+01 7.297886540938479383e-02
3.635406000000000137e+00 2.439656000000000091e+01 7.405758725053565583e-02
3.640149000000000079e+00 2.441576900000000094e+01 7.485497311776820317e-02
3.644892000000000021e+00 2.433907100000000057e+01 7.524819923846284841e-02
3.649634999999999962e+00 2.434769900000000220e+01 7.574708592004909813e-02
3.654377999999999904e+00 2.437596800000000030e+01 7.621237484676093854e-02
3.659120000000000150e+00 2.439774100000000345e+01 7.667175729155162323e-02
3.663863000000000092e+00 2.436790100000000336e+01 7.703470064166213771e-02
3.668606000000000034e+00 2.434289499999999862e+01 7.739139464515547295e-02
3.673348999999999975e+00 2.435079700000000003e+01 7.778981862438297257e-02
3.678091999999999917e+00 2.430516899999999936e+01 7.809325452980110660e-02
3.682834999999999859e+00 2.443038800000000066e+01 7.866369585720341118e-02
3.687577999999999800e+00 2.445238599999999707e+01 7.906188225556801119e-02
3.692321000000000186e+00 2.449149799999999999e+01 7.948226736633523526e-02
3.697062999999999988e+00 2.437694799999999873e+01 7.964710131284125083e-02
3.701805999999999930e+00 2.429722699999999946e+01 7.986250346527525024e-02
3.706548999999999872e+00 2.444603099999999785e+01 8.044971603786864323e-02
3.711291999999999813e+00 2.432264099999999729e+01 8.058453975907289846e-02
3.716035000000000199e+00 2.441126500000000377e+01 8.106670165663025507e-02
3.720778000000000141e+00 2.441198299999999577e+01 8.140056514808420574e-02
3.725521000000000083e+00 2.440403999999999840e+01 8.171735203186224206e-02
3.730262999999999884e+00 2.451636500000000041e+01 8.223425349074983681e-02
3.735005999999999826e+00 2.443299900000000235e+01 8.241963449946437814e-02
3.739749000000000212e+00 2.434645100000000184e+01 8.259717897156415578e-02
3.744492000000000154e+00 2.442940600000000018e+01 8.305994976932624951e-02
3.749235000000000095e+00 2.431295899999999932e+01 8.318179679503982793e-02
3.753978000000000037e+00 2.448401899999999998e+01 8.379443748126125247e-02
3.758720999999999979e+00 2.432760899999999893e+01 8.384380464114329912e-02
3.763462999999999781e+00 2.442296599999999529e+01 8.432537044243446078e-02
3.768206000000000166e+00 2.446772400000000047e+01 8.471920326126894385e-02
3.772949000000000108e+00 2.448202699999999865e+01 8.506036518577027306e-02
3.777692000000000050e+00 2.450530699999999840e+01 8.541618440829290559e-02
3.782434999999999992e+00 2.442705099999999874e+01 8.559464970110457205e-02
3.787177999999999933e+00 2.450412499999999838e+01 8.604400223103698953e-02
3.791920999999999875e+00 2.448544000000000409e+01 8.632578678200100719e-02
3.796663999999999817e+00 2.440101899999999802e+01 8.649018271826461324e-02
3.801406000000000063e+00 2.433658499999999592e+01 8.668897091500395169e-02
3.806149000000000004e+00 2.437731799999999538e+01 8.707467334148891180e-02
3.810891999999999946e+00 2.441006999999999749e+01 8.744623206056222064e-02
3.815634999999999888e+00 2.454174400000000134e+01 8.799572666072086324e-02
3.820377999999999830e+00 2.447499699999999834e+01 8.819012820445097656e-02
3.825121000000000215e+00 2.447289499999999762e+01 8.850014646072287827e-02
3.829864000000000157e+00 2.439263900000000262e+01 8.866883212497726763e-02
3.834605999999999959e+00 2.426409800000000061e+01 8.874823480299651179e-02
3.839348999999999901e+00 2.443113400000000013e+01 8.936884079785807622e-02
3.844091999999999842e+00 2.441816000000000031e+01 8.965989268276534918e-02
3.848834999999999784e+00 2.432713199999999887e+01 8.981069695358231963e-02
3.853578000000000170e+00 2.439323600000000170e+01 9.029670702321762610e-02
3.858321000000000112e+00 2.428686599999999984e+01 9.036497257042133691e-02
3.863064000000000053e+00 2.430566800000000072e+01 9.071708658699031980e-02
3.867806999999999995e+00 2.442010199999999998e+01 9.124902446167355852e-02
3.872548999999999797e+00 2.446421099999999882e+01 9.165058579032214769e-02
3.877292000000000183e+00 2.436652199999999624e+01 9.178713507587923925e-02
3.882035000000000124e+00 2.447469699999999904e+01 9.231234342005678606e-02
3.886778000000000066e+00 2.437077000000000027e+01 9.243783664866946082e-02
3.891521000000000008e+00 2.439242899999999992e+01 9.280100793445295038e-02
3.896263999999999950e+00 2.437776999999999816e+01 9.309658085649494264e-02
3.901006999999999891e+00 2.438051499999999905e+01 9.342601122105717582e-02
3.905749000000000137e+00 2.446199600000000274e+01 9.390906478194691043e-02
3.910492000000000079e+00 2.446009099999999847e+01 9.423285445458022547e-02
3.915235000000000021e+00 2.443129799999999818e+01 9.450559863746432754e-02
3.919977999999999962e+00 2.435010899999999978e+01 9.463607057971287762e-02
3.924720999999999904e+00 2.445756100000000188e+01 9.492894731811576947e-02
3.929463999999999846e+00 2.443841199999999958e+01 9.496449798045847324e-02
3.934206999999999788e+00 2.433097699999999719e+01 9.488022380810712253e-02
3.938949000000000034e+00 2.447513000000000005e+01 9.526485045491490944e-02
3.943691999999999975e+00 2.433231199999999816e+01 9.508934868615727398e-02
3.948434999999999917e+00 2.441026699999999749e+01 9.534393920169703662e-02
3.953177999999999859e+00 2.434698599999999757e+01 9.534838450705288015e-02
3.957920999999999800e+00 2.427366400000000368e+01 9.537288134053359401e-02
3.962664000000000186e+00 2.433307000000000286e+01 9.549799796361754800e-02
3.967407000000000128e+00 2.435768699999999853e+01 9.579236495694894160e-02
3.972150000000000070e+00 2.450166399999999811e+01 9.639916050682495463e-02
3.976891999999999872e+00 2.447009500000000415e+01 9.666214787237453754e-02
3.981634999999999813e+00 2.436421600000000254e+01 9.677861678033944370e-02
3.986378000000000199e+00 2.442858300000000327e+01 9.723436596394867404e-02
3.991121000000000141e+00 2.429001099999999980e+01 9.728626060731340730e-02
3.995864000000000082e+00 2.430566799999999716e+01 9.764799281066507963e-02
4.000606999999999580e+00 2.415705699999999823e+01 9.767977267972116628e-02
4.005349999999999966e+00 2.450228500000000054e+01 9.871029731069196067e-02
4.010092000000000212e+00 2.451099099999999709e+01 9.906449867639011142e-02
4.014834999999999710e+00 2.449780700000000166e+01 9.937641145949725752e-02
4.019578000000000095e+00 2.448191200000000123e+01 9.968469570799773360e-02
4.024320999999999593e+00 2.419469799999999893e+01 9.943771988193966793e-02
4.029063999999999979e+00 2.431048200000000037e+01 1.000185509763158870e-01
4.033807000000000365e+00 2.435015899999999789e+01 1.004447096755931579e-01
4.038549999999999862e+00 2.423596299999999815e+01 1.005553425973304549e-01
4.043293000000000248e+00 2.435294900000000240e+01 1.011467037928522883e-01
4.048034999999999606e+00 2.457105800000000073e+01 1.019515423958524403e-01
4.052777999999999992e+00 2.451946299999999823e+01 1.021987364440431756e-01
4.057521000000000377e+00 2.440439799999999693e+01 1.023141940757884283e-01
4.062263999999999875e+00 2.443160599999999860e+01 1.027292929544061650e-01
4.067007000000000261e+00 2.435565199999999919e+01 1.029295277779087997e-01
4.071749999999999758e+00 2.447436800000000190e+01 1.035428674753896272e-01
4.076493000000000144e+00 2.441520999999999830e+01 1.037822343229774652e-01
4.081235000000000390e+00 2.436308399999999708e+01 1.040375942874175730e-01
4.085977999999999888e+00 2.446160899999999927e+01 1.046183675507890987e-01
4.090721000000000274e+00 2.447451700000000230e+01 1.050181097157204535e-01
4.095463999999999771e+00 2.427128899999999945e+01 1.049546651869634611e-01
4.100207000000000157e+00 2.432782100000000014e+01 1.054531913922442665e-01
4.104949999999999655e+00 2.444407799999999753e+01 1.060857354315074830e-01
4.109693000000000040e+00 2.453929099999999863e+01 1.066747790147272862e-01
4.114436000000000426e+00 2.449427499999999824e+01 1.069622257001068694e-01
4.119177999999999784e+00 2.434886500000000353e+01 1.070318718168597610e-01
4.123921000000000170e+00 2.441765000000000185e+01 1.075730943875563145e-01
4.128663999999999668e+00 2.450666300000000319e+01 1.081637524404368139e-01
4.133407000000000053e+00 2.443503100000000217e+01 1.084025465703776642e-01
4.138150000000000439e+00 2.447766899999999879e+01 1.088962609914013446e-01
4.142892999999999937e+00 2.451257799999999776e+01 1.093771438747986463e-01
4.147636000000000323e+00 2.444159300000000101e+01 1.096237843126381117e-01
4.152377999999999680e+00 2.443021299999999840e+01 1.100074807064587851e-01
4.157121000000000066e+00 2.439578700000000211e+01 1.103412141872052443e-01
4.161863999999999564e+00 2.436871399999999710e+01 1.106948350298635197e-01
4.166606999999999950e+00 2.457133499999999771e+01 1.115734969025928558e-01
4.171350000000000335e+00 2.456280699999999939e+01 1.119763769848815260e-01
4.176092999999999833e+00 2.443015099999999862e+01 1.121052936269898020e-01
4.180836000000000219e+00 2.449576100000000167e+01 1.128397879486725958e-01
4.185577999999999577e+00 2.424924199999999885e+01 1.125816356565963183e-01
4.190320999999999962e+00 2.445311299999999832e+01 1.134492297312101605e-01
4.195064000000000348e+00 2.456923300000000054e+01 1.141589761062515029e-01
4.199806999999999846e+00 2.459201499999999996e+01 1.146562884240855673e-01
4.204550000000000232e+00 2.446479599999999976e+01 1.148068039741264590e-01
4.209292999999999729e+00 2.442055600000000126e+01 1.151547326489966716e-01
4.214036000000000115e+00 2.450935299999999728e+01 1.158188501107949991e-01
4.218778999999999613e+00 2.455579800000000290e+01 1.163892419056323374e-01
4.223520999999999859e+00 2.460619299999999754e+01 1.169733184677946014e-01
4.228264000000000244e+00 2.453141399999999805e+01 1.172644039252513232e-01
4.233006999999999742e+00 2.445745900000000006e+01 1.175590474728529788e-01
4.237750000000000128e+00 2.444740700000000189e+01 1.180107978303290839e-01
4.242492999999999626e+00 2.460257599999999911e+01 1.188674109401782059e-01
4.247236000000000011e+00 2.432453199999999782e+01 1.186770797796794508e-01
4.251979000000000397e+00 2.438211699999999738e+01 1.193115387743771405e-01
4.256720999999999755e+00 2.439324100000000328e+01 1.200351623554514885e-01
4.261464000000000141e+00 2.445466000000000051e+01 1.205183166916274223e-01
4.266206999999999638e+00 2.463452500000000356e+01 1.214275819526799277e-01
4.270950000000000024e+00 2.463323700000000116e+01 1.219360287669673804e-01
4.275693000000000410e+00 2.433028399999999891e+01 1.216963493802266927e-01
4.280435999999999908e+00 2.448036200000000306e+01 1.225917100622207628e-01
4.285179000000000293e+00 2.441241599999999679e+01 1.229460140461820783e-01
4.289921999999999791e+00 2.449784799999999763e+01 1.236919766166674206e-01
4.294664000000000037e+00 2.438894499999999965e+01 1.239527574574708496e-01
4.299407000000000423e+00 2.430393600000000021e+01 1.242755965191561646e-01
4.304149999999999920e+00 2.438923500000000288e+01 1.250396346146708804e-01
4.308893000000000306e+00 2.434001999999999910e+01 1.254667081998985800e-01
4.313635999999999804e+00 2.441937499999999872e+01 1.262291615324283856e-01
4.318379000000000190e+00 2.451022100000000137e+01 1.270303015049712436e-01
4.323121999999999687e+00 2.444393999999999778e+01 1.275193523027548237e-01
4.327863999999999933e+00 2.443922599999999790e+01 1.280589960418509476e-01
4.332607000000000319e+00 2.436041199999999662e+01 1.283729228413052204e-01
4.337349999999999817e+00 2.452987099999999998e+01 1.294119372534257295e-01
4.342093000000000202e+00 2.454649400000000270e+01 1.300552932638095183e-01
4.346835999999999700e+00 2.425926400000000172e+01 1.298949733563793396e-01
4.351579000000000086e+00 2.442752299999999721e+01 1.309556851861941873e-01
4.356321999999999584e+00 2.462190799999999768e+01 1.320979780574048079e-01
4.361063999999999830e+00 2.456361699999999715e+01 1.325705527152568619e-01
4.365807000000000215e+00 2.453786199999999695e+01 1.331374004243063847e-01
4.370549999999999713e+00 2.464615799999999979e+01 1.340754871182062991e-01
4.375293000000000099e+00 2.441636899999999955e+01 1.340988466953049740e-01
4.380035999999999596e+00 2.459069500000000019e+01 1.352995045596738222e-01
4.384778999999999982e+00 2.446143700000000010e+01 1.356647470777500863e-01
4.389522000000000368e+00 2.437192200000000142e+01 1.359757751643567436e-01
4.394264999999999866e+00 2.452688399999999902e+01 1.370771282856483864e-01
4.399007000000000112e+00 2.452500300000000522e+01 1.373405087769391519e-01
4.403749999999999609e+00 2.435288999999999504e+01 1.369518073030958627e-01
4.408492999999999995e+00 2.452431899999999843e+01 1.375264350765986188e-01
4.413236000000000381e+00 2.434400900000000334e+01 1.371113389410077432e-01
4.417978999999999878e+00 2.459448700000000088e+01 1.379075348952594482e-01
4.422722000000000264e+00 2.445434099999999589e+01 1.376071394884127996e-01
4.427464999999999762e+00 2.439877499999999699e+01 1.375390128701576842e-01
4.432207000000000008e+00 2.454362500000000225e+01 1.380379308499022628e-01
4.436950000000000394e+00 2.451298399999999944e+01 1.381177627236149508e-01
4.441692999999999891e+00 2.457144500000000420e+01 1.389083023772448855e-01
4.446436000000000277e+00 2.419051599999999880e+01 1.385334935452441352e-01
4.451178999999999775e+00 2.447281799999999663e+01 1.400573780528744650e-01
4.455922000000000160e+00 2.435018399999999872e+01 1.404321985927746708e-01
4.460664999999999658e+00 2.448400200000000027e+01 1.415570004382877556e-01
4.465408000000000044e+00 2.435768600000000106e+01 1.419388447298497724e-01
4.470150000000000290e+00 2.448964799999999897e+01 1.430824705842717870e-01
4.474892999999999788e+00 2.458872099999999961e+01 1.441442424594478744e-01
4.479636000000000173e+00 2.468351499999999987e+01 1.452060385777220186e-01
4.484378999999999671e+00 2.446458399999999855e+01 1.453542276105390663e-01
4.489122000000000057e+00 2.448569799999999930e+01 1.462222515307591564e-01
4.493865000000000443e+00 2.456317900000000520e+01 1.472716633545014253e-01
4.498607999999999940e+00 2.450778599999999940e+01 1.479355393387156992e-01
4.503350000000000186e+00 2.445186400000000049e+01 1.486078557268255829e-01
4.508092999999999684e+00 2.444563399999999831e+01 1.494433848364075390e-01
4.512836000000000070e+00 2.442946200000000090e+01 1.502617108647182897e-01
4.517578999999999567e+00 2.448542899999999989e+01 1.513159728471667465e-01
4.522321999999999953e+00 2.446693099999999887e+01 1.521544912619581802e-01
4.527065000000000339e+00 2.452319500000000119e+01 1.532416151095967738e-01
4.531807999999999836e+00 2.473648700000000034e+01 1.548381428779594948e-01
4.536551000000000222e+00 2.440899199999999780e+01 1.547485501227956473e-01
4.541292999999999580e+00 2.453595800000000082e+01 1.561092933649541048e-01
4.546035999999999966e+00 2.449621099999999885e+01 1.569577703331326013e-01
4.550779000000000352e+00 2.464251600000000408e+01 1.584186481312503114e-01
4.555521999999999849e+00 2.457509299999999897e+01 1.592126917137264563e-01
4.560265000000000235e+00 2.468221499999999935e+01 1.605872071817310009e-01
4.565007999999999733e+00 2.482352700000000212e+01 1.621000413624740788e-01
4.569751000000000118e+00 2.466536899999999832e+01 1.626483791069388563e-01
4.574493000000000364e+00 2.481839499999999887e+01 1.642431192986433808e-01
4.579235999999999862e+00 2.449657900000000055e+01 1.642779129574329089e-01
4.583979000000000248e+00 2.479711400000000054e+01 1.664133742358335777e-01
4.588721999999999746e+00 2.453225400000000178e+01 1.666695695074532635e-01
4.593465000000000131e+00 2.464773399999999626e+01 1.682332063910133568e-01
4.598207999999999629e+00 2.466638299999999617e+01 1.694916326130989359e-01
4.602951000000000015e+00 2.464242399999999833e+01 1.706287184668858758e-01
4.607693000000000261e+00 2.436339200000000105e+01 1.708973297439468353e-01
4.612435999999999758e+00 2.470906899999999951e+01 1.733761656301920917e-01
4.617179000000000144e+00 2.459653099999999881e+01 1.742749553353745706e-01
4.621921999999999642e+00 2.444222099999999642e+01 1.750472888979629493e-01
4.626665000000000028e+00 2.443091700000000088e+01 1.763548264732011650e-01
4.631408000000000413e+00 2.448300699999999708e+01 1.779190334739341461e-01
4.636150999999999911e+00 2.458962499999999807e+01 1.797179072990387760e-01
4.640894000000000297e+00 2.473000400000000099e+01 1.816790640793228551e-01
4.645635999999999655e+00 2.453918800000000289e+01 1.824482705577893382e-01
4.650379000000000040e+00 2.473164600000000490e+01 1.846782565590708580e-01
4.655122000000000426e+00 2.467628199999999694e+01 1.860222946658316445e-01
4.659864999999999924e+00 2.435621199999999931e+01 1.863887793445324348e-01
4.664608000000000310e+00 2.465724200000000366e+01 1.891641656763114188e-01
4.669350999999999807e+00 2.462531399999999593e+01 1.907066031099358683e-01
4.674094000000000193e+00 2.454432000000000258e+01 1.920998240684368974e-01
4.678836000000000439e+00 2.467395900000000353e+01 1.943600516788797639e-01
4.683578999999999937e+00 2.466823099999999869e+01 1.961373821139149876e-01
4.688322000000000322e+00 2.464931800000000095e+01 1.979088210302673567e-01
4.693064999999999820e+00 2.463831700000000424e+01 1.997644843607657150e-01
4.697808000000000206e+00 2.474774999999999636e+01 2.021610594976522568e-01
4.702550999999999704e+00 2.431307899999999833e+01 2.023738287260961610e-01
4.707294000000000089e+00 2.436303099999999944e+01 2.046369953682432019e-01
4.712036999999999587e+00 2.444164900000000173e+01 2.070859449405714481e-01
4.716778999999999833e+00 2.455899199999999638e+01 2.097702627237359729e-01
4.721522000000000219e+00 2.444038400000000166e+01 2.115120303632237742e-01
4.726264999999999716e+00 2.438131000000000270e+01 2.135770911378198078e-01
4.731008000000000102e+00 2.457530700000000223e+01 2.168289643537417155e-01
4.735750999999999600e+00 2.486970199999999664e+01 2.206253914227772894e-01
4.740493999999999986e+00 2.445638399999999635e+01 2.213447981355651795e-01
4.745237000000000371e+00 2.438867199999999968e+01 2.236813549190045936e-01
4.749978999999999729e+00 2.461035800000000151e+01 2.274512500528456105e-01
4.754722000000000115e+00 2.470637300000000280e+01 2.307539815961889007e-01
4.759464999999999613e+00 2.489461799999999769e+01 2.346090065051906759e-01
4.764207999999999998e+00 2.462010400000000132e+01 2.363838778739142388e-01
4.768951000000000384e+00 2.495626999999999995e+01 2.412067190751020218e-01
4.773693999999999882e+00 2.453597299999999493e+01 2.424890117831088321e-01
4.778437000000000268e+00 2.438801600000000036e+01 2.452041038457525579e-01
4.783178999999999625e+00 2.473445899999999753e+01 2.505576938344620253e-01
4.787922000000000011e+00 2.433440599999999776e+01 2.522723895514850101e-01
4.792665000000000397e+00 2.433367299999999744e+01 2.561865364210523799e-01
4.797407999999999895e+00 2.435234299999999763e+01 2.603898125180401646e-01
4.802151000000000280e+00 2.483180300000000074e+01 2.672851965670897112e-01
4.806893999999999778e+00 2.523463799999999679e+01 2.740451938715294800e-01
4.811637000000000164e+00 2.507840399999999903e+01 2.780169092220194371e-01
4.816379999999999661e+00 2.497913700000000148e+01 2.825368972017734404e-01
4.821121999999999908e+00 2.522659700000000171e+01 2.893121599347415751e-01
4.825865000000000293e+00 2.496433800000000502e+01 2.934694894893251083e-01
4.830607999999999791e+00 2.494895000000000351e+01 2.993811012608726951e-01
4.835351000000000177e+00 2.462372400000000283e+01 3.037623167729325280e-01
4.840093999999999674e+00 2.457126999999999839e+01 3.101860359279719481e-01
4.844837000000000060e+00 2.509644799999999876e+01 3.207709765575330052e-01
4.849579999999999558e+00 2.468600599999999545e+01 3.258851826208887803e-01
4.854321999999999804e+00 2.515730299999999886e+01 3.373937606827369651e-01
4.859065000000000190e+00 2.496919700000000120e+01 3.451801327140222586e-01
4.863807999999999687e+00 2.517243900000000068e+01 3.564360906245886973e-01
4.868551000000000073e+00 2.465067199999999659e+01 3.633400662614846288e-01
4.873293999999999571e+00 2.474707500000000238e+01 3.756943580114026071e-01
4.878036999999999956e+00 2.512842799999999954e+01 3.915184768429326723e-01
4.882780000000000342e+00 2.521674300000000457e+01 4.065619785211843640e-01
4.887522999999999840e+00 2.547548000000000101e+01 4.247810171839485061e-01
4.892265000000000086e+00 2.503156900000000107e+01 4.390918683211407769e-01
4.897007999999999583e+00 2.528764100000000070e+01 4.619753469379074273e-01
4.901750999999999969e+00 2.462611700000000425e+01 4.793901461838154243e-01
4.906494000000000355e+00 2.531234599999999801e+01 5.139442964475333664e-01
4.911236999999999853e+00 2.527489800000000031e+01 5.468808618739002814e-01
4.915980000000000238e+00 2.517684999999999462e+01 5.864076068116528262e-01
4.920722999999999736e+00 2.557128599999999707e+01 6.426372104038949873e-01
4.925464999999999982e+00 2.602434300000000533e+01 7.168996371056273187e-01
4.930208000000000368e+00 2.589139400000000180e+01 8.109465026985750447e-01
4.934950999999999866e+00 2.633932699999999727e+01 9.680607910355268908e-01
4.939694000000000251e+00 2.386271999999999949e+01 1.189863440487861190e+00
4.944436999999999749e+00 8.938399099999999819e+00 1.261681505957006788e+00