# copyC
# Sample c= 0.0 mg/ml
#
# Number of frames collected: 10
# Exposure time per frame: 0.5
# No significant radiation damage detected, merging 10 files
# Merged from: /data/visitor/mx1905/bm29/20170412/Poker/1d/Sxl_10gs_217_00001.dat
# Merged from: /data/visitor/mx1905/bm29/20170412/Poker/1d/Sxl_10gs_217_00002.dat
# Merged from: /data/visitor/mx1905/bm29/20170412/Poker/1d/Sxl_10gs_217_00003.dat
# Merged from: /data/visitor/mx1905/bm29/20170412/Poker/1d/Sxl_10gs_217_00004.dat
# Merged from: /data/visitor/mx1905/bm29/20170412/Poker/1d/Sxl_10gs_217_00005.dat
# Merged from: /data/visitor/mx1905/bm29/20170412/Poker/1d/Sxl_10gs_217_00006.dat
# Merged from: /data/visitor/mx1905/bm29/20170412/Poker/1d/Sxl_10gs_217_00007.dat
# Merged from: /data/visitor/mx1905/bm29/20170412/Poker/1d/Sxl_10gs_217_00008.dat
# Merged from: /data/visitor/mx1905/bm29/20170412/Poker/1d/Sxl_10gs_217_00009.dat
# Merged from: /data/visitor/mx1905/bm29/20170412/Poker/1d/Sxl_10gs_217_00010.dat
#
# Sample Information:
# Storage Temperature (degrees C): 20.0
# Measurement Temperature (degrees C): 20.03
# Concentration: 0.0
# Code: 
3.082862000000000102e-02 6.225784999999999627e+02 8.436312919659393117e+00
3.557148999999999728e-02 1.187579099999999926e+03 4.804376387553539907e+00
4.031434999999999880e-02 1.148025200000000041e+03 3.111670088984692661e+00
4.505722000000000199e-02 8.966337999999999511e+02 1.955412035710622387e+00
4.980007999999999657e-02 6.118478900000000067e+02 1.446404077069240124e+00
5.454294999999999977e-02 4.368422600000000102e+02 1.149777580283152023e+00
5.928581000000000129e-02 3.185339900000000171e+02 9.333869608823608388e-01
6.402868000000000448e-02 2.482048400000000186e+02 7.855720667562398063e-01
6.877154000000000600e-02 1.996153200000000254e+02 6.767176400860627217e-01
7.351441000000000225e-02 1.617348600000000260e+02 5.869574248902981184e-01
7.825727999999999851e-02 1.334403399999999920e+02 5.132294861727937363e-01
8.300014000000000003e-02 1.135784400000000289e+02 4.583585782658376462e-01
8.774300999999999628e-02 9.865415199999998208e+01 4.144874428967540991e-01
9.248586999999999780e-02 8.716802599999999757e+01 3.786244165938325024e-01
9.722873999999999406e-02 7.729844800000000760e+01 3.461960285019023975e-01
1.019715999999999956e-01 6.964828700000001049e+01 3.202612248200677469e-01
1.067145000000000038e-01 6.426742799999999534e+01 3.002900424595619233e-01
1.114572999999999953e-01 5.890731999999999147e+01 2.809874361663201037e-01
1.162002000000000035e-01 5.465640799999999899e+01 2.647456348034996632e-01
1.209430999999999978e-01 5.133765800000001178e+01 2.511975373398284139e-01
1.256858999999999893e-01 4.882849900000000787e+01 2.400899246707474677e-01
1.304288000000000114e-01 4.652930200000000127e+01 2.298811012181886659e-01
1.351717000000000057e-01 4.408324699999999297e+01 2.195688728300036474e-01
1.399144999999999972e-01 4.199502299999999622e+01 2.104176741036712373e-01
1.446573999999999915e-01 4.068333700000000164e+01 2.035090015782306805e-01
1.494003000000000136e-01 3.929970400000000552e+01 1.966744674002827709e-01
1.541431000000000051e-01 3.821227000000000373e+01 1.910963515729612316e-01
1.588859999999999995e-01 3.723557800000000384e+01 1.856536671812523132e-01
1.636287999999999909e-01 3.614844899999999228e+01 1.801386743350036346e-01
1.683717000000000130e-01 3.521231900000000081e+01 1.751733166414368714e-01
1.731146000000000074e-01 3.447629400000000999e+01 1.708475281516302624e-01
1.778573999999999988e-01 3.394047299999999723e+01 1.671342080237827876e-01
1.826002999999999932e-01 3.308410700000000304e+01 1.627723858597419082e-01
1.873431999999999875e-01 3.270300300000000249e+01 1.596997319614003041e-01
1.920860000000000067e-01 3.214678299999999922e+01 1.562923957689694998e-01
1.968289000000000011e-01 3.177720200000000617e+01 1.534267435078399411e-01
2.015717999999999954e-01 3.137284200000000212e+01 1.505812488940429239e-01
2.063145999999999869e-01 3.075682800000000228e+01 1.473081993891371955e-01
2.110575000000000090e-01 3.048129599999999684e+01 1.447807809176283600e-01
2.158004000000000033e-01 3.041185900000000331e+01 1.429576857626266295e-01
2.205431999999999948e-01 3.020205599999999890e+01 1.408857685489574296e-01
2.252860999999999891e-01 2.991324999999999790e+01 1.386965551511222805e-01
2.300290000000000112e-01 2.957813299999999757e+01 1.364540538473635878e-01
2.347718000000000027e-01 2.950223599999999990e+01 1.348536753210312078e-01
2.395146999999999970e-01 2.908098000000000027e+01 1.325177071246133598e-01
2.442575999999999914e-01 2.903563899999999620e+01 1.310846942946536364e-01
2.490004000000000106e-01 2.879555799999999977e+01 1.292520938784939011e-01
2.537433000000000050e-01 2.860895800000000122e+01 1.275780949225920058e-01
2.584861999999999993e-01 2.838135600000000025e+01 1.258702854994382669e-01
2.632289999999999908e-01 2.838793899999999937e+01 1.247269312022796506e-01
2.679718999999999851e-01 2.817816699999999486e+01 1.231398627810486868e-01
2.727146999999999766e-01 2.795326299999999975e+01 1.215494353356941781e-01
2.774576000000000264e-01 2.791038400000000053e+01 1.204233234762867727e-01
2.822005000000000208e-01 2.782725499999999741e+01 1.192648049202500726e-01
2.869433000000000122e-01 2.770113100000000372e+01 1.179828034771741585e-01
2.916862000000000066e-01 2.759521399999999858e+01 1.167663815970615693e-01
2.964291000000000009e-01 2.752443500000000043e+01 1.156563974837198500e-01
3.011718999999999924e-01 2.746127800000000008e+01 1.145897769971588598e-01
3.059147999999999867e-01 2.719956799999999930e+01 1.131353769813995963e-01
3.106576999999999811e-01 2.724028500000000008e+01 1.123275442769590543e-01
3.154004999999999725e-01 2.711607300000000720e+01 1.112079302255374325e-01
3.201434000000000224e-01 2.725782499999999686e+01 1.106569906539107973e-01
3.248863000000000167e-01 2.701724600000000009e+01 1.093443041377140101e-01
3.296291000000000082e-01 2.695276099999999886e+01 1.084034004160007864e-01
3.343720000000000026e-01 2.692618800000000334e+01 1.075625252928737313e-01
3.391148999999999969e-01 2.708390799999999743e+01 1.082336787829971253e-01
3.438576999999999884e-01 2.713266700000000498e+01 1.097309967927841273e-01
3.486005999999999827e-01 2.697843400000000003e+01 1.122040521962473364e-01
3.533434999999999770e-01 2.705957599999999985e+01 1.144339473674975405e-01
3.580863000000000240e-01 2.670639600000000158e+01 1.150978971633248304e-01
3.628292000000000184e-01 2.665891599999999784e+01 1.161297607596920162e-01
3.675720000000000098e-01 2.684120199999999912e+01 1.174852053358889925e-01
3.723149000000000042e-01 2.670744400000000240e+01 1.180545921532737130e-01
3.770577999999999985e-01 2.661807200000000151e+01 1.186456293661983102e-01
3.818005999999999900e-01 2.664130100000000567e+01 1.193306856297205731e-01
3.865434999999999843e-01 2.671383400000000208e+01 1.200825705793084619e-01
3.912863999999999787e-01 2.652489000000000630e+01 1.201369906684839617e-01
3.960292000000000256e-01 2.672126799999999847e+01 1.210763649146595344e-01
4.007721000000000200e-01 2.665951100000000196e+01 1.214532905197742985e-01
4.055150000000000143e-01 2.668560799999999489e+01 1.257007650127611453e-01
4.102578000000000058e-01 2.668686400000000347e+01 1.289817253807875597e-01
4.150007000000000001e-01 2.662967699999999738e+01 1.316646900593872183e-01
4.197435999999999945e-01 2.652426500000000331e+01 1.334277299197070832e-01
4.244863999999999860e-01 2.650962400000000230e+01 1.355508215610027045e-01
4.292292999999999803e-01 2.654212899999999919e+01 1.377059306064775113e-01
4.339721999999999746e-01 2.658414599999999695e+01 1.399250184501116823e-01
4.387150000000000216e-01 2.654918900000000193e+01 1.418730084797242275e-01
4.434579000000000160e-01 2.651874999999999361e+01 1.438745962153889224e-01
4.482008000000000103e-01 2.660897599999999485e+01 1.465525898207479805e-01
4.529436000000000018e-01 2.638554099999999991e+01 1.483145550507771193e-01
4.576864999999999961e-01 2.650893599999999850e+01 1.502133649713799646e-01
4.624293999999999905e-01 2.646232200000000034e+01 1.513313695827243066e-01
4.671721999999999819e-01 2.660698099999999755e+01 1.509949609428380968e-01
4.719150999999999763e-01 2.651874099999999856e+01 1.448110185596351573e-01
4.766579000000000232e-01 2.607183100000000309e+01 1.408822223599666967e-01
4.814008000000000176e-01 2.625279199999999946e+01 1.395744611411528779e-01
4.861437000000000119e-01 2.626418699999999973e+01 1.382305922871927273e-01
4.908865000000000034e-01 2.621413599999999633e+01 1.369728877733341899e-01
4.956293999999999977e-01 2.643102300000000326e+01 1.365703139835495183e-01
5.003722999999999921e-01 2.623677700000000002e+01 1.352118884747557925e-01
5.051151000000000391e-01 2.618056999999999945e+01 1.343005258298741733e-01
5.098580000000000334e-01 2.627609499999999798e+01 1.338459050309948606e-01
5.146009000000000277e-01 2.611179400000000328e+01 1.327826125241057253e-01
5.193436999999999637e-01 2.617038500000000312e+01 1.323233021133250753e-01
5.240865999999999580e-01 2.616510899999999396e+01 1.317399943545413954e-01
5.288294999999999524e-01 2.632236100000000079e+01 1.315942381564436103e-01
5.335722999999999994e-01 2.618541700000000105e+01 1.304798167595187797e-01
5.383151999999999937e-01 2.623795199999999994e+01 1.296681861146923853e-01
5.430580999999999881e-01 2.606691699999999656e+01 1.283445820753723876e-01
5.478009000000000350e-01 2.611778899999999837e+01 1.276033659926151809e-01
5.525438000000000294e-01 2.614803299999999808e+01 1.268412231712675586e-01
5.572867000000000237e-01 2.609947899999999521e+01 1.259110353434574892e-01
5.620294999999999597e-01 2.603052400000000333e+01 1.249603916984722007e-01
5.667723999999999540e-01 2.594451699999999761e+01 1.239956834736923447e-01
5.715152000000000010e-01 2.612330999999999648e+01 1.236836570270720970e-01
5.762580999999999953e-01 2.620573799999999665e+01 1.231550243612829637e-01
5.810009999999999897e-01 2.621119299999999797e+01 1.224969555757868533e-01
5.857438000000000367e-01 2.633489800000000258e+01 1.224186167849032614e-01
5.904867000000000310e-01 2.610338800000000248e+01 1.215862967408140871e-01
5.952296000000000253e-01 2.605754900000000163e+01 1.211863210503330707e-01
5.999723999999999613e-01 2.601758399999999938e+01 1.209317609495470791e-01
6.047152999999999556e-01 2.584274100000000018e+01 1.202200233410058716e-01
6.094581999999999500e-01 2.602674499999999824e+01 1.202603578466757278e-01
6.142009999999999970e-01 2.609839599999999749e+01 1.202564498488920830e-01
6.189438999999999913e-01 2.598998000000000275e+01 1.196166426072647199e-01
6.236867999999999856e-01 2.608252600000000143e+01 1.195529588291862344e-01
6.284296000000000326e-01 2.605754900000000163e+01 1.192237866960733639e-01
6.331725000000000270e-01 2.599737000000000009e+01 1.188137490215038089e-01
6.379154000000000213e-01 2.619496099999999927e+01 1.189938435261060079e-01
6.426581999999999573e-01 2.605724400000000429e+01 1.184144392515486255e-01
6.474010999999999516e-01 2.613869700000000051e+01 1.183354738195656203e-01
6.521439999999999459e-01 2.596814499999999981e+01 1.176846002747912595e-01
6.568867999999999929e-01 2.593779200000000174e+01 1.173546610834380194e-01
6.616296999999999873e-01 2.586335100000000153e+01 1.169285688740429319e-01
6.663725999999999816e-01 2.586602300000000199e+01 1.166794850248324550e-01
6.711154000000000286e-01 2.616937800000000180e+01 1.171041919559470540e-01
6.758583000000000229e-01 2.591314200000000056e+01 1.162755312421697856e-01
6.806010999999999589e-01 2.596574000000000382e+01 1.161421842693833584e-01
6.853439999999999532e-01 2.581685699999999883e+01 1.155608893644969326e-01
6.900868999999999476e-01 2.597459500000000077e+01 1.156638913946837627e-01
6.948296999999999946e-01 2.602057100000000034e+01 1.155182950447188051e-01
6.995725999999999889e-01 2.592107599999999934e+01 1.150528153492555716e-01
7.043154999999999832e-01 2.564862400000000164e+01 1.142057066306207125e-01
7.090583000000000302e-01 2.598232900000000356e+01 1.147032091349483585e-01
7.138012000000000246e-01 2.589133899999999855e+01 1.142609706420674442e-01
7.185441000000000189e-01 2.584752400000000350e+01 1.139263550440656469e-01
7.232868999999999549e-01 2.584120299999999659e+01 1.136767259881348718e-01
7.280297999999999492e-01 2.589772800000000075e+01 1.135645229728501071e-01
7.327727000000000546e-01 2.586956599999999895e+01 1.132674786648696641e-01
7.375154999999999905e-01 2.576007800000000358e+01 1.127959897269942974e-01
7.422583999999999849e-01 2.591869999999999408e+01 1.129122033693896049e-01
7.470012999999999792e-01 2.603173899999999819e+01 1.129269313173323630e-01
7.517441000000000262e-01 2.578617599999999399e+01 1.121637326605003926e-01
7.564870000000000205e-01 2.596222999999999814e+01 1.123189007134703099e-01
7.612299000000000149e-01 2.594211899999999815e+01 1.120502644665379577e-01
7.659726999999999508e-01 2.573158500000000259e+01 1.113703265934198605e-01
7.707155999999999452e-01 2.589002700000000345e+01 1.114882213082413476e-01
7.754585000000000505e-01 2.590367800000000287e+01 1.112964909344234393e-01
7.802012999999999865e-01 2.575998500000000035e+01 1.108775521925899205e-01
7.849441999999999808e-01 2.588672400000000451e+01 1.108916002341895080e-01
7.896870000000000278e-01 2.579266700000000156e+01 1.103995739771363310e-01
7.944299000000000222e-01 2.582810599999999823e+01 1.102593565654035601e-01
7.991728000000000165e-01 2.580956700000000481e+01 1.100054129601802655e-01
8.039155999999999525e-01 2.581055800000000389e+01 1.097932135629675343e-01
8.086584999999999468e-01 2.591023400000000265e+01 1.097904112383012165e-01
8.134014000000000522e-01 2.601296800000000076e+01 1.097958093232733467e-01
8.181441999999999881e-01 2.589394300000000015e+01 1.094168797808135335e-01
8.228870999999999825e-01 2.597862199999999433e+01 1.093071686130616949e-01
8.276299999999999768e-01 2.584332100000000310e+01 1.088083316209213780e-01
8.323728000000000238e-01 2.562751200000000296e+01 1.081468954001648664e-01
8.371157000000000181e-01 2.581185300000000282e+01 1.083303972256799141e-01
8.418586000000000125e-01 2.579305800000000204e+01 1.080860809571491526e-01
8.466013999999999484e-01 2.567645399999999967e+01 1.076371373305212986e-01
8.513443000000000538e-01 2.589514699999999792e+01 1.078921088796201133e-01
8.560872000000000481e-01 2.579768999999999934e+01 1.074883825735879206e-01
8.608299999999999841e-01 2.583950700000000467e+01 1.073750545970217490e-01
8.655728999999999784e-01 2.581064500000000095e+01 1.071146419303677516e-01
8.703157999999999728e-01 2.567081699999999955e+01 1.066267610824332551e-01
8.750586000000000197e-01 2.583090999999999937e+01 1.067622158299096069e-01
8.798015000000000141e-01 2.589844400000000135e+01 1.067054628669108912e-01
8.845442999999999500e-01 2.571363399999999544e+01 1.061283522927506801e-01
8.892872000000000554e-01 2.579412100000000052e+01 1.061003711937540811e-01
8.940301000000000498e-01 2.593390499999999932e+01 1.061950012647770586e-01
8.987728999999999857e-01 2.588225699999999918e+01 1.058970907665899991e-01
9.035157999999999801e-01 2.567822600000000222e+01 1.052872069854866172e-01
9.082586999999999744e-01 2.557936499999999924e+01 1.048956444627711926e-01
9.130015000000000214e-01 2.556686599999999743e+01 1.046825850805720159e-01
9.177444000000000157e-01 2.562293999999999983e+01 1.046103821863365591e-01
9.224873000000000101e-01 2.566458599999999635e+01 1.045077987366000299e-01
9.272300999999999460e-01 2.580066599999999966e+01 1.045986890450463502e-01
9.319730000000000514e-01 2.582286099999999962e+01 1.044592395131546114e-01
9.367159000000000457e-01 2.559005800000000264e+01 1.038042499244279382e-01
9.414586999999999817e-01 2.564934399999999570e+01 1.037407185658427988e-01
9.462015999999999760e-01 2.587741300000000066e+01 1.040185192159569089e-01
9.509444999999999704e-01 2.566790899999999809e+01 1.034166472502246609e-01
9.556873000000000173e-01 2.567061199999999488e+01 1.032423902793978276e-01
9.604302000000000117e-01 2.583393099999999976e+01 1.033896601529814552e-01
9.651731000000000060e-01 2.571165599999999785e+01 1.029665957990245351e-01
9.699159000000000530e-01 2.571076500000000209e+01 1.027880763516420687e-01
9.746588000000000473e-01 2.569384900000000016e+01 1.025782808466353668e-01
9.794017000000000417e-01 2.560540999999999912e+01 1.022252625607305426e-01
9.841444999999999776e-01 2.549673699999999599e+01 1.018341290562609081e-01
9.888873999999999720e-01 2.578984099999999557e+01 1.022444960280918941e-01
9.936302000000000190e-01 2.557211900000000426e+01 1.016399354195736543e-01
9.983731000000000133e-01 2.551700600000000208e+01 1.013578737428316445e-01
1.003115999999999897e+00 2.551537400000000133e+01 1.011840903998326296e-01
1.007859000000000060e+00 2.562258399999999625e+01 1.012269534164740026e-01
1.012602000000000002e+00 2.570563200000000137e+01 1.012216756775034809e-01
1.017344999999999944e+00 2.549784599999999912e+01 1.006426470745359347e-01
1.022086999999999968e+00 2.569056199999999990e+01 1.008544373820929041e-01
1.026829999999999909e+00 2.569424000000000063e+01 1.006952126487555554e-01
1.031573000000000073e+00 2.567117900000000219e+01 1.004841884790258905e-01
1.036316000000000015e+00 2.574257200000000267e+01 1.004571677321165757e-01
1.041058999999999957e+00 2.559364099999999809e+01 1.000019232350678466e-01
1.045801999999999898e+00 2.568788999999999945e+01 1.000225800967581569e-01
1.050545000000000062e+00 2.564871899999999982e+01 9.978377615546327184e-02
1.055287000000000086e+00 2.562626799999999960e+01 9.957674647898775988e-02
1.060030000000000028e+00 2.562314600000000198e+01 9.940963300943325698e-02
1.064772999999999969e+00 2.571330999999999634e+01 9.942403396748847322e-02
1.069515999999999911e+00 2.570568700000000106e+01 9.924963024947901225e-02
1.074259000000000075e+00 2.560747699999999938e+01 9.889983881567350477e-02
1.079002000000000017e+00 2.543673300000000381e+01 9.841192114192112705e-02
1.083744999999999958e+00 2.545875999999999806e+01 9.831916750171962316e-02
1.088487999999999900e+00 2.556271299999999869e+01 9.838512862128859227e-02
1.093229999999999924e+00 2.563290299999999888e+01 9.832010844309774233e-02
1.097973000000000088e+00 2.556961899999999943e+01 9.804335627663253450e-02
1.102716000000000030e+00 2.538486400000000032e+01 9.753518705135187650e-02
1.107458999999999971e+00 2.553756800000000027e+01 9.767485344458981533e-02
1.112201999999999913e+00 2.561101899999999887e+01 9.766102271508936283e-02
1.116945000000000077e+00 2.566507000000000360e+01 9.761147370454817396e-02
1.121688000000000018e+00 2.572847499999999599e+01 9.758024096392876878e-02
1.126430000000000042e+00 2.564888900000000405e+01 9.727843310051514925e-02
1.131172999999999984e+00 2.556349700000000169e+01 9.696519179110306419e-02
1.135915999999999926e+00 2.548718399999999917e+01 9.667095180204962612e-02
1.140659000000000090e+00 2.569420400000000271e+01 9.691395014806175601e-02
1.145402000000000031e+00 2.552526899999999799e+01 9.644705590045296595e-02
1.150144999999999973e+00 2.552290299999999945e+01 9.629435403303976404e-02
1.154887999999999915e+00 2.559271100000000132e+01 9.627881623235300113e-02
1.159631000000000078e+00 2.549050400000000138e+01 9.594067650267586178e-02
1.164373000000000102e+00 2.558889699999999578e+01 9.598071692622638096e-02
1.169116000000000044e+00 2.563317400000000390e+01 9.598968525904541527e-02
1.173858999999999986e+00 2.535917200000000093e+01 9.530555432388659876e-02
1.178601999999999927e+00 2.558795600000000192e+01 9.554492798099645245e-02
1.183345000000000091e+00 2.540128100000000089e+01 9.505363476690567581e-02
1.188088000000000033e+00 2.555233499999999935e+01 9.519269503288999013e-02
1.192830999999999975e+00 2.560175699999999921e+01 9.514270750332629034e-02
1.197572999999999999e+00 2.536413599999999491e+01 9.455979242024697973e-02
1.202315999999999940e+00 2.530319899999999933e+01 9.430685644075832708e-02
1.207059000000000104e+00 2.563662599999999969e+01 9.509272347950130377e-02
1.211802000000000046e+00 2.569192699999999974e+01 9.831236349981166411e-02
1.216544999999999987e+00 2.562151599999999618e+01 1.002210857861647736e-01
1.221287999999999929e+00 2.560170800000000213e+01 1.016883438907621312e-01
1.226031000000000093e+00 2.541528100000000023e+01 1.025859990039727637e-01
1.230774000000000035e+00 2.562959199999999527e+01 1.041533677748127384e-01
1.235516000000000059e+00 2.561480999999999852e+01 1.051650105578842281e-01
1.240259000000000000e+00 2.559045999999999665e+01 1.060880163759776451e-01
1.245001999999999942e+00 2.547106899999999641e+01 1.067571536694436329e-01
1.249745000000000106e+00 2.548509799999999714e+01 1.076623479892826751e-01
1.254488000000000048e+00 2.539978199999999831e+01 1.083227580847298255e-01
1.259230999999999989e+00 2.536159900000000178e+01 1.087926796479101316e-01
1.263973999999999931e+00 2.559869400000000184e+01 1.095809426712765627e-01
1.268715999999999955e+00 2.560443899999999573e+01 1.098590100565465660e-01
1.273458999999999897e+00 2.551949300000000065e+01 1.078793730146968277e-01
1.278202000000000060e+00 2.585103000000000151e+01 1.045651574776201437e-01
1.282945000000000002e+00 2.558208900000000341e+01 1.020357433001700675e-01
1.287687999999999944e+00 2.544683500000000365e+01 1.003324249196001217e-01
1.292431000000000108e+00 2.543470200000000148e+01 9.915001088894494219e-02
1.297174000000000049e+00 2.557950900000000161e+01 9.844167662961708642e-02
1.301916000000000073e+00 2.558151299999999750e+01 9.757308359037600298e-02
1.306659000000000015e+00 2.567211700000000363e+01 9.696055337116893380e-02
1.311401999999999957e+00 2.559056400000000053e+01 9.609167663935258563e-02
1.316144999999999898e+00 2.563153399999999849e+01 9.550833348835430225e-02
1.320888000000000062e+00 2.569073999999999813e+01 9.514244715960326615e-02
1.325631000000000004e+00 2.550712199999999896e+01 9.455769218862841718e-02
1.330373999999999945e+00 2.554140599999999850e+01 9.439041658456963357e-02
1.335117000000000109e+00 2.549283099999999891e+01 9.408021684623499303e-02
1.339858999999999911e+00 2.552256399999999914e+01 9.392135937253517919e-02
1.344602000000000075e+00 2.555385299999999660e+01 9.377299351706118447e-02
1.349345000000000017e+00 2.548752099999999743e+01 9.345260051798934264e-02
1.354087999999999958e+00 2.541044799999999526e+01 9.311867789165931275e-02
1.358830999999999900e+00 2.545026000000000010e+01 9.300302210280803061e-02
1.363574000000000064e+00 2.544400399999999962e+01 9.280804058088015784e-02
1.368317000000000005e+00 2.554337600000000208e+01 9.280973392793720467e-02
1.373059000000000029e+00 2.548700000000000188e+01 9.253240286131178549e-02
1.377801999999999971e+00 2.535025800000000018e+01 9.211172487505649153e-02
1.382544999999999913e+00 2.546846399999999733e+01 9.215704103344572740e-02
1.387288000000000077e+00 2.550512499999999960e+01 9.205790371460996491e-02
1.392031000000000018e+00 2.533104500000000314e+01 9.158100575012811939e-02
1.396773999999999960e+00 2.551680699999999291e+01 9.175518742682345352e-02
1.401516999999999902e+00 2.562584199999999868e+01 9.179220489711802100e-02
1.406260000000000066e+00 2.538648399999999938e+01 9.120727345061356572e-02
1.411002000000000089e+00 2.547382099999999738e+01 9.121080224630578881e-02
1.415745000000000031e+00 2.545099500000000248e+01 9.101770129140648868e-02
1.420487999999999973e+00 2.545112399999999653e+01 9.086802962349904700e-02
1.425230999999999915e+00 2.541681000000000168e+01 9.065899236773482250e-02
1.429974000000000078e+00 2.545734100000000311e+01 9.058543034873323130e-02
1.434717000000000020e+00 2.544818400000000125e+01 9.042400477868528519e-02
1.439459999999999962e+00 2.532364399999999804e+01 9.005944343500740801e-02
1.444201999999999986e+00 2.545421999999999940e+01 9.014968840010485762e-02
1.448944999999999927e+00 2.546977100000000149e+01 9.003734076216432514e-02
1.453688000000000091e+00 2.538442600000000127e+01 8.974726324887238871e-02
1.458431000000000033e+00 2.539231400000000249e+01 8.962328171047520553e-02
1.463173999999999975e+00 2.520947299999999913e+01 8.918801996637495955e-02
1.467916999999999916e+00 2.525143000000000626e+01 8.912949015963235466e-02
1.472660000000000080e+00 2.545775899999999936e+01 8.933317991067485364e-02
1.477402000000000104e+00 2.550077099999999675e+01 8.927519782343190657e-02
1.482145000000000046e+00 2.525496500000000211e+01 8.871268486402381082e-02
1.486887999999999987e+00 2.534898000000000096e+01 8.874755223266556081e-02
1.491630999999999929e+00 2.536399599999999666e+01 8.864379273299738404e-02
1.496374000000000093e+00 2.548742000000000019e+01 8.872968371198219906e-02
1.501117000000000035e+00 2.565549199999999885e+01 8.893842663142856320e-02
1.505859999999999976e+00 2.555487599999999659e+01 9.035144662269775639e-02
1.510602999999999918e+00 2.536742899999999779e+01 9.255150470250822492e-02
1.515344999999999942e+00 2.559048000000000300e+01 9.449780874171739842e-02
1.520088000000000106e+00 2.566872599999999949e+01 9.588914569253706444e-02
1.524831000000000047e+00 2.541841900000000010e+01 9.650331105352757954e-02
1.529573999999999989e+00 2.545284200000000041e+01 9.732884866849192407e-02
1.534316999999999931e+00 2.561200199999999683e+01 9.491866904604753796e-02
1.539060000000000095e+00 2.564038099999999787e+01 9.349738669906448862e-02
1.543803000000000036e+00 2.545191500000000318e+01 9.217058995706223223e-02
1.548545000000000060e+00 2.552210500000000337e+01 9.133381310644431150e-02
1.553288000000000002e+00 2.557157899999999984e+01 9.061103108354247315e-02
1.558030999999999944e+00 2.541011999999999915e+01 8.956374658784993503e-02
1.562774000000000107e+00 2.542005199999999476e+01 8.868448501079599644e-02
1.567517000000000049e+00 2.536694999999999922e+01 8.777660955991350988e-02
1.572259999999999991e+00 2.551311199999999957e+01 8.751295882624469946e-02
1.577002999999999933e+00 2.541364700000000454e+01 8.699902076836726894e-02
1.581746000000000096e+00 2.538928599999999847e+01 8.678937609751841142e-02
1.586487999999999898e+00 2.542886200000000230e+01 8.687982662458240690e-02
1.591231000000000062e+00 2.542336900000000099e+01 8.698174851142222164e-02
1.595974000000000004e+00 2.534086100000000030e+01 8.694757634892130715e-02
1.600716999999999945e+00 2.535042899999999833e+01 8.703967082254678023e-02
1.605460000000000109e+00 2.533098999999999990e+01 8.689330149279804461e-02
1.610203000000000051e+00 2.530173500000000075e+01 8.669802968561972356e-02
1.614945999999999993e+00 2.539512099999999961e+01 8.671608063665700583e-02
1.619688000000000017e+00 2.536448399999999737e+01 8.652493508143591083e-02
1.624430999999999958e+00 2.545642799999999539e+01 8.654470775499793767e-02
1.629173999999999900e+00 2.531397299999999717e+01 8.616758655802889133e-02
1.633917000000000064e+00 2.530665700000000484e+01 8.602330653263683125e-02
1.638660000000000005e+00 2.542097400000000107e+01 8.608714614498670648e-02
1.643402999999999947e+00 2.535262699999999825e+01 8.584285595346882736e-02
1.648146000000000111e+00 2.545578999999999681e+01 8.588982021548711987e-02
1.652889000000000053e+00 2.522783400000000142e+01 8.537945542307880109e-02
1.657631000000000077e+00 2.524497400000000269e+01 8.528540847559094862e-02
1.662374000000000018e+00 2.533869000000000327e+01 8.532087856734774101e-02
1.667116999999999960e+00 2.524137100000000089e+01 8.503567263807523813e-02
1.671859999999999902e+00 2.536750400000000027e+01 8.512797474469599446e-02
1.676603000000000065e+00 2.533866299999999683e+01 8.496119183657030449e-02
1.681346000000000007e+00 2.533793600000000268e+01 8.484221548182721562e-02
1.686088999999999949e+00 2.529139299999999935e+01 8.464729567938127086e-02
1.690830999999999973e+00 2.520031800000000288e+01 8.437971143798726759e-02
1.695573999999999915e+00 2.525742100000000079e+01 8.436105024610825176e-02
1.700317000000000078e+00 2.534787999999999641e+01 8.439809110656650015e-02
1.705060000000000020e+00 2.541909599999999969e+01 8.440324915661304161e-02
1.709802999999999962e+00 2.523299700000000101e+01 8.398198592581208877e-02
1.714545999999999903e+00 2.525616600000000034e+01 8.390990351740432174e-02
1.719289000000000067e+00 2.531956900000000132e+01 8.390474767495699482e-02
1.724031000000000091e+00 2.534079900000000052e+01 8.382991515282475770e-02
1.728774000000000033e+00 2.533049499999999910e+01 8.370404916522197758e-02
1.733516999999999975e+00 2.515488700000000222e+01 8.330604966600625716e-02
1.738259999999999916e+00 2.527217600000000175e+01 8.339260003480705730e-02
1.743003000000000080e+00 2.531462800000000257e+01 8.335543537558123828e-02
1.747746000000000022e+00 2.536598400000000098e+01 8.333395113065442117e-02
1.752488999999999963e+00 2.522577800000000181e+01 8.299832619132568867e-02
1.757231999999999905e+00 2.539226000000000028e+01 8.316681944698138540e-02
1.761973999999999929e+00 2.544319499999999934e+01 8.314531410374670362e-02
1.766717000000000093e+00 2.533618700000000246e+01 8.286673755150374132e-02
1.771460000000000035e+00 2.531784299999999988e+01 8.273398563194209188e-02
1.776202999999999976e+00 2.534104899999999816e+01 8.270650915769145461e-02
1.780945999999999918e+00 2.525158199999999908e+01 8.246089525309739654e-02
1.785689000000000082e+00 2.525514799999999838e+01 8.232588994132039595e-02
1.790432000000000023e+00 2.532847899999999797e+01 8.234473272344078332e-02
1.795174000000000047e+00 2.527858900000000020e+01 8.216342178396662810e-02
1.799916999999999989e+00 2.530677299999999974e+01 8.210898340745305390e-02
1.804659999999999931e+00 2.533917400000000342e+01 8.206254700176811301e-02
1.809403000000000095e+00 2.532573599999999914e+01 8.194215086474787579e-02
1.814146000000000036e+00 2.515157199999999804e+01 8.156198168967819517e-02
1.818888999999999978e+00 2.522412199999999771e+01 8.158167602830307397e-02
1.823631999999999920e+00 2.537216100000000196e+01 8.172320032781633936e-02
1.828375000000000083e+00 2.530868000000000251e+01 8.152446088067434593e-02
1.833117000000000107e+00 2.516749599999999631e+01 8.120048429079965158e-02
1.837860000000000049e+00 2.523593699999999984e+01 8.121477117732586737e-02
1.842602999999999991e+00 2.520966999999999913e+01 8.107723249199680349e-02
1.847345999999999933e+00 2.517516799999999932e+01 8.092717665187140752e-02
1.852089000000000096e+00 2.513343300000000369e+01 8.083237892953912263e-02
1.856832000000000038e+00 2.534779699999999636e+01 8.102077796160377099e-02
1.861574999999999980e+00 2.521609900000000337e+01 8.071060300325974546e-02
1.866317000000000004e+00 2.521699500000000427e+01 8.061898148196428027e-02
1.871059999999999945e+00 2.515151999999999788e+01 8.042173461929555400e-02
1.875803000000000109e+00 2.526755200000000201e+01 8.051405818885544463e-02
1.880546000000000051e+00 2.527462000000000231e+01 8.043327863160994184e-02
1.885288999999999993e+00 2.528360599999999891e+01 8.035607373262647346e-02
1.890031999999999934e+00 2.524379900000000276e+01 8.020144959817185337e-02
1.894775000000000098e+00 2.531287900000000235e+01 8.021970446606120630e-02
1.899516999999999900e+00 2.519379599999999897e+01 7.994056901641619084e-02
1.904260000000000064e+00 2.520911500000000416e+01 7.987482197287328056e-02
1.909003000000000005e+00 2.516288099999999872e+01 7.971209685244140530e-02
1.913745999999999947e+00 2.529312300000000135e+01 7.982811350007779083e-02
1.918489000000000111e+00 2.510118299999999891e+01 7.943598797480710960e-02
1.923232000000000053e+00 2.516206499999999480e+01 7.944387431210603312e-02
1.927974999999999994e+00 2.521832300000000160e+01 7.944217479858227404e-02
1.932717999999999936e+00 2.517950199999999938e+01 7.923055916897342454e-02
1.937459999999999960e+00 2.506431100000000001e+01 7.886474411624880276e-02
1.942202999999999902e+00 2.523447799999999930e+01 7.891630613316742704e-02
1.946946000000000065e+00 2.530370300000000228e+01 7.883245590393274382e-02
1.951689000000000007e+00 2.521231200000000428e+01 7.853477920455878558e-02
1.956431999999999949e+00 2.520337400000000017e+01 7.843614813696234145e-02
1.961174999999999891e+00 2.517331400000000130e+01 7.830690917721756794e-02
1.965918000000000054e+00 2.516597500000000309e+01 7.821425009045410159e-02
1.970660000000000078e+00 2.511465899999999607e+01 7.809773570201188064e-02
1.975403000000000020e+00 2.505873399999999762e+01 7.798966621373949748e-02
1.980145999999999962e+00 2.513031499999999951e+01 7.812247566770269547e-02
1.984888999999999903e+00 2.518806900000000226e+01 7.823289792308794899e-02
1.989632000000000067e+00 2.512742200000000281e+01 7.815924066651810942e-02
1.994375000000000009e+00 2.508136000000000010e+01 7.805904349722522784e-02
1.999117999999999951e+00 2.520775300000000030e+01 7.814292272766484859e-02
2.003861000000000114e+00 2.519335299999999833e+01 7.803762866941178766e-02
2.008602999999999916e+00 2.517417000000000016e+01 7.792462101960521970e-02
2.013345999999999858e+00 2.533838999999999686e+01 7.878899530815328123e-02
2.018088999999999800e+00 2.521930199999999900e+01 8.089740657081165298e-02
2.022832000000000185e+00 2.519946000000000197e+01 8.220396558584627811e-02
2.027575000000000127e+00 2.517131099999999932e+01 8.319708886680830806e-02
2.032318000000000069e+00 2.507339399999999685e+01 8.392545112164903620e-02
2.037061000000000011e+00 2.515484000000000364e+01 8.486176187067648313e-02
2.041802999999999813e+00 2.509602800000000045e+01 8.548083549047119645e-02
2.046546000000000198e+00 2.495825699999999614e+01 8.563559552238367290e-02
2.051289000000000140e+00 2.493884899999999760e+01 8.586522348393556270e-02
2.056032000000000082e+00 2.490238000000000085e+01 8.604563552017092942e-02
2.060775000000000023e+00 2.489527100000000104e+01 8.626067246012633638e-02
2.065517999999999965e+00 2.508858599999999939e+01 8.680901297589899146e-02
2.070260999999999907e+00 2.502002799999999993e+01 8.689256620032694001e-02
2.075003000000000153e+00 2.482966099999999798e+01 8.675262276311362930e-02
2.079746000000000095e+00 2.508760000000000190e+01 8.510646002923397124e-02
2.084489000000000036e+00 2.500181399999999599e+01 8.280254339485532133e-02
2.089231999999999978e+00 2.501176900000000103e+01 8.163455788610238240e-02
2.093974999999999920e+00 2.507113100000000117e+01 8.083551213588864581e-02
2.098717999999999861e+00 2.513824100000000072e+01 8.020439045760649477e-02
2.103460999999999803e+00 2.504943400000000153e+01 7.942680313402397663e-02
2.108204000000000189e+00 2.506874599999999731e+01 7.901564665782152830e-02
2.112945999999999991e+00 2.513450499999999721e+01 7.890885775827578830e-02
2.117688999999999933e+00 2.505831299999999828e+01 7.859848389472089136e-02
2.122431999999999874e+00 2.512881600000000049e+01 7.853071216533058507e-02
2.127174999999999816e+00 2.511958200000000119e+01 7.834998196947591531e-02
2.131918000000000202e+00 2.506166999999999945e+01 7.810231258995023462e-02
2.136661000000000143e+00 2.502061199999999985e+01 7.788882118266329813e-02
2.141404000000000085e+00 2.503876999999999953e+01 7.777362098041147587e-02
2.146145999999999887e+00 2.504092699999999994e+01 7.763970227462815843e-02
2.150888999999999829e+00 2.480904500000000112e+01 7.714733768121490032e-02
2.155632000000000215e+00 2.496758000000000166e+01 7.726598898623183997e-02
2.160375000000000156e+00 2.500489499999999765e+01 7.719922635556394908e-02
2.165118000000000098e+00 2.505902000000000029e+01 7.716203724670894770e-02
2.169861000000000040e+00 2.500284300000000215e+01 7.695828716541189274e-02
2.174603999999999981e+00 2.498729799999999912e+01 7.681980973665321344e-02
2.179346999999999923e+00 2.506362199999999874e+01 7.682445106413191005e-02
2.184089000000000169e+00 2.494025900000000107e+01 7.652571412960287867e-02
2.188832000000000111e+00 2.499312599999999662e+01 7.649939139639803931e-02
2.193575000000000053e+00 2.503772400000000076e+01 7.646197127826551143e-02
2.198317999999999994e+00 2.497528099999999540e+01 7.626267246926048127e-02
2.203060999999999936e+00 2.494615599999999844e+01 7.611607042975090942e-02
2.207803999999999878e+00 2.499593200000000337e+01 7.609204450611115056e-02
2.212546999999999819e+00 2.505301199999999540e+01 7.607985867123769064e-02
2.217289000000000065e+00 2.499079400000000106e+01 7.588753152861343887e-02
2.222032000000000007e+00 2.491257999999999839e+01 7.567264860776448665e-02
2.226774999999999949e+00 2.491320800000000091e+01 7.557875765971745763e-02
2.231517999999999891e+00 2.503634199999999765e+01 7.567162171993277453e-02
2.236260999999999832e+00 2.486542200000000236e+01 7.532000772576899483e-02
2.241004000000000218e+00 2.499324399999999713e+01 7.542178551920460106e-02
2.245747000000000160e+00 2.502934499999999929e+01 7.538557535176937385e-02
2.250490000000000101e+00 2.493806300000000320e+01 7.515845928340533777e-02
2.255231999999999903e+00 2.493288799999999839e+01 7.506157166245122636e-02
2.259974999999999845e+00 2.496668500000000179e+01 7.502449466078595086e-02
2.264717999999999787e+00 2.495058099999999612e+01 7.491343640569628204e-02
2.269461000000000173e+00 2.489089999999999847e+01 7.473763391742008211e-02
2.274204000000000114e+00 2.484511700000000545e+01 7.458305279827515122e-02
2.278947000000000056e+00 2.488344999999999985e+01 7.455580733196441601e-02
2.283689999999999998e+00 2.489700300000000155e+01 7.449204314825644269e-02
2.288431999999999800e+00 2.486896399999999829e+01 7.436694289629633414e-02
2.293175000000000185e+00 2.487268300000000210e+01 7.428950331367481508e-02
2.297918000000000127e+00 2.492986900000000006e+01 7.429260481677836536e-02
2.302661000000000069e+00 2.492580199999999735e+01 7.420496551282063091e-02
2.307404000000000011e+00 2.490763099999999852e+01 7.409719844547363321e-02
2.312146999999999952e+00 2.489706500000000133e+01 7.400065683326061128e-02
2.316889999999999894e+00 2.500682999999999723e+01 7.408330936627560703e-02
2.321632000000000140e+00 2.489274499999999790e+01 7.383518769348526578e-02
2.326375000000000082e+00 2.490719899999999853e+01 7.377783183143091228e-02
2.331118000000000023e+00 2.490345299999999895e+01 7.369340986055536447e-02
2.335860999999999965e+00 2.500201899999999711e+01 7.376125277614595244e-02
2.340603999999999907e+00 2.496386599999999945e+01 7.362732093967021274e-02
2.345346999999999849e+00 2.502152300000000551e+01 7.363539814156708219e-02
2.350089999999999790e+00 2.492446900000000198e+01 7.341571647458056127e-02
2.354833000000000176e+00 2.498843900000000318e+01 7.343331272421596556e-02
2.359574999999999978e+00 2.497935600000000278e+01 7.334455219694506478e-02
2.364317999999999920e+00 2.491259600000000063e+01 7.317117975975240274e-02
2.369060999999999861e+00 2.484795699999999741e+01 7.300123911811427779e-02
2.373803999999999803e+00 2.484408800000000284e+01 7.292122279600157797e-02
2.378547000000000189e+00 2.473439799999999877e+01 7.268613324246241125e-02
2.383290000000000131e+00 2.469162800000000146e+01 7.255009566157510914e-02
2.388033000000000072e+00 2.490678299999999723e+01 7.279191875459253835e-02
2.392774999999999874e+00 2.482949100000000087e+01 7.260583960807698300e-02
2.397517999999999816e+00 2.470063099999999778e+01 7.234496285727569365e-02
2.402261000000000202e+00 2.472443799999999925e+01 7.230827094095529373e-02
2.407004000000000143e+00 2.480063700000000182e+01 7.234735475597570131e-02
2.411747000000000085e+00 2.477772900000000078e+01 7.224249298848565981e-02
2.416490000000000027e+00 2.493272299999999930e+01 7.239692558306118353e-02
2.421232999999999969e+00 2.484238400000000269e+01 7.219488669778559298e-02
2.425975999999999910e+00 2.496559900000000098e+01 7.230259077716372218e-02
2.430718000000000156e+00 2.490076899999999682e+01 7.213823121425629037e-02
2.435461000000000098e+00 2.486269199999999913e+01 7.201347525617410317e-02
2.440204000000000040e+00 2.486994999999999578e+01 7.197979998701789506e-02
2.444946999999999981e+00 2.480044999999999789e+01 7.178435222775572666e-02
2.449689999999999923e+00 2.492304799999999787e+01 7.189208112430464648e-02
2.454432999999999865e+00 2.488826299999999847e+01 7.177326251453601536e-02
2.459175999999999807e+00 2.493534100000000109e+01 7.177274502048253124e-02
2.463918000000000053e+00 2.485743400000000491e+01 7.159177270915911828e-02
2.468660999999999994e+00 2.482012200000000135e+01 7.147030565725670526e-02
2.473403999999999936e+00 2.488643599999999978e+01 7.149789645936935334e-02
2.478146999999999878e+00 2.484499199999999774e+01 7.137103511935076472e-02
2.482889999999999819e+00 2.473868099999999615e+01 7.115110808406781284e-02
2.487633000000000205e+00 2.473830499999999688e+01 7.108379621016594485e-02
2.492376000000000147e+00 2.474519899999999950e+01 7.102732731874823735e-02
2.497117999999999949e+00 2.481745500000000249e+01 7.106450456728449772e-02
2.501860999999999891e+00 2.482528999999999542e+01 7.100966964882036991e-02
2.506603999999999832e+00 2.475093799999999788e+01 7.083742609767665344e-02
2.511347000000000218e+00 2.467023300000000319e+01 7.065493487713933596e-02
2.516090000000000160e+00 2.474775099999999739e+01 7.064611282227069300e-02
2.520833000000000101e+00 2.472377399999999881e+01 7.046727448278031214e-02
2.525576000000000043e+00 2.481848200000000304e+01 7.045852331868018847e-02
2.530318999999999985e+00 2.476139599999999774e+01 7.026226009296029917e-02
2.535060999999999787e+00 2.470147000000000048e+01 7.011306178888782048e-02
2.539804000000000173e+00 2.469277500000000103e+01 7.003715101817249711e-02
2.544547000000000114e+00 2.472373400000000387e+01 7.001848237921041995e-02
2.549290000000000056e+00 2.466264199999999818e+01 6.986912455851869430e-02
2.554032999999999998e+00 2.488195300000000287e+01 7.011673728781737946e-02
2.558775999999999939e+00 2.493142399999999981e+01 7.012356304941727569e-02
2.563518999999999881e+00 2.485494699999999924e+01 6.995622212974983434e-02
2.568261000000000127e+00 2.470929399999999987e+01 6.974505092485200342e-02
2.573004000000000069e+00 2.464221400000000273e+01 6.966636725090522009e-02
2.577747000000000011e+00 2.466548799999999986e+01 6.971457294373681335e-02
2.582489999999999952e+00 2.468379699999999843e+01 6.972146088069297587e-02
2.587232999999999894e+00 2.482793099999999953e+01 6.986300718626989315e-02
2.591975999999999836e+00 2.480837899999999863e+01 6.977359828700394062e-02
2.596719000000000221e+00 2.473996299999999593e+01 6.961567139343483035e-02
2.601462000000000163e+00 2.478707399999999694e+01 6.962045809832048682e-02
2.606203999999999965e+00 2.481742999999999810e+01 6.960199755181169234e-02
2.610946999999999907e+00 2.471804799999999958e+01 6.940155406493790646e-02
2.615689999999999849e+00 2.470960600000000085e+01 6.932886754035796906e-02
2.620432999999999790e+00 2.479853600000000213e+01 6.939274341040208016e-02
2.625176000000000176e+00 2.473687499999999773e+01 6.924615958398559756e-02
2.629919000000000118e+00 2.467944599999999511e+01 6.910567372296214095e-02
2.634662000000000059e+00 2.478102899999999664e+01 6.920246824823736431e-02
2.639403999999999861e+00 2.481866799999999884e+01 6.920712390673448844e-02
2.644146999999999803e+00 2.480380899999999755e+01 6.910378725264194888e-02
2.648890000000000189e+00 2.472383199999999448e+01 6.892878460798508578e-02
2.653633000000000131e+00 2.476106800000000163e+01 6.893171723643985727e-02
2.658376000000000072e+00 2.468747400000000169e+01 6.877174511744267582e-02
2.663119000000000014e+00 2.477835400000000021e+01 6.882733550387810928e-02
2.667861999999999956e+00 2.470562100000000072e+01 6.866724055510459168e-02
2.672604999999999897e+00 2.466644900000000007e+01 6.855416092479652002e-02
2.677347000000000143e+00 2.484973199999999949e+01 6.874994958411605184e-02
2.682090000000000085e+00 2.483696199999999976e+01 6.867391714434090133e-02
2.686833000000000027e+00 2.478599299999999772e+01 6.854542437266326893e-02
2.691575999999999969e+00 2.474731600000000142e+01 6.843379464623235153e-02
2.696318999999999910e+00 2.465084500000000034e+01 6.824255188104047520e-02
2.701061999999999852e+00 2.460153999999999996e+01 6.811700938596321198e-02
2.705804999999999794e+00 2.466540399999999877e+01 6.814799984715252945e-02
2.710547000000000040e+00 2.477775700000000114e+01 6.824559876813596215e-02
2.715289999999999981e+00 2.476941699999999713e+01 6.817716892527145300e-02
2.720032999999999923e+00 2.468238699999999852e+01 6.800053313038287306e-02
2.724775999999999865e+00 2.482339500000000143e+01 6.813763746200554583e-02
2.729518999999999807e+00 2.464884999999999948e+01 6.784088774946270273e-02
2.734262000000000192e+00 2.462996700000000061e+01 6.775866659048199181e-02
2.739005000000000134e+00 2.466254799999999747e+01 6.774732356873960915e-02
2.743746999999999936e+00 2.469554199999999966e+01 6.773642736539033093e-02
2.748489999999999878e+00 2.467347999999999786e+01 6.765040319555086501e-02
2.753232999999999819e+00 2.470891299999999546e+01 6.764316842106525562e-02
2.757976000000000205e+00 2.465830399999999756e+01 6.751836393843974049e-02
2.762719000000000147e+00 2.461328699999999969e+01 6.740122935871051268e-02
2.767462000000000089e+00 2.465169300000000163e+01 6.739845191198608199e-02
2.772205000000000030e+00 2.474108999999999980e+01 6.746549066513932158e-02
2.776947999999999972e+00 2.465759399999999957e+01 6.729662184785725754e-02
2.781690000000000218e+00 2.468896200000000007e+01 6.728449288422927443e-02
2.786433000000000160e+00 2.466110900000000328e+01 6.719175715845135399e-02
2.791176000000000101e+00 2.467564100000000238e+01 6.715701454506148305e-02
2.795919000000000043e+00 2.468363000000000085e+01 6.711368065083973822e-02
2.800661999999999985e+00 2.467577499999999802e+01 6.706398309552825954e-02
2.805404999999999927e+00 2.462279499999999643e+01 6.692811344206632540e-02
2.810147999999999868e+00 2.468812700000000149e+01 6.699474148801382034e-02
2.814890000000000114e+00 2.473110800000000253e+01 6.700787054972125178e-02
2.819633000000000056e+00 2.479375600000000190e+01 6.833603001511354136e-02
2.824375999999999998e+00 2.467411500000000046e+01 6.960190194232410144e-02
2.829118999999999939e+00 2.471987899999999883e+01 7.056681631756742124e-02
2.833861999999999881e+00 2.458877299999999622e+01 7.111421292991647325e-02
2.838604999999999823e+00 2.458797599999999406e+01 7.173516846659802604e-02
2.843348000000000209e+00 2.470824999999999960e+01 7.221365139883594020e-02
2.848091000000000150e+00 2.469033900000000159e+01 7.240660101248297398e-02
2.852832999999999952e+00 2.471042999999999878e+01 7.264737381771826930e-02
2.857575999999999894e+00 2.468376900000000163e+01 7.280323728341137057e-02
2.862318999999999836e+00 2.458242200000000111e+01 7.283493962354881113e-02
2.867062000000000221e+00 2.464039100000000104e+01 7.309163406792804074e-02
2.871805000000000163e+00 2.459370099999999937e+01 7.318345746528924500e-02
2.876548000000000105e+00 2.450042300000000139e+01 7.319692233570888884e-02
2.881291000000000047e+00 2.469490400000000108e+01 7.328825302368655037e-02
2.886032999999999848e+00 2.482065700000000064e+01 7.137973055316614024e-02
2.890775999999999790e+00 2.473241300000000109e+01 7.013270838248442107e-02
2.895519000000000176e+00 2.465222199999999830e+01 6.926260562041973434e-02
2.900262000000000118e+00 2.467987500000000267e+01 6.870208594982323003e-02
2.905005000000000059e+00 2.472420499999999777e+01 6.839332757387668604e-02
2.909748000000000001e+00 2.462612800000000135e+01 6.807871770729821692e-02
2.914490999999999943e+00 2.464151400000000081e+01 6.794053444831663069e-02
2.919233000000000189e+00 2.468638399999999677e+01 6.785755399350465455e-02
2.923976000000000131e+00 2.465364100000000036e+01 6.767938757620593770e-02
2.928719000000000072e+00 2.466142599999999874e+01 6.756645155798327029e-02
2.933462000000000014e+00 2.464642300000000219e+01 6.742939575933779017e-02
2.938204999999999956e+00 2.465851900000000185e+01 6.733556943680582552e-02
2.942947999999999897e+00 2.471351699999999951e+01 6.730615559902526635e-02
2.947690999999999839e+00 2.467989899999999892e+01 6.716030510589718339e-02
2.952433999999999781e+00 2.454792799999999531e+01 6.689219985562142035e-02
2.957176000000000027e+00 2.472709100000000149e+01 6.704952391933517719e-02
2.961918999999999969e+00 2.468178900000000198e+01 6.688499569469075201e-02
2.966661999999999910e+00 2.458960099999999827e+01 6.667348544482656902e-02
2.971404999999999852e+00 2.461701799999999807e+01 6.662654838626941300e-02
2.976147999999999794e+00 2.463520900000000324e+01 6.656919363901818432e-02
2.980891000000000179e+00 2.455254699999999701e+01 6.637766128285629841e-02
2.985634000000000121e+00 2.459350200000000441e+01 6.635500995005048919e-02
2.990375999999999923e+00 2.466577400000000253e+01 6.639340876124451285e-02
2.995118999999999865e+00 2.454084799999999689e+01 6.613607998705320346e-02
2.999861999999999806e+00 2.453868899999999798e+01 6.605684370474947109e-02
3.004605000000000192e+00 2.451781000000000432e+01 6.595675975215049835e-02
3.009348000000000134e+00 2.458092100000000002e+01 6.597091521430788197e-02
3.014091000000000076e+00 2.467716200000000271e+01 6.604985321242734519e-02
3.018834000000000017e+00 2.459317399999999765e+01 6.584881168276843222e-02
3.023576999999999959e+00 2.463013400000000175e+01 6.583065348943986650e-02
3.028319000000000205e+00 2.448763800000000046e+01 6.557312495943976027e-02
3.033062000000000147e+00 2.459627099999999800e+01 6.565232609699675481e-02
3.037805000000000089e+00 2.455407499999999743e+01 6.553106930122078178e-02
3.042548000000000030e+00 2.462497200000000319e+01 6.556143422673729737e-02
3.047290999999999972e+00 2.457878099999999932e+01 6.543628663137832091e-02
3.052033999999999914e+00 2.451684900000000056e+01 6.529076297155823883e-02
3.056776999999999855e+00 2.458321199999999962e+01 6.531706748853702282e-02
3.061519000000000101e+00 2.453639099999999829e+01 6.519302718002976949e-02
3.066262000000000043e+00 2.454141299999999859e+01 6.513870204914432027e-02
3.071004999999999985e+00 2.467360000000000042e+01 6.526650036370419683e-02
3.075747999999999927e+00 2.472751200000000082e+01 6.528066542646912551e-02
3.080490999999999868e+00 2.456612400000000207e+01 6.500102470516908038e-02
3.085233999999999810e+00 2.457960600000000184e+01 6.495048455399697607e-02
3.089977000000000196e+00 2.459919300000000675e+01 6.493626632594609593e-02
3.094720000000000137e+00 2.457201999999999842e+01 6.482488173629474826e-02
3.099461999999999939e+00 2.458284800000000203e+01 6.478086233652650960e-02
3.104204999999999881e+00 2.451784200000000169e+01 6.463788820588818596e-02
3.108947999999999823e+00 2.458708700000000036e+01 6.467213159755677565e-02
3.113691000000000209e+00 2.468263499999999766e+01 6.474136085844967026e-02
3.118434000000000150e+00 2.458973399999999998e+01 6.456348292555320889e-02
3.123177000000000092e+00 2.455386700000000033e+01 6.446067935944206628e-02
3.127920000000000034e+00 2.458295299999999983e+01 6.444339935667423025e-02
3.132661999999999836e+00 2.441353399999999851e+01 6.416622681647488058e-02
3.137405000000000221e+00 2.446565300000000320e+01 6.418034388157561887e-02
3.142148000000000163e+00 2.446475099999999969e+01 6.412470292551927797e-02
3.146891000000000105e+00 2.453721300000000127e+01 6.417369123427994759e-02
3.151634000000000047e+00 2.454147599999999585e+01 6.412798369371829066e-02
3.156376999999999988e+00 2.461588399999999766e+01 6.416151628937707962e-02
3.161119999999999930e+00 2.463714499999999674e+01 6.413631002129058234e-02
3.165862000000000176e+00 2.460941600000000307e+01 6.409186695092443375e-02
3.170605000000000118e+00 2.451932700000000054e+01 6.390533035563231157e-02
3.175348000000000059e+00 2.450943099999999930e+01 6.381202661332031900e-02
3.180091000000000001e+00 2.464201399999999609e+01 6.393210716577235608e-02
3.184833999999999943e+00 2.454952800000000224e+01 6.376029143915984410e-02
3.189576999999999884e+00 2.460092900000000071e+01 6.377539867524467665e-02
3.194319999999999826e+00 2.452841099999999841e+01 6.361142175703668467e-02
3.199063000000000212e+00 2.457526800000000122e+01 6.355541671928680025e-02
3.203805000000000014e+00 2.463985800000000026e+01 6.352094764527603521e-02
3.208547999999999956e+00 2.456654200000000188e+01 6.334855694467475540e-02
3.213290999999999897e+00 2.457803100000000285e+01 6.331326765414102553e-02
3.218033999999999839e+00 2.457860299999999754e+01 6.326419806404882940e-02
3.222776999999999781e+00 2.457884900000000172e+01 6.321505617298936452e-02
3.227520000000000167e+00 2.454986699999999900e+01 6.312846536856411839e-02
3.232263000000000108e+00 2.449904799999999838e+01 6.301404366770316234e-02
3.237004999999999910e+00 2.457903099999999696e+01 6.306810067449789003e-02
3.241747999999999852e+00 2.461262100000000430e+01 6.306221167405486050e-02
3.246490999999999794e+00 2.449871000000000265e+01 6.286777388449188431e-02
3.251234000000000179e+00 2.450024300000000110e+01 6.283913873300858710e-02
3.255977000000000121e+00 2.449941500000000261e+01 6.285416572850839600e-02
3.260720000000000063e+00 2.447333500000000228e+01 6.283850676809403513e-02
3.265463000000000005e+00 2.450664099999999834e+01 6.285872394709901556e-02
3.270205999999999946e+00 2.450172299999999836e+01 6.280472916195482813e-02
3.274948000000000192e+00 2.456923099999999849e+01 6.284295280450545584e-02
3.279691000000000134e+00 2.465703599999999796e+01 6.290726332228654960e-02
3.284434000000000076e+00 2.452217499999999717e+01 6.268765261239808706e-02
3.289177000000000017e+00 2.445316899999999549e+01 6.255214136220918486e-02
3.293919999999999959e+00 2.447321500000000327e+01 6.253033900381238519e-02
3.298662999999999901e+00 2.455215600000000009e+01 6.258426530314707692e-02
3.303405999999999842e+00 2.459677099999999683e+01 6.259428837673849944e-02
3.308148000000000089e+00 2.462343899999999763e+01 6.258137896964557911e-02
3.312891000000000030e+00 2.457750600000000318e+01 6.247621950284844294e-02
3.317633999999999972e+00 2.460703099999999921e+01 6.246729430675464212e-02
3.322376999999999914e+00 2.449970300000000023e+01 6.228563776464683677e-02
3.327119999999999855e+00 2.464336800000000238e+01 6.243738875147887557e-02
3.331862999999999797e+00 2.463434500000000327e+01 6.236330060671900488e-02
3.336606000000000183e+00 2.453011700000000062e+01 6.218549598578997084e-02
3.341347999999999985e+00 2.454246999999999801e+01 6.215543093155898730e-02
3.346090999999999926e+00 2.452221000000000117e+01 6.208440251812043925e-02
3.350833999999999868e+00 2.452139099999999772e+01 6.203759790601744845e-02
3.355576999999999810e+00 2.461680199999999985e+01 6.211294788422218327e-02
3.360320000000000196e+00 2.454727799999999860e+01 6.198016762623105580e-02
3.365063000000000137e+00 2.447668300000000130e+01 6.184599126045842166e-02
3.369806000000000079e+00 2.459327499999999844e+01 6.194819653123648934e-02
3.374549000000000021e+00 2.458897199999999827e+01 6.189783093320718604e-02
3.379290999999999823e+00 2.472874399999999895e+01 6.271901826479030218e-02
3.384034000000000209e+00 2.459052399999999849e+01 6.401120763053294582e-02
3.388777000000000150e+00 2.458198499999999598e+01 6.484613775062166019e-02
3.393520000000000092e+00 2.460811299999999946e+01 6.554906214042958978e-02
3.398263000000000034e+00 2.451714099999999874e+01 6.582352770405046349e-02
3.403005999999999975e+00 2.443687899999999757e+01 6.589294823441352311e-02
3.407748999999999917e+00 2.439979399999999643e+01 6.580893002878865361e-02
3.412491000000000163e+00 2.448787999999999698e+01 6.596390443750810295e-02
3.417234000000000105e+00 2.448045900000000330e+01 6.612953245193632645e-02
3.421977000000000046e+00 2.446050699999999622e+01 6.626240883673109594e-02
3.426719999999999988e+00 2.450386200000000159e+01 6.645632938892578889e-02
3.431462999999999930e+00 2.456661500000000231e+01 6.668014446604327017e-02
3.436205999999999872e+00 2.447462200000000365e+01 6.669919154573089592e-02
3.440948999999999813e+00 2.447214199999999806e+01 6.681689217272454573e-02
3.445692000000000199e+00 2.444550800000000024e+01 6.691226668354614826e-02
3.450434000000000001e+00 2.453430499999999626e+01 6.712700018028065763e-02
3.455176999999999943e+00 2.456582100000000324e+01 6.728018884398959121e-02
3.459919999999999884e+00 2.458449900000000099e+01 6.741144138163343569e-02
3.464662999999999826e+00 2.456936999999999927e+01 6.749256660516253503e-02
3.469406000000000212e+00 2.460719099999999671e+01 6.764308869251905998e-02
3.474149000000000154e+00 2.449900399999999578e+01 6.758931009571852999e-02
3.478892000000000095e+00 2.439198899999999881e+01 6.753385801630171215e-02
3.483633999999999897e+00 2.443249399999999838e+01 6.767896770812480145e-02
3.488376999999999839e+00 2.449419700000000333e+01 6.785099342616804363e-02
3.493119999999999781e+00 2.447623100000000207e+01 6.791037325324533747e-02
3.497863000000000167e+00 2.451027600000000106e+01 6.803990932180023488e-02
3.502606000000000108e+00 2.450435400000000286e+01 6.811190751763011864e-02
3.507349000000000050e+00 2.454164600000000007e+01 6.824134643444323967e-02
3.512091999999999992e+00 2.450682899999999975e+01 6.826914092005040291e-02
3.516833999999999794e+00 2.453051300000000268e+01 6.837643193755506277e-02
3.521577000000000179e+00 2.445392700000000019e+01 6.834183022548122322e-02
3.526320000000000121e+00 2.447000699999999895e+01 6.843502089321081006e-02
3.531063000000000063e+00 2.446574800000000138e+01 6.849842931351930730e-02
3.535806000000000004e+00 2.459902100000000047e+01 6.875293726508344139e-02
3.540548999999999946e+00 2.456166699999999992e+01 6.876678752924336724e-02
3.545291999999999888e+00 2.441670799999999986e+01 6.862888386412677177e-02
3.550034999999999830e+00 2.454395400000000294e+01 6.887142653422244354e-02
3.554777000000000076e+00 2.450464399999999543e+01 6.887873702429510303e-02
3.559520000000000017e+00 2.443616500000000613e+01 6.884370146407511881e-02
3.564262999999999959e+00 2.439991999999999805e+01 6.885262669187501572e-02
3.569005999999999901e+00 2.448182999999999865e+01 6.904067751171480416e-02
3.573748999999999842e+00 2.462960699999999648e+01 6.932704975273504266e-02
3.578491999999999784e+00 2.449530199999999880e+01 6.916157197179081950e-02
3.583235000000000170e+00 2.449738599999999877e+01 6.922070090653950625e-02
3.587976999999999972e+00 2.453266099999999739e+01 6.930195693100014986e-02
3.592719999999999914e+00 2.450388399999999933e+01 6.920736183145330400e-02
3.597462999999999855e+00 2.453346300000000113e+01 6.918748934229149161e-02
3.602205999999999797e+00 2.443848600000000104e+01 6.899222963107873308e-02
3.606949000000000183e+00 2.448798900000000245e+01 6.900142243575344003e-02
3.611692000000000125e+00 2.442853500000000011e+01 6.890802526422085128e-02
3.616435000000000066e+00 2.463831200000000266e+01 6.927237392410771910e-02
3.621178000000000008e+00 2.473560399999999859e+01 7.024808957465890347e-02
3.625919999999999810e+00 2.448940699999999993e+01 7.239673074362265592e-02
3.630663000000000196e+00 2.460540299999999903e+01 7.398112836001895232e-02
3.635406000000000137e+00 2.450597700000000145e+01 7.488532594217107985e-02
3.640149000000000079e+00 2.444872300000000109e+01 7.557324817079717760e-02
3.644892000000000021e+00 2.455632200000000154e+01 7.625728423534566813e-02
3.649634999999999962e+00 2.442259599999999864e+01 7.653987496131607615e-02
3.654377999999999904e+00 2.438983099999999737e+01 7.691355219130371901e-02
3.659120000000000150e+00 2.445519500000000335e+01 7.744648763124058199e-02
3.663863000000000092e+00 2.451238300000000336e+01 7.795153057543706410e-02
3.668606000000000034e+00 2.447597700000000032e+01 7.829460724847209230e-02
3.673348999999999975e+00 2.446180199999999871e+01 7.866196279309906059e-02
3.678091999999999917e+00 2.441914600000000135e+01 7.897389617548575269e-02
3.682834999999999859e+00 2.440813800000000100e+01 7.932864773978755280e-02
3.687577999999999800e+00 2.448304699999999556e+01 7.981658996440088583e-02
3.692321000000000186e+00 2.448183999999999827e+01 8.017516568597535254e-02
3.697062999999999988e+00 2.453712999999999766e+01 8.062064878357529107e-02
3.701805999999999930e+00 2.448807800000000157e+01 8.089036479268899016e-02
3.706548999999999872e+00 2.426361100000000093e+01 8.086359281647396979e-02
3.711291999999999813e+00 2.425869400000000198e+01 8.119601827815017825e-02
3.716035000000000199e+00 2.442607300000000237e+01 8.181433204276314375e-02
3.720778000000000141e+00 2.431645299999999921e+01 8.196552584850412548e-02
3.725521000000000083e+00 2.440805699999999945e+01 8.245231092351504310e-02
3.730262999999999884e+00 2.442862199999999717e+01 8.281850716724795114e-02
3.735005999999999826e+00 2.449046099999999981e+01 8.325207882138499493e-02
3.739749000000000212e+00 2.455790400000000062e+01 8.369453067547663605e-02
3.744492000000000154e+00 2.448787599999999998e+01 8.390046641246043380e-02
3.749235000000000095e+00 2.451177999999999813e+01 8.426580413715578644e-02
3.753978000000000037e+00 2.450248299999999801e+01 8.457297408676309192e-02
3.758720999999999979e+00 2.444405700000000081e+01 8.479314935478750315e-02
3.763462999999999781e+00 2.445290200000000169e+01 8.512920180905081402e-02
3.768206000000000166e+00 2.454217699999999880e+01 8.560474853375249493e-02
3.772949000000000108e+00 2.446954000000000207e+01 8.579673178817477652e-02
3.777692000000000050e+00 2.443366500000000130e+01 8.605163972362875335e-02
3.782434999999999992e+00 2.440369199999999950e+01 8.631622734902401339e-02
3.787177999999999933e+00 2.450693000000000055e+01 8.681584248245305391e-02
3.791920999999999875e+00 2.427600800000000092e+01 8.672171526489427795e-02
3.796663999999999817e+00 2.429858899999999977e+01 8.707762472325712710e-02
3.801406000000000063e+00 2.451776800000000023e+01 8.778679297858534014e-02
3.806149000000000004e+00 2.445200299999999771e+01 8.798531425300532005e-02
3.810891999999999946e+00 2.448401499999999587e+01 8.835938984208921432e-02
3.815634999999999888e+00 2.452008900000000224e+01 8.874099242506081064e-02
3.820377999999999830e+00 2.446542099999999920e+01 8.895868908821666365e-02
3.825121000000000215e+00 2.434229599999999749e+01 8.905055856357838029e-02
3.829864000000000157e+00 2.448199699999999979e+01 8.962305540533251069e-02
3.834605999999999959e+00 2.447229100000000201e+01 8.992253193026428226e-02
3.839348999999999901e+00 2.447063800000000100e+01 9.023811659783519123e-02
3.844091999999999842e+00 2.437307899999999705e+01 9.037555825461107695e-02
3.848834999999999784e+00 2.447246900000000025e+01 9.088153899169787442e-02
3.853578000000000170e+00 2.441803000000000168e+01 9.114778835981156291e-02
3.858321000000000112e+00 2.446828000000000003e+01 9.151026974398393521e-02
3.863064000000000053e+00 2.451778200000000041e+01 9.192421308175990902e-02
3.867806999999999995e+00 2.441005900000000040e+01 9.204368128637022139e-02
3.872548999999999797e+00 2.441101799999999500e+01 9.236689761069222238e-02
3.877292000000000183e+00 2.457237600000000199e+01 9.299572058918463557e-02
3.882035000000000124e+00 2.450210599999999772e+01 9.318729170146164420e-02
3.886778000000000066e+00 2.445580500000000157e+01 9.342430832727369183e-02
3.891521000000000008e+00 2.449434000000000111e+01 9.382393592144490369e-02
3.896263999999999950e+00 2.443590800000000129e+01 9.403855699480398456e-02
3.901006999999999891e+00 2.440277299999999983e+01 9.430184574728747715e-02
3.905749000000000137e+00 2.446688500000000133e+01 9.475568255231608950e-02
3.910492000000000079e+00 2.453198700000000088e+01 9.521251853066171889e-02
3.915235000000000021e+00 2.458942900000000265e+01 9.565616221845564537e-02
3.919977999999999962e+00 2.437527299999999997e+01 9.552916690565660396e-02
3.924720999999999904e+00 2.438616199999999878e+01 9.563532879001933329e-02
3.929463999999999846e+00 2.439174900000000079e+01 9.571975661697798565e-02
3.934206999999999788e+00 2.451623299999999972e+01 9.608981012628238505e-02
3.938949000000000034e+00 2.449891799999999620e+01 9.616090958294851165e-02
3.943691999999999975e+00 2.441728300000000118e+01 9.610437208057967529e-02
3.948434999999999917e+00 2.453213699999999875e+01 9.643343042198540549e-02
3.953177999999999859e+00 2.442050000000000054e+01 9.634366785885567497e-02
3.957920999999999800e+00 2.450796600000000325e+01 9.668630958644455764e-02
3.962664000000000186e+00 2.439231300000000147e+01 9.646644615667096523e-02
3.967407000000000128e+00 2.451667099999999877e+01 9.696123935266712235e-02
3.972150000000000070e+00 2.453844699999999790e+01 9.733164457528549474e-02
3.976891999999999872e+00 2.445358399999999932e+01 9.749084543214249499e-02
3.981634999999999813e+00 2.455098300000000222e+01 9.801477758836980858e-02
3.986378000000000199e+00 2.454942999999999742e+01 9.834352400142573614e-02
3.991121000000000141e+00 2.446631099999999748e+01 9.850890798854891606e-02
3.995864000000000082e+00 2.441386299999999920e+01 9.873761028286942576e-02
4.000606999999999580e+00 2.450134200000000106e+01 9.925010780641399522e-02
4.005349999999999966e+00 2.453714500000000243e+01 9.966118941342411164e-02
4.010092000000000212e+00 2.459243700000000032e+01 1.001134454517533801e-01
4.014834999999999710e+00 2.449000999999999806e+01 1.002464149116490955e-01
4.019578000000000095e+00 2.436077399999999926e+01 1.003242045327253085e-01
4.024320999999999593e+00 2.444312000000000040e+01 1.008379138117335289e-01
4.029063999999999979e+00 2.442823999999999529e+01 1.011540982712055003e-01
4.033807000000000365e+00 2.444941900000000246e+01 1.015465796668021808e-01
4.038549999999999862e+00 2.451399800000000084e+01 1.020320277208872362e-01
4.043293000000000248e+00 2.443821200000000005e+01 1.022268078499441318e-01
4.048034999999999606e+00 2.441033099999999578e+01 1.025233284482980622e-01
4.052777999999999992e+00 2.452749100000000482e+01 1.031264820912989322e-01
4.057521000000000377e+00 2.431938299999999842e+01 1.030462254114438841e-01
4.062263999999999875e+00 2.456465800000000144e+01 1.039270947160233910e-01
4.067007000000000261e+00 2.455837499999999807e+01 1.042782027625572400e-01
4.071749999999999758e+00 2.448508999999999602e+01 1.044886139163885286e-01
4.076493000000000144e+00 2.452300200000000174e+01 1.049383400559990714e-01
4.081235000000000390e+00 2.444520100000000085e+01 1.051419615650045769e-01
4.085977999999999888e+00 2.437971800000000400e+01 1.053740373333336561e-01
4.090721000000000274e+00 2.435627699999999862e+01 1.056980194548677449e-01
4.095463999999999771e+00 2.432887300000000153e+01 1.060156310617222097e-01
4.100207000000000157e+00 2.437898900000000069e+01 1.065049424653208288e-01
4.104949999999999655e+00 2.460620400000000174e+01 1.073856127877826916e-01
4.109693000000000040e+00 2.461128699999999725e+01 1.077835339546565352e-01
4.114436000000000426e+00 2.444131900000000002e+01 1.077987355194442998e-01
4.119177999999999784e+00 2.439116800000000040e+01 1.080796077980536590e-01
4.123921000000000170e+00 2.447193999999999647e+01 1.086526758239055035e-01
4.128663999999999668e+00 2.440202000000000027e+01 1.088947880635459942e-01
4.133407000000000053e+00 2.430697599999999881e+01 1.090819153769432004e-01
4.138150000000000439e+00 2.455264399999999370e+01 1.100354511275443425e-01
4.142892999999999937e+00 2.450640200000000135e+01 1.103383571330623092e-01
4.147636000000000323e+00 2.458267699999999678e+01 1.109196507964742978e-01
4.152377999999999680e+00 2.449104200000000375e+01 1.111263550030459762e-01
4.157121000000000066e+00 2.458577400000000068e+01 1.117573852749947083e-01
4.161863999999999564e+00 2.451883400000000179e+01 1.120249104050483197e-01
4.166606999999999950e+00 2.441444800000000015e+01 1.122081939768910103e-01
4.171350000000000335e+00 2.428607199999999722e+01 1.123367109521046237e-01
4.176092999999999833e+00 2.439802800000000360e+01 1.130301816774555157e-01
4.180836000000000219e+00 2.438449699999999964e+01 1.135868047900098210e-01
4.185577999999999577e+00 2.473460999999999643e+01 1.147163472489187014e-01
4.190320999999999962e+00 2.447976599999999436e+01 1.145227872849683137e-01
4.195064000000000348e+00 2.449929500000000004e+01 1.150126023094451833e-01
4.199806999999999846e+00 2.463839300000000065e+01 1.157872385985489333e-01
4.204550000000000232e+00 2.447130700000000303e+01 1.158456911213291418e-01
4.209292999999999729e+00 2.453302700000000058e+01 1.164481990546487600e-01
4.214036000000000115e+00 2.445519200000000382e+01 1.167219333236388934e-01
4.218778999999999613e+00 2.464239800000000002e+01 1.176332217228993615e-01
4.223520999999999859e+00 2.448158300000000054e+01 1.177169720835963551e-01
4.228264000000000244e+00 2.444030899999999917e+01 1.180898706258233649e-01
4.233006999999999742e+00 2.435215299999999772e+01 1.183514254936069571e-01
4.237750000000000128e+00 2.462090700000000254e+01 1.194846220266081033e-01
4.242492999999999626e+00 2.465283800000000269e+01 1.200493921145613374e-01
4.247236000000000011e+00 2.453188300000000055e+01 1.202443403742192718e-01
4.251979000000000397e+00 2.441175600000000045e+01 1.204485200637060577e-01
4.256720999999999755e+00 2.439987400000000406e+01 1.211217722091771642e-01
4.261464000000000141e+00 2.453658500000000231e+01 1.217962847089130440e-01
4.266206999999999638e+00 2.460253700000000521e+01 1.224301442449019506e-01
4.270950000000000024e+00 2.450980699999999857e+01 1.227144324915765417e-01
4.275693000000000410e+00 2.432240700000000189e+01 1.227610325848027262e-01
4.280435999999999908e+00 2.475802399999999892e+01 1.243839970489001578e-01
4.285179000000000293e+00 2.445414000000000243e+01 1.241480956865726598e-01
4.289921999999999791e+00 2.436055400000000049e+01 1.244443944089310972e-01
4.294664000000000037e+00 2.463378200000000007e+01 1.256839698961665364e-01
4.299407000000000423e+00 2.442579999999999885e+01 1.256971335934443657e-01
4.304149999999999920e+00 2.449946299999999866e+01 1.264390563676061896e-01
4.308893000000000306e+00 2.431301800000000668e+01 1.265150908125255991e-01
4.313635999999999804e+00 2.435011700000000090e+01 1.271735662959410096e-01
4.318379000000000190e+00 2.452217599999999820e+01 1.281939003600522375e-01
4.323121999999999687e+00 2.448991000000000184e+01 1.287771629271005636e-01
4.327863999999999933e+00 2.452548500000000331e+01 1.294281128679847515e-01
4.332607000000000319e+00 2.449514500000000083e+01 1.298747263999997792e-01
4.337349999999999817e+00 2.456140000000000256e+01 1.306494283037231696e-01
4.342093000000000202e+00 2.483173700000000039e+01 1.319748639525004374e-01
4.346835999999999700e+00 2.429890699999999981e+01 1.311598643998914127e-01
4.351579000000000086e+00 2.469742799999999860e+01 1.328511327943051323e-01
4.356321999999999584e+00 2.456267799999999824e+01 1.331153936056585496e-01
4.361063999999999830e+00 2.458925699999999992e+01 1.338221915739232215e-01
4.365807000000000215e+00 2.438895199999999619e+01 1.339161556282448817e-01
4.370549999999999713e+00 2.447470199999999707e+01 1.347991613715860404e-01
4.375293000000000099e+00 2.459689800000000304e+01 1.357934908173064892e-01
4.380035999999999596e+00 2.450905800000000312e+01 1.362791458521952215e-01
4.384778999999999982e+00 2.462059599999999904e+01 1.373189516380157182e-01
4.389522000000000368e+00 2.456936400000000020e+01 1.377425571661413106e-01
4.394264999999999866e+00 2.437360699999999980e+01 1.378663148678566652e-01
4.399007000000000112e+00 2.447497999999999863e+01 1.384233149592964951e-01
4.403749999999999609e+00 2.458933799999999792e+01 1.388419825540830321e-01
4.408492999999999995e+00 2.446103800000000206e+01 1.385730504457818590e-01
4.413236000000000381e+00 2.463183700000000087e+01 1.391489618010950113e-01
4.417978999999999878e+00 2.473952000000000595e+01 1.395464678633551170e-01
4.422722000000000264e+00 2.463332100000000224e+01 1.393407482562796507e-01
4.427464999999999762e+00 2.463760600000000167e+01 1.394426221170245450e-01
4.432207000000000008e+00 2.448634899999999703e+01 1.391059704809800568e-01
4.436950000000000394e+00 2.462892000000000081e+01 1.396779769558028628e-01
4.441692999999999891e+00 2.432079599999999786e+01 1.394297101037938746e-01
4.446436000000000277e+00 2.443285600000000102e+01 1.404668033868586297e-01
4.451178999999999775e+00 2.419783799999999729e+01 1.405098154838639590e-01
4.455922000000000160e+00 2.461422000000000310e+01 1.424503607139739614e-01
4.460664999999999658e+00 2.456040900000000349e+01 1.430414190381118222e-01
4.465408000000000044e+00 2.466955200000000303e+01 1.441179106431473289e-01
4.470150000000000290e+00 2.466924600000000112e+01 1.448865809748255962e-01
4.474892999999999788e+00 2.457755199999999718e+01 1.453960070463360399e-01
4.479636000000000173e+00 2.460996800000000206e+01 1.462818121803801108e-01
4.484378999999999671e+00 2.456714900000000057e+01 1.469570819955152707e-01
4.489122000000000057e+00 2.453957100000000224e+01 1.476880106454999120e-01
4.493865000000000443e+00 2.459243799999999780e+01 1.486732004472857138e-01
4.498607999999999940e+00 2.462106599999999901e+01 1.495986947356136021e-01
4.503350000000000186e+00 2.438645899999999500e+01 1.497317646982836981e-01
4.508092999999999684e+00 2.453025900000000448e+01 1.510364823324722439e-01
4.512836000000000070e+00 2.458670000000000044e+01 1.520882297722808696e-01
4.517578999999999567e+00 2.459409199999999984e+01 1.530030264802180462e-01
4.522321999999999953e+00 2.474835000000000207e+01 1.543911530762760442e-01
4.527065000000000339e+00 2.453386599999999618e+01 1.546412474112666968e-01
4.531807999999999836e+00 2.465360599999999991e+01 1.559564483447273275e-01
4.536551000000000222e+00 2.484870000000000090e+01 1.575282770648133435e-01
4.541292999999999580e+00 2.476380900000000196e+01 1.582305218665466806e-01
4.546035999999999966e+00 2.469697400000000087e+01 1.590044866647428723e-01
4.550779000000000352e+00 2.475941100000000006e+01 1.602094973007764656e-01
4.555521999999999849e+00 2.485494999999999877e+01 1.615439239539150917e-01
4.560265000000000235e+00 2.462719999999999843e+01 1.618377728491154632e-01
4.565007999999999733e+00 2.460984499999999997e+01 1.628396628044040395e-01
4.569751000000000118e+00 2.451525000000000176e+01 1.635979182913410157e-01
4.574493000000000364e+00 2.458188499999999976e+01 1.649155690273095831e-01
4.579235999999999862e+00 2.443337700000000012e+01 1.655281619342013899e-01
4.583979000000000248e+00 2.438187200000000132e+01 1.664849928002259949e-01
4.588721999999999746e+00 2.473241999999999763e+01 1.688400080900309130e-01
4.593465000000000131e+00 2.437320899999999924e+01 1.687852106448613221e-01
4.598207999999999629e+00 2.454468799999999362e+01 1.705801574152330802e-01
4.602951000000000015e+00 2.454011600000000470e+01 1.717923502610302633e-01
4.607693000000000261e+00 2.452907699999999735e+01 1.730057093800219103e-01
4.612435999999999758e+00 2.492182500000000545e+01 1.756733326716622134e-01
4.617179000000000144e+00 2.456621600000000072e+01 1.757198630719478405e-01
4.621921999999999642e+00 2.452665299999999959e+01 1.769125069917341642e-01
4.626665000000000028e+00 2.475057100000000077e+01 1.790872791145529663e-01
4.631408000000000413e+00 2.481869800000000126e+01 1.807319075849325440e-01
4.636150999999999911e+00 2.489636800000000250e+01 1.824472646227005002e-01
4.640894000000000297e+00 2.453233799999999576e+01 1.825645215143492650e-01
4.645635999999999655e+00 2.452858499999999964e+01 1.840355633069342134e-01
4.650379000000000040e+00 2.459081200000000322e+01 1.857936255239509005e-01
4.655122000000000426e+00 2.479108199999999584e+01 1.881168274088979575e-01
4.659864999999999924e+00 2.450341399999999936e+01 1.886176308345813291e-01
4.664608000000000310e+00 2.469603499999999840e+01 1.910006411892604117e-01
4.669350999999999807e+00 2.455841899999999711e+01 1.921450033143308200e-01
4.674094000000000193e+00 2.474998100000000179e+01 1.946224698018219623e-01
4.678836000000000439e+00 2.495603400000000249e+01 1.972104618489394501e-01
4.683578999999999937e+00 2.475119400000000169e+01 1.982183457877847443e-01
4.688322000000000322e+00 2.458545499999999961e+01 1.994141994350286939e-01
4.693064999999999820e+00 2.494686100000000195e+01 2.028032108148155044e-01
4.697808000000000206e+00 2.476143099999999819e+01 2.040192492956907078e-01
4.702550999999999704e+00 2.451855700000000127e+01 2.050390486842050275e-01
4.707294000000000089e+00 2.478586699999999610e+01 2.082450702564858092e-01
4.712036999999999587e+00 2.473927300000000429e+01 2.102002193200094848e-01
4.716778999999999833e+00 2.474743199999999632e+01 2.124505611112792458e-01
4.721522000000000219e+00 2.486900100000000080e+01 2.152608761525876824e-01
4.726264999999999716e+00 2.478273199999999932e+01 2.172475522621348243e-01
4.731008000000000102e+00 2.429132200000000097e+01 2.174941073243767398e-01
4.735750999999999600e+00 2.477268799999999871e+01 2.221574957574562748e-01
4.740493999999999986e+00 2.455809099999999745e+01 2.237818561424499975e-01
4.745237000000000371e+00 2.446789600000000320e+01 2.260419945901148142e-01
4.749978999999999729e+00 2.498600499999999514e+01 2.312233874721190130e-01
4.754722000000000115e+00 2.453888200000000097e+01 2.320203884514115134e-01
4.759464999999999613e+00 2.468159800000000104e+01 2.356852937147088656e-01
4.764207999999999998e+00 2.466950999999999894e+01 2.387299859031895843e-01
4.768951000000000384e+00 2.462896200000000135e+01 2.417553214954374086e-01
4.773693999999999882e+00 2.480318499999999915e+01 2.459792987108089801e-01
4.778437000000000268e+00 2.455725499999999784e+01 2.482466683738311364e-01
4.783178999999999625e+00 2.479518999999999807e+01 2.531012729099841874e-01
4.787922000000000011e+00 2.490726300000000037e+01 2.574998964025135839e-01
4.792665000000000397e+00 2.446179799999999815e+01 2.591501171952949600e-01
4.797407999999999895e+00 2.493166199999999932e+01 2.658175096911988833e-01
4.802151000000000280e+00 2.524487599999999787e+01 2.719012689856420972e-01
4.806893999999999778e+00 2.504605999999999710e+01 2.754537117896168619e-01
4.811637000000000164e+00 2.448193800000000309e+01 2.771399042419297465e-01
4.816379999999999661e+00 2.437600400000000178e+01 2.815928341668741952e-01
4.821121999999999908e+00 2.476503399999999289e+01 2.892084502646912747e-01
4.825865000000000293e+00 2.514423800000000142e+01 2.971502238151075281e-01
4.830607999999999791e+00 2.534553799999999768e+01 3.044411577322442275e-01
4.835351000000000177e+00 2.460973100000000002e+01 3.063828223707665277e-01
4.840093999999999674e+00 2.476302500000000251e+01 3.141697873157395238e-01
4.844837000000000060e+00 2.473016700000000156e+01 3.212600873124126233e-01
4.849579999999999558e+00 2.505035399999999868e+01 3.312075266184940081e-01
4.854321999999999804e+00 2.507585299999999862e+01 3.398505806541604057e-01
4.859065000000000190e+00 2.497270599999999874e+01 3.482819429663128741e-01
4.863807999999999687e+00 2.489778900000000306e+01 3.576461103583540857e-01
4.868551000000000073e+00 2.481089599999999606e+01 3.677681709566775758e-01
4.873293999999999571e+00 2.518981600000000043e+01 3.824195967031239762e-01
4.878036999999999956e+00 2.450199299999999880e+01 3.900536591328557234e-01
4.882780000000000342e+00 2.433494699999999966e+01 4.029504720227909398e-01
4.887522999999999840e+00 2.431351700000000093e+01 4.186788910064609404e-01
4.892265000000000086e+00 2.493128700000000464e+01 4.421177659115612113e-01
4.897007999999999583e+00 2.527321700000000249e+01 4.659593151015546941e-01
4.901750999999999969e+00 2.554809700000000205e+01 4.926348758456307597e-01
4.906494000000000355e+00 2.459307700000000096e+01 5.111046572998234616e-01
4.911236999999999853e+00 2.463018200000000135e+01 5.446716649777644248e-01
4.915980000000000238e+00 2.557424299999999562e+01 5.962846785372067915e-01
4.920722999999999736e+00 2.532071900000000397e+01 6.451818181189159507e-01
4.925464999999999982e+00 2.564625899999999703e+01 7.180162758577969262e-01
4.930208000000000368e+00 2.528151799999999838e+01 8.084863268752725540e-01
4.934950999999999866e+00 2.625460099999999741e+01 9.751210316010878731e-01
4.939694000000000251e+00 2.385382700000000256e+01 1.200248885764331863e+00
4.944436999999999749e+00 7.960608100000001741e+00 1.201285743568390130e+00