# [26] Sgs_R04_0.1
# Sample c= 1.0 mg/ml
#
# Number of frames collected: 10
# Exposure time per frame: 0.5
# No significant radiation damage detected, merging 10 files
# Merged from: /data/visitor/mx1905/bm29/20170412/Poker/1d/Sxl_10gs_117_00001.dat
# Merged from: /data/visitor/mx1905/bm29/20170412/Poker/1d/Sxl_10gs_117_00002.dat
# Merged from: /data/visitor/mx1905/bm29/20170412/Poker/1d/Sxl_10gs_117_00003.dat
# Merged from: /data/visitor/mx1905/bm29/20170412/Poker/1d/Sxl_10gs_117_00004.dat
# Merged from: /data/visitor/mx1905/bm29/20170412/Poker/1d/Sxl_10gs_117_00005.dat
# Merged from: /data/visitor/mx1905/bm29/20170412/Poker/1d/Sxl_10gs_117_00006.dat
# Merged from: /data/visitor/mx1905/bm29/20170412/Poker/1d/Sxl_10gs_117_00007.dat
# Merged from: /data/visitor/mx1905/bm29/20170412/Poker/1d/Sxl_10gs_117_00008.dat
# Merged from: /data/visitor/mx1905/bm29/20170412/Poker/1d/Sxl_10gs_117_00009.dat
# Merged from: /data/visitor/mx1905/bm29/20170412/Poker/1d/Sxl_10gs_117_00010.dat
#
# Sample Information:
# Storage Temperature (degrees C): 20.0
# Measurement Temperature (degrees C): 20.03
# Concentration: 1.0
# Code: 
3.082862000000000102e-02 6.122957700000000614e+02 8.244788517562836816e+00
3.557148999999999728e-02 1.786990699999999833e+03 5.807661241269242325e+00
4.031434999999999880e-02 2.008993999999999915e+03 4.056383414305019031e+00
4.505722000000000199e-02 1.216602109999999811e+03 2.244617910468111432e+00
4.980007999999999657e-02 8.032864000000000715e+02 1.633208710356095494e+00
5.454294999999999977e-02 5.704029399999999441e+02 1.294737443189845960e+00
5.928581000000000129e-02 4.166371800000000576e+02 1.051968397410226519e+00
6.402868000000000448e-02 3.262501699999999687e+02 8.875580497427197901e-01
6.877154000000000600e-02 2.647280900000000088e+02 7.679828620613353696e-01
7.351441000000000225e-02 2.200217399999999941e+02 6.746503332619275817e-01
7.825727999999999851e-02 1.865199700000000007e+02 5.979602272409261232e-01
8.300014000000000003e-02 1.627122999999999990e+02 5.406416633280771711e-01
8.774300999999999628e-02 1.449959599999999966e+02 4.951922066897559982e-01
9.248586999999999780e-02 1.305913499999999772e+02 4.566987282093196154e-01
9.722873999999999406e-02 1.189646000000000186e+02 4.232415210948944906e-01
1.019715999999999956e-01 1.098347400000000107e+02 3.963343864167099828e-01
1.067145000000000038e-01 1.031305850000000248e+02 3.748713871409366516e-01
1.114572999999999953e-01 9.653106499999998391e+01 3.544694688757693557e-01
1.162002000000000035e-01 9.210874299999998982e+01 3.386895545378983408e-01
1.209430999999999978e-01 8.843224899999999877e+01 3.248972867761594774e-01
1.256858999999999893e-01 8.542040199999999572e+01 3.129403003604810385e-01
1.304288000000000114e-01 8.240004600000000323e+01 3.014722694109502887e-01
1.351717000000000057e-01 8.072572100000000717e+01 2.928083493714757624e-01
1.399144999999999972e-01 7.824384299999999826e+01 2.830428365313036876e-01
1.446573999999999915e-01 7.596391500000000008e+01 2.740454921175590197e-01
1.494003000000000136e-01 7.461236499999999694e+01 2.670561806887937761e-01
1.541431000000000051e-01 7.340135799999998767e+01 2.610037284336235164e-01
1.588859999999999995e-01 7.192734500000000253e+01 2.542819360860031908e-01
1.636287999999999909e-01 7.096033099999999649e+01 2.487218536632366528e-01
1.683717000000000130e-01 6.968026199999999903e+01 2.428396281327170614e-01
1.731146000000000074e-01 6.918149800000000482e+01 2.384995404707610511e-01
1.778573999999999988e-01 6.780908500000001027e+01 2.328061315590442271e-01
1.826002999999999932e-01 6.704711299999999596e+01 2.283521352605606958e-01
1.873431999999999875e-01 6.634100300000000061e+01 2.241533424363772453e-01
1.920860000000000067e-01 6.581770299999999452e+01 2.203862778500054742e-01
1.968289000000000011e-01 6.543003300000000877e+01 2.169582539259340970e-01
2.015717999999999954e-01 6.495910599999999135e+01 2.135296520723784786e-01
2.063145999999999869e-01 6.430971699999999203e+01 2.099125621483045323e-01
2.110575000000000090e-01 6.379535700000000276e+01 2.064109162237401929e-01
2.158004000000000033e-01 6.307207999999999259e+01 2.028844906887320165e-01
2.205431999999999948e-01 6.298684699999999737e+01 2.005017721028654609e-01
2.252860999999999891e-01 6.274271899999998681e+01 1.979519448917284596e-01
2.300290000000000112e-01 6.224210699999999719e+01 1.950685496128725105e-01
2.347718000000000027e-01 6.158099800000000101e+01 1.920007834667733781e-01
2.395146999999999970e-01 6.153656399999999849e+01 1.899677957819114194e-01
2.442575999999999914e-01 6.134381299999999726e+01 1.877655025626118468e-01
2.490004000000000106e-01 6.095765699999999754e+01 1.853246966438912291e-01
2.537433000000000050e-01 6.050427399999998812e+01 1.828362122951180946e-01
2.584861999999999993e-01 5.996349700000000382e+01 1.802994559665976881e-01
2.632289999999999908e-01 5.979390200000000277e+01 1.783880793816189914e-01
2.679718999999999851e-01 5.950924899999999695e+01 1.763513537830067035e-01
2.727146999999999766e-01 5.945747000000001492e+01 1.746965438464373466e-01
2.774576000000000264e-01 5.902845999999999549e+01 1.725848310056587731e-01
2.822005000000000208e-01 5.872926699999999300e+01 1.707452309253880696e-01
2.869433000000000122e-01 5.860629000000000133e+01 1.691166283078967270e-01
2.916862000000000066e-01 5.840411699999999939e+01 1.674043584817286046e-01
2.964291000000000009e-01 5.801281999999999783e+01 1.654690086078689226e-01
3.011718999999999924e-01 5.771183899999999767e+01 1.637051562518517522e-01
3.059147999999999867e-01 5.749686200000000724e+01 1.621002963797309182e-01
3.106576999999999811e-01 5.727953999999999724e+01 1.605182074853425955e-01
3.154004999999999725e-01 5.692900400000000616e+01 1.587937650773030007e-01
3.201434000000000224e-01 5.689646400000000170e+01 1.575506061130505508e-01
3.248863000000000167e-01 5.676654500000000780e+01 1.561946440561884086e-01
3.296291000000000082e-01 5.655257300000000953e+01 1.547432911135810663e-01
3.343720000000000026e-01 5.626189400000000518e+01 1.532233592336850747e-01
3.391148999999999969e-01 5.627351300000000123e+01 1.537456815614877681e-01
3.438576999999999884e-01 5.600079999999999103e+01 1.553546666792253172e-01
3.486005999999999827e-01 5.586558099999999882e+01 1.591169265048467396e-01
3.533434999999999770e-01 5.597166400000001119e+01 1.621895058649470700e-01
3.580863000000000240e-01 5.526887499999999420e+01 1.631715912815067671e-01
3.628292000000000184e-01 5.517240800000000434e+01 1.646370132824875876e-01
3.675720000000000098e-01 5.502362499999999557e+01 1.657681335415797097e-01
3.723149000000000042e-01 5.484936199999999928e+01 1.667234565908447819e-01
3.770577999999999985e-01 5.440560899999999123e+01 1.671589022083361797e-01
3.818005999999999900e-01 5.417042999999999608e+01 1.676871339845827369e-01
3.865434999999999843e-01 5.399695399999999523e+01 1.682443793623697725e-01
3.912863999999999787e-01 5.428105100000000505e+01 1.693628417605878012e-01
3.960292000000000256e-01 5.375434500000000071e+01 1.692317209189745930e-01
4.007721000000000200e-01 5.371182400000000001e+01 1.698878213395362824e-01
4.055150000000000143e-01 5.358882499999999993e+01 1.755418249569304368e-01
4.102578000000000058e-01 5.318037399999999337e+01 1.794316847162618633e-01
4.150007000000000001e-01 5.307054300000000779e+01 1.831712808576871354e-01
4.197435999999999945e-01 5.291971399999999903e+01 1.857279077108653087e-01
4.244863999999999860e-01 5.261752199999999391e+01 1.881955765309995254e-01
4.292292999999999803e-01 5.215296299999999974e+01 1.902253231887781615e-01
4.339721999999999746e-01 5.232307799999999531e+01 1.934527511989139470e-01
4.387150000000000216e-01 5.186964000000000397e+01 1.954226394316994075e-01
4.434579000000000160e-01 5.175473300000000876e+01 1.980738223916406471e-01
4.482008000000000103e-01 5.195072699999999344e+01 2.017992209041826190e-01
4.529436000000000018e-01 5.128356800000000248e+01 2.037670870551458735e-01
4.576864999999999961e-01 5.130364699999999800e+01 2.059352576773047228e-01
4.624293999999999905e-01 5.126534899999999340e+01 2.075732535456630001e-01
4.671721999999999819e-01 5.089026199999999278e+01 2.057908042057069176e-01
4.719150999999999763e-01 5.144336399999999543e+01 1.987623852878979691e-01
4.766579000000000232e-01 5.075002600000000541e+01 1.937013902974137058e-01
4.814008000000000176e-01 5.073810199999999782e+01 1.912182432776846630e-01
4.861437000000000119e-01 5.035467100000000329e+01 1.886192806048732074e-01
4.908865000000000034e-01 4.966789599999999893e+01 1.858012474814111914e-01
4.956293999999999977e-01 4.986262999999999579e+01 1.848550187024493308e-01
5.003722999999999921e-01 4.961014099999999871e+01 1.832268858804681488e-01
5.051151000000000391e-01 4.954229199999999622e+01 1.820625914290291414e-01
5.098580000000000334e-01 4.935405800000000198e+01 1.807716675703014975e-01
5.146009000000000277e-01 4.939560000000000173e+01 1.799745653062642947e-01
5.193436999999999637e-01 4.873452099999999376e+01 1.779482465889630494e-01
5.240865999999999580e-01 4.862943800000000749e+01 1.769906067952471962e-01
5.288294999999999524e-01 4.829961600000000033e+01 1.756671817098079957e-01
5.335722999999999994e-01 4.820565700000000220e+01 1.744644635355762086e-01
5.383151999999999937e-01 4.808504100000000392e+01 1.729886612457539052e-01
5.430580999999999881e-01 4.777000000000000313e+01 1.712199566923899574e-01
5.478009000000000350e-01 4.778716100000000466e+01 1.700958332108102877e-01
5.525438000000000294e-01 4.758874600000000044e+01 1.686309782858618211e-01
5.572867000000000237e-01 4.739978000000000691e+01 1.672169198592594608e-01
5.620294999999999597e-01 4.722192199999999929e+01 1.658620823145591783e-01
5.667723999999999540e-01 4.722166400000000408e+01 1.648536359953980679e-01
5.715152000000000010e-01 4.663002799999999581e+01 1.628452746927628592e-01
5.762580999999999953e-01 4.670679099999999551e+01 1.620272334295895234e-01
5.810009999999999897e-01 4.636456199999999228e+01 1.605533689718615098e-01
5.857438000000000367e-01 4.638905200000000661e+01 1.601156415545479939e-01
5.904867000000000310e-01 4.612077299999999980e+01 1.592681751432319104e-01
5.952296000000000253e-01 4.601042999999999950e+01 1.586935663791015083e-01
5.999723999999999613e-01 4.602162099999999612e+01 1.585009836586789012e-01
6.047152999999999556e-01 4.571990599999999461e+01 1.575811780890300218e-01
6.094581999999999500e-01 4.526968499999999551e+01 1.563004402150537930e-01
6.142009999999999970e-01 4.525372700000000492e+01 1.560532000166565125e-01
6.189438999999999913e-01 4.497837099999999566e+01 1.550724772385135286e-01
6.236867999999999856e-01 4.490250699999999995e+01 1.545841533002403068e-01
6.284296000000000326e-01 4.481629399999999919e+01 1.540842883329328894e-01
6.331725000000000270e-01 4.435077300000000378e+01 1.529314496594912365e-01
6.379154000000000213e-01 4.412624300000000233e+01 1.521977229061493020e-01
6.426581999999999573e-01 4.427962499999999579e+01 1.521200269001198868e-01
6.474010999999999516e-01 4.418545999999999907e+01 1.516201199989219706e-01
6.521439999999999459e-01 4.397714100000000315e+01 1.509235521112934075e-01
6.568867999999999929e-01 4.369267599999999163e+01 1.501005413074303074e-01
6.616296999999999873e-01 4.366542800000000568e+01 1.497239487545609926e-01
6.663725999999999816e-01 4.364060000000000628e+01 1.493547999641672008e-01
6.711154000000000286e-01 4.348916100000000284e+01 1.487682797327141981e-01
6.758583000000000229e-01 4.305103700000000089e+01 1.476944655599101985e-01
6.806010999999999589e-01 4.296135999999999910e+01 1.472219903444909883e-01
6.853439999999999532e-01 4.276843999999999824e+01 1.465767143603710354e-01
6.900868999999999476e-01 4.249569099999999366e+01 1.457941641940626587e-01
6.948296999999999946e-01 4.254608199999999840e+01 1.455681544282869666e-01
6.995725999999999889e-01 4.211634399999999800e+01 1.445240035537481149e-01
7.043154999999999832e-01 4.193259499999999917e+01 1.439049987730923186e-01
7.090583000000000302e-01 4.190061099999999783e+01 1.435459103660783886e-01
7.138012000000000246e-01 4.168961000000000183e+01 1.428824615454244440e-01
7.185441000000000189e-01 4.156269100000000805e+01 1.423675438361552970e-01
7.232868999999999549e-01 4.146854199999999935e+01 1.419119584792025157e-01
7.280297999999999492e-01 4.119047400000000181e+01 1.411414134132951692e-01
7.327727000000000546e-01 4.126263000000000147e+01 1.409721673081342774e-01
7.375154999999999905e-01 4.098358699999999288e+01 1.402068169929165664e-01
7.422583999999999849e-01 4.106228000000000122e+01 1.400554434877545051e-01
7.470012999999999792e-01 4.076299400000000617e+01 1.392589482517924138e-01
7.517441000000000262e-01 4.068785499999999900e+01 1.388466987949735221e-01
7.564870000000000205e-01 4.030331900000000189e+01 1.379101684479407675e-01
7.612299000000000149e-01 4.022185999999999950e+01 1.374945405543252785e-01
7.659726999999999508e-01 4.018649000000000626e+01 1.371577689903889508e-01
7.707155999999999452e-01 4.006915099999999796e+01 1.366821827293704106e-01
7.754585000000000505e-01 3.989895100000000383e+01 1.361212232848210135e-01
7.802012999999999865e-01 3.985958799999999513e+01 1.359193798320040836e-01
7.849441999999999808e-01 3.968481399999999581e+01 1.353058138096970286e-01
7.896870000000000278e-01 3.949260100000000051e+01 1.346237077140716720e-01
7.944299000000000222e-01 3.937977200000000266e+01 1.341683357469626858e-01
7.991728000000000165e-01 3.933644800000000430e+01 1.338337021966391760e-01
8.039155999999999525e-01 3.893841899999999612e+01 1.328954382736980688e-01
8.086584999999999468e-01 3.887106599999999901e+01 1.325215444239226381e-01
8.134014000000000522e-01 3.880029099999999431e+01 1.321454953596898074e-01
8.181441999999999881e-01 3.866810199999999753e+01 1.317667813557369949e-01
8.228870999999999825e-01 3.861276300000000816e+01 1.313258801192682124e-01
8.276299999999999768e-01 3.850850300000000459e+01 1.308911991689116761e-01
8.323728000000000238e-01 3.827572199999999469e+01 1.302467349787859441e-01
8.371157000000000181e-01 3.820922300000000149e+01 1.298879801927945998e-01
8.418586000000000125e-01 3.797280299999999897e+01 1.292405911917432482e-01
8.466013999999999484e-01 3.773089199999999721e+01 1.285840535410993080e-01
8.513443000000000538e-01 3.771312700000000007e+01 1.283130823951747490e-01
8.560872000000000481e-01 3.762483200000000494e+01 1.279241335821192926e-01
8.608299999999999841e-01 3.727993500000000182e+01 1.270991611951924061e-01
8.655728999999999784e-01 3.728525200000000694e+01 1.268709447060969164e-01
8.703157999999999728e-01 3.702862999999999971e+01 1.262000207522518402e-01
8.750586000000000197e-01 3.709894599999999798e+01 1.260876473643084417e-01
8.798015000000000141e-01 3.696976300000000037e+01 1.256369142656635629e-01
8.845442999999999500e-01 3.685872600000000432e+01 1.252172372119361998e-01
8.892872000000000554e-01 3.683450399999999547e+01 1.249476701059251543e-01
8.940301000000000498e-01 3.649637599999999793e+01 1.241478079411058311e-01
8.987728999999999857e-01 3.638288699999999665e+01 1.237301823666202283e-01
9.035157999999999801e-01 3.641695299999999946e+01 1.235631920446833565e-01
9.082586999999999744e-01 3.618418499999999938e+01 1.229465113732423343e-01
9.130015000000000214e-01 3.615970899999999943e+01 1.226853108205945703e-01
9.177444000000000157e-01 3.618525800000000459e+01 1.225097041241774293e-01
9.224873000000000101e-01 3.602683499999999839e+01 1.220221662156097675e-01
9.272300999999999460e-01 3.604040300000000485e+01 1.218287334477154565e-01
9.319730000000000514e-01 3.582372399999999146e+01 1.212478531464169923e-01
9.367159000000000457e-01 3.561051600000000406e+01 1.206737786257296302e-01
9.414586999999999817e-01 3.528956200000000365e+01 1.199164210689595417e-01
9.462015999999999760e-01 3.544664999999999822e+01 1.199724988648769308e-01
9.509444999999999704e-01 3.531065199999999749e+01 1.195341810948165745e-01
9.556873000000000173e-01 3.529876800000000259e+01 1.193064515016602212e-01
9.604302000000000117e-01 3.507290799999999820e+01 1.187167490799604791e-01
9.651731000000000060e-01 3.502118899999999968e+01 1.184243990601033109e-01
9.699159000000000530e-01 3.493815700000000390e+01 1.180809568213083971e-01
9.746588000000000473e-01 3.491268200000000377e+01 1.178356265612615916e-01
9.794017000000000417e-01 3.480572599999999994e+01 1.174524341823565826e-01
9.841444999999999776e-01 3.450283699999999953e+01 1.167408866166806947e-01
9.888873999999999720e-01 3.450521600000000433e+01 1.165473072180829017e-01
9.936302000000000190e-01 3.443572300000000297e+01 1.162331302565464686e-01
9.983731000000000133e-01 3.439489099999998700e+01 1.159668722884440867e-01
1.003115999999999897e+00 3.404323599999999317e+01 1.151783227508757362e-01
1.007859000000000060e+00 3.416549099999999584e+01 1.151920584411347398e-01
1.012602000000000002e+00 3.428414600000000689e+01 1.151994776596139830e-01
1.017344999999999944e+00 3.415515800000000013e+01 1.147895802899797230e-01
1.022086999999999968e+00 3.370337100000000419e+01 1.138384917419973663e-01
1.026829999999999909e+00 3.380392000000000507e+01 1.138200358187476668e-01
1.031573000000000073e+00 3.371843199999999996e+01 1.134886844526237504e-01
1.036316000000000015e+00 3.368040499999999327e+01 1.132368902895708462e-01
1.041058999999999957e+00 3.358996199999999988e+01 1.128993430570045531e-01
1.045801999999999898e+00 3.336304700000000167e+01 1.123338613960612464e-01
1.050545000000000062e+00 3.351047400000000209e+01 1.123987277595418222e-01
1.055287000000000086e+00 3.330254800000000159e+01 1.118660150374992251e-01
1.060030000000000028e+00 3.327859800000000234e+01 1.116448923791630438e-01
1.064772999999999969e+00 3.317737600000000242e+01 1.112954745561911818e-01
1.069515999999999911e+00 3.310914200000000562e+01 1.110024335255151151e-01
1.074259000000000075e+00 3.301927600000000496e+01 1.106725980518931396e-01
1.079002000000000017e+00 3.293740700000000032e+01 1.103585086663805975e-01
1.083744999999999958e+00 3.260495099999999979e+01 1.096491989635624276e-01
1.088487999999999900e+00 3.267576100000000139e+01 1.096183371354888803e-01
1.093229999999999924e+00 3.249406499999999909e+01 1.090912086618105875e-01
1.097973000000000088e+00 3.252280899999999519e+01 1.089668441083479350e-01
1.102716000000000030e+00 3.249242199999999769e+01 1.087449626101296696e-01
1.107458999999999971e+00 3.240625899999999859e+01 1.084305575952895229e-01
1.112201999999999913e+00 3.223316900000000373e+01 1.079701177480000690e-01
1.116945000000000077e+00 3.219902700000000095e+01 1.077444887373150140e-01
1.121688000000000018e+00 3.212466099999999614e+01 1.074529424128874283e-01
1.126430000000000042e+00 3.210552799999999252e+01 1.072546646931647335e-01
1.131172999999999984e+00 3.221163099999999702e+01 1.072645137158105000e-01
1.135915999999999926e+00 3.211819599999999753e+01 1.069435853686610816e-01
1.140659000000000090e+00 3.188550500000000198e+01 1.063921220341858820e-01
1.145402000000000031e+00 3.167818399999999812e+01 1.058834249436218372e-01
1.150144999999999973e+00 3.158848500000000215e+01 1.055708501142839095e-01
1.154887999999999915e+00 3.151783300000000310e+01 1.052918876550282823e-01
1.159631000000000078e+00 3.141424400000000361e+01 1.049593974531861373e-01
1.164373000000000102e+00 3.149417900000000259e+01 1.049343276850068785e-01
1.169116000000000044e+00 3.138547800000000620e+01 1.046722939075369618e-01
1.173858999999999986e+00 3.129158799999999729e+01 1.043299142427218940e-01
1.178601999999999927e+00 3.132371800000000306e+01 1.041766948068127141e-01
1.183345000000000091e+00 3.124248700000000056e+01 1.038862845765859549e-01
1.188088000000000033e+00 3.119881400000000582e+01 1.036577319347398995e-01
1.192830999999999975e+00 3.111163200000000373e+01 1.033584326542188736e-01
1.197572999999999999e+00 3.121357000000000426e+01 1.033742955437607913e-01
1.202315999999999940e+00 3.105623000000000644e+01 1.029613256460448767e-01
1.207059000000000104e+00 3.122907999999999973e+01 1.034285687706559126e-01
1.211802000000000046e+00 3.099877800000000505e+01 1.064207902105645809e-01
1.216544999999999987e+00 3.083203500000000119e+01 1.083433136322611290e-01
1.221287999999999929e+00 3.087529299999999921e+01 1.100491395649484394e-01
1.226031000000000093e+00 3.084279399999999782e+01 1.113683983291099688e-01
1.230774000000000035e+00 3.080431900000000311e+01 1.125259645530279490e-01
1.235516000000000059e+00 3.063183000000000078e+01 1.133330314445320786e-01
1.240259000000000000e+00 3.070540799999999848e+01 1.145193644436965918e-01
1.245001999999999942e+00 3.055850500000000380e+01 1.152348182147622524e-01
1.249745000000000106e+00 3.057750700000000421e+01 1.162160417852832472e-01
1.254488000000000048e+00 3.041895400000000294e+01 1.168209775590094840e-01
1.259230999999999989e+00 3.033558400000000077e+01 1.172551300467135349e-01
1.263973999999999931e+00 3.035047899999999998e+01 1.175853610157544110e-01
1.268715999999999955e+00 3.014849099999999993e+01 1.174776294878459026e-01
1.273458999999999897e+00 3.036083699999999652e+01 1.159588281009057004e-01
1.278202000000000060e+00 3.048886200000000102e+01 1.119084404469359029e-01
1.282945000000000002e+00 3.042224199999999357e+01 1.096538976922266234e-01
1.287687999999999944e+00 3.014163400000000337e+01 1.076099277789874797e-01
1.292431000000000108e+00 3.013901599999999803e+01 1.063625036411497832e-01
1.297174000000000049e+00 3.006583800000000295e+01 1.051753463574054415e-01
1.301916000000000073e+00 2.994565300000000363e+01 1.040347301669524160e-01
1.306659000000000015e+00 2.992623700000000397e+01 1.031654994424017618e-01
1.311401999999999957e+00 2.991173099999999607e+01 1.023790140276751026e-01
1.316144999999999898e+00 2.975348400000000382e+01 1.014067513156027556e-01
1.320888000000000062e+00 2.974527000000000498e+01 1.008879530192827306e-01
1.325631000000000004e+00 2.956971199999999911e+01 1.003307788689178776e-01
1.330373999999999945e+00 2.970007199999999870e+01 1.003063698147650118e-01
1.335117000000000109e+00 2.980545000000000755e+01 1.002493070647862278e-01
1.339858999999999911e+00 2.956066500000000019e+01 9.961020236523114579e-02
1.344602000000000075e+00 2.960402000000000200e+01 9.946481043440338898e-02
1.349345000000000017e+00 2.949568699999999666e+01 9.907203827771637883e-02
1.354087999999999958e+00 2.967527899999999974e+01 9.916814961283285101e-02
1.358830999999999900e+00 2.959447200000000322e+01 9.883266309028103380e-02
1.363574000000000064e+00 2.956139200000000145e+01 9.858242607184963813e-02
1.368317000000000005e+00 2.940217600000000431e+01 9.812695553597493292e-02
1.373059000000000029e+00 2.924548699999999712e+01 9.768055157832494784e-02
1.377801999999999971e+00 2.913310299999999842e+01 9.731087847385563872e-02
1.382544999999999913e+00 2.912198199999999559e+01 9.711401719880863315e-02
1.387288000000000077e+00 2.917789499999999592e+01 9.703280885718654214e-02
1.392031000000000018e+00 2.912677699999999703e+01 9.677640047902846820e-02
1.396773999999999960e+00 2.901576000000000732e+01 9.642251599694699749e-02
1.401516999999999902e+00 2.918948599999999871e+01 9.654371833715541529e-02
1.406260000000000066e+00 2.910610799999999898e+01 9.624193241345374572e-02
1.411002000000000089e+00 2.903619700000000492e+01 9.596509036973549511e-02
1.415745000000000031e+00 2.904893500000000017e+01 9.582583775023571782e-02
1.420487999999999973e+00 2.896045700000000167e+01 9.552225304834993658e-02
1.425230999999999915e+00 2.885984899999999698e+01 9.520101694186569596e-02
1.429974000000000078e+00 2.882149199999999922e+01 9.498477354955478513e-02
1.434717000000000020e+00 2.875097599999999787e+01 9.471650813198456698e-02
1.439459999999999962e+00 2.880375700000000094e+01 9.465312330098621385e-02
1.444201999999999986e+00 2.882507799999999776e+01 9.453957217410442759e-02
1.448944999999999927e+00 2.864983100000000604e+01 9.410555961883548814e-02
1.453688000000000091e+00 2.865936100000000053e+01 9.397554339305040638e-02
1.458431000000000033e+00 2.864796700000000129e+01 9.381252725193794939e-02
1.463173999999999975e+00 2.850924099999999584e+01 9.346761880167590852e-02
1.467916999999999916e+00 2.851313800000000498e+01 9.333518048803302047e-02
1.472660000000000080e+00 2.834532699999999750e+01 9.289407743594906008e-02
1.477402000000000104e+00 2.838623499999999922e+01 9.282235764909281539e-02
1.482145000000000046e+00 2.845449300000000292e+01 9.279660485170834749e-02
1.486887999999999987e+00 2.843917699999999371e+01 9.263582410265912281e-02
1.491630999999999929e+00 2.842456700000000325e+01 9.247636265546402279e-02
1.496374000000000093e+00 2.826595100000000116e+01 9.208353076235945012e-02
1.501117000000000035e+00 2.846070399999999978e+01 9.231368573668910504e-02
1.505859999999999976e+00 2.851623999999999981e+01 9.405641474337037011e-02
1.510602999999999918e+00 2.845432999999999879e+01 9.659699391740718399e-02
1.515344999999999942e+00 2.834163099999999957e+01 9.800294079130737745e-02
1.520088000000000106e+00 2.827658000000000271e+01 9.918020118163453636e-02
1.524831000000000047e+00 2.834174200000000354e+01 1.004212181423403127e-01
1.529573999999999989e+00 2.829663400000000095e+01 1.011311300773080485e-01
1.534316999999999931e+00 2.830844699999999392e+01 9.834046247345849812e-02
1.539060000000000095e+00 2.823385400000000089e+01 9.668660664721975828e-02
1.543803000000000036e+00 2.823139299999999707e+01 9.566269692603956987e-02
1.548545000000000060e+00 2.826555300000000059e+01 9.472093619464125314e-02
1.553288000000000002e+00 2.813313799999999532e+01 9.366017803522849738e-02
1.558030999999999944e+00 2.807506000000000057e+01 9.277549958153230580e-02
1.562774000000000107e+00 2.797905300000000040e+01 9.168964825794459483e-02
1.567517000000000049e+00 2.800169100000000100e+01 9.088265640811674095e-02
1.572259999999999991e+00 2.807860799999999557e+01 9.047382191080964586e-02
1.577002999999999933e+00 2.801325100000000390e+01 9.001336677548119058e-02
1.581746000000000096e+00 2.786581799999999731e+01 8.960283299238311350e-02
1.586487999999999898e+00 2.799948499999999996e+01 8.984111055124152645e-02
1.591231000000000062e+00 2.794790199999999913e+01 8.987325193691725334e-02
1.595974000000000004e+00 2.775947900000000601e+01 8.968025453078788678e-02
1.600716999999999945e+00 2.769182799999999745e+01 8.964892760785261872e-02
1.605460000000000109e+00 2.769484300000000232e+01 8.953726458782679254e-02
1.610203000000000051e+00 2.778442299999999676e+01 8.953206753159953513e-02
1.614945999999999993e+00 2.772811599999999999e+01 8.929533472751137457e-02
1.619688000000000017e+00 2.771397299999999930e+01 8.912958653985386670e-02
1.624430999999999958e+00 2.763551199999999852e+01 8.886279644239651609e-02
1.629173999999999900e+00 2.749456200000000194e+01 8.849759471470339256e-02
1.633917000000000064e+00 2.756454499999999896e+01 8.847448534962946975e-02
1.638660000000000005e+00 2.755209099999999722e+01 8.832090266340748841e-02
1.643402999999999947e+00 2.742483700000000368e+01 8.798506700475997033e-02
1.648146000000000111e+00 2.742943000000000353e+01 8.786198397120680015e-02
1.652889000000000053e+00 2.752363599999999977e+01 8.788414577185238441e-02
1.657631000000000077e+00 2.742955099999999646e+01 8.760736863713634859e-02
1.662374000000000018e+00 2.760537000000000418e+01 8.776151579853551377e-02
1.667116999999999960e+00 2.750162399999999963e+01 8.747180633481281553e-02
1.671859999999999902e+00 2.735286800000000085e+01 8.711221948137355675e-02
1.676603000000000065e+00 2.731018199999999752e+01 8.692312134624825826e-02
1.681346000000000007e+00 2.740847600000000028e+01 8.695865798364588173e-02
1.686088999999999949e+00 2.737372500000000031e+01 8.678365432262000190e-02
1.690830999999999973e+00 2.730358300000000327e+01 8.655436899387460026e-02
1.695573999999999915e+00 2.716909400000000119e+01 8.622422046274991203e-02
1.700317000000000078e+00 2.715169500000000724e+01 8.608037644900608243e-02
1.705060000000000020e+00 2.728806900000000013e+01 8.618069086128284095e-02
1.709802999999999962e+00 2.722248900000000305e+01 8.596260489114612713e-02
1.714545999999999903e+00 2.721007999999999782e+01 8.582992197689742753e-02
1.719289000000000067e+00 2.710978000000000065e+01 8.555893343344983526e-02
1.724031000000000091e+00 2.711567000000000149e+01 8.545609475261023436e-02
1.728774000000000033e+00 2.712610799999999855e+01 8.536159418076551264e-02
1.733516999999999975e+00 2.706646000000000640e+01 8.515796772706298035e-02
1.738259999999999916e+00 2.707703900000000274e+01 8.506503769098208712e-02
1.743003000000000080e+00 2.707600500000000210e+01 8.495413179571020823e-02
1.747746000000000022e+00 2.702711899999999901e+01 8.476958895403705063e-02
1.752488999999999963e+00 2.693778999999999968e+01 8.452245656793110073e-02
1.757231999999999905e+00 2.696842600000000090e+01 8.446387304813460228e-02
1.761973999999999929e+00 2.694409700000000640e+01 8.431942488224525301e-02
1.766717000000000093e+00 2.688414000000000215e+01 8.412055311850843986e-02
1.771460000000000035e+00 2.690305500000000194e+01 8.404571960772125316e-02
1.776202999999999976e+00 2.689173699999999911e+01 8.396161988547803934e-02
1.780945999999999918e+00 2.693627199999999533e+01 8.392990985483780864e-02
1.785689000000000082e+00 2.685892799999999880e+01 8.366618501619457748e-02
1.790432000000000023e+00 2.687292799999999460e+01 8.358594370817200303e-02
1.795174000000000047e+00 2.678938600000000037e+01 8.335426793161224146e-02
1.799916999999999989e+00 2.670335099999999784e+01 8.311875299170216891e-02
1.804659999999999931e+00 2.674001299999999759e+01 8.307561690660383857e-02
1.809403000000000095e+00 2.673969299999999905e+01 8.297524158989776077e-02
1.814146000000000036e+00 2.670757700000000412e+01 8.282603990149536854e-02
1.818888999999999978e+00 2.656161899999999676e+01 8.250026515294846263e-02
1.823631999999999920e+00 2.662757499999999666e+01 8.250430287702635590e-02
1.828375000000000083e+00 2.665413199999999705e+01 8.244772029870503505e-02
1.833117000000000107e+00 2.667633699999999664e+01 8.238460570582648024e-02
1.837860000000000049e+00 2.670471400000000273e+01 8.233099104501050147e-02
1.842602999999999991e+00 2.666058500000000464e+01 8.216639073333817378e-02
1.847345999999999933e+00 2.667698800000000148e+01 8.209573292091679186e-02
1.852089000000000096e+00 2.646954399999999552e+01 8.174789097705517649e-02
1.856832000000000038e+00 2.659422299999999950e+01 8.178319428286169590e-02
1.861574999999999980e+00 2.644528800000000501e+01 8.145352949966808143e-02
1.866317000000000004e+00 2.662355100000000263e+01 8.163331012521420071e-02
1.871059999999999945e+00 2.648103300000000360e+01 8.132109471228175790e-02
1.875803000000000109e+00 2.661288099999999801e+01 8.142927608156540209e-02
1.880546000000000051e+00 2.654559300000000377e+01 8.123329270595892881e-02
1.885288999999999993e+00 2.648910099999999801e+01 8.105451649084460808e-02
1.890031999999999934e+00 2.643926800000000554e+01 8.088616415481328370e-02
1.894775000000000098e+00 2.647288400000000053e+01 8.084532108245226500e-02
1.899516999999999900e+00 2.647432900000000089e+01 8.075638835379278513e-02
1.904260000000000064e+00 2.640637499999999704e+01 8.056182598612260382e-02
1.909003000000000005e+00 2.641801500000000402e+01 8.048934364565162036e-02
1.913745999999999947e+00 2.645414699999999897e+01 8.045362861932020548e-02
1.918489000000000111e+00 2.635594999999999999e+01 8.021464049657830997e-02
1.923232000000000053e+00 2.636903900000000434e+01 8.014547404211794235e-02
1.927974999999999994e+00 2.631787499999999724e+01 7.997651977672196044e-02
1.932717999999999936e+00 2.640138600000000224e+01 7.995148886336138350e-02
1.937459999999999960e+00 2.613354499999999803e+01 7.935938499781799993e-02
1.942202999999999902e+00 2.620682499999999848e+01 7.925398899878226266e-02
1.946946000000000065e+00 2.622461599999999748e+01 7.908812920832745952e-02
1.951689000000000007e+00 2.615869900000000214e+01 7.883299361238160774e-02
1.956431999999999949e+00 2.621202500000000057e+01 7.882815308546750610e-02
1.961174999999999891e+00 2.628685600000000022e+01 7.885755230134841587e-02
1.965918000000000054e+00 2.622852300000000270e+01 7.868835656734420037e-02
1.970660000000000078e+00 2.623543200000000297e+01 7.866159143881656934e-02
1.975403000000000020e+00 2.614432000000000045e+01 7.850377922867599056e-02
1.980145999999999962e+00 2.614529900000000140e+01 7.852690924027318220e-02
1.984888999999999903e+00 2.633564300000000458e+01 7.883304722076649174e-02
1.989632000000000067e+00 2.621690099999999646e+01 7.867586810151445953e-02
1.994375000000000009e+00 2.613230800000000187e+01 7.852005165773452700e-02
1.999117999999999951e+00 2.610485200000000106e+01 7.836592274482639953e-02
2.003861000000000114e+00 2.606950800000000257e+01 7.822971056954000635e-02
2.008602999999999916e+00 2.619462599999999952e+01 7.833352123056258609e-02
2.013345999999999858e+00 2.630748600000000081e+01 7.911522834324186126e-02
2.018088999999999800e+00 2.622854600000000147e+01 8.130165858591631434e-02
2.022832000000000185e+00 2.619988299999999981e+01 8.260209280161792678e-02
2.027575000000000127e+00 2.611016900000000263e+01 8.350338834037215885e-02
2.032318000000000069e+00 2.592895699999999692e+01 8.410530183725695164e-02
2.037061000000000011e+00 2.607830099999999973e+01 8.515009398681953889e-02
2.041802999999999813e+00 2.604533799999999744e+01 8.581745860835195139e-02
2.046546000000000198e+00 2.592608000000000246e+01 8.601215029511120880e-02
2.051289000000000140e+00 2.591365000000000052e+01 8.625565176182485583e-02
2.056032000000000082e+00 2.587953900000000118e+01 8.644319520389562306e-02
2.060775000000000023e+00 2.576250599999999480e+01 8.647554040559793376e-02
2.065517999999999965e+00 2.581984600000000185e+01 8.678559764670057408e-02
2.070260999999999907e+00 2.579847399999999880e+01 8.695218041041237467e-02
2.075003000000000153e+00 2.592137100000000061e+01 8.735144601827837807e-02
2.079746000000000095e+00 2.595474700000000468e+01 8.530714462492634820e-02
2.084489000000000036e+00 2.608304299999999643e+01 8.334518319409466025e-02
2.089231999999999978e+00 2.598809999999999576e+01 8.200372027453145529e-02
2.093974999999999920e+00 2.601085099999999528e+01 8.114034572831138603e-02
2.098717999999999861e+00 2.596146800000000354e+01 8.032292520397772695e-02
2.103460999999999803e+00 2.588107000000000468e+01 7.956150211844294218e-02
2.108204000000000189e+00 2.596389699999999578e+01 7.924579172949627881e-02
2.112945999999999991e+00 2.582305799999999607e+01 7.882036541275103114e-02
2.117688999999999933e+00 2.587427100000000380e+01 7.870762652238473545e-02
2.122431999999999874e+00 2.582775099999999924e+01 7.845879768446875624e-02
2.127174999999999816e+00 2.585187700000000177e+01 7.832908891247682137e-02
2.131918000000000202e+00 2.574946499999999716e+01 7.801667853919186379e-02
2.136661000000000143e+00 2.582092300000000407e+01 7.797513947266077050e-02
2.141404000000000085e+00 2.570260700000000753e+01 7.765297053298411689e-02
2.146145999999999887e+00 2.574697800000000214e+01 7.758287897257293286e-02
2.150888999999999829e+00 2.581904899999999969e+01 7.755874411612528885e-02
2.155632000000000215e+00 2.587337999999999738e+01 7.751234779228209637e-02
2.160375000000000156e+00 2.577322200000000407e+01 7.723764699969569436e-02
2.165118000000000098e+00 2.563518599999999736e+01 7.691020114359797821e-02
2.169861000000000040e+00 2.571769699999999759e+01 7.691673269817758674e-02
2.174603999999999981e+00 2.570031000000000176e+01 7.677621452925052770e-02
2.179346999999999923e+00 2.570970700000000164e+01 7.667795713691581694e-02
2.184089000000000169e+00 2.554252100000000070e+01 7.631904830473451584e-02
2.188832000000000111e+00 2.563447400000000087e+01 7.634901595205337288e-02
2.193575000000000053e+00 2.568959500000000418e+01 7.632575223991309998e-02
2.198317999999999994e+00 2.571547099999999730e+01 7.626021050848143246e-02
2.203060999999999936e+00 2.567946200000000090e+01 7.610477336854895580e-02
2.207803999999999878e+00 2.574470700000000534e+01 7.610135331840886530e-02
2.212546999999999819e+00 2.557616999999999763e+01 7.575340324913065748e-02
2.217289000000000065e+00 2.567320300000000088e+01 7.579922067181496526e-02
2.222032000000000007e+00 2.567011199999999960e+01 7.569858626889408582e-02
2.226774999999999949e+00 2.563157799999999753e+01 7.554692453899100602e-02
2.231517999999999891e+00 2.557123400000000046e+01 7.536461766764361581e-02
2.236260999999999832e+00 2.556929300000000538e+01 7.526904072017791270e-02
2.241004000000000218e+00 2.560888600000000181e+01 7.523582963247697764e-02
2.245747000000000160e+00 2.548498500000000178e+01 7.496343384187319214e-02
2.250490000000000101e+00 2.551206000000000174e+01 7.491410231810763376e-02
2.255231999999999903e+00 2.549549000000000021e+01 7.480103543362952301e-02
2.259974999999999845e+00 2.557104100000000102e+01 7.482404468773991291e-02
2.264717999999999787e+00 2.558039300000000082e+01 7.475087851767964198e-02
2.269461000000000173e+00 2.557253700000000407e+01 7.465340576935389216e-02
2.274204000000000114e+00 2.565518599999999694e+01 7.468811834214597600e-02
2.278947000000000056e+00 2.553735900000000214e+01 7.443178396667313179e-02
2.283689999999999998e+00 2.551760899999999666e+01 7.431913180690824516e-02
2.288431999999999800e+00 2.552060199999999668e+01 7.424049444300259704e-02
2.293175000000000185e+00 2.561238999999999777e+01 7.429086837229928464e-02
2.297918000000000127e+00 2.558737099999999742e+01 7.417237821970251721e-02
2.302661000000000069e+00 2.549894900000000320e+01 7.396290234338900871e-02
2.307404000000000011e+00 2.536802400000000191e+01 7.369243490977007982e-02
2.312146999999999952e+00 2.548291799999999796e+01 7.377862403963766913e-02
2.316889999999999894e+00 2.550553999999999633e+01 7.373140608315834066e-02
2.321632000000000140e+00 2.555709099999999978e+01 7.372710109157079583e-02
2.326375000000000082e+00 2.528246200000000243e+01 7.325157819465598352e-02
2.331118000000000023e+00 2.538113999999999848e+01 7.331610375047695194e-02
2.335860999999999965e+00 2.542147800000000046e+01 7.329691228575048456e-02
2.340603999999999907e+00 2.551730399999999932e+01 7.335743828874206895e-02
2.345346999999999849e+00 2.541412400000000105e+01 7.313272983655470794e-02
2.350089999999999790e+00 2.545005099999999842e+01 7.310799392912925576e-02
2.354833000000000176e+00 2.542646299999999471e+01 7.299802831117152557e-02
2.359574999999999978e+00 2.534854599999999891e+01 7.281118197008684678e-02
2.364317999999999920e+00 2.524840900000000232e+01 7.259243446545031453e-02
2.369060999999999861e+00 2.529645000000000010e+01 7.258697682155182407e-02
2.373803999999999803e+00 2.541335499999999925e+01 7.268050076772311630e-02
2.378547000000000189e+00 2.539416499999999743e+01 7.257913550107428224e-02
2.383290000000000131e+00 2.541021800000000397e+01 7.252890132827602421e-02
2.388033000000000072e+00 2.533222300000000260e+01 7.234440349563191208e-02
2.392774999999999874e+00 2.531729600000000246e+01 7.225039834604927991e-02
2.397517999999999816e+00 2.543689200000000028e+01 7.234868101278833785e-02
2.402261000000000202e+00 2.536579000000000050e+01 7.217590537009493934e-02
2.407004000000000143e+00 2.540064100000000025e+01 7.215344280604842064e-02
2.411747000000000085e+00 2.531799799999999934e+01 7.196483345506747564e-02
2.416490000000000027e+00 2.533790499999999923e+01 7.192252331322296355e-02
2.421232999999999969e+00 2.529634800000000183e+01 7.179318954045152412e-02
2.425975999999999910e+00 2.531312300000000093e+01 7.174635416188476777e-02
2.430718000000000156e+00 2.533074200000000076e+01 7.170134599617360160e-02
2.435461000000000098e+00 2.519529499999999800e+01 7.144041080022706103e-02
2.440204000000000040e+00 2.526933800000000119e+01 7.150133944797608387e-02
2.444946999999999981e+00 2.524757800000000074e+01 7.137628578388974243e-02
2.449689999999999923e+00 2.527767000000000053e+01 7.134991005982979639e-02
2.454432999999999865e+00 2.531720400000000026e+01 7.133737274307486165e-02
2.459175999999999807e+00 2.529765899999999945e+01 7.124192281302631213e-02
2.463918000000000053e+00 2.530230100000000348e+01 7.118026334131674626e-02
2.468660999999999994e+00 2.528269599999999429e+01 7.108534196621832391e-02
2.473403999999999936e+00 2.519360600000000261e+01 7.089272528127762985e-02
2.478146999999999878e+00 2.519988500000000187e+01 7.083468393828548648e-02
2.482889999999999819e+00 2.529371300000000033e+01 7.089955531796657273e-02
2.487633000000000205e+00 2.527635299999999674e+01 7.080882345459214855e-02
2.492376000000000147e+00 2.518659200000000098e+01 7.061694524377346016e-02
2.497117999999999949e+00 2.518038500000000113e+01 7.054241166263738871e-02
2.501860999999999891e+00 2.508135799999999804e+01 7.033793434606464001e-02
2.506603999999999832e+00 2.522672999999999988e+01 7.047604398865829622e-02
2.511347000000000218e+00 2.528308200000000028e+01 7.048791422525212125e-02
2.516090000000000160e+00 2.513729999999999620e+01 7.016552828066927039e-02
2.520833000000000101e+00 2.519197100000000233e+01 7.009789906691354933e-02
2.525576000000000043e+00 2.515350000000000108e+01 6.990200593571188614e-02
2.530318999999999985e+00 2.515613600000000005e+01 6.979112513221433223e-02
2.535060999999999787e+00 2.516846800000000073e+01 6.974444274005492383e-02
2.539804000000000173e+00 2.518626499999999879e+01 6.970599895460648232e-02
2.544547000000000114e+00 2.510304399999999703e+01 6.952859072135576801e-02
2.549290000000000056e+00 2.519163400000000053e+01 6.958862195526795136e-02
2.554032999999999998e+00 2.527613899999999347e+01 6.964320754147242110e-02
2.558775999999999939e+00 2.519380999999999915e+01 6.946753123981663780e-02
2.563518999999999881e+00 2.518394200000000183e+01 6.939454982772999547e-02
2.568261000000000127e+00 2.521240999999999843e+01 6.942796118119917703e-02
2.573004000000000069e+00 2.508119100000000046e+01 6.926311301987155000e-02
2.577747000000000011e+00 2.518769299999999944e+01 6.942527261221594082e-02
2.582489999999999952e+00 2.524052999999999969e+01 6.947898439358766998e-02
2.587232999999999894e+00 2.521883199999999903e+01 6.938789561888010493e-02
2.591975999999999836e+00 2.512958599999999620e+01 6.920369475429617723e-02
2.596719000000000221e+00 2.513326699999999647e+01 6.914733777427226058e-02
2.601462000000000163e+00 2.515571900000000483e+01 6.911731580174537704e-02
2.606203999999999965e+00 2.514675599999999989e+01 6.904435850014974119e-02
2.610946999999999907e+00 2.515071499999999816e+01 6.898922213200334164e-02
2.615689999999999849e+00 2.505011899999999869e+01 6.879077794031625281e-02
2.620432999999999790e+00 2.502625500000000258e+01 6.869783658339977117e-02
2.625176000000000176e+00 2.518508699999999934e+01 6.885545500374389005e-02
2.629919000000000118e+00 2.510980900000000204e+01 6.869285098621252805e-02
2.634662000000000059e+00 2.514834300000000056e+01 6.870052639909610126e-02
2.639403999999999861e+00 2.506870499999999780e+01 6.854422652105354730e-02
2.644146999999999803e+00 2.514525300000000385e+01 6.856685114349644894e-02
2.648890000000000189e+00 2.513209699999999813e+01 6.848593057704625842e-02
2.653633000000000131e+00 2.504988999999999777e+01 6.832537778751757163e-02
2.658376000000000072e+00 2.503409000000000262e+01 6.824664684215628330e-02
2.663119000000000014e+00 2.507036099999999834e+01 6.822596182428283806e-02
2.667861999999999956e+00 2.507624199999999703e+01 6.817536694252110396e-02
2.672604999999999897e+00 2.507816000000000400e+01 6.811966512395374596e-02
2.677347000000000143e+00 2.515822999999999965e+01 6.817025780952497283e-02
2.682090000000000085e+00 2.499971899999999891e+01 6.789749616975282454e-02
2.686833000000000027e+00 2.512374200000000002e+01 6.800836385747932589e-02
2.691575999999999969e+00 2.511870000000000047e+01 6.794370644348746158e-02
2.696318999999999910e+00 2.509617700000000440e+01 6.785588560237940103e-02
2.701061999999999852e+00 2.513144799999999890e+01 6.784649826412633700e-02
2.705804999999999794e+00 2.518682399999999788e+01 6.786401284881701801e-02
2.710547000000000040e+00 2.507298499999999919e+01 6.765362158941973236e-02
2.715289999999999981e+00 2.515472700000000117e+01 6.770721266916619741e-02
2.720032999999999923e+00 2.499858000000000047e+01 6.744041791527317919e-02
2.724775999999999865e+00 2.507871600000000001e+01 6.749212269907281514e-02
2.729518999999999807e+00 2.510552000000000206e+01 6.747177817485321139e-02
2.734262000000000192e+00 2.505952900000000128e+01 6.735400709037213385e-02
2.739005000000000134e+00 2.506427299999999647e+01 6.730456116619661089e-02
2.743746999999999936e+00 2.506451500000000365e+01 6.724931256645527711e-02
2.748489999999999878e+00 2.496145800000000037e+01 6.705543274117095609e-02
2.753232999999999819e+00 2.500964199999999948e+01 6.706484584330005272e-02
2.757976000000000205e+00 2.496336399999999855e+01 6.694772925204559022e-02
2.762719000000000147e+00 2.496468499999999935e+01 6.689458397667108480e-02
2.767462000000000089e+00 2.504155799999999843e+01 6.694237075901554590e-02
2.772205000000000030e+00 2.506990200000000613e+01 6.692573216486689958e-02
2.776947999999999972e+00 2.503196299999999752e+01 6.682048045271749004e-02
2.781690000000000218e+00 2.500717900000000071e+01 6.673299781566913169e-02
2.786433000000000160e+00 2.499227799999999888e+01 6.665870429713137424e-02
2.791176000000000101e+00 2.502341499999999641e+01 6.664604820342913405e-02
2.795919000000000043e+00 2.507022899999999765e+01 6.665445167385521119e-02
2.800661999999999985e+00 2.500498999999999938e+01 6.652904860693034661e-02
2.805404999999999927e+00 2.502065800000000095e+01 6.648647996616077749e-02
2.810147999999999868e+00 2.502150200000000169e+01 6.646578068215704127e-02
2.814890000000000114e+00 2.520439499999999811e+01 6.666328396948054125e-02
2.819633000000000056e+00 2.512544700000000120e+01 6.779216929908718492e-02
2.824375999999999998e+00 2.512457000000000207e+01 6.921392680051537127e-02
2.829118999999999939e+00 2.518579100000000182e+01 7.019377863426715103e-02
2.833861999999999881e+00 2.500275700000000612e+01 7.066844586045245569e-02
2.838604999999999823e+00 2.485621599999999987e+01 7.107751583853785804e-02
2.843348000000000209e+00 2.501122499999999960e+01 7.159934912031742926e-02
2.848091000000000150e+00 2.502194199999999924e+01 7.183217548009247777e-02
2.852832999999999952e+00 2.500971899999999692e+01 7.202435061797503313e-02
2.857575999999999894e+00 2.490728199999999859e+01 7.206969982826069709e-02
2.862318999999999836e+00 2.488409599999999955e+01 7.221577422871751362e-02
2.867062000000000221e+00 2.498802399999999935e+01 7.253592426330279785e-02
2.871805000000000163e+00 2.494936599999999771e+01 7.263970997398944140e-02
2.876548000000000105e+00 2.489900999999999698e+01 7.271797648069217024e-02
2.881291000000000047e+00 2.493200299999999814e+01 7.256951134826250538e-02
2.886032999999999848e+00 2.512090400000000301e+01 7.076694436534616828e-02
2.890775999999999790e+00 2.505132499999999851e+01 6.955809402251114659e-02
2.895519000000000176e+00 2.506498200000000409e+01 6.882554683929072159e-02
2.900262000000000118e+00 2.500735399999999942e+01 6.815165344659145086e-02
2.905005000000000059e+00 2.500514799999999838e+01 6.778152119796811148e-02
2.909748000000000001e+00 2.496514099999999914e+01 6.754987537485172833e-02
2.914490999999999943e+00 2.499611400000000216e+01 6.743355699553302274e-02
2.919233000000000189e+00 2.497681299999999993e+01 6.726384308669183798e-02
2.923976000000000131e+00 2.503516299999999717e+01 6.721023545176732505e-02
2.928719000000000072e+00 2.484984600000000299e+01 6.683862151941347141e-02
2.933462000000000014e+00 2.487231200000000086e+01 6.675356702196895420e-02
2.938204999999999956e+00 2.499248299999999645e+01 6.680527410152284351e-02
2.942947999999999897e+00 2.500143899999999775e+01 6.671368484077760952e-02
2.947690999999999839e+00 2.491651599999999434e+01 6.650102210144667736e-02
2.952433999999999781e+00 2.497452399999999528e+01 6.649077416170982857e-02
2.957176000000000027e+00 2.492179800000000256e+01 6.633500466396832773e-02
2.961918999999999969e+00 2.490235999999999805e+01 6.620685835728727653e-02
2.966661999999999910e+00 2.494040700000000044e+01 6.617192402434207699e-02
2.971404999999999852e+00 2.494156699999999915e+01 6.608993930802403716e-02
2.976147999999999794e+00 2.491668900000000164e+01 6.597569351826473860e-02
2.980891000000000179e+00 2.492285700000000048e+01 6.590477781119438716e-02
2.985634000000000121e+00 2.495626299999999986e+01 6.587155929940098631e-02
2.990375999999999923e+00 2.495248799999999889e+01 6.580813925393499964e-02
2.995118999999999865e+00 2.489825699999999742e+01 6.564805917118800294e-02
2.999861999999999806e+00 2.492545799999999900e+01 6.560810110602577350e-02
3.004605000000000192e+00 2.497594199999999631e+01 6.560303430308692119e-02
3.009348000000000134e+00 2.503237700000000032e+01 6.560674758082432612e-02
3.014091000000000076e+00 2.494875199999999538e+01 6.544760333229246441e-02
3.018834000000000017e+00 2.498321000000000325e+01 6.540462862723553372e-02
3.023576999999999959e+00 2.486608399999999719e+01 6.518423002104342667e-02
3.028319000000000205e+00 2.485898400000000308e+01 6.510866993117966905e-02
3.033062000000000147e+00 2.495231199999999916e+01 6.516514459207928267e-02
3.037805000000000089e+00 2.489687999999999590e+01 6.502818642434679552e-02
3.042548000000000030e+00 2.494047499999999573e+01 6.502152195163075910e-02
3.047290999999999972e+00 2.499470799999999926e+01 6.502902866534221449e-02
3.052033999999999914e+00 2.494162899999999894e+01 6.489725516408532957e-02
3.056776999999999855e+00 2.489263099999999795e+01 6.477185988728824395e-02
3.061519000000000101e+00 2.495422900000000510e+01 6.479057440530529288e-02
3.066262000000000043e+00 2.488634200000000263e+01 6.464189259128788612e-02
3.071004999999999985e+00 2.482925300000000135e+01 6.452101845638909261e-02
3.075747999999999927e+00 2.498509799999999714e+01 6.466651648412954922e-02
3.080490999999999868e+00 2.488930199999999360e+01 6.447665465446932032e-02
3.085233999999999810e+00 2.487765200000000476e+01 6.439371152259279474e-02
3.089977000000000196e+00 2.488999699999999748e+01 6.437007983861678384e-02
3.094720000000000137e+00 2.485035399999999939e+01 6.424371790483565658e-02
3.099461999999999939e+00 2.483350499999999883e+01 6.416428480797241318e-02
3.104204999999999881e+00 2.493903299999999845e+01 6.424368077653395959e-02
3.108947999999999823e+00 2.491859299999999777e+01 6.416075236808869986e-02
3.113691000000000209e+00 2.497063899999999848e+01 6.417190511769851891e-02
3.118434000000000150e+00 2.489245500000000533e+01 6.401590241283254545e-02
3.123177000000000092e+00 2.492051800000000128e+01 6.399664414548625335e-02
3.127920000000000034e+00 2.494116899999999504e+01 6.396809951736959210e-02
3.132661999999999836e+00 2.487776000000000209e+01 6.383236679357347232e-02
3.137405000000000221e+00 2.486572500000000474e+01 6.376288564449542062e-02
3.142148000000000163e+00 2.486013499999999965e+01 6.370160590952790580e-02
3.146891000000000105e+00 2.490227900000000361e+01 6.371007878324826124e-02
3.151634000000000047e+00 2.497894099999999895e+01 6.375704970023785001e-02
3.156376999999999988e+00 2.491559600000000074e+01 6.361300930064855974e-02
3.161119999999999930e+00 2.489307899999999663e+01 6.353202984964828604e-02
3.165862000000000176e+00 2.483628399999999914e+01 6.345123562451561450e-02
3.170605000000000118e+00 2.488997799999999572e+01 6.345101834443163391e-02
3.175348000000000059e+00 2.496973999999999805e+01 6.347274054296379864e-02
3.180091000000000001e+00 2.487679599999999880e+01 6.330265575551786983e-02
3.184833999999999943e+00 2.496622900000000200e+01 6.336492705650895174e-02
3.189576999999999884e+00 2.492076199999999986e+01 6.325603505040053309e-02
3.194319999999999826e+00 2.493083199999999877e+01 6.319945695747314351e-02
3.199063000000000212e+00 2.484520400000000251e+01 6.297525999345378322e-02
3.203805000000000014e+00 2.487193100000000001e+01 6.289236655512654706e-02
3.208547999999999956e+00 2.487337100000000234e+01 6.281677191208730193e-02
3.213290999999999897e+00 2.493796200000000240e+01 6.284853015886210370e-02
3.218033999999999839e+00 2.498876599999999826e+01 6.286322521854330325e-02
3.222776999999999781e+00 2.495929399999999987e+01 6.277693466241721088e-02
3.227520000000000167e+00 2.487973899999999716e+01 6.262799206599076185e-02
3.232263000000000108e+00 2.486225800000000064e+01 6.255719596696290852e-02
3.237004999999999910e+00 2.489542499999999947e+01 6.255043394439242788e-02
3.241747999999999852e+00 2.491695599999999899e+01 6.252909162358029349e-02
3.246490999999999794e+00 2.488994399999999985e+01 6.244705252869745676e-02
3.251234000000000179e+00 2.487138699999999858e+01 6.239343562879511029e-02
3.255977000000000121e+00 2.483966099999999955e+01 6.236966156773258996e-02
3.260720000000000063e+00 2.477977400000000330e+01 6.231211748786987664e-02
3.265463000000000005e+00 2.493209000000000231e+01 6.248086213335488776e-02
3.270205999999999946e+00 2.488450299999999871e+01 6.237371541885251836e-02
3.274948000000000192e+00 2.492292699999999783e+01 6.237421199980645869e-02
3.279691000000000134e+00 2.486312500000000014e+01 6.225179816223543744e-02
3.284434000000000076e+00 2.484834399999999732e+01 6.218649148439876762e-02
3.289177000000000017e+00 2.494725199999999887e+01 6.226308536472152655e-02
3.293919999999999959e+00 2.484213499999999897e+01 6.208474843613929345e-02
3.298662999999999901e+00 2.480142199999999519e+01 6.198732928012223864e-02
3.303405999999999842e+00 2.487076700000000073e+01 6.202744757240620521e-02
3.308148000000000089e+00 2.489933400000000319e+01 6.201672370934795120e-02
3.312891000000000030e+00 2.480480499999999822e+01 6.185260516419094357e-02
3.317633999999999972e+00 2.481198499999999996e+01 6.181563247553162332e-02
3.322376999999999914e+00 2.485154499999999800e+01 6.181988277636977364e-02
3.327119999999999855e+00 2.490392399999999640e+01 6.185470003102917780e-02
3.331862999999999797e+00 2.488152799999999942e+01 6.176493578124565842e-02
3.336606000000000183e+00 2.493927500000000208e+01 6.179111571594333302e-02
3.341347999999999985e+00 2.492124500000000253e+01 6.172351447060431262e-02
3.346090999999999926e+00 2.485091299999999848e+01 6.159115591254316069e-02
3.350833999999999868e+00 2.487498000000000076e+01 6.157562950737490576e-02
3.355576999999999810e+00 2.484768600000000305e+01 6.149684820041104866e-02
3.360320000000000196e+00 2.478198099999999826e+01 6.137105146217392004e-02
3.365063000000000137e+00 2.481118200000000229e+01 6.136259574042805809e-02
3.369806000000000079e+00 2.486646700000000010e+01 6.138627662971911370e-02
3.374549000000000021e+00 2.486851800000000168e+01 6.134431707630300101e-02
3.379290999999999823e+00 2.508686300000000102e+01 6.225388145597991751e-02
3.384034000000000209e+00 2.492650899999999581e+01 6.351071902618565801e-02
3.388777000000000150e+00 2.481842100000000073e+01 6.421055583756538065e-02
3.393520000000000092e+00 2.482597899999999669e+01 6.488218075341026236e-02
3.398263000000000034e+00 2.483673399999999987e+01 6.528864665999058181e-02
3.403005999999999975e+00 2.479749100000000084e+01 6.541286353612262017e-02
3.407748999999999917e+00 2.476736700000000013e+01 6.533948127946762052e-02
3.412491000000000163e+00 2.476884300000000039e+01 6.537738656808331217e-02
3.417234000000000105e+00 2.482451499999999811e+01 6.562506506857040955e-02
3.421977000000000046e+00 2.488237200000000371e+01 6.586046158978542397e-02
3.426719999999999988e+00 2.489492500000000064e+01 6.601149233793764115e-02
3.431462999999999930e+00 2.489033700000000238e+01 6.614295971837290400e-02
3.436205999999999872e+00 2.477946500000000185e+01 6.613829388061276404e-02
3.440948999999999813e+00 2.478941300000000325e+01 6.627142665394566978e-02
3.445692000000000199e+00 2.486579899999999910e+01 6.650455510553318628e-02
3.450434000000000001e+00 2.477561599999999586e+01 6.647624827755925503e-02
3.455176999999999943e+00 2.478478600000000043e+01 6.659768460713254290e-02
3.459919999999999884e+00 2.476312399999999769e+01 6.667316048714505561e-02
3.464662999999999826e+00 2.481571000000000282e+01 6.684455246948176055e-02
3.469406000000000212e+00 2.487924300000000244e+01 6.702789257136987366e-02
3.474149000000000154e+00 2.481636999999999915e+01 6.703737319377080228e-02
3.478892000000000095e+00 2.476743099999999842e+01 6.706287816809683444e-02
3.483633999999999897e+00 2.486002500000000026e+01 6.727662352207711138e-02
3.488376999999999839e+00 2.477437799999999868e+01 6.724669051747676762e-02
3.493119999999999781e+00 2.486426499999999962e+01 6.745234993875083573e-02
3.497863000000000167e+00 2.480849599999999811e+01 6.745813867450539680e-02
3.502606000000000108e+00 2.480162399999999678e+01 6.752815965867128845e-02
3.507349000000000050e+00 2.486936399999999736e+01 6.769748221063541516e-02
3.512091999999999992e+00 2.482621900000000181e+01 6.771418312215468638e-02
3.516833999999999794e+00 2.481990300000000005e+01 6.777914186678377084e-02
3.521577000000000179e+00 2.481490200000000002e+01 6.784412232590086855e-02
3.526320000000000121e+00 2.493847400000000292e+01 6.808340247528614497e-02
3.531063000000000063e+00 2.486452199999999735e+01 6.805129253216062046e-02
3.535806000000000004e+00 2.485936099999999982e+01 6.811180062341326558e-02
3.540548999999999946e+00 2.481060300000000041e+01 6.811029916932534456e-02
3.545291999999999888e+00 2.477153000000000205e+01 6.812126655500615191e-02
3.550034999999999830e+00 2.480890000000000128e+01 6.823601202835420654e-02
3.554777000000000076e+00 2.478621700000000061e+01 6.826686288453279183e-02
3.559520000000000017e+00 2.490313799999999844e+01 6.848842431807582176e-02
3.564262999999999959e+00 2.479320600000000141e+01 6.839695771213219477e-02
3.569005999999999901e+00 2.495742600000000166e+01 6.869527955153395538e-02
3.573748999999999842e+00 2.474614399999999748e+01 6.848134149969245521e-02
3.578491999999999784e+00 2.480476699999999823e+01 6.858573940402115654e-02
3.583235000000000170e+00 2.481502399999999753e+01 6.865581930958146450e-02
3.587976999999999972e+00 2.478080999999999889e+01 6.863988182648918246e-02
3.592719999999999914e+00 2.475690399999999869e+01 6.855322930843521512e-02
3.597462999999999855e+00 2.464456299999999800e+01 6.833643540521923410e-02
3.602205999999999797e+00 2.474451499999999982e+01 6.841433005035640891e-02
3.606949000000000183e+00 2.473305800000000332e+01 6.833823985145871804e-02
3.611692000000000125e+00 2.477267300000000105e+01 6.838379443314329675e-02
3.616435000000000066e+00 2.480274599999999552e+01 6.849353184000661621e-02
3.621178000000000008e+00 2.500544900000000226e+01 6.960412792916378932e-02
3.625919999999999810e+00 2.498043299999999789e+01 7.205672769415844003e-02
3.630663000000000196e+00 2.490233299999999872e+01 7.334495401703924888e-02
3.635406000000000137e+00 2.481990300000000005e+01 7.426853653507317632e-02
3.640149000000000079e+00 2.475920400000000043e+01 7.494669519667894464e-02
3.644892000000000021e+00 2.483231500000000125e+01 7.557043564135183800e-02
3.649634999999999962e+00 2.477117499999999950e+01 7.596428871910142211e-02
3.654377999999999904e+00 2.473849700000000240e+01 7.633608285672052740e-02
3.659120000000000150e+00 2.493256099999999975e+01 7.706240164686797844e-02
3.663863000000000092e+00 2.481198099999999940e+01 7.728682395687702655e-02
3.668606000000000034e+00 2.475317400000000134e+01 7.759271842260972996e-02
3.673348999999999975e+00 2.474868600000000285e+01 7.797247916164780357e-02
3.678091999999999917e+00 2.477540600000000026e+01 7.839241295154525391e-02
3.682834999999999859e+00 2.466130700000000076e+01 7.858050315373402150e-02
3.687577999999999800e+00 2.469796900000000051e+01 7.900153520311489763e-02
3.692321000000000186e+00 2.485264199999999590e+01 7.960652357620071062e-02
3.697062999999999988e+00 2.478890799999999928e+01 7.985604266628669456e-02
3.701805999999999930e+00 2.477097600000000099e+01 8.017431800348848170e-02
3.706548999999999872e+00 2.472743499999999983e+01 8.044668054039769145e-02
3.711291999999999813e+00 2.485457900000000109e+01 8.099316482182801480e-02
3.716035000000000199e+00 2.468978299999999848e+01 8.105959317433562850e-02
3.720778000000000141e+00 2.481239099999999809e+01 8.159404587479100746e-02
3.725521000000000083e+00 2.478985899999999987e+01 8.188773492668667553e-02
3.730262999999999884e+00 2.468891100000000094e+01 8.204884386657924911e-02
3.735005999999999826e+00 2.468090300000000070e+01 8.236082920574136490e-02
3.739749000000000212e+00 2.492352100000000092e+01 8.309029498380421375e-02
3.744492000000000154e+00 2.487888599999999428e+01 8.333918431602087284e-02
3.749235000000000095e+00 2.482984900000000295e+01 8.357856453915621375e-02
3.753978000000000037e+00 2.470831299999999686e+01 8.369367810766473181e-02
3.758720999999999979e+00 2.483039600000000036e+01 8.421924018397933254e-02
3.763462999999999781e+00 2.485250700000000279e+01 8.457517139653339400e-02
3.768206000000000166e+00 2.483873600000000081e+01 8.486908833711895306e-02
3.772949000000000108e+00 2.480641199999999813e+01 8.513034753426593215e-02
3.777692000000000050e+00 2.475428099999999887e+01 8.535595242406707195e-02
3.782434999999999992e+00 2.480443100000000101e+01 8.575789066767849911e-02
3.787177999999999933e+00 2.468030100000000004e+01 8.585686181222791646e-02
3.791920999999999875e+00 2.475635400000000530e+01 8.630355189582232522e-02
3.796663999999999817e+00 2.465141600000000466e+01 8.643336403314463845e-02
3.801406000000000063e+00 2.478766499999999695e+01 8.698611823401421195e-02
3.806149000000000004e+00 2.477840199999999982e+01 8.728369353862151792e-02
3.810891999999999946e+00 2.474694799999999972e+01 8.754181298447218096e-02
3.815634999999999888e+00 2.480809100000000100e+01 8.796397058861997464e-02
3.820377999999999830e+00 2.482308300000000045e+01 8.830488994045800066e-02
3.825121000000000215e+00 2.493579799999999835e+01 8.882009789423844781e-02
3.829864000000000157e+00 2.470473000000000141e+01 8.872178378710721125e-02
3.834605999999999959e+00 2.474851799999999713e+01 8.911499630648760106e-02
3.839348999999999901e+00 2.478348700000000093e+01 8.949400327003481648e-02
3.844091999999999842e+00 2.485036199999999695e+01 8.993041370738821816e-02
3.848834999999999784e+00 2.493297600000000358e+01 9.040000931156920438e-02
3.853578000000000170e+00 2.481815300000000235e+01 9.055644853817203244e-02
3.858321000000000112e+00 2.486786700000000039e+01 9.091409635186999127e-02
3.863064000000000053e+00 2.497088000000000108e+01 9.142197721083426820e-02
3.867806999999999995e+00 2.484662499999999952e+01 9.151405748073189461e-02
3.872548999999999797e+00 2.484238600000000119e+01 9.182563222917226875e-02
3.877292000000000183e+00 2.490390899999999874e+01 9.226060840465663548e-02
3.882035000000000124e+00 2.470974799999999760e+01 9.222177804239786725e-02
3.886778000000000066e+00 2.462807700000000111e+01 9.239058530344365638e-02
3.891521000000000008e+00 2.490702800000000039e+01 9.323627159833076938e-02
3.896263999999999950e+00 2.483119899999999802e+01 9.341876778991520247e-02
3.901006999999999891e+00 2.471297799999999967e+01 9.352048864375496484e-02
3.905749000000000137e+00 2.475687399999999982e+01 9.393068228816875420e-02
3.910492000000000079e+00 2.471497199999999950e+01 9.417856982611330641e-02
3.915235000000000021e+00 2.479485100000000131e+01 9.465948056366145502e-02
3.919977999999999962e+00 2.475800500000000426e+01 9.487736010683053833e-02
3.924720999999999904e+00 2.487955399999999884e+01 9.519465468729007562e-02
3.929463999999999846e+00 2.476089699999999638e+01 9.504016149399473201e-02
3.934206999999999788e+00 2.478000400000000170e+01 9.520177644166101516e-02
3.938949000000000034e+00 2.466857300000000208e+01 9.509131734193085328e-02
3.943691999999999975e+00 2.481639899999999699e+01 9.547891606313249624e-02
3.948434999999999917e+00 2.479704600000000170e+01 9.554418485307307474e-02
3.953177999999999859e+00 2.480222099999999585e+01 9.568309922996745542e-02
3.957920999999999800e+00 2.472209099999999893e+01 9.569676218409847723e-02
3.962664000000000186e+00 2.471539800000000042e+01 9.569255628109953060e-02
3.967407000000000128e+00 2.460204800000000347e+01 9.571870950702897340e-02
3.972150000000000070e+00 2.482355399999999790e+01 9.647307932448669077e-02
3.976891999999999872e+00 2.466434600000000188e+01 9.648750063101489693e-02
3.981634999999999813e+00 2.469140900000000016e+01 9.686672679771987649e-02
3.986378000000000199e+00 2.464902400000000071e+01 9.711105537513789465e-02
3.991121000000000141e+00 2.472863699999999909e+01 9.759686941646386615e-02
3.995864000000000082e+00 2.467772700000000086e+01 9.782725390202567928e-02
4.000606999999999580e+00 2.462698199999999815e+01 9.805861196608842145e-02
4.005349999999999966e+00 2.464984099999999856e+01 9.843878042484729973e-02
4.010092000000000212e+00 2.474366399999999544e+01 9.896186672500473236e-02
4.014834999999999710e+00 2.476137800000000055e+01 9.933569912788706158e-02
4.019578000000000095e+00 2.468299699999999675e+01 9.951834529937129969e-02
4.024320999999999593e+00 2.497753600000000063e+01 1.004531483396508690e-01
4.029063999999999979e+00 2.493656199999999856e+01 1.007163280503727554e-01
4.033807000000000365e+00 2.483131799999999600e+01 1.008498855884180090e-01
4.038549999999999862e+00 2.463915600000000339e+01 1.008061295775921629e-01
4.043293000000000248e+00 2.476901700000000162e+01 1.014213670186578653e-01
4.048034999999999606e+00 2.472768400000000000e+01 1.016884373035444877e-01
4.052777999999999992e+00 2.470108900000000318e+01 1.019872733231151629e-01
4.057521000000000377e+00 2.453678500000000184e+01 1.020021551836288454e-01
4.062263999999999875e+00 2.475825999999999993e+01 1.028199274932787566e-01
4.067007000000000261e+00 2.480064200000000341e+01 1.032687855760287265e-01
4.071749999999999758e+00 2.474313699999999727e+01 1.035120052256051082e-01
4.076493000000000144e+00 2.476904899999999543e+01 1.039310589353813069e-01
4.081235000000000390e+00 2.481106500000000281e+01 1.043866237740612019e-01
4.085977999999999888e+00 2.469759799999999927e+01 1.045178939132041657e-01
4.090721000000000274e+00 2.472710500000000167e+01 1.049526001208412190e-01
4.095463999999999771e+00 2.503233699999999828e+01 1.059752752216336635e-01
4.100207000000000157e+00 2.485290599999999728e+01 1.059726294980501138e-01
4.104949999999999655e+00 2.484815800000000152e+01 1.063443803973548041e-01
4.109693000000000040e+00 2.461621699999999890e+01 1.062281086782956852e-01
4.114436000000000426e+00 2.484163399999999911e+01 1.070991821040282177e-01
4.119177999999999784e+00 2.478183399999999992e+01 1.073590613439480562e-01
4.123921000000000170e+00 2.471159899999999965e+01 1.075970706903259522e-01
4.128663999999999668e+00 2.482724800000000442e+01 1.082435443245919338e-01
4.133407000000000053e+00 2.472281600000000168e+01 1.084129026621914599e-01
4.138150000000000439e+00 2.475425499999999701e+01 1.088808322326997036e-01
4.142892999999999937e+00 2.470678600000000102e+01 1.091787077037505577e-01
4.147636000000000323e+00 2.483622699999999739e+01 1.098702425510692943e-01
4.152377999999999680e+00 2.469405099999999820e+01 1.099646731586571835e-01
4.157121000000000066e+00 2.474652899999999889e+01 1.104932952223934839e-01
4.161863999999999564e+00 2.486230300000000071e+01 1.111677008603366712e-01
4.166606999999999950e+00 2.475040899999999766e+01 1.113361515996852680e-01
4.171350000000000335e+00 2.476720599999999806e+01 1.117954696788782953e-01
4.176092999999999833e+00 2.465120099999999681e+01 1.119647802011940751e-01
4.180836000000000219e+00 2.474819299999999700e+01 1.127681923840525985e-01
4.185577999999999577e+00 2.474473899999999915e+01 1.130727225525745422e-01
4.190320999999999962e+00 2.483938900000000061e+01 1.136852076166015441e-01
4.195064000000000348e+00 2.473290199999999928e+01 1.138808804840452521e-01
4.199806999999999846e+00 2.480555799999999778e+01 1.144914990126769255e-01
4.204550000000000232e+00 2.471614999999999895e+01 1.147323863933806531e-01
4.209292999999999729e+00 2.472222099999999756e+01 1.151979551581190364e-01
4.214036000000000115e+00 2.484756800000000254e+01 1.159453166625431103e-01
4.218778999999999613e+00 2.490586199999999906e+01 1.165426688537760380e-01
4.223520999999999859e+00 2.477544199999999819e+01 1.167005928250889613e-01
4.228264000000000244e+00 2.465157699999999608e+01 1.168759669885550273e-01
4.233006999999999742e+00 2.485687500000000227e+01 1.178342272236229393e-01
4.237750000000000128e+00 2.459056500000000156e+01 1.176759755036468763e-01
4.242492999999999626e+00 2.475757700000000128e+01 1.185564237846178370e-01
4.247236000000000011e+00 2.465751199999999699e+01 1.188005737916715682e-01
4.251979000000000397e+00 2.490549999999999997e+01 1.198929303398190288e-01
4.256720999999999755e+00 2.483189299999999733e+01 1.204138888654830569e-01
4.261464000000000141e+00 2.476905199999999496e+01 1.205938369524118814e-01
4.266206999999999638e+00 2.481847499999999940e+01 1.211799459535702062e-01
4.270950000000000024e+00 2.482624099999999956e+01 1.217097785948109412e-01
4.275693000000000410e+00 2.489665100000000209e+01 1.223976476034727562e-01
4.280435999999999908e+00 2.487379700000000327e+01 1.228630145258580164e-01
4.285179000000000293e+00 2.494544200000000345e+01 1.235671426022459940e-01
4.289921999999999791e+00 2.498644600000000082e+01 1.242018828326809238e-01
4.294664000000000037e+00 2.494377100000000524e+01 1.246347661208588864e-01
4.299407000000000423e+00 2.498654299999999751e+01 1.252849152547975131e-01
4.304149999999999920e+00 2.476773000000000025e+01 1.252823159512343187e-01
4.308893000000000306e+00 2.477442800000000389e+01 1.258543509874072430e-01
4.313635999999999804e+00 2.476498900000000347e+01 1.263893807441997807e-01
4.318379000000000190e+00 2.467464400000000069e+01 1.267235360656523979e-01
4.323121999999999687e+00 2.485589500000000029e+01 1.278508341739787169e-01
4.327863999999999933e+00 2.499952700000000405e+01 1.287744832378631687e-01
4.332607000000000319e+00 2.505150300000000030e+01 1.294332337016420864e-01
4.337349999999999817e+00 2.465799700000000172e+01 1.290041390954076994e-01
4.342093000000000202e+00 2.467167999999999850e+01 1.296376146553190889e-01
4.346835999999999700e+00 2.470347999999999900e+01 1.303257579222514839e-01
4.351579000000000086e+00 2.492581799999999959e+01 1.315251718508681500e-01
4.356321999999999584e+00 2.497402300000000253e+01 1.322750999252811088e-01
4.361063999999999830e+00 2.488988299999999754e+01 1.326816309806293226e-01
4.365807000000000215e+00 2.488438899999999521e+01 1.333042585178234041e-01
4.370549999999999713e+00 2.485422900000000013e+01 1.338666071908984345e-01
4.375293000000000099e+00 2.463209299999999757e+01 1.339163965685841728e-01
4.380035999999999596e+00 2.464681700000000575e+01 1.346757243124944159e-01
4.384778999999999982e+00 2.472239099999999823e+01 1.356032881789235867e-01
4.389522000000000368e+00 2.476047399999999854e+01 1.362680121343483042e-01
4.394264999999999866e+00 2.466541200000000345e+01 1.366741177382063965e-01
4.399007000000000112e+00 2.471860500000000016e+01 1.370895956510048141e-01
4.403749999999999609e+00 2.483145499999999828e+01 1.374967796167241296e-01
4.408492999999999995e+00 2.476937000000000211e+01 1.374176052653414692e-01
4.413236000000000381e+00 2.498246300000000275e+01 1.380999487448626994e-01
4.417978999999999878e+00 2.487392799999999937e+01 1.378919747096951087e-01
4.422722000000000264e+00 2.483997199999999950e+01 1.378912237804538476e-01
4.427464999999999762e+00 2.497553599999999818e+01 1.383559838670658793e-01
4.432207000000000008e+00 2.490268700000000379e+01 1.382453189668568783e-01
4.436950000000000394e+00 2.509345299999999668e+01 1.389404382950349126e-01
4.441692999999999891e+00 2.505852499999999949e+01 1.394723711179163828e-01
4.446436000000000277e+00 2.502399100000000232e+01 1.400906421313240224e-01
4.451178999999999775e+00 2.457338799999999779e+01 1.395388473978651511e-01
4.455922000000000160e+00 2.485370999999999952e+01 1.410619110421934552e-01
4.460664999999999658e+00 2.478072099999999622e+01 1.415942249370661932e-01
4.465408000000000044e+00 2.462235199999999580e+01 1.418881063456285396e-01
4.470150000000000290e+00 2.480349799999999760e+01 1.431693027088855319e-01
4.474892999999999788e+00 2.487466099999999969e+01 1.441468839209873454e-01
4.479636000000000173e+00 2.485520100000000099e+01 1.448730274779891636e-01
4.484378999999999671e+00 2.482379499999999695e+01 1.455765803140282033e-01
4.489122000000000057e+00 2.489809299999999936e+01 1.466016661330354631e-01
4.493865000000000443e+00 2.488779100000000000e+01 1.473904886700851402e-01
4.498607999999999940e+00 2.481893099999999919e+01 1.480164584581609988e-01
4.503350000000000186e+00 2.504770800000000008e+01 1.495437355587234118e-01
4.508092999999999684e+00 2.501981400000000022e+01 1.503199224345628804e-01
4.512836000000000070e+00 2.501908399999999943e+01 1.511908087402094591e-01
4.517578999999999567e+00 2.492970799999999798e+01 1.518052558392821161e-01
4.522321999999999953e+00 2.482124599999999859e+01 1.523719362739720529e-01
4.527065000000000339e+00 2.473283100000000090e+01 1.530113337180520616e-01
4.531807999999999836e+00 2.496777900000000017e+01 1.546666692974436597e-01
4.536551000000000222e+00 2.501334299999999899e+01 1.557531003470803976e-01
4.541292999999999580e+00 2.479238500000000300e+01 1.560219555221831478e-01
4.546035999999999966e+00 2.443852500000000205e+01 1.558724851487487684e-01
4.550779000000000352e+00 2.484209399999999590e+01 1.581455486726711379e-01
4.555521999999999849e+00 2.485310499999999934e+01 1.591911217890777941e-01
4.560265000000000235e+00 2.507693100000000186e+01 1.609359336639011873e-01
4.565007999999999733e+00 2.495440000000000325e+01 1.615929973795649788e-01
4.569751000000000118e+00 2.487057699999999372e+01 1.623852475659125216e-01
4.574493000000000364e+00 2.496174000000000248e+01 1.637708580461728347e-01
4.579235999999999862e+00 2.492747399999999658e+01 1.647647897870624933e-01
4.583979000000000248e+00 2.459557500000000019e+01 1.647840775105874900e-01
4.588721999999999746e+00 2.481194199999999839e+01 1.666542800518744649e-01
4.593465000000000131e+00 2.491904400000000663e+01 1.681850321936283199e-01
4.598207999999999629e+00 2.503931100000000498e+01 1.697875360572798087e-01
4.602951000000000015e+00 2.496312500000000156e+01 1.707494772313136733e-01
4.607693000000000261e+00 2.511277600000000376e+01 1.725091814774662724e-01
4.612435999999999758e+00 2.506513400000000047e+01 1.736178118119701963e-01
4.617179000000000144e+00 2.483037100000000308e+01 1.740954823687435593e-01
4.621921999999999642e+00 2.510801299999999614e+01 1.763964860628997600e-01
4.626665000000000028e+00 2.478925200000000117e+01 1.766230870525580532e-01
4.631408000000000413e+00 2.504840100000000191e+01 1.789282582487634887e-01
4.636150999999999911e+00 2.453518000000000043e+01 1.784875673701064591e-01
4.640894000000000297e+00 2.503491599999999551e+01 1.817456540804497644e-01
4.645635999999999655e+00 2.489557200000000137e+01 1.827132437074606153e-01
4.650379000000000040e+00 2.488828099999999921e+01 1.841983882782555759e-01
4.655122000000000426e+00 2.468030700000000266e+01 1.849693124913441011e-01
4.659864999999999924e+00 2.487406000000000006e+01 1.872781373154877860e-01
4.664608000000000310e+00 2.483037099999999953e+01 1.887369152153708929e-01
4.669350999999999807e+00 2.499063699999999955e+01 1.910123684001148736e-01
4.674094000000000193e+00 2.516226899999999844e+01 1.933859899129365401e-01
4.678836000000000439e+00 2.489199800000000096e+01 1.940958598281220249e-01
4.683578999999999937e+00 2.492990100000000098e+01 1.960420808907549217e-01
4.688322000000000322e+00 2.498021500000000117e+01 1.980883524695747910e-01
4.693064999999999820e+00 2.507309599999999961e+01 2.003618383380645351e-01
4.697808000000000206e+00 2.487442599999999970e+01 2.015134961255515833e-01
4.702550999999999704e+00 2.532614600000000138e+01 2.053611036118127564e-01
4.707294000000000089e+00 2.503117600000000209e+01 2.062326293880274997e-01
4.712036999999999587e+00 2.497218499999999608e+01 2.081189507295049257e-01
4.716778999999999833e+00 2.519737600000000199e+01 2.112583160172032404e-01
4.721522000000000219e+00 2.535810299999999629e+01 2.142091885030067977e-01
4.726264999999999716e+00 2.467125599999999963e+01 2.136092743551899209e-01
4.731008000000000102e+00 2.514096500000000134e+01 2.180507520912292052e-01
4.735750999999999600e+00 2.497215500000000432e+01 2.198096258943686432e-01
4.740493999999999986e+00 2.481982199999999850e+01 2.217029804574739971e-01
4.745237000000000371e+00 2.514326299999999748e+01 2.258111479781964026e-01
4.749978999999999729e+00 2.503901000000000110e+01 2.281052601801953073e-01
4.754722000000000115e+00 2.517059599999999975e+01 2.315738483437244644e-01
4.759464999999999613e+00 2.498483999999999838e+01 2.336837473983385538e-01
4.764207999999999998e+00 2.515396900000000002e+01 2.375605438654296298e-01
4.768951000000000384e+00 2.508165299999999931e+01 2.404226771386557826e-01
4.773693999999999882e+00 2.499791099999999844e+01 2.433554507514918974e-01
4.778437000000000268e+00 2.498817799999999778e+01 2.467772598264882100e-01
4.783178999999999625e+00 2.521764700000000659e+01 2.515398028428665889e-01
4.787922000000000011e+00 2.515382200000000523e+01 2.550118053914091076e-01
4.792665000000000397e+00 2.494703899999999663e+01 2.579051975882141745e-01
4.797407999999999895e+00 2.512827300000000008e+01 2.629862776570578431e-01
4.802151000000000280e+00 2.522360100000000216e+01 2.678381468608310723e-01
4.806893999999999778e+00 2.553061299999999889e+01 2.740646356865987232e-01
4.811637000000000164e+00 2.523088499999999357e+01 2.772593330527061140e-01
4.816379999999999661e+00 2.486149500000000145e+01 2.802516519501135894e-01
4.821121999999999908e+00 2.525962600000000435e+01 2.878388744174149583e-01
4.825865000000000293e+00 2.524106199999999944e+01 2.933966877630055370e-01
4.830607999999999791e+00 2.502697299999999814e+01 2.981269617923427706e-01
4.835351000000000177e+00 2.473963300000000132e+01 3.027273329066214602e-01
4.840093999999999674e+00 2.504162099999999924e+01 3.113420831423842072e-01
4.844837000000000060e+00 2.480111000000000132e+01 3.170464848944541947e-01
4.849579999999999558e+00 2.516378299999999868e+01 3.271342472186915540e-01
4.854321999999999804e+00 2.494601700000000122e+01 3.340445616786479333e-01
4.859065000000000190e+00 2.519262799999999913e+01 3.447293800587498680e-01
4.863807999999999687e+00 2.481505299999999892e+01 3.518642659787435401e-01
4.868551000000000073e+00 2.505132800000000159e+01 3.641773046234210165e-01
4.873293999999999571e+00 2.497038099999999972e+01 3.752184534818350237e-01
4.878036999999999956e+00 2.512072099999999963e+01 3.892087509762209852e-01
4.882780000000000342e+00 2.508735300000000024e+01 4.031886911488589686e-01
4.887522999999999840e+00 2.510818800000000195e+01 4.192854801813795662e-01
4.892265000000000086e+00 2.546761000000000053e+01 4.403558156161560544e-01
4.897007999999999583e+00 2.487579699999999860e+01 4.555658942522914923e-01
4.901750999999999969e+00 2.515221700000000027e+01 4.817018777168924903e-01
4.906494000000000355e+00 2.551789899999999633e+01 5.130634183804181347e-01
4.911236999999999853e+00 2.554637600000000219e+01 5.466508457041477920e-01
4.915980000000000238e+00 2.568468800000000130e+01 5.888884616906413516e-01
4.920722999999999736e+00 2.476109400000000349e+01 6.287433365730169532e-01
4.925464999999999982e+00 2.482485499999999945e+01 6.961619147456071799e-01
4.930208000000000368e+00 2.537606600000000157e+01 7.982294905408970909e-01
4.934950999999999866e+00 2.653076699999999732e+01 9.659939607622451962e-01
4.939694000000000251e+00 2.533499700000000132e+01 1.218982150722105473e+00
4.944436999999999749e+00 8.147150299999999845e+00 1.197623467057434388e+00