# [29] Sgs_R04_0.6
# Sample c= 1.0 mg/ml
#
# Number of frames collected: 10
# Exposure time per frame: 0.5
# No significant radiation damage detected, merging 10 files
# Merged from: /data/visitor/mx1905/bm29/20170412/Poker/1d/Sxl_10gs_123_00001.dat
# Merged from: /data/visitor/mx1905/bm29/20170412/Poker/1d/Sxl_10gs_123_00002.dat
# Merged from: /data/visitor/mx1905/bm29/20170412/Poker/1d/Sxl_10gs_123_00003.dat
# Merged from: /data/visitor/mx1905/bm29/20170412/Poker/1d/Sxl_10gs_123_00004.dat
# Merged from: /data/visitor/mx1905/bm29/20170412/Poker/1d/Sxl_10gs_123_00005.dat
# Merged from: /data/visitor/mx1905/bm29/20170412/Poker/1d/Sxl_10gs_123_00006.dat
# Merged from: /data/visitor/mx1905/bm29/20170412/Poker/1d/Sxl_10gs_123_00007.dat
# Merged from: /data/visitor/mx1905/bm29/20170412/Poker/1d/Sxl_10gs_123_00008.dat
# Merged from: /data/visitor/mx1905/bm29/20170412/Poker/1d/Sxl_10gs_123_00009.dat
# Merged from: /data/visitor/mx1905/bm29/20170412/Poker/1d/Sxl_10gs_123_00010.dat
#
# Sample Information:
# Storage Temperature (degrees C): 20.0
# Measurement Temperature (degrees C): 20.03
# Concentration: 1.0
# Code: 
3.082862000000000102e-02 6.372269999999999754e+02 8.404593907875442582e+00
3.557148999999999728e-02 1.329316000000000258e+03 5.005354193260751927e+00
4.031434999999999880e-02 1.557846699999999601e+03 3.569421589926230265e+00
4.505722000000000199e-02 1.055235899999999901e+03 2.088916175039649659e+00
4.980007999999999657e-02 7.175606700000000728e+02 1.542454301981439624e+00
5.454294999999999977e-02 5.202106900000001133e+02 1.235537508861726419e+00
5.928581000000000129e-02 3.877666499999999701e+02 1.014106996295183860e+00
6.402868000000000448e-02 3.110412100000000351e+02 8.659733465412257081e-01
6.877154000000000600e-02 2.576289199999999937e+02 7.570462283871507436e-01
7.351441000000000225e-02 2.182878899999999760e+02 6.714814300345394171e-01
7.825727999999999851e-02 1.881030900000000088e+02 6.000404162878947290e-01
8.300014000000000003e-02 1.666102699999999857e+02 5.466668839782413691e-01
8.774300999999999628e-02 1.502896300000000167e+02 5.037701641590637269e-01
9.248586999999999780e-02 1.380317500000000166e+02 4.691740487148773342e-01
9.722873999999999406e-02 1.273998399999999975e+02 4.376586941021279320e-01
1.019715999999999956e-01 1.188448300000000017e+02 4.119584978372457518e-01
1.067145000000000038e-01 1.133792499999999990e+02 3.927594575976751656e-01
1.114572999999999953e-01 1.072909199999999998e+02 3.734204256876423322e-01
1.162002000000000035e-01 1.027450000000000045e+02 3.574398022873222502e-01
1.209430999999999978e-01 9.888982000000001449e+01 3.433107550844861633e-01
1.256858999999999893e-01 9.639486899999999991e+01 3.321837579684022157e-01
1.304288000000000114e-01 9.371567399999997861e+01 3.212628269889312715e-01
1.351717000000000057e-01 9.155525199999999586e+01 3.115944184879207990e-01
1.399144999999999972e-01 8.959948900000000549e+01 3.026567286540954860e-01
1.446573999999999915e-01 8.738902700000001289e+01 2.937094385496269444e-01
1.494003000000000136e-01 8.596902800000000866e+01 2.864432251399704477e-01
1.541431000000000051e-01 8.489914199999999767e+01 2.804894320594900625e-01
1.588859999999999995e-01 8.370662599999999998e+01 2.741060965700055641e-01
1.636287999999999909e-01 8.249998100000000534e+01 2.679805852361195062e-01
1.683717000000000130e-01 8.098590599999999995e+01 2.616010681677534699e-01
1.731146000000000074e-01 8.005886999999998466e+01 2.563701608390360209e-01
1.778573999999999988e-01 7.951718100000000788e+01 2.519133032850581766e-01
1.826002999999999932e-01 7.860297299999999154e+01 2.470612525317316677e-01
1.873431999999999875e-01 7.770352799999999149e+01 2.424067960852088199e-01
1.920860000000000067e-01 7.706176299999999912e+01 2.382883978788445101e-01
1.968289000000000011e-01 7.677811399999998798e+01 2.348423271611713159e-01
2.015717999999999954e-01 7.599648799999997095e+01 2.307835677922756568e-01
2.063145999999999869e-01 7.537672399999999584e+01 2.270852535055843391e-01
2.110575000000000090e-01 7.487355399999999861e+01 2.234459561710025466e-01
2.158004000000000033e-01 7.428291300000000774e+01 2.200112495738995033e-01
2.205431999999999948e-01 7.362996599999999603e+01 2.166160324288647632e-01
2.252860999999999891e-01 7.317876400000000103e+01 2.136193643051439162e-01
2.300290000000000112e-01 7.267571300000000178e+01 2.106249732376329342e-01
2.347718000000000027e-01 7.234220299999999781e+01 2.079435687862925819e-01
2.395146999999999970e-01 7.170963800000001243e+01 2.049142163161870589e-01
2.442575999999999914e-01 7.136224799999999391e+01 2.023646090430450961e-01
2.490004000000000106e-01 7.123415500000001543e+01 2.001857898997133900e-01
2.537433000000000050e-01 7.080244500000000585e+01 1.976347625558644017e-01
2.584861999999999993e-01 7.029906100000000890e+01 1.950723554767802015e-01
2.632289999999999908e-01 7.012064900000000023e+01 1.930325064440292782e-01
2.679718999999999851e-01 6.955379600000000551e+01 1.905096270166024841e-01
2.727146999999999766e-01 6.914244100000000515e+01 1.882449441273265633e-01
2.774576000000000264e-01 6.873967999999999279e+01 1.860996125640461962e-01
2.822005000000000208e-01 6.867877400000000421e+01 1.845025845099902695e-01
2.869433000000000122e-01 6.845091800000000148e+01 1.826306824443847399e-01
2.916862000000000066e-01 6.811688999999998373e+01 1.806518579902158250e-01
2.964291000000000009e-01 6.770946899999998436e+01 1.786278753993578161e-01
3.011718999999999924e-01 6.739412699999999745e+01 1.767708886199051144e-01
3.059147999999999867e-01 6.696843500000001370e+01 1.748101934333264329e-01
3.106576999999999811e-01 6.650108600000000081e+01 1.728259024738797722e-01
3.154004999999999725e-01 6.628601399999999444e+01 1.712172405232510186e-01
3.201434000000000224e-01 6.599282600000000798e+01 1.695492309971717293e-01
3.248863000000000167e-01 6.555464200000000119e+01 1.677226179008493301e-01
3.296291000000000082e-01 6.543049699999998836e+01 1.663204717666628973e-01
3.343720000000000026e-01 6.546240200000001153e+01 1.651519702728923011e-01
3.391148999999999969e-01 6.535548300000000665e+01 1.655624239895466254e-01
3.438576999999999884e-01 6.510229499999999803e+01 1.673768225668610943e-01
3.486005999999999827e-01 6.452977999999998815e+01 1.708812081383631887e-01
3.533434999999999770e-01 6.430011800000001188e+01 1.737058876850928746e-01
3.580863000000000240e-01 6.379198399999999936e+01 1.751689692289219447e-01
3.628292000000000184e-01 6.353281399999999479e+01 1.765368630017243867e-01
3.675720000000000098e-01 6.304569599999999951e+01 1.773062542188501289e-01
3.723149000000000042e-01 6.256826200000000426e+01 1.779336304170597294e-01
3.770577999999999985e-01 6.246286600000000533e+01 1.789734458432247488e-01
3.818005999999999900e-01 6.222060900000000316e+01 1.795790496702287797e-01
3.865434999999999843e-01 6.196816699999999400e+01 1.800985930772753263e-01
3.912863999999999787e-01 6.182687399999999656e+01 1.806144976199081376e-01
3.960292000000000256e-01 6.130019200000000268e+01 1.805825511814142526e-01
4.007721000000000200e-01 6.146248100000000392e+01 1.815943842127669128e-01
4.055150000000000143e-01 6.134715300000000582e+01 1.876768434516730699e-01
4.102578000000000058e-01 6.078336900000000753e+01 1.916839760836919759e-01
4.150007000000000001e-01 6.039265300000000991e+01 1.952506952331816981e-01
4.197435999999999945e-01 6.013118500000000211e+01 1.978282532821820927e-01
4.244863999999999860e-01 5.973478299999999308e+01 2.003678365778328030e-01
4.292292999999999803e-01 5.944642700000000701e+01 2.029372076091028043e-01
4.339721999999999746e-01 5.919562000000000523e+01 2.056093185360833853e-01
4.387150000000000216e-01 5.923030500000000131e+01 2.086700468810943065e-01
4.434579000000000160e-01 5.892552499999999327e+01 2.111901159445593312e-01
4.482008000000000103e-01 5.845161399999999219e+01 2.138906536945403558e-01
4.529436000000000018e-01 5.799363200000000518e+01 2.165234838418170216e-01
4.576864999999999961e-01 5.779973300000000336e+01 2.184185374044639028e-01
4.624293999999999905e-01 5.731382100000000435e+01 2.193102651981491125e-01
4.671721999999999819e-01 5.735786500000000387e+01 2.183107557646624675e-01
4.719150999999999763e-01 5.770674499999999796e+01 2.103549150515394983e-01
4.766579000000000232e-01 5.699514699999999578e+01 2.051178344801050935e-01
4.814008000000000176e-01 5.666086500000000115e+01 2.019174414146853724e-01
4.861437000000000119e-01 5.629701300000000685e+01 1.992869471262987413e-01
4.908865000000000034e-01 5.597808500000000009e+01 1.971014151774707623e-01
4.956293999999999977e-01 5.576065499999999986e+01 1.953338357619029964e-01
5.003722999999999921e-01 5.554454100000000238e+01 1.937289194457103014e-01
5.051151000000000391e-01 5.515217300000000478e+01 1.919481073444429808e-01
5.098580000000000334e-01 5.520161299999999471e+01 1.910358114037211119e-01
5.146009000000000277e-01 5.446740499999999940e+01 1.888449055527863518e-01
5.193436999999999637e-01 5.426135000000000730e+01 1.876250412063965034e-01
5.240865999999999580e-01 5.414361100000000704e+01 1.866140007264388001e-01
5.288294999999999524e-01 5.390701099999999713e+01 1.854434251058634797e-01
5.335722999999999994e-01 5.357112899999999911e+01 1.837779088260164118e-01
5.383151999999999937e-01 5.310866000000000042e+01 1.816625169200892231e-01
5.430580999999999881e-01 5.289111799999999164e+01 1.800272162965969591e-01
5.478009000000000350e-01 5.292656500000000364e+01 1.788730539232720740e-01
5.525438000000000294e-01 5.211058599999999785e+01 1.763266916940631757e-01
5.572867000000000237e-01 5.210758499999999316e+01 1.751912301959558660e-01
5.620294999999999597e-01 5.181960300000000785e+01 1.736170231493504856e-01
5.667723999999999540e-01 5.151520500000000169e+01 1.720543883767949866e-01
5.715152000000000010e-01 5.144800599999999946e+01 1.709214754271562997e-01
5.762580999999999953e-01 5.131834500000000077e+01 1.697087706005140362e-01
5.810009999999999897e-01 5.146015200000000789e+01 1.690175583181374730e-01
5.857438000000000367e-01 5.079041399999999840e+01 1.674120739176634121e-01
5.904867000000000310e-01 5.053150300000000072e+01 1.665834413965865957e-01
5.952296000000000253e-01 5.010649099999999834e+01 1.654810041807865673e-01
5.999723999999999613e-01 4.983220099999999775e+01 1.648071210084582350e-01
6.047152999999999556e-01 4.968072699999999742e+01 1.641404057384945048e-01
6.094581999999999500e-01 4.977973100000000528e+01 1.637769936031049922e-01
6.142009999999999970e-01 4.905953600000000137e+01 1.623593063251481949e-01
6.189438999999999913e-01 4.898311600000000254e+01 1.617059360151933134e-01
6.236867999999999856e-01 4.874867900000000276e+01 1.609462796450673028e-01
6.284296000000000326e-01 4.855128299999999797e+01 1.602546928017785088e-01
6.331725000000000270e-01 4.810114100000000548e+01 1.591453063778903998e-01
6.379154000000000213e-01 4.803027499999999606e+01 1.586672701188610035e-01
6.426581999999999573e-01 4.757965000000000089e+01 1.575669943967124287e-01
6.474010999999999516e-01 4.730385399999999407e+01 1.567600469111326278e-01
6.521439999999999459e-01 4.694833600000000473e+01 1.558201460958646423e-01
6.568867999999999929e-01 4.698820200000000114e+01 1.555400805579439660e-01
6.616296999999999873e-01 4.686862500000000153e+01 1.550006933016891408e-01
6.663725999999999816e-01 4.646486200000000366e+01 1.539948227872343089e-01
6.711154000000000286e-01 4.665342700000000065e+01 1.539683832291967591e-01
6.758583000000000229e-01 4.630567099999999670e+01 1.530592160607214258e-01
6.806010999999999589e-01 4.591219199999999745e+01 1.520785245969913102e-01
6.853439999999999532e-01 4.587827399999999756e+01 1.516969706301750653e-01
6.900868999999999476e-01 4.579759199999999453e+01 1.512373004087100292e-01
6.948296999999999946e-01 4.530480100000000476e+01 1.500993313804475371e-01
6.995725999999999889e-01 4.517337299999999800e+01 1.495636584525241453e-01
7.043154999999999832e-01 4.480603399999999681e+01 1.486408864625002602e-01
7.090583000000000302e-01 4.477382999999999669e+01 1.482732331114894886e-01
7.138012000000000246e-01 4.434388900000000433e+01 1.472488178961858518e-01
7.185441000000000189e-01 4.450915499999999270e+01 1.472155813418810633e-01
7.232868999999999549e-01 4.418563499999999777e+01 1.463760589224880615e-01
7.280297999999999492e-01 4.393571699999999680e+01 1.456582039673296192e-01
7.327727000000000546e-01 4.370142400000000293e+01 1.449681962292295456e-01
7.375154999999999905e-01 4.358959199999999612e+01 1.444858461545842909e-01
7.422583999999999849e-01 4.332366999999999280e+01 1.437510481695511155e-01
7.470012999999999792e-01 4.309158499999999492e+01 1.430725660939870525e-01
7.517441000000000262e-01 4.286784800000000217e+01 1.424094571626041972e-01
7.564870000000000205e-01 4.287091399999999908e+01 1.421272111200114208e-01
7.612299000000000149e-01 4.249697600000000364e+01 1.412222933227350041e-01
7.659726999999999508e-01 4.210391900000000476e+01 1.402851078781614524e-01
7.707155999999999452e-01 4.221711100000000272e+01 1.401913039234320701e-01
7.754585000000000505e-01 4.184609700000000032e+01 1.392972402349310912e-01
7.802012999999999865e-01 4.182030699999999968e+01 1.391165036478979322e-01
7.849441999999999808e-01 4.155992199999999315e+01 1.383603462557061459e-01
7.896870000000000278e-01 4.137653199999999742e+01 1.376926066006965987e-01
7.944299000000000222e-01 4.112982699999999170e+01 1.370130255870357083e-01
7.991728000000000165e-01 4.109204400000000135e+01 1.366837052658732288e-01
8.039155999999999525e-01 4.091499900000000167e+01 1.361232430819483419e-01
8.086584999999999468e-01 4.059850799999999538e+01 1.353312888078558873e-01
8.134014000000000522e-01 4.034842499999999177e+01 1.346536671529687812e-01
8.181441999999999881e-01 4.022198900000000066e+01 1.342861411602369881e-01
8.228870999999999825e-01 4.001637900000000769e+01 1.335898911720445059e-01
8.276299999999999768e-01 4.009223400000000481e+01 1.334542359156647429e-01
8.323728000000000238e-01 3.985416500000000184e+01 1.328042773005154165e-01
8.371157000000000181e-01 3.973558500000000038e+01 1.323563379623370895e-01
8.418586000000000125e-01 3.958619100000000657e+01 1.318573772481251571e-01
8.466013999999999484e-01 3.957754699999999559e+01 1.315930840231487875e-01
8.513443000000000538e-01 3.915711799999999698e+01 1.306471267534893010e-01
8.560872000000000481e-01 3.893580200000000957e+01 1.300348772236229744e-01
8.608299999999999841e-01 3.878520700000000687e+01 1.295413045788909590e-01
8.655728999999999784e-01 3.873347500000000565e+01 1.292131558137819825e-01
8.703157999999999728e-01 3.844534600000000069e+01 1.284939223508283213e-01
8.750586000000000197e-01 3.851630300000000062e+01 1.283760962435694375e-01
8.798015000000000141e-01 3.833012399999999786e+01 1.278303736505213561e-01
8.845442999999999500e-01 3.810378299999999996e+01 1.272178009357353978e-01
8.892872000000000554e-01 3.799137699999999995e+01 1.267982727930045406e-01
8.940301000000000498e-01 3.785336699999999865e+01 1.263387528673882432e-01
8.987728999999999857e-01 3.778332899999999483e+01 1.259932558723080853e-01
9.035157999999999801e-01 3.761852899999999522e+01 1.254897522573779622e-01
9.082586999999999744e-01 3.747639900000000068e+01 1.250275710914752758e-01
9.130015000000000214e-01 3.710770499999999572e+01 1.241887208013779248e-01
9.177444000000000157e-01 3.717125399999999757e+01 1.240732322167126533e-01
9.224873000000000101e-01 3.708092599999999806e+01 1.237003872257924908e-01
9.272300999999999460e-01 3.685392300000000176e+01 1.231024395741424915e-01
9.319730000000000514e-01 3.645197800000000399e+01 1.222135191675838978e-01
9.367159000000000457e-01 3.639624000000000592e+01 1.219051795816441103e-01
9.414586999999999817e-01 3.655631100000000799e+01 1.219569399291344086e-01
9.462015999999999760e-01 3.631968400000000230e+01 1.213487973128922343e-01
9.509444999999999704e-01 3.622047799999999995e+01 1.209724068287379994e-01
9.556873000000000173e-01 3.620051999999999737e+01 1.207290029178821611e-01
9.604302000000000117e-01 3.589192700000000258e+01 1.200036423259598362e-01
9.651731000000000060e-01 3.572326999999999941e+01 1.195146685682807741e-01
9.699159000000000530e-01 3.556278099999999398e+01 1.190412506113216889e-01
9.746588000000000473e-01 3.558969600000000355e+01 1.188822685409199192e-01
9.794017000000000417e-01 3.545918500000000506e+01 1.184597664493708818e-01
9.841444999999999776e-01 3.544000799999999884e+01 1.182258591002302850e-01
9.888873999999999720e-01 3.516284399999999977e+01 1.175633762098728663e-01
9.936302000000000190e-01 3.495294700000000176e+01 1.170138269874565068e-01
9.983731000000000133e-01 3.497556000000000154e+01 1.168527652084536961e-01
1.003115999999999897e+00 3.476450299999999771e+01 1.163036644717009710e-01
1.007859000000000060e+00 3.469782899999999870e+01 1.159978600606424992e-01
1.012602000000000002e+00 3.460509700000000066e+01 1.156495022574182824e-01
1.017344999999999944e+00 3.461613200000000745e+01 1.154738824091841864e-01
1.022086999999999968e+00 3.437499900000000252e+01 1.148798188613313342e-01
1.026829999999999909e+00 3.436921700000000612e+01 1.146806291918325699e-01
1.031573000000000073e+00 3.421149799999999885e+01 1.142286349175477139e-01
1.036316000000000015e+00 3.401893499999999904e+01 1.137181509659311029e-01
1.041058999999999957e+00 3.375883699999999976e+01 1.130967966490006305e-01
1.045801999999999898e+00 3.378106100000000822e+01 1.129496007970501870e-01
1.050545000000000062e+00 3.354237299999999777e+01 1.123667788088347913e-01
1.055287000000000086e+00 3.357654300000000092e+01 1.122399665340416963e-01
1.060030000000000028e+00 3.338848200000000332e+01 1.117441024029380142e-01
1.064772999999999969e+00 3.339911500000000899e+01 1.115819428035880606e-01
1.069515999999999911e+00 3.323598499999999234e+01 1.111303717728416435e-01
1.074259000000000075e+00 3.329807999999999168e+01 1.110544933102443066e-01
1.079002000000000017e+00 3.312114600000000308e+01 1.105818653460403506e-01
1.083744999999999958e+00 3.296001800000000515e+01 1.101608743442089866e-01
1.088487999999999900e+00 3.288725300000000118e+01 1.098889581242910862e-01
1.093229999999999924e+00 3.280591100000000182e+01 1.095301683474146637e-01
1.097973000000000088e+00 3.270238400000000212e+01 1.091843020417170573e-01
1.102716000000000030e+00 3.265165600000000268e+01 1.089283177160158961e-01
1.107458999999999971e+00 3.251711699999999894e+01 1.085333711051527372e-01
1.112201999999999913e+00 3.241734599999999489e+01 1.081959067395121127e-01
1.116945000000000077e+00 3.221960199999999475e+01 1.076970517229947355e-01
1.121688000000000018e+00 3.229653299999999660e+01 1.076581400058597565e-01
1.126430000000000042e+00 3.225194100000000219e+01 1.074172704587660759e-01
1.131172999999999984e+00 3.213512699999999711e+01 1.070557179027659400e-01
1.135915999999999926e+00 3.210541500000000070e+01 1.068411106598644300e-01
1.140659000000000090e+00 3.206921599999999728e+01 1.066171444582657141e-01
1.145402000000000031e+00 3.199110499999999746e+01 1.063243058608185770e-01
1.150144999999999973e+00 3.197137399999999730e+01 1.061280894041775474e-01
1.154887999999999915e+00 3.175352000000000174e+01 1.056045977733895691e-01
1.159631000000000078e+00 3.159912799999999677e+01 1.051878399212951010e-01
1.164373000000000102e+00 3.138003900000000002e+01 1.046644527553548115e-01
1.169116000000000044e+00 3.133950799999999504e+01 1.045161740259889227e-01
1.173858999999999986e+00 3.143737499999999585e+01 1.044932523434666527e-01
1.178601999999999927e+00 3.133070700000000031e+01 1.041091851103388422e-01
1.183345000000000091e+00 3.129028600000000182e+01 1.038867041086485726e-01
1.188088000000000033e+00 3.112232999999999805e+01 1.034519794759148209e-01
1.192830999999999975e+00 3.106009000000000242e+01 1.031943603676634957e-01
1.197572999999999999e+00 3.104916599999999605e+01 1.030233500297898369e-01
1.202315999999999940e+00 3.086828099999999608e+01 1.025713484841985490e-01
1.207059000000000104e+00 3.103591700000000486e+01 1.030298853347838134e-01
1.211802000000000046e+00 3.084755100000000283e+01 1.060802312501443467e-01
1.216544999999999987e+00 3.096782200000000174e+01 1.084991203722256020e-01
1.221287999999999929e+00 3.056217000000000183e+01 1.094064916908928237e-01
1.226031000000000093e+00 3.063648799999999639e+01 1.109109780974651682e-01
1.230774000000000035e+00 3.055444699999999258e+01 1.119835521803916462e-01
1.235516000000000059e+00 3.046205699999999439e+01 1.129326336956519572e-01
1.240259000000000000e+00 3.027304499999999621e+01 1.136238592740503595e-01
1.245001999999999942e+00 3.034543299999999633e+01 1.147450990119089909e-01
1.249745000000000106e+00 3.031099500000000191e+01 1.156205992267930610e-01
1.254488000000000048e+00 3.026207199999999986e+01 1.164308805820212928e-01
1.259230999999999989e+00 3.039042399999999589e+01 1.172719102672809682e-01
1.263973999999999931e+00 3.001043599999999856e+01 1.168360171858618263e-01
1.268715999999999955e+00 3.008166300000000248e+01 1.172582125689369398e-01
1.273458999999999897e+00 3.011713499999999755e+01 1.154047542812439708e-01
1.278202000000000060e+00 3.014462199999999825e+01 1.111903608285506884e-01
1.282945000000000002e+00 3.006292099999999934e+01 1.089216258325228087e-01
1.287687999999999944e+00 2.979274799999999956e+01 1.069040517405411561e-01
1.292431000000000108e+00 2.974005000000000365e+01 1.055758787805457927e-01
1.297174000000000049e+00 2.982654799999999540e+01 1.046764039112225014e-01
1.301916000000000073e+00 2.991381400000000212e+01 1.039004297173842239e-01
1.306659000000000015e+00 2.979577199999999948e+01 1.028622034950311404e-01
1.311401999999999957e+00 2.989397800000000416e+01 1.022708685859585326e-01
1.316144999999999898e+00 2.959385999999999584e+01 1.010575889202597055e-01
1.320888000000000062e+00 2.959696899999999431e+01 1.005597113409441024e-01
1.325631000000000004e+00 2.948643200000000064e+01 1.001132612667712529e-01
1.330373999999999945e+00 2.952596300000000085e+01 9.993596278073274553e-02
1.335117000000000109e+00 2.928939599999999999e+01 9.930212068102474421e-02
1.339858999999999911e+00 2.937634600000000162e+01 9.922375370011306261e-02
1.344602000000000075e+00 2.928164699999999954e+01 9.884660188414369497e-02
1.349345000000000017e+00 2.915169799999999967e+01 9.841783088110050981e-02
1.354087999999999958e+00 2.912670700000000323e+01 9.817266006777956855e-02
1.358830999999999900e+00 2.894771999999999679e+01 9.767252605985421443e-02
1.363574000000000064e+00 2.887441900000000672e+01 9.735618382670255255e-02
1.368317000000000005e+00 2.907789999999999964e+01 9.751022900797792770e-02
1.373059000000000029e+00 2.911060300000000467e+01 9.738099202046258951e-02
1.377801999999999971e+00 2.888956000000000657e+01 9.682966801598878737e-02
1.382544999999999913e+00 2.888357200000000446e+01 9.664223567556889938e-02
1.387288000000000077e+00 2.881479499999999661e+01 9.635392912877917271e-02
1.392031000000000018e+00 2.868468900000000232e+01 9.596618286482797022e-02
1.396773999999999960e+00 2.871402400000000199e+01 9.584699673582006141e-02
1.401516999999999902e+00 2.869312900000000610e+01 9.564668118824615206e-02
1.406260000000000066e+00 2.855660800000000066e+01 9.525665337722503956e-02
1.411002000000000089e+00 2.850639800000000079e+01 9.501334302624343808e-02
1.415745000000000031e+00 2.852291800000000421e+01 9.488210736098930120e-02
1.420487999999999973e+00 2.858684299999999823e+01 9.483199076602051580e-02
1.425230999999999915e+00 2.835981899999999811e+01 9.430097759860976703e-02
1.429974000000000078e+00 2.833753899999999959e+01 9.411241078484441913e-02
1.434717000000000020e+00 2.839281699999999731e+01 9.405327938887192429e-02
1.439459999999999962e+00 2.838191999999999737e+01 9.388613904903216067e-02
1.444201999999999986e+00 2.825662100000000265e+01 9.353170088259328552e-02
1.448944999999999927e+00 2.836972099999999841e+01 9.357324340661168915e-02
1.453688000000000091e+00 2.830757799999999946e+01 9.332604691809837094e-02
1.458431000000000033e+00 2.821716799999999736e+01 9.303374057829397192e-02
1.463173999999999975e+00 2.804465599999999625e+01 9.263256044310066994e-02
1.467916999999999916e+00 2.800613099999999989e+01 9.243136582557297254e-02
1.472660000000000080e+00 2.815049900000000349e+01 9.250389759606834905e-02
1.477402000000000104e+00 2.809036499999999847e+01 9.226719010716213920e-02
1.482145000000000046e+00 2.799836300000000122e+01 9.197986672193757263e-02
1.486887999999999987e+00 2.815308999999999884e+01 9.209866230588531488e-02
1.491630999999999929e+00 2.804602699999999871e+01 9.178874210262608080e-02
1.496374000000000093e+00 2.797374399999999994e+01 9.153673515951124551e-02
1.501117000000000035e+00 2.791354199999999963e+01 9.135256622838081042e-02
1.505859999999999976e+00 2.795625000000000071e+01 9.305755236876586678e-02
1.510602999999999918e+00 2.782184799999999925e+01 9.544479716860894414e-02
1.515344999999999942e+00 2.790175700000000347e+01 9.716563179503132086e-02
1.520088000000000106e+00 2.787275099999999384e+01 9.839470070250379286e-02
1.524831000000000047e+00 2.782109299999999763e+01 9.941896503126754214e-02
1.529573999999999989e+00 2.769602499999999878e+01 9.997603180324221572e-02
1.534316999999999931e+00 2.797987799999999581e+01 9.769382066115747665e-02
1.539060000000000095e+00 2.790817700000000201e+01 9.605434268225825079e-02
1.543803000000000036e+00 2.768404600000000215e+01 9.465885597438414290e-02
1.548545000000000060e+00 2.759082500000000238e+01 9.351251097909520082e-02
1.553288000000000002e+00 2.765951400000000149e+01 9.279791646317120390e-02
1.558030999999999944e+00 2.761944599999999994e+01 9.194966631889699149e-02
1.562774000000000107e+00 2.755900600000000011e+01 9.092967579856919835e-02
1.567517000000000049e+00 2.759176299999999671e+01 9.014640261727531467e-02
1.572259999999999991e+00 2.748922500000000468e+01 8.945126410397506722e-02
1.577002999999999933e+00 2.731030200000000008e+01 8.880923350115291215e-02
1.581746000000000096e+00 2.726819099999999452e+01 8.856948638585582234e-02
1.586487999999999898e+00 2.743896400000000568e+01 8.886966507194341003e-02
1.591231000000000062e+00 2.727660799999999952e+01 8.871992940463040156e-02
1.595974000000000004e+00 2.737727299999999531e+01 8.899306013798435888e-02
1.600716999999999945e+00 2.726131399999999871e+01 8.888166344878621616e-02
1.605460000000000109e+00 2.725840499999999977e+01 8.876146034369307436e-02
1.610203000000000051e+00 2.717642199999999519e+01 8.847977960799011110e-02
1.614945999999999993e+00 2.718774000000000157e+01 8.835374353261044034e-02
1.619688000000000017e+00 2.740839700000000079e+01 8.856952632130760117e-02
1.624430999999999958e+00 2.720119200000000248e+01 8.809477030149519272e-02
1.629173999999999900e+00 2.706347200000000086e+01 8.773437727447205847e-02
1.633917000000000064e+00 2.709269600000000011e+01 8.764733800645173323e-02
1.638660000000000005e+00 2.697035299999999935e+01 8.731709191812792037e-02
1.643402999999999947e+00 2.698198100000000110e+01 8.720551861641613611e-02
1.648146000000000111e+00 2.692716300000000018e+01 8.698772330884686765e-02
1.652889000000000053e+00 2.694869499999999718e+01 8.689529706497066408e-02
1.657631000000000077e+00 2.693454499999999641e+01 8.674732004641411143e-02
1.662374000000000018e+00 2.683552399999999949e+01 8.646339936719524277e-02
1.667116999999999960e+00 2.698669500000000454e+01 8.658322108720373222e-02
1.671859999999999902e+00 2.684415499999999355e+01 8.623288337663365111e-02
1.676603000000000065e+00 2.674520100000000156e+01 8.595396201120400481e-02
1.681346000000000007e+00 2.679710200000000242e+01 8.591803621688522130e-02
1.686088999999999949e+00 2.675002799999999681e+01 8.572409215791906845e-02
1.690830999999999973e+00 2.676568100000000072e+01 8.563246131355561896e-02
1.695573999999999915e+00 2.667662199999999828e+01 8.537429676707386506e-02
1.700317000000000078e+00 2.666146799999999573e+01 8.523503184324623949e-02
1.705060000000000020e+00 2.675547100000000000e+01 8.527066404643335318e-02
1.709802999999999962e+00 2.673193100000000300e+01 8.511982087622775583e-02
1.714545999999999903e+00 2.665959399999999846e+01 8.489274663447285429e-02
1.719289000000000067e+00 2.638190600000000430e+01 8.433845964567411591e-02
1.724031000000000091e+00 2.661347999999999914e+01 8.459675899977138480e-02
1.728774000000000033e+00 2.662698199999999815e+01 8.450846282608800997e-02
1.733516999999999975e+00 2.666747300000000109e+01 8.446378999956075107e-02
1.738259999999999916e+00 2.652903400000000289e+01 8.413584092286592597e-02
1.743003000000000080e+00 2.658743099999999870e+01 8.412026900839296439e-02
1.747746000000000022e+00 2.663180600000000098e+01 8.408348527683126572e-02
1.752488999999999963e+00 2.641298199999999952e+01 8.363149193828661732e-02
1.757231999999999905e+00 2.654011100000000312e+01 8.372690017026070131e-02
1.761973999999999929e+00 2.643688199999999711e+01 8.345862282365555662e-02
1.766717000000000093e+00 2.643741400000000041e+01 8.335535260385082412e-02
1.771460000000000035e+00 2.643222700000000103e+01 8.324373547197770618e-02
1.776202999999999976e+00 2.648570900000000350e+01 8.326216618543562376e-02
1.780945999999999918e+00 2.633728500000000139e+01 8.292843693510326686e-02
1.785689000000000082e+00 2.644094400000000178e+01 8.294958379495402656e-02
1.790432000000000023e+00 2.634210999999999814e+01 8.269341923404062433e-02
1.795174000000000047e+00 2.628085200000000299e+01 8.249666681596293238e-02
1.799916999999999989e+00 2.633385799999999932e+01 8.247909450364256101e-02
1.804659999999999931e+00 2.614930400000000077e+01 8.209049711624177847e-02
1.809403000000000095e+00 2.624918299999999860e+01 8.214824951773896933e-02
1.814146000000000036e+00 2.628508500000000225e+01 8.210584015682197145e-02
1.818888999999999978e+00 2.629364900000000560e+01 8.202064263313472992e-02
1.823631999999999920e+00 2.636223799999999784e+01 8.202985660192879669e-02
1.828375000000000083e+00 2.617758899999999400e+01 8.164541232400936155e-02
1.833117000000000107e+00 2.618687999999999505e+01 8.156322281784358919e-02
1.837860000000000049e+00 2.629507199999999756e+01 8.163503736465244076e-02
1.842602999999999991e+00 2.623705700000000007e+01 8.144918313989649161e-02
1.847345999999999933e+00 2.613979099999999534e+01 8.120329728457706397e-02
1.852089000000000096e+00 2.620344400000000107e+01 8.127414706038692260e-02
1.856832000000000038e+00 2.598550500000000696e+01 8.078036386229577037e-02
1.861574999999999980e+00 2.602978399999999937e+01 8.074978844159344527e-02
1.866317000000000004e+00 2.617381599999999864e+01 8.087945419867087482e-02
1.871059999999999945e+00 2.623338199999999887e+01 8.087845098582255310e-02
1.875803000000000109e+00 2.609178700000000006e+01 8.056688522929257579e-02
1.880546000000000051e+00 2.604903800000000302e+01 8.040871023342123503e-02
1.885288999999999993e+00 2.600848799999999983e+01 8.025480578241092622e-02
1.890031999999999934e+00 2.599736200000000252e+01 8.014631643131142624e-02
1.894775000000000098e+00 2.603772800000000487e+01 8.011720731989788180e-02
1.899516999999999900e+00 2.595191699999999813e+01 7.989498135379029253e-02
1.904260000000000064e+00 2.587737199999999760e+01 7.969025660186571103e-02
1.909003000000000005e+00 2.585716299999999634e+01 7.956992277556136639e-02
1.913745999999999947e+00 2.594164500000000118e+01 7.961000708339875664e-02
1.918489000000000111e+00 2.591566399999999959e+01 7.948149303162907464e-02
1.923232000000000053e+00 2.582886500000000041e+01 7.926005857477776140e-02
1.927974999999999994e+00 2.579746399999999795e+01 7.912169742337496481e-02
1.932717999999999936e+00 2.590724300000000113e+01 7.913962791983167322e-02
1.937459999999999960e+00 2.573532900000000012e+01 7.869262068443266811e-02
1.942202999999999902e+00 2.579082999999999970e+01 7.856274870003276956e-02
1.946946000000000065e+00 2.586155699999999769e+01 7.847917222729544617e-02
1.951689000000000007e+00 2.578619500000000286e+01 7.821030438891987679e-02
1.956431999999999949e+00 2.586990499999999926e+01 7.825256495658081124e-02
1.961174999999999891e+00 2.579465399999999775e+01 7.805641997720366709e-02
1.965918000000000054e+00 2.567060499999999479e+01 7.778778188805682281e-02
1.970660000000000078e+00 2.585033900000000173e+01 7.802288345547798987e-02
1.975403000000000020e+00 2.566568699999999836e+01 7.772280000804011879e-02
1.980145999999999962e+00 2.574127399999999710e+01 7.785861586852413363e-02
1.984888999999999903e+00 2.569880199999999348e+01 7.781497704297289653e-02
1.989632000000000067e+00 2.573987200000000186e+01 7.789757432289724781e-02
1.994375000000000009e+00 2.574628399999999573e+01 7.787875832323022662e-02
1.999117999999999951e+00 2.584521900000000372e+01 7.791614911017612222e-02
2.003861000000000114e+00 2.575947599999999937e+01 7.770408570901661538e-02
2.008602999999999916e+00 2.583665099999999981e+01 7.773729662774683802e-02
2.013345999999999858e+00 2.586351099999999903e+01 7.838512007889317235e-02
2.018088999999999800e+00 2.560907699999999565e+01 8.027477817226343071e-02
2.022832000000000185e+00 2.567749999999999844e+01 8.171236205123186269e-02
2.027575000000000127e+00 2.569039300000000026e+01 8.276661239374787093e-02
2.032318000000000069e+00 2.563494800000000140e+01 8.356371034830251121e-02
2.037061000000000011e+00 2.562264099999999800e+01 8.433881511859826763e-02
2.041802999999999813e+00 2.549507500000000348e+01 8.484153396556075311e-02
2.046546000000000198e+00 2.559895000000000209e+01 8.540282218483122301e-02
2.051289000000000140e+00 2.555673099999999209e+01 8.559454498976205861e-02
2.056032000000000082e+00 2.539970500000000087e+01 8.557306251517587947e-02
2.060775000000000023e+00 2.552502100000000240e+01 8.601071572787892527e-02
2.065517999999999965e+00 2.555199899999999857e+01 8.626869710234125188e-02
2.070260999999999907e+00 2.548266399999999976e+01 8.635265934201678817e-02
2.075003000000000153e+00 2.550997699999999924e+01 8.658967982529905405e-02
2.079746000000000095e+00 2.566817400000000049e+01 8.477046856033002009e-02
2.084489000000000036e+00 2.566534700000000413e+01 8.261235630388168161e-02
2.089231999999999978e+00 2.547392100000000070e+01 8.112673408433004885e-02
2.093974999999999920e+00 2.545972099999999827e+01 8.021513611492783746e-02
2.098717999999999861e+00 2.546459300000000070e+01 7.949014638873989902e-02
2.103460999999999803e+00 2.542027300000000167e+01 7.879009338198425527e-02
2.108204000000000189e+00 2.552456199999999953e+01 7.851285445437772292e-02
2.112945999999999991e+00 2.538980199999999954e+01 7.809702819102018467e-02
2.117688999999999933e+00 2.542631199999999936e+01 7.796410683710036649e-02
2.122431999999999874e+00 2.549967099999999931e+01 7.789972563463558319e-02
2.127174999999999816e+00 2.541797100000000142e+01 7.761001258165339811e-02
2.131918000000000202e+00 2.541587200000000024e+01 7.745080949748298083e-02
2.136661000000000143e+00 2.538581299999999885e+01 7.725675904457227072e-02
2.141404000000000085e+00 2.540013400000000132e+01 7.713616236581193053e-02
2.146145999999999887e+00 2.544747100000000017e+01 7.707174189593615776e-02
2.150888999999999829e+00 2.533422300000000149e+01 7.676867537292211829e-02
2.155632000000000215e+00 2.527825599999999895e+01 7.655769008883692162e-02
2.160375000000000156e+00 2.531977100000000291e+01 7.649707350779767767e-02
2.165118000000000098e+00 2.531793700000000058e+01 7.637475504156135409e-02
2.169861000000000040e+00 2.538472300000000104e+01 7.635906903178364680e-02
2.174603999999999981e+00 2.538911600000000135e+01 7.625198279463819839e-02
2.179346999999999923e+00 2.542304299999999984e+01 7.619138907649342096e-02
2.184089000000000169e+00 2.538848300000000080e+01 7.603078560096626637e-02
2.188832000000000111e+00 2.534336599999999962e+01 7.585668116520982718e-02
2.193575000000000053e+00 2.535369199999999879e+01 7.576755235949753087e-02
2.198317999999999994e+00 2.536733100000000007e+01 7.568464947628415762e-02
2.203060999999999936e+00 2.532248199999999727e+01 7.551655732281961630e-02
2.207803999999999878e+00 2.522921099999999939e+01 7.527845491125133293e-02
2.212546999999999819e+00 2.526203600000000193e+01 7.522955925983150494e-02
2.217289000000000065e+00 2.514702100000000229e+01 7.496142250402469676e-02
2.222032000000000007e+00 2.530131800000000197e+01 7.509571270385613506e-02
2.226774999999999949e+00 2.527525200000000183e+01 7.496310950496183623e-02
2.231517999999999891e+00 2.527147000000000077e+01 7.486475541361301000e-02
2.236260999999999832e+00 2.519660800000000123e+01 7.466170876822871005e-02
2.241004000000000218e+00 2.515220700000000065e+01 7.450538437481078746e-02
2.245747000000000160e+00 2.520025300000000357e+01 7.448695274720937287e-02
2.250490000000000101e+00 2.516468399999999761e+01 7.434573972857759505e-02
2.255231999999999903e+00 2.521111399999999847e+01 7.432619395779457849e-02
2.259974999999999845e+00 2.517455899999999858e+01 7.418530724150906863e-02
2.264717999999999787e+00 2.503531399999999962e+01 7.389413339059197616e-02
2.269461000000000173e+00 2.512873700000000099e+01 7.394651928065716640e-02
2.274204000000000114e+00 2.519963399999999965e+01 7.396572996105629794e-02
2.278947000000000056e+00 2.501637699999999853e+01 7.361263962253221382e-02
2.283689999999999998e+00 2.506829899999999967e+01 7.360596724353943299e-02
2.288431999999999800e+00 2.514086500000000157e+01 7.363013362798548345e-02
2.293175000000000185e+00 2.512846099999999794e+01 7.352969938542111561e-02
2.297918000000000127e+00 2.500973799999999869e+01 7.327474804994009439e-02
2.302661000000000069e+00 2.513196900000000156e+01 7.337292703676132066e-02
2.307404000000000011e+00 2.512325299999999828e+01 7.328032332257070069e-02
2.312146999999999952e+00 2.506141799999999620e+01 7.311029132555758869e-02
2.316889999999999894e+00 2.504941899999999677e+01 7.301374534353445578e-02
2.321632000000000140e+00 2.510524800000000312e+01 7.301685218232020769e-02
2.326375000000000082e+00 2.504161699999999513e+01 7.284645449821973429e-02
2.331118000000000023e+00 2.506688099999999864e+01 7.280544719830858713e-02
2.335860999999999965e+00 2.505962899999999749e+01 7.271801058545331042e-02
2.340603999999999907e+00 2.506685600000000136e+01 7.265192880368490091e-02
2.345346999999999849e+00 2.502114700000000624e+01 7.250997346133289390e-02
2.350089999999999790e+00 2.489112199999999930e+01 7.224583043581685182e-02
2.354833000000000176e+00 2.498357300000000336e+01 7.230457485935588846e-02
2.359574999999999978e+00 2.498271499999999889e+01 7.222896307260889825e-02
2.364317999999999920e+00 2.498401800000000250e+01 7.215653876243510734e-02
2.369060999999999861e+00 2.505541999999999803e+01 7.218548588404112565e-02
2.373803999999999803e+00 2.505684899999999971e+01 7.211408514124337255e-02
2.378547000000000189e+00 2.499036800000000369e+01 7.194518461551753508e-02
2.383290000000000131e+00 2.501210599999999928e+01 7.190390234393820301e-02
2.388033000000000072e+00 2.486593099999999978e+01 7.162107593599456590e-02
2.392774999999999874e+00 2.492076499999999584e+01 7.162787886235917612e-02
2.397517999999999816e+00 2.501472199999999901e+01 7.169131953498344978e-02
2.402261000000000202e+00 2.491937199999999919e+01 7.148365309173908277e-02
2.407004000000000143e+00 2.497469600000000156e+01 7.149162320352572819e-02
2.411747000000000085e+00 2.486872799999999728e+01 7.126935133321406213e-02
2.416490000000000027e+00 2.491334400000000215e+01 7.126321835887360068e-02
2.421232999999999969e+00 2.489301999999999992e+01 7.116434167599318406e-02
2.425975999999999910e+00 2.499061199999999872e+01 7.123377662045020375e-02
2.430718000000000156e+00 2.495304800000000256e+01 7.111083179836669155e-02
2.435461000000000098e+00 2.490673400000000370e+01 7.097621488899291675e-02
2.440204000000000040e+00 2.484634400000000198e+01 7.084661027215628792e-02
2.444946999999999981e+00 2.488076699999999875e+01 7.080209551966452908e-02
2.449689999999999923e+00 2.487922499999999459e+01 7.073156494598079047e-02
2.454432999999999865e+00 2.489012499999999761e+01 7.067950774672669689e-02
2.459175999999999807e+00 2.490447700000000353e+01 7.063250493520104034e-02
2.463918000000000053e+00 2.488005300000000020e+01 7.053025003131421777e-02
2.468660999999999994e+00 2.491833199999999948e+01 7.051759448328763502e-02
2.473403999999999936e+00 2.499430899999999767e+01 7.055806545585131817e-02
2.478146999999999878e+00 2.498791999999999902e+01 7.048265914498756668e-02
2.482889999999999819e+00 2.482903700000000313e+01 7.019202873659587116e-02
2.487633000000000205e+00 2.492301300000000452e+01 7.025871249689606690e-02
2.492376000000000147e+00 2.489411300000000082e+01 7.015229415380226652e-02
2.497117999999999949e+00 2.485098199999999835e+01 7.002618491544645996e-02
2.501860999999999891e+00 2.489522499999999994e+01 7.002321764667131243e-02
2.506603999999999832e+00 2.482680500000000023e+01 6.986210507351034438e-02
2.511347000000000218e+00 2.489385500000000206e+01 6.989019289043349459e-02
2.516090000000000160e+00 2.474527499999999947e+01 6.956342512766676422e-02
2.520833000000000101e+00 2.486402000000000001e+01 6.958726331763664952e-02
2.525576000000000043e+00 2.491736999999999824e+01 6.952025057687867549e-02
2.530318999999999985e+00 2.484771500000000088e+01 6.930940365669942260e-02
2.535060999999999787e+00 2.490441600000000122e+01 6.932503447798060714e-02
2.539804000000000173e+00 2.484077500000000072e+01 6.917374720989241665e-02
2.544547000000000114e+00 2.473461999999999961e+01 6.896399719317827803e-02
2.549290000000000056e+00 2.477840400000000187e+01 6.896301464192455821e-02
2.554032999999999998e+00 2.492665799999999621e+01 6.910750832986889414e-02
2.558775999999999939e+00 2.486041400000000223e+01 6.895391949360166195e-02
2.563518999999999881e+00 2.485534900000000036e+01 6.888804774586952673e-02
2.568261000000000127e+00 2.477776999999999674e+01 6.877466485320374301e-02
2.573004000000000069e+00 2.476349599999999640e+01 6.877067965503104452e-02
2.577747000000000011e+00 2.471826000000000434e+01 6.872293795669827399e-02
2.582489999999999952e+00 2.473582400000000092e+01 6.872858144440345540e-02
2.587232999999999894e+00 2.477749599999999575e+01 6.872583734923060073e-02
2.591975999999999836e+00 2.478640199999999894e+01 6.867737748580605983e-02
2.596719000000000221e+00 2.488197799999999660e+01 6.874859901790145167e-02
2.601462000000000163e+00 2.488391700000000029e+01 6.869060552215346116e-02
2.606203999999999965e+00 2.479377200000000059e+01 6.850597161868007823e-02
2.610946999999999907e+00 2.485380100000000070e+01 6.852858187428950698e-02
2.615689999999999849e+00 2.478338799999999509e+01 6.837172145121986344e-02
2.620432999999999790e+00 2.471897800000000345e+01 6.822293439782328717e-02
2.625176000000000176e+00 2.473294199999999776e+01 6.818275672588487712e-02
2.629919000000000118e+00 2.475235899999999845e+01 6.815034799084226935e-02
2.634662000000000059e+00 2.471439299999999761e+01 6.805352666220979008e-02
2.639403999999999861e+00 2.466199999999999903e+01 6.793439328901157426e-02
2.644146999999999803e+00 2.473504299999999745e+01 6.795369059246229859e-02
2.648890000000000189e+00 2.468257399999999535e+01 6.781911467801611526e-02
2.653633000000000131e+00 2.482524199999999936e+01 6.796658549167597374e-02
2.658376000000000072e+00 2.477273899999999784e+01 6.783800468503771441e-02
2.663119000000000014e+00 2.469891499999999951e+01 6.766708576181185153e-02
2.667861999999999956e+00 2.463129599999999897e+01 6.751634253276091180e-02
2.672604999999999897e+00 2.476390799999999714e+01 6.764014384791623702e-02
2.677347000000000143e+00 2.469924299999999917e+01 6.749435488932685467e-02
2.682090000000000085e+00 2.462493700000000274e+01 6.733550473149065019e-02
2.686833000000000027e+00 2.467717599999999578e+01 6.734999603425749493e-02
2.691575999999999969e+00 2.471768499999999946e+01 6.734802323499258780e-02
2.696318999999999910e+00 2.463087399999999860e+01 6.717286261230795419e-02
2.701061999999999852e+00 2.478635500000000036e+01 6.732792651394664540e-02
2.705804999999999794e+00 2.476090400000000002e+01 6.723667787878354063e-02
2.710547000000000040e+00 2.469967300000000066e+01 6.709708371203176869e-02
2.715289999999999981e+00 2.471364799999999917e+01 6.706008612810454572e-02
2.720032999999999923e+00 2.468582099999999713e+01 6.696629841061099708e-02
2.724775999999999865e+00 2.460711900000000085e+01 6.680366831367121061e-02
2.729518999999999807e+00 2.465561299999999889e+01 6.681373148323180300e-02
2.734262000000000192e+00 2.464863199999999921e+01 6.674890728514437654e-02
2.739005000000000134e+00 2.467081999999999908e+01 6.672369842779775351e-02
2.743746999999999936e+00 2.462982099999999974e+01 6.661286973511049148e-02
2.748489999999999878e+00 2.465986300000000142e+01 6.659852321050219182e-02
2.753232999999999819e+00 2.461623399999999862e+01 6.648477450784051612e-02
2.757976000000000205e+00 2.469171599999999955e+01 6.653191698949609267e-02
2.762719000000000147e+00 2.473613799999999685e+01 6.653705536850199054e-02
2.767462000000000089e+00 2.473563599999999596e+01 6.648174949992065319e-02
2.772205000000000030e+00 2.472800499999999957e+01 6.641723937298057989e-02
2.776947999999999972e+00 2.452414999999999878e+01 6.608890363623230735e-02
2.781690000000000218e+00 2.470787199999999828e+01 6.628209384193139986e-02
2.786433000000000160e+00 2.471114800000000145e+01 6.623237648138483036e-02
2.791176000000000101e+00 2.468700000000000472e+01 6.614624888834665095e-02
2.795919000000000043e+00 2.469534200000000013e+01 6.610403588595556434e-02
2.800661999999999985e+00 2.480073099999999542e+01 6.620646865732229824e-02
2.805404999999999927e+00 2.469232299999999825e+01 6.599865772118626572e-02
2.810147999999999868e+00 2.467787800000000331e+01 6.595771618418046212e-02
2.814890000000000114e+00 2.470587700000000098e+01 6.595065512301225008e-02
2.819633000000000056e+00 2.478496000000000166e+01 6.728020897288518321e-02
2.824375999999999998e+00 2.479668899999999709e+01 6.870865529901018509e-02
2.829118999999999939e+00 2.484003400000000283e+01 6.965744648168205322e-02
2.833861999999999881e+00 2.467536799999999886e+01 7.015098865616792301e-02
2.838604999999999823e+00 2.465447299999999942e+01 7.073486019464943209e-02
2.843348000000000209e+00 2.467836399999999841e+01 7.106745664165911580e-02
2.848091000000000150e+00 2.463025000000000020e+01 7.121366599542323927e-02
2.852832999999999952e+00 2.459902600000000206e+01 7.137620488972848398e-02
2.857575999999999894e+00 2.469140000000000512e+01 7.170219738831648537e-02
2.862318999999999836e+00 2.467601799999999912e+01 7.185864778546768861e-02
2.867062000000000221e+00 2.461442800000000020e+01 7.193700766301028282e-02
2.871805000000000163e+00 2.463805599999999885e+01 7.213035200956877113e-02
2.876548000000000105e+00 2.461880400000000080e+01 7.225269489126892597e-02
2.881291000000000047e+00 2.459576999999999813e+01 7.202367521475630530e-02
2.886032999999999848e+00 2.484894100000000350e+01 7.032934852457044250e-02
2.890775999999999790e+00 2.479593799999999959e+01 6.915005219774096601e-02
2.895519000000000176e+00 2.461736099999999894e+01 6.815642398304139205e-02
2.900262000000000118e+00 2.463425200000000004e+01 6.759000123566502594e-02
2.905005000000000059e+00 2.459447499999999920e+01 6.717168612619903167e-02
2.909748000000000001e+00 2.469442099999999840e+01 6.713157322551141504e-02
2.914490999999999943e+00 2.465002999999999744e+01 6.691421844281154885e-02
2.919233000000000189e+00 2.455703799999999859e+01 6.664566754699062512e-02
2.923976000000000131e+00 2.463939299999999832e+01 6.662618461873603959e-02
2.928719000000000072e+00 2.463915099999999825e+01 6.650412099137767430e-02
2.933462000000000014e+00 2.464101399999999842e+01 6.639212164979817199e-02
2.938204999999999956e+00 2.457889699999999777e+01 6.619992743748290276e-02
2.942947999999999897e+00 2.452046199999999843e+01 6.601847938135654847e-02
2.947690999999999839e+00 2.466848399999999941e+01 6.611896258593143172e-02
2.952433999999999781e+00 2.465895599999999988e+01 6.601916431474423586e-02
2.957176000000000027e+00 2.457940200000000175e+01 6.582754865454357174e-02
2.961918999999999969e+00 2.459214300000000009e+01 6.574332304284519202e-02
2.966661999999999910e+00 2.461147400000000118e+01 6.568422817819816184e-02
2.971404999999999852e+00 2.461002500000000026e+01 6.559933495141165305e-02
2.976147999999999794e+00 2.457498499999999808e+01 6.547205570899160276e-02
2.980891000000000179e+00 2.451044500000000070e+01 6.530756253058446481e-02
2.985634000000000121e+00 2.467168000000000205e+01 6.544507928244490402e-02
2.990375999999999923e+00 2.459543499999999838e+01 6.528586645359085727e-02
2.995118999999999865e+00 2.446874200000000243e+01 6.502994480099302810e-02
2.999861999999999806e+00 2.457597200000000015e+01 6.509709631609615632e-02
3.004605000000000192e+00 2.463291699999999906e+01 6.510143668238974057e-02
3.009348000000000134e+00 2.462434000000000012e+01 6.502052556453308263e-02
3.014091000000000076e+00 2.460875999999999664e+01 6.495082838855636975e-02
3.018834000000000017e+00 2.451505700000000587e+01 6.473975907986527500e-02
3.023576999999999959e+00 2.449322000000000088e+01 6.464453904869459089e-02
3.028319000000000205e+00 2.450701500000000266e+01 6.459703820990324308e-02
3.033062000000000147e+00 2.457092600000000360e+01 6.461609406243618015e-02
3.037805000000000089e+00 2.453199199999999891e+01 6.450096018413833954e-02
3.042548000000000030e+00 2.448944499999999636e+01 6.438194717994090432e-02
3.047290999999999972e+00 2.460030899999999932e+01 6.446477540322623212e-02
3.052033999999999914e+00 2.463633700000000104e+01 6.444989203538124822e-02
3.056776999999999855e+00 2.464010599999999940e+01 6.439366437239070484e-02
3.061519000000000101e+00 2.461474999999999724e+01 6.429947993892874691e-02
3.066262000000000043e+00 2.452190700000000234e+01 6.411830053995661027e-02
3.071004999999999985e+00 2.454712600000000577e+01 6.410463385000339520e-02
3.075747999999999927e+00 2.457853799999999822e+01 6.408943476648629178e-02
3.080490999999999868e+00 2.464568799999999982e+01 6.411162839318230999e-02
3.085233999999999810e+00 2.460313400000000428e+01 6.398887298301166038e-02
3.089977000000000196e+00 2.466080800000000295e+01 6.402430546972297243e-02
3.094720000000000137e+00 2.461116400000000226e+01 6.388536439088611518e-02
3.099461999999999939e+00 2.471173900000000145e+01 6.395819996153190301e-02
3.104204999999999881e+00 2.457633700000000232e+01 6.372636372001386218e-02
3.108947999999999823e+00 2.462570600000000098e+01 6.373399219698699936e-02
3.113691000000000209e+00 2.452848900000000043e+01 6.355296489675127392e-02
3.118434000000000150e+00 2.458967499999999617e+01 6.357719546976101088e-02
3.123177000000000092e+00 2.455965599999999682e+01 6.348322776673379075e-02
3.127920000000000034e+00 2.462322099999999381e+01 6.351081979681179324e-02
3.132661999999999836e+00 2.451803199999999805e+01 6.332101897037981098e-02
3.137405000000000221e+00 2.450144499999999681e+01 6.324606420796395623e-02
3.142148000000000163e+00 2.457468300000000028e+01 6.328677409068816928e-02
3.146891000000000105e+00 2.453530699999999953e+01 6.319096460323263276e-02
3.151634000000000047e+00 2.456489800000000301e+01 6.317841327062670431e-02
3.156376999999999988e+00 2.453416000000000352e+01 6.307628655971195264e-02
3.161119999999999930e+00 2.451824800000000693e+01 6.300393262386483340e-02
3.165862000000000176e+00 2.454857999999999763e+01 6.303466081726863401e-02
3.170605000000000118e+00 2.454608999999999952e+01 6.296343421115227490e-02
3.175348000000000059e+00 2.452306199999999947e+01 6.285466865180501517e-02
3.180091000000000001e+00 2.461018800000000084e+01 6.291483247190998718e-02
3.184833999999999943e+00 2.460586999999999946e+01 6.285812224620378197e-02
3.189576999999999884e+00 2.456574399999999869e+01 6.275606041802975210e-02
3.194319999999999826e+00 2.443597799999999864e+01 6.252156259349009315e-02
3.199063000000000212e+00 2.454488499999999718e+01 6.254589879117494755e-02
3.203805000000000014e+00 2.454993900000000195e+01 6.243654096983992929e-02
3.208547999999999956e+00 2.449596199999999868e+01 6.229107472285576319e-02
3.213290999999999897e+00 2.459995099999999724e+01 6.237387979221430123e-02
3.218033999999999839e+00 2.455029299999999992e+01 6.226199259055881230e-02
3.222776999999999781e+00 2.453550099999999645e+01 6.219450896119528560e-02
3.227520000000000167e+00 2.449996800000000263e+01 6.210083937349799438e-02
3.232263000000000108e+00 2.452970299999999426e+01 6.209026944836606304e-02
3.237004999999999910e+00 2.456944499999999820e+01 6.209241744925945994e-02
3.241747999999999852e+00 2.446980300000000241e+01 6.191835041137966344e-02
3.246490999999999794e+00 2.453518800000000155e+01 6.195342313626099606e-02
3.251234000000000179e+00 2.447731800000000035e+01 6.185017678735445223e-02
3.255977000000000121e+00 2.456496499999999727e+01 6.197672754155869601e-02
3.260720000000000063e+00 2.450573100000000082e+01 6.191947418088109695e-02
3.265463000000000005e+00 2.456997400000000198e+01 6.197843278718332544e-02
3.270205999999999946e+00 2.461282399999999626e+01 6.198530590196518059e-02
3.274948000000000192e+00 2.453211399999999642e+01 6.183631230368932113e-02
3.279691000000000134e+00 2.453121800000000263e+01 6.178796410763263969e-02
3.284434000000000076e+00 2.452561500000000194e+01 6.173429282073457369e-02
3.289177000000000017e+00 2.458680100000000124e+01 6.176452776311254500e-02
3.293919999999999959e+00 2.447187100000000370e+01 6.157342126707756463e-02
3.298662999999999901e+00 2.454788800000000037e+01 6.162284953261491782e-02
3.303405999999999842e+00 2.457541800000000265e+01 6.161122695454214482e-02
3.308148000000000089e+00 2.458352400000000060e+01 6.157530326063363757e-02
3.312891000000000030e+00 2.462779499999999899e+01 6.158473803785642631e-02
3.317633999999999972e+00 2.453593299999999999e+01 6.142421021142152604e-02
3.322376999999999914e+00 2.450087699999999913e+01 6.133564719629116396e-02
3.327119999999999855e+00 2.455133000000000010e+01 6.136860015444543098e-02
3.331862999999999797e+00 2.449316099999999707e+01 6.123440323083829961e-02
3.336606000000000183e+00 2.458592900000000014e+01 6.130509837726468014e-02
3.341347999999999985e+00 2.455631299999999939e+01 6.122332735001585757e-02
3.346090999999999926e+00 2.451987799999999851e+01 6.113309655183597757e-02
3.350833999999999868e+00 2.448807700000000054e+01 6.104841499758777157e-02
3.355576999999999810e+00 2.459921399999999636e+01 6.114244244757401081e-02
3.360320000000000196e+00 2.453970999999999592e+01 6.102398009328054151e-02
3.365063000000000137e+00 2.449521100000000118e+01 6.092441422507564874e-02
3.369806000000000079e+00 2.462239700000000653e+01 6.103809926872559577e-02
3.374549000000000021e+00 2.466994899999999902e+01 6.105269493211171877e-02
3.379290999999999823e+00 2.472590999999999894e+01 6.175747355865522648e-02
3.384034000000000209e+00 2.467480300000000426e+01 6.314108201874750470e-02
3.388777000000000150e+00 2.460805600000000126e+01 6.388929368340676151e-02
3.393520000000000092e+00 2.453203699999999898e+01 6.444800149599132222e-02
3.398263000000000034e+00 2.449025999999999925e+01 6.478234013610885411e-02
3.403005999999999975e+00 2.452126799999999918e+01 6.499804021038019242e-02
3.407748999999999917e+00 2.461533400000000071e+01 6.508917767081789929e-02
3.412491000000000163e+00 2.454747100000000160e+01 6.503538442135635422e-02
3.417234000000000105e+00 2.448744099999999690e+01 6.512866936138031471e-02
3.421977000000000046e+00 2.440199500000000299e+01 6.517220894894079630e-02
3.426719999999999988e+00 2.456846599999999725e+01 6.552727080244148683e-02
3.431462999999999930e+00 2.446468899999999991e+01 6.552518270861516780e-02
3.436205999999999872e+00 2.448828299999999558e+01 6.569863206988103832e-02
3.440948999999999813e+00 2.447135200000000310e+01 6.579518968328004758e-02
3.445692000000000199e+00 2.451166200000000117e+01 6.597913293886333019e-02
3.450434000000000001e+00 2.451704699999999804e+01 6.607818206352229773e-02
3.455176999999999943e+00 2.446372200000000063e+01 6.611467281257542294e-02
3.459919999999999884e+00 2.444316600000000150e+01 6.619070964429449311e-02
3.464662999999999826e+00 2.444959999999999667e+01 6.629929746442039806e-02
3.469406000000000212e+00 2.448040400000000005e+01 6.643801758544801150e-02
3.474149000000000154e+00 2.442461699999999780e+01 6.645565648076542931e-02
3.478892000000000095e+00 2.449549799999999777e+01 6.664304508550236705e-02
3.483633999999999897e+00 2.437515899999999647e+01 6.656665207244916171e-02
3.488376999999999839e+00 2.442947299999999800e+01 6.672625964693434941e-02
3.493119999999999781e+00 2.442843399999999932e+01 6.680764468925168287e-02
3.497863000000000167e+00 2.452498799999999690e+01 6.702038064258589167e-02
3.502606000000000108e+00 2.449745499999999865e+01 6.706173864413597641e-02
3.507349000000000050e+00 2.445653000000000077e+01 6.708212945124877868e-02
3.512091999999999992e+00 2.456415199999999999e+01 6.730469910608322115e-02
3.516833999999999794e+00 2.440978899999999996e+01 6.716587710931867794e-02
3.521577000000000179e+00 2.445551700000000039e+01 6.729981114574765111e-02
3.526320000000000121e+00 2.436539900000000358e+01 6.724541020372468147e-02
3.531063000000000063e+00 2.446243000000000123e+01 6.744755698542906353e-02
3.535806000000000004e+00 2.452746899999999997e+01 6.760405397380027381e-02
3.540548999999999946e+00 2.445407400000000209e+01 6.756758632466679237e-02
3.545291999999999888e+00 2.447393300000000238e+01 6.765951974715901651e-02
3.550034999999999830e+00 2.449436999999999998e+01 6.775068124418751059e-02
3.554777000000000076e+00 2.446172200000000174e+01 6.776710319057027698e-02
3.559520000000000017e+00 2.448904800000000037e+01 6.786544172870312419e-02
3.564262999999999959e+00 2.449823900000000165e+01 6.793730576542832134e-02
3.569005999999999901e+00 2.451946399999999926e+01 6.803821739571810912e-02
3.573748999999999842e+00 2.461934899999999971e+01 6.825377824308849484e-02
3.578491999999999784e+00 2.453787099999999910e+01 6.816396528986705394e-02
3.583235000000000170e+00 2.460703000000000173e+01 6.831568921018435492e-02
3.587976999999999972e+00 2.442359600000000341e+01 6.809139472385185299e-02
3.592719999999999914e+00 2.445960799999999935e+01 6.808857495394363135e-02
3.597462999999999855e+00 2.445101100000000116e+01 6.801602478516441397e-02
3.602205999999999797e+00 2.447704700000000599e+01 6.799187590302388506e-02
3.606949000000000183e+00 2.442733300000000085e+01 6.786300727972052749e-02
3.611692000000000125e+00 2.454016999999999626e+01 6.801037982853647135e-02
3.616435000000000066e+00 2.462381299999999840e+01 6.819411927262790385e-02
3.621178000000000008e+00 2.471497300000000408e+01 6.914602508235379030e-02
3.625919999999999810e+00 2.452743699999999905e+01 7.134606200261650599e-02
3.630663000000000196e+00 2.458099399999999690e+01 7.281462029432481109e-02
3.635406000000000137e+00 2.450330799999999698e+01 7.373722894302850439e-02
3.640149000000000079e+00 2.447176999999999936e+01 7.445387240115855509e-02
3.644892000000000021e+00 2.450585600000000142e+01 7.501514754024082854e-02
3.649634999999999962e+00 2.446490500000000168e+01 7.543563662046008644e-02
3.654377999999999904e+00 2.450327000000000410e+01 7.591456676163080286e-02
3.659120000000000150e+00 2.450994300000000337e+01 7.634867975856884925e-02
3.663863000000000092e+00 2.461041799999999569e+01 7.691398327203644025e-02
3.668606000000000034e+00 2.450654499999999913e+01 7.714664310992021268e-02
3.673348999999999975e+00 2.450715399999999633e+01 7.753235514108158810e-02
3.678091999999999917e+00 2.444641599999999571e+01 7.781088575247617489e-02
3.682834999999999859e+00 2.444630899999999585e+01 7.817783982604085968e-02
3.687577999999999800e+00 2.445232500000000186e+01 7.854805795706855387e-02
3.692321000000000186e+00 2.441744100000000373e+01 7.884635079760698995e-02
3.697062999999999988e+00 2.440781700000000143e+01 7.917964624585474565e-02
3.701805999999999930e+00 2.445594200000000029e+01 7.960246061157782993e-02
3.706548999999999872e+00 2.439472500000000110e+01 7.984316307939960666e-02
3.711291999999999813e+00 2.450683599999999984e+01 8.036364894669603687e-02
3.716035000000000199e+00 2.440866100000000216e+01 8.053571531265492356e-02
3.720778000000000141e+00 2.445067399999999935e+01 8.093563250259369624e-02
3.725521000000000083e+00 2.447088199999999958e+01 8.129754057784281673e-02
3.730262999999999884e+00 2.446004700000000298e+01 8.160590637809496395e-02
3.735005999999999826e+00 2.450631200000000121e+01 8.200678569276081964e-02
3.739749000000000212e+00 2.432870799999999889e+01 8.203049744122486997e-02
3.744492000000000154e+00 2.431329699999999860e+01 8.232408117706993544e-02
3.749235000000000095e+00 2.436228900000000408e+01 8.272515875295737009e-02
3.753978000000000037e+00 2.437161499999999847e+01 8.305836490433579633e-02
3.758720999999999979e+00 2.442299200000000070e+01 8.346190705122188969e-02
3.763462999999999781e+00 2.447659999999999769e+01 8.386930104422772592e-02
3.768206000000000166e+00 2.458640299999999712e+01 8.437287578931336463e-02
3.772949000000000108e+00 2.456380199999999903e+01 8.464863756022361629e-02
3.777692000000000050e+00 2.443442800000000048e+01 8.473816713633532116e-02
3.782434999999999992e+00 2.453310899999999961e+01 8.522267401314806423e-02
3.787177999999999933e+00 2.439436700000000258e+01 8.529321968243019914e-02
3.791920999999999875e+00 2.439695699999999690e+01 8.560958033042796733e-02
3.796663999999999817e+00 2.450817599999999885e+01 8.611649994697821719e-02
3.801406000000000063e+00 2.443125599999999764e+01 8.629302123773914535e-02
3.806149000000000004e+00 2.437961899999999815e+01 8.651269946409659295e-02
3.810891999999999946e+00 2.444871800000000306e+01 8.694681365583904753e-02
3.815634999999999888e+00 2.448604500000000073e+01 8.732450214052410453e-02
3.820377999999999830e+00 2.441739599999999655e+01 8.751382617038749867e-02
3.825121000000000215e+00 2.443566100000000318e+01 8.785806541367048583e-02
3.829864000000000157e+00 2.450495799999999846e+01 8.829513847853290298e-02
3.834605999999999959e+00 2.444071699999999936e+01 8.849179981533994432e-02
3.839348999999999901e+00 2.456240000000000023e+01 8.902621245125784399e-02
3.844091999999999842e+00 2.446863600000000005e+01 8.916930786243436324e-02
3.848834999999999784e+00 2.450710699999999775e+01 8.955652910545941481e-02
3.853578000000000170e+00 2.436967999999999535e+01 8.966627101355113816e-02
3.858321000000000112e+00 2.445882899999999438e+01 9.009478925391412041e-02
3.863064000000000053e+00 2.438565399999999883e+01 9.027574210862129855e-02
3.867806999999999995e+00 2.451538700000000048e+01 9.083288566222366689e-02
3.872548999999999797e+00 2.449978400000000178e+01 9.112099771184137276e-02
3.877292000000000183e+00 2.451963799999999694e+01 9.147650294992643039e-02
3.882035000000000124e+00 2.445769999999999911e+01 9.168067655305177366e-02
3.886778000000000066e+00 2.451275199999999899e+01 9.210396941823680017e-02
3.891521000000000008e+00 2.435722700000000174e+01 9.213163480290578744e-02
3.896263999999999950e+00 2.438494999999999635e+01 9.250513992878720004e-02
3.901006999999999891e+00 2.449856900000000337e+01 9.304320861237212748e-02
3.905749000000000137e+00 2.461015300000000039e+01 9.358061918905272170e-02
3.910492000000000079e+00 2.451304999999999978e+01 9.372186799257578582e-02
3.915235000000000021e+00 2.438669600000000415e+01 9.380584184578857898e-02
3.919977999999999962e+00 2.433342799999999428e+01 9.398880562656863891e-02
3.924720999999999904e+00 2.433481499999999897e+01 9.407503346940356004e-02
3.929463999999999846e+00 2.435410699999999906e+01 9.418464470289782120e-02
3.934206999999999788e+00 2.431727100000000164e+01 9.423720186596321047e-02
3.938949000000000034e+00 2.426561299999999832e+01 9.423988855892763417e-02
3.943691999999999975e+00 2.432278800000000274e+01 9.445302710552003211e-02
3.948434999999999917e+00 2.439192099999999641e+01 9.468866463523656352e-02
3.953177999999999859e+00 2.437263100000000193e+01 9.477887709489440926e-02
3.957920999999999800e+00 2.439111199999999968e+01 9.498237826050313914e-02
3.962664000000000186e+00 2.446008599999999689e+01 9.512479966478351590e-02
3.967407000000000128e+00 2.444628400000000212e+01 9.534268310412917502e-02
3.972150000000000070e+00 2.438444700000000154e+01 9.554344126239436297e-02
3.976891999999999872e+00 2.439637400000000156e+01 9.588909197365255710e-02
3.981634999999999813e+00 2.445072200000000251e+01 9.631997253052296259e-02
3.986378000000000199e+00 2.435811400000000049e+01 9.646295318707022448e-02
3.991121000000000141e+00 2.442135599999999940e+01 9.691484837207041403e-02
3.995864000000000082e+00 2.427347399999999666e+01 9.694901076009543317e-02
4.000606999999999580e+00 2.440839300000000733e+01 9.754823206935325786e-02
4.005349999999999966e+00 2.434944800000000242e+01 9.776246269998775662e-02
4.010092000000000212e+00 2.435509599999999608e+01 9.810740470736038776e-02
4.014834999999999710e+00 2.444262200000000007e+01 9.861921463297911028e-02
4.019578000000000095e+00 2.450633199999999690e+01 9.908605595563636792e-02
4.024320999999999593e+00 2.442757199999999784e+01 9.926559666928518044e-02
4.029063999999999979e+00 2.456433399999999523e+01 9.988586104270663624e-02
4.033807000000000365e+00 2.449216099999999585e+01 1.000824884438801243e-01
4.038549999999999862e+00 2.443262700000000365e+01 1.003064728663095873e-01
4.043293000000000248e+00 2.428832299999999478e+01 1.003558895763203285e-01
4.048034999999999606e+00 2.448347499999999854e+01 1.011079762115195263e-01
4.052777999999999992e+00 2.461080999999999719e+01 1.017232294215160981e-01
4.057521000000000377e+00 2.455231599999999759e+01 1.019568535144999427e-01
4.062263999999999875e+00 2.430646700000000138e+01 1.018000060370710391e-01
4.067007000000000261e+00 2.458370299999999986e+01 1.027379465557351768e-01
4.071749999999999758e+00 2.454613299999999754e+01 1.030206705397353761e-01
4.076493000000000144e+00 2.446049400000000063e+01 1.032033689648496899e-01
4.081235000000000390e+00 2.437243899999999996e+01 1.033815088547013900e-01
4.085977999999999888e+00 2.454708299999999710e+01 1.041197991115272864e-01
4.090721000000000274e+00 2.451090000000000302e+01 1.044131722505585030e-01
4.095463999999999771e+00 2.430987700000000018e+01 1.043554828829621195e-01
4.100207000000000157e+00 2.431590699999999927e+01 1.047419725576853172e-01
4.104949999999999655e+00 2.445688799999999929e+01 1.054236801343564345e-01
4.109693000000000040e+00 2.449455900000000241e+01 1.058847320403928649e-01
4.114436000000000426e+00 2.447020399999999896e+01 1.062145829447421058e-01
4.119177999999999784e+00 2.443148799999999810e+01 1.065165307506496795e-01
4.123921000000000170e+00 2.436524999999999608e+01 1.067593153495056957e-01
4.128663999999999668e+00 2.442754599999999954e+01 1.072871121706512332e-01
4.133407000000000053e+00 2.456579799999999736e+01 1.079856818284271325e-01
4.138150000000000439e+00 2.458942599999999601e+01 1.084352875769779151e-01
4.142892999999999937e+00 2.459906000000000148e+01 1.088576813524139986e-01
4.147636000000000323e+00 2.447493600000000313e+01 1.089854862517702222e-01
4.152377999999999680e+00 2.435985600000000062e+01 1.091351623644373492e-01
4.157121000000000066e+00 2.445994199999999807e+01 1.097682314783826607e-01
4.161863999999999564e+00 2.468313700000000210e+01 1.106826534033684972e-01
4.166606999999999950e+00 2.444567200000000184e+01 1.105648093554730399e-01
4.171350000000000335e+00 2.441803900000000027e+01 1.109203600243643117e-01
4.176092999999999833e+00 2.455890600000000035e+01 1.116698620216027837e-01
4.180836000000000219e+00 2.447693699999999950e+01 1.120633952823258117e-01
4.185577999999999577e+00 2.454438400000000087e+01 1.125286856378279465e-01
4.190320999999999962e+00 2.431730699999999601e+01 1.123986514742094239e-01
4.195064000000000348e+00 2.453029800000000549e+01 1.133272359982325506e-01
4.199806999999999846e+00 2.450273699999999977e+01 1.137041002055770161e-01
4.204550000000000232e+00 2.450816000000000017e+01 1.141618082806425960e-01
4.209292999999999729e+00 2.445883500000000055e+01 1.144959544561627574e-01
4.214036000000000115e+00 2.470711299999999966e+01 1.155293107452255857e-01
4.218778999999999613e+00 2.460197900000000004e+01 1.157413550233225841e-01
4.223520999999999859e+00 2.447952599999999990e+01 1.159136755271917840e-01
4.228264000000000244e+00 2.468622399999999928e+01 1.168691598586748537e-01
4.233006999999999742e+00 2.448823500000000664e+01 1.168682661454344407e-01
4.237750000000000128e+00 2.443329600000000212e+01 1.172101421718560188e-01
4.242492999999999626e+00 2.463411699999999982e+01 1.181706261823389781e-01
4.247236000000000011e+00 2.464225700000000074e+01 1.186734772507602037e-01
4.251979000000000397e+00 2.461365000000000336e+01 1.190978719133637675e-01
4.256720999999999755e+00 2.455909500000000278e+01 1.196597511041202211e-01
4.261464000000000141e+00 2.461520900000000012e+01 1.201278040578117184e-01
4.266206999999999638e+00 2.469736699999999985e+01 1.207921432173198195e-01
4.270950000000000024e+00 2.446356100000000211e+01 1.207255395067406561e-01
4.275693000000000410e+00 2.454660100000000256e+01 1.214417234488900793e-01
4.280435999999999908e+00 2.456456199999999868e+01 1.220041087352585762e-01
4.285179000000000293e+00 2.463758299999999934e+01 1.227089768849761037e-01
4.289921999999999791e+00 2.461748499999999851e+01 1.231877046721660401e-01
4.294664000000000037e+00 2.456925600000000287e+01 1.236016127060707015e-01
4.299407000000000423e+00 2.450914700000000224e+01 1.239881294116795818e-01
4.304149999999999920e+00 2.445738799999999813e+01 1.244007857957191571e-01
4.308893000000000306e+00 2.459234300000000317e+01 1.252959608935970415e-01
4.313635999999999804e+00 2.431147800000000103e+01 1.251315987376977468e-01
4.318379000000000190e+00 2.448716599999999843e+01 1.261453011393959822e-01
4.323121999999999687e+00 2.461589500000000186e+01 1.271354143593467767e-01
4.327863999999999933e+00 2.452724699999999913e+01 1.274555759599900751e-01
4.332607000000000319e+00 2.455534099999999853e+01 1.280476893585491549e-01
4.337349999999999817e+00 2.458086799999999883e+01 1.287044498532366188e-01
4.342093000000000202e+00 2.467589500000000058e+01 1.295503135681249363e-01
4.346835999999999700e+00 2.447811300000000045e+01 1.296314318625120254e-01
4.351579000000000086e+00 2.447532299999999950e+01 1.302320384797765462e-01
4.356321999999999584e+00 2.454489399999999577e+01 1.310341340947361599e-01
4.361063999999999830e+00 2.449503300000000294e+01 1.315251135575503105e-01
4.365807000000000215e+00 2.450435899999999734e+01 1.321819808598728718e-01
4.370549999999999713e+00 2.445404300000000219e+01 1.326839542701957753e-01
4.375293000000000099e+00 2.464139199999999974e+01 1.338400395188666936e-01
4.380035999999999596e+00 2.462621500000000196e+01 1.345173472174916174e-01
4.384778999999999982e+00 2.459778700000000029e+01 1.351585951851930756e-01
4.389522000000000368e+00 2.452117199999999997e+01 1.355051996984580898e-01
4.394264999999999866e+00 2.470335999999999643e+01 1.366750854936538695e-01
4.399007000000000112e+00 2.446020599999999945e+01 1.362673334591519292e-01
4.403749999999999609e+00 2.434549699999999461e+01 1.360409507743282342e-01
4.408492999999999995e+00 2.415795100000000062e+01 1.356081630812271677e-01
4.413236000000000381e+00 2.472531899999999894e+01 1.372833283639633972e-01
4.417978999999999878e+00 2.462747600000000503e+01 1.371030715020268853e-01
4.422722000000000264e+00 2.478575099999999765e+01 1.376361188162064653e-01
4.427464999999999762e+00 2.445094900000000138e+01 1.367912231026307546e-01
4.432207000000000008e+00 2.446218499999999807e+01 1.369129622648053157e-01
4.436950000000000394e+00 2.445508399999999938e+01 1.370578099290310492e-01
4.441692999999999891e+00 2.446196000000000126e+01 1.376975344045567873e-01
4.446436000000000277e+00 2.443173099999999920e+01 1.383175982837498430e-01
4.451178999999999775e+00 2.454561700000000002e+01 1.393539101280161507e-01
4.455922000000000160e+00 2.460054299999999472e+01 1.402350319114564203e-01
4.460664999999999658e+00 2.450153900000000107e+01 1.406872900298122286e-01
4.465408000000000044e+00 2.459342699999999837e+01 1.416973505180619264e-01
4.470150000000000290e+00 2.451808099999999868e+01 1.422352710323104008e-01
4.474892999999999788e+00 2.459507299999999930e+01 1.432258982942756775e-01
4.479636000000000173e+00 2.437970000000000326e+01 1.433716441381530649e-01
4.484378999999999671e+00 2.455079800000000034e+01 1.446640802802838244e-01
4.489122000000000057e+00 2.461435999999999780e+01 1.456530992073114261e-01
4.493865000000000443e+00 2.432801899999999762e+01 1.456128549553709628e-01
4.498607999999999940e+00 2.448836000000000368e+01 1.469159200526464482e-01
4.503350000000000186e+00 2.465685200000000066e+01 1.482594202102352210e-01
4.508092999999999684e+00 2.435543600000000097e+01 1.481978692906463502e-01
4.512836000000000070e+00 2.445784300000000400e+01 1.493718792049242849e-01
4.517578999999999567e+00 2.435350100000000140e+01 1.499268574155651346e-01
4.522321999999999953e+00 2.485176299999999472e+01 1.523496538582119753e-01
4.527065000000000339e+00 2.481535000000000224e+01 1.531494839955603593e-01
4.531807999999999836e+00 2.456291999999999831e+01 1.532909799147353369e-01
4.536551000000000222e+00 2.438661900000000315e+01 1.536728667669501058e-01
4.541292999999999580e+00 2.456043599999999927e+01 1.551720451778067500e-01
4.546035999999999966e+00 2.484986999999999924e+01 1.570594637156347839e-01
4.550779000000000352e+00 2.461078699999999841e+01 1.572877378939944726e-01
4.555521999999999849e+00 2.454748099999999766e+01 1.580890615261248966e-01
4.560265000000000235e+00 2.465513999999999939e+01 1.594557391653567968e-01
4.565007999999999733e+00 2.432347999999999644e+01 1.594161867120177378e-01
4.569751000000000118e+00 2.455384900000000314e+01 1.612252423112417177e-01
4.574493000000000364e+00 2.467293900000000306e+01 1.626970963095165368e-01
4.579235999999999862e+00 2.463392600000000243e+01 1.636672001833375800e-01
4.583979000000000248e+00 2.468552700000000044e+01 1.649595656043731928e-01
4.588721999999999746e+00 2.470064800000000105e+01 1.661539607742511804e-01
4.593465000000000131e+00 2.473078399999999988e+01 1.674213889225558416e-01
4.598207999999999629e+00 2.458028800000000302e+01 1.680963526639201178e-01
4.602951000000000015e+00 2.461526699999999934e+01 1.694268052500908228e-01
4.607693000000000261e+00 2.445201600000000042e+01 1.700952081451096998e-01
4.612435999999999758e+00 2.422904900000000339e+01 1.705682137469684001e-01
4.617179000000000144e+00 2.461922999999999817e+01 1.732223587446366508e-01
4.621921999999999642e+00 2.447459099999999665e+01 1.740246505155416124e-01
4.626665000000000028e+00 2.475412000000000035e+01 1.763635963791008732e-01
4.631408000000000413e+00 2.488137499999999847e+01 1.781951737131441116e-01
4.636150999999999911e+00 2.484548499999999649e+01 1.794765299196842134e-01
4.640894000000000297e+00 2.478342800000000068e+01 1.806930969075080662e-01
4.645635999999999655e+00 2.466645499999999913e+01 1.817323671397307883e-01
4.650379000000000040e+00 2.459758299999999664e+01 1.829805200293331824e-01
4.655122000000000426e+00 2.467872400000000255e+01 1.848229348852998832e-01
4.659864999999999924e+00 2.481100799999999751e+01 1.868984344869608627e-01
4.664608000000000310e+00 2.473737899999999712e+01 1.882401370258755258e-01
4.669350999999999807e+00 2.453564899999999582e+01 1.891220768642339345e-01
4.674094000000000193e+00 2.449333999999999634e+01 1.906531952561925924e-01
4.678836000000000439e+00 2.495347699999999946e+01 1.941877742075975855e-01
4.683578999999999937e+00 2.484782700000000233e+01 1.955708363441121533e-01
4.688322000000000322e+00 2.485735700000000037e+01 1.974506792907623764e-01
4.693064999999999820e+00 2.453790199999999544e+01 1.980611674162363334e-01
4.697808000000000206e+00 2.451594099999999798e+01 1.999042060135169108e-01
4.702550999999999704e+00 2.476048200000000321e+01 2.029003480166995943e-01
4.707294000000000089e+00 2.481819100000000233e+01 2.051975763897794791e-01
4.712036999999999587e+00 2.486316899999999563e+01 2.075064979620671879e-01
4.716778999999999833e+00 2.457297500000000667e+01 2.084662533078040225e-01
4.721522000000000219e+00 2.461702700000000021e+01 2.108955420260124891e-01
4.726264999999999716e+00 2.456401399999999668e+01 2.129823654227786245e-01
4.731008000000000102e+00 2.476355699999999871e+01 2.162434870190940717e-01
4.735750999999999600e+00 2.487514400000000236e+01 2.192156882789236261e-01
4.740493999999999986e+00 2.472082299999999933e+01 2.210921987456830329e-01
4.745237000000000371e+00 2.488770299999999835e+01 2.244900021621330510e-01
4.749978999999999729e+00 2.490980300000000014e+01 2.273430355800073743e-01
4.754722000000000115e+00 2.472248100000000193e+01 2.293290970565789455e-01
4.759464999999999613e+00 2.440374500000000069e+01 2.307748698856482983e-01
4.764207999999999998e+00 2.465078799999999859e+01 2.349941351937867018e-01
4.768951000000000384e+00 2.501240400000000008e+01 2.399082070329943972e-01
4.773693999999999882e+00 2.472204899999999839e+01 2.418249542961949938e-01
4.778437000000000268e+00 2.467888699999999957e+01 2.450590358863282137e-01
4.783178999999999625e+00 2.460048800000000213e+01 2.482544211161972769e-01
4.787922000000000011e+00 2.477583600000000530e+01 2.528964798291338245e-01
4.792665000000000397e+00 2.483299099999999981e+01 2.571198022915366366e-01
4.797407999999999895e+00 2.442300599999999733e+01 2.590727880963409335e-01
4.802151000000000280e+00 2.511416600000000088e+01 2.670537034335178084e-01
4.806893999999999778e+00 2.478890999999999778e+01 2.698489755407685875e-01
4.811637000000000164e+00 2.502283800000000014e+01 2.759041304613231160e-01
4.816379999999999661e+00 2.458674900000000463e+01 2.784873680806585483e-01
4.821121999999999908e+00 2.521693599999999691e+01 2.873767702992397477e-01
4.825865000000000293e+00 2.475776400000000166e+01 2.903531729614076129e-01
4.830607999999999791e+00 2.489311199999999857e+01 2.971026649226214955e-01
4.835351000000000177e+00 2.496234699999999762e+01 3.038562933075331651e-01
4.840093999999999674e+00 2.473477600000000010e+01 3.091938291127026561e-01
4.844837000000000060e+00 2.454589899999999858e+01 3.151710564360323819e-01
4.849579999999999558e+00 2.453581199999999995e+01 3.227809900182459502e-01
4.854321999999999804e+00 2.485986099999999865e+01 3.332140901361615448e-01
4.859065000000000190e+00 2.460325399999999973e+01 3.404148889825179269e-01
4.863807999999999687e+00 2.540398400000000123e+01 3.557444164823813648e-01
4.868551000000000073e+00 2.478368099999999785e+01 3.619515211964718371e-01
4.873293999999999571e+00 2.461148000000000025e+01 3.722293092333138764e-01
4.878036999999999956e+00 2.440226500000000343e+01 3.833123226503160619e-01
4.882780000000000342e+00 2.504904900000000012e+01 4.025748730475984805e-01
4.887522999999999840e+00 2.453247899999999504e+01 4.141355694773632412e-01
4.892265000000000086e+00 2.562690300000000576e+01 4.413951857037409776e-01
4.897007999999999583e+00 2.538845699999999894e+01 4.598868667656644260e-01
4.901750999999999969e+00 2.559936699999999732e+01 4.855954124603526489e-01
4.906494000000000355e+00 2.497135800000000216e+01 5.071525778187270239e-01
4.911236999999999853e+00 2.451262200000000036e+01 5.350697087864253465e-01
4.915980000000000238e+00 2.548957699999999704e+01 5.862021073985148600e-01
4.920722999999999736e+00 2.508999800000000135e+01 6.324241122908265123e-01
4.925464999999999982e+00 2.468481799999999993e+01 6.936677331207138364e-01
4.930208000000000368e+00 2.660244000000000142e+01 8.166680378344312041e-01
4.934950999999999866e+00 2.603616600000000147e+01 9.562199336559921159e-01
4.939694000000000251e+00 2.584246399999999966e+01 1.230191459811630361e+00
4.944436999999999749e+00 7.973101599999999678e+00 1.183869772444207547e+00