# I(q) derived from P(r)
0.0 40.0678446916 0.284937758175
0.02 40.0411129624 0.284448116999
0.04 39.9610449662 0.28298344991
0.06 39.828021252 0.280556476278
0.08 39.6426726656 0.277188229262
0.1 39.4058752832 0.272907809506
0.12 39.118743395 0.267752045039
0.14 38.7826206127 0.261765062005
0.16 38.3990691957 0.254997772086
0.18 37.9698577095 0.247507283561
0.2 37.4969471452 0.239356243989
0.22 36.9824756471 0.230612123375
0.24 36.4287420067 0.221346447454
0.26 35.8381880942 0.211633991356
0.28 35.2133804078 0.201551944355
0.3 34.5569909294 0.191179056748
0.32 33.8717774787 0.180594780048
0.34 33.1605637604 0.169878411648
0.36 32.4262193033 0.159108254965
0.38 31.671639481 0.148360805719
0.4 30.8997258076 0.137709974527
0.42 30.1133666892 0.127226355377
0.44 29.3154188068 0.116976548766
0.46 28.5086892946 0.107022547419
0.48 27.6959188658 0.0974211915421
0.5 26.8797660231 0.0882236994524
0.52 26.0627924794 0.079475278324
0.54 25.2474498915 0.0712148185614
0.56 24.436068 0.0634746740987
0.58 23.6308442438 0.0562805296682
0.6 22.8338349038 0.0496513548399
0.62 22.0469478095 0.0435994434095
0.64 21.271936625 0.0381305355368
0.66 20.5103967107 0.0332440189108
0.68 19.7637625419 0.0289332041717
0.7 19.0333066467 0.0251856688627
0.72 18.3201400104 0.0219836633314
0.74 17.6252138778 0.0193045712586
0.76 16.9493228734 0.0171214168798
0.78 16.2931093446 0.0154034104777
0.8 15.6570688252 0.0141165233805
0.82 15.0415565058 0.0132240834914
0.84 14.4467945912 0.012687382309
0.86 13.8728804209 0.01246628447
0.88 13.3197952226 0.0125198310541
0.9 12.78741337 0.0128068282267
0.92 12.2755120142 0.0132864132535
0.94 11.7837809602 0.0139185904894
0.96 11.3118326644 0.0146647306162
0.98 10.8592122327 0.0154880271586
1.0 10.4254073053 0.0163539051399
1.02 10.0098577227 0.0172303776292
1.04 9.61196487553 0.0180883468614
1.06 9.23110064953 0.0189018475757
1.08 8.86661588887 0.0196482311846
1.1 8.51784831091 0.0203082903545
1.12 8.1841298171 0.020866324523
1.14 7.8647931559 0.0213101477879
1.16 7.55917790573 0.0216310414661
1.18 7.2666357567 0.0218236544159
1.2 6.98653508134 0.0218858549452
1.22 6.71826479512 0.0218185387656
1.24 6.46123751739 0.0216253980051
1.26 6.21489205301 0.0213126567402
1.28 5.97869522295 0.0208887788557
1.3 5.7521430802 0.0203641542799
1.32 5.53476155338 0.0197507697757
1.34 5.32610656635 0.0190618704912
1.36 5.12576368615 0.0183116183951
1.38 4.93334735525 0.0175147535415
1.4 4.74849976591 0.0166862638323
1.42 4.57088943586 0.0158410685859
1.44 4.40020954444 0.0149937207769
1.46 4.23617608727 0.0141581323061
1.48 4.07852590601 0.0133473260884
1.5 3.9270146466 0.0125732181364
1.52 3.78141469642 0.0118464321644
1.54 3.64151314613 0.0111761485726
1.56 3.50710981783 0.0105699889847
1.58 3.37801539569 0.0100339368383
1.6 3.25404968999 0.00957229386181
1.62 3.13504005979 0.00918767163338
1.64 3.0208200137 0.00888101681444
1.66 2.9112280028 0.00865166809514
1.68 2.80610641367 0.00849744238504
1.7 2.70530076467 0.00841474734266
1.72 2.60865910321 0.00839871696375
1.74 2.51603159729 0.0084433666477
1.76 2.4272703102 0.00854176393619
1.78 2.34222914392 0.00868621097026
1.8 2.26076393317 0.00886843464237
1.82 2.18273267005 0.00907978042614
1.84 2.10799583685 0.00931140594776
1.86 2.03641682367 0.00955447051401
1.88 1.96786240657 0.0098003170292
1.9 1.90220326197 0.0100406430094
1.92 1.83931449365 0.0102676577314
1.94 1.77907614944 0.0104742229293
1.96 1.72137370639 0.010653974859
1.98 1.66609850526 0.0108014259935
2.0 1.61314811704 0.0109120450662
2.02 1.56242662738 0.0109823146468
2.04 1.51384482713 0.0110097659024
2.06 1.46732030067 0.0109929906547
2.08 1.42277740626 0.0109316312864
2.1 1.38014714626 0.0108263494674
2.12 1.3393669279 0.0106787750564
2.14 1.30038021802 0.0104914368812
2.16 1.26313609837 0.0102676774029
2.18 1.22758873026 0.0100115535251
2.2 1.19369673973 0.00972772601101
2.22 1.16142253629 0.00942134011961
2.24 1.13073157997 0.00909790016478
2.26 1.10159161229 0.00876314073812
2.28 1.07397186802 0.00842289731758
2.3 1.04784228461 0.00808297891257
2.32 1.02317272628 0.00774904527464
2.34 0.999932239559 0.0074264910349
2.36 0.978088355885 0.00712033891892
2.38 0.957606456265 0.00683514394378
2.4 0.938449211153 0.0065749102243
2.42 0.920576107252 0.00634302171397
2.44 0.903943070925 0.00614218788619
2.46 0.888502195787 0.00597440503109
2.48 0.874201579817 0.00584093350797
2.5 0.860985274961 0.00574229096123
2.52 0.848793349832 0.00567826118394
2.54 0.837562063753 0.0056479180052
2.56 0.827224148074 0.00564966328995
2.58 0.817709188529 0.00568127787851
2.6 0.808944100358 0.00573998406262
2.62 0.80085368608 0.00582251799817
2.64 0.79336126422 0.0059252102959
2.66 0.786389355926 0.00604407291225
2.68 0.77986041537 0.00617489038386
2.7 0.773697589057 0.00631331341277
2.72 0.767825488724 0.00645495281353
2.74 0.762170962376 0.00659547187811
2.76 0.75666384818 0.00673067529705
2.78 0.751237696441 0.00685659289386
2.8 0.74583044562 0.00696955658
2.82 0.740385039443 0.00706626911704
2.84 0.73484997339 0.00714386347614
2.86 0.729179760388 0.00719995180749
2.88 0.723335307184 0.00723266327002
2.9 0.717284194711 0.00724067021848
2.92 0.71100085769 0.00722320249587
2.94 0.704466660679 0.0071800498294
2.96 0.697669869839 0.00711155257207
2.98 0.690605521624 0.00701858126518
3.0 0.683275191621 0.00690250571509
