# copyC
# Sample c= 0.0 mg/ml
#
# Number of frames collected: 10
# Exposure time per frame: 0.5
# No significant radiation damage detected, merging 10 files
# Merged from: /data/visitor/mx1905/bm29/20170412/Poker/1d/Sxl_10gs_235_00001.dat
# Merged from: /data/visitor/mx1905/bm29/20170412/Poker/1d/Sxl_10gs_235_00002.dat
# Merged from: /data/visitor/mx1905/bm29/20170412/Poker/1d/Sxl_10gs_235_00003.dat
# Merged from: /data/visitor/mx1905/bm29/20170412/Poker/1d/Sxl_10gs_235_00004.dat
# Merged from: /data/visitor/mx1905/bm29/20170412/Poker/1d/Sxl_10gs_235_00005.dat
# Merged from: /data/visitor/mx1905/bm29/20170412/Poker/1d/Sxl_10gs_235_00006.dat
# Merged from: /data/visitor/mx1905/bm29/20170412/Poker/1d/Sxl_10gs_235_00007.dat
# Merged from: /data/visitor/mx1905/bm29/20170412/Poker/1d/Sxl_10gs_235_00008.dat
# Merged from: /data/visitor/mx1905/bm29/20170412/Poker/1d/Sxl_10gs_235_00009.dat
# Merged from: /data/visitor/mx1905/bm29/20170412/Poker/1d/Sxl_10gs_235_00010.dat
#
# Sample Information:
# Storage Temperature (degrees C): 20.0
# Measurement Temperature (degrees C): 20.03
# Concentration: 0.0
# Code: 
3.082862000000000102e-02 6.112113500000000386e+02 8.384027196495965839e+00
3.557148999999999728e-02 1.184523900000000140e+03 4.812591704795348591e+00
4.031434999999999880e-02 1.147081200000000081e+03 3.119725735902192820e+00
4.505722000000000199e-02 8.995337099999999282e+02 1.964450169812657965e+00
4.980007999999999657e-02 6.132469800000000077e+02 1.452403108547571930e+00
5.454294999999999977e-02 4.369156600000000026e+02 1.153325544417117099e+00
5.928581000000000129e-02 3.180733199999999670e+02 9.355113400184468242e-01
6.402868000000000448e-02 2.481302299999999832e+02 7.878114442781979365e-01
6.877154000000000600e-02 1.995012100000000146e+02 6.785546801588357990e-01
7.351441000000000225e-02 1.628541199999999947e+02 5.907526628947007419e-01
7.825727999999999851e-02 1.349029500000000041e+02 5.175834247116013476e-01
8.300014000000000003e-02 1.140339599999999791e+02 4.606553222030979056e-01
8.774300999999999628e-02 9.895988700000000904e+01 4.163750960008295587e-01
9.248586999999999780e-02 8.753695500000000607e+01 3.805637195760257496e-01
9.722873999999999406e-02 7.681953800000000854e+01 3.461577960321275405e-01
1.019715999999999956e-01 6.894843600000000094e+01 3.196043421815635832e-01
1.067145000000000038e-01 6.393672600000000017e+01 3.004155119770459126e-01
1.114572999999999953e-01 5.880637399999999104e+01 2.815892674458538858e-01
1.162002000000000035e-01 5.408279399999999981e+01 2.641431858625105655e-01
1.209430999999999978e-01 5.113145200000001012e+01 2.514449298678390621e-01
1.256858999999999893e-01 4.853383699999999834e+01 2.400828701351351846e-01
1.304288000000000114e-01 4.640076800000000645e+01 2.302524459682897540e-01
1.351717000000000057e-01 4.461526500000000794e+01 2.215527236887811502e-01
1.399144999999999972e-01 4.234847000000000605e+01 2.119355417486861737e-01
1.446573999999999915e-01 4.096987599999999929e+01 2.048373949508863756e-01
1.494003000000000136e-01 3.976725000000000421e+01 1.984347349633672208e-01
1.541431000000000051e-01 3.833743700000000132e+01 1.919834616736504074e-01
1.588859999999999995e-01 3.745429299999999984e+01 1.867570283715151158e-01
1.636287999999999909e-01 3.630819600000000236e+01 1.810781827422262846e-01
1.683717000000000130e-01 3.537971000000000288e+01 1.761162308960746992e-01
1.731146000000000074e-01 3.480455400000001021e+01 1.721742012115656528e-01
1.778573999999999988e-01 3.379932899999998597e+01 1.672869201520041371e-01
1.826002999999999932e-01 3.321526699999999721e+01 1.635842588407992182e-01
1.873431999999999875e-01 3.262241099999999250e+01 1.599815666583628837e-01
1.920860000000000067e-01 3.212540399999998897e+01 1.567094113366382935e-01
1.968289000000000011e-01 3.179753200000000035e+01 1.539365781734169381e-01
2.015717999999999954e-01 3.154849699999999757e+01 1.514554760182681703e-01
2.063145999999999869e-01 3.123973900000000370e+01 1.489057067028184966e-01
2.110575000000000090e-01 3.089934899999999374e+01 1.462077557479540824e-01
2.158004000000000033e-01 3.035934999999999562e+01 1.432630071354193124e-01
2.205431999999999948e-01 3.010462600000000322e+01 1.410805969531824244e-01
2.252860999999999891e-01 3.000753700000000279e+01 1.393319029394685937e-01
2.300290000000000112e-01 2.968802000000000163e+01 1.371176030737282781e-01
2.347718000000000027e-01 2.938049600000000439e+01 1.349790851560700167e-01
2.395146999999999970e-01 2.910853700000000543e+01 1.329783203996749152e-01
2.442575999999999914e-01 2.902346400000000060e+01 1.314504909499287499e-01
2.490004000000000106e-01 2.889830900000000113e+01 1.298711467908033601e-01
2.537433000000000050e-01 2.866601799999999756e+01 1.280885558407748870e-01
2.584861999999999993e-01 2.843191100000000304e+01 1.263605117278562839e-01
2.632289999999999908e-01 2.829721800000000442e+01 1.249012481509232109e-01
2.679718999999999851e-01 2.813124200000000386e+01 1.234065982016614021e-01
2.727146999999999766e-01 2.816332200000000441e+01 1.223714987297663120e-01
2.774576000000000264e-01 2.790660100000000554e+01 1.207765652102646137e-01
2.822005000000000208e-01 2.794389300000000276e+01 1.198732038506012537e-01
2.869433000000000122e-01 2.767193800000000081e+01 1.182745755836473178e-01
2.916862000000000066e-01 2.751317400000000291e+01 1.169426080614533736e-01
2.964291000000000009e-01 2.743415800000000360e+01 1.158131223250988134e-01
3.011718999999999924e-01 2.730859799999999993e+01 1.146137862351951087e-01
3.059147999999999867e-01 2.722640299999999769e+01 1.135309335671829123e-01
3.106576999999999811e-01 2.720836499999999702e+01 1.125986530811767805e-01
3.154004999999999725e-01 2.724941299999999700e+01 1.118156602231257235e-01
3.201434000000000224e-01 2.696800599999999548e+01 1.103975039338086772e-01
3.248863000000000167e-01 2.705498700000000056e+01 1.097491139854276793e-01
3.296291000000000082e-01 2.723496600000000356e+01 1.092965532492136821e-01
3.343720000000000026e-01 2.712422699999999764e+01 1.082814042036757129e-01
3.391148999999999969e-01 2.704464900000000327e+01 1.084798183597640298e-01
3.438576999999999884e-01 2.709650200000000453e+01 1.099869821341753068e-01
3.486005999999999827e-01 2.686770900000000140e+01 1.123096073217981494e-01
3.533434999999999770e-01 2.682220700000000235e+01 1.142729034020121548e-01
3.580863000000000240e-01 2.681357600000000119e+01 1.156748386701442477e-01
3.628292000000000184e-01 2.670295999999999736e+01 1.165744798685432737e-01
3.675720000000000098e-01 2.682202999999999449e+01 1.177957316443537239e-01
3.723149000000000042e-01 2.658011600000000385e+01 1.181263702457872045e-01
3.770577999999999985e-01 2.658612100000000211e+01 1.189303274143159728e-01
3.818005999999999900e-01 2.646283100000000132e+01 1.192872599338009598e-01
3.865434999999999843e-01 2.663360899999999987e+01 1.202619925445816140e-01
3.912863999999999787e-01 2.674156300000000286e+01 1.209886957775506283e-01
3.960292000000000256e-01 2.668025999999999698e+01 1.213465545373897114e-01
4.007721000000000200e-01 2.662442899999999923e+01 1.217376535590328490e-01
4.055150000000000143e-01 2.664816700000000083e+01 1.259895772379580614e-01
4.102578000000000058e-01 2.650867200000000068e+01 1.289362200750378551e-01
4.150007000000000001e-01 2.658262899999999718e+01 1.319431883195392730e-01
4.197435999999999945e-01 2.660051999999999950e+01 1.340203751583828873e-01
4.244863999999999860e-01 2.646318300000000434e+01 1.358384585515928222e-01
4.292292999999999803e-01 2.653363900000000086e+01 1.380971174261783896e-01
4.339721999999999746e-01 2.628005099999999672e+01 1.395399502515387025e-01
4.387150000000000216e-01 2.655462899999999848e+01 1.423133245485456999e-01
4.434579000000000160e-01 2.634709500000000304e+01 1.438386998501564595e-01
4.482008000000000103e-01 2.640298500000000104e+01 1.464224224771165372e-01
4.529436000000000018e-01 2.645406799999999947e+01 1.489527373442273983e-01
4.576864999999999961e-01 2.630279499999999615e+01 1.500773047214807865e-01
4.624293999999999905e-01 2.619933500000000137e+01 1.510295405084591258e-01
4.671721999999999819e-01 2.659437200000000345e+01 1.514121809208083536e-01
4.719150999999999763e-01 2.658860299999999910e+01 1.454368705592766764e-01
4.766579000000000232e-01 2.643907899999999955e+01 1.422967664061882131e-01
4.814008000000000176e-01 2.643836299999999895e+01 1.404872770253285386e-01
4.861437000000000119e-01 2.652011400000000663e+01 1.393193012619403648e-01
4.908865000000000034e-01 2.653438100000000333e+01 1.382205619943740471e-01
4.956293999999999977e-01 2.618914099999999934e+01 1.363520333190880451e-01
5.003722999999999921e-01 2.636775099999999838e+01 1.359558569097631675e-01
5.051151000000000391e-01 2.636026799999999781e+01 1.351651950097035870e-01
5.098580000000000334e-01 2.644832699999999903e+01 1.346869109073628445e-01
5.146009000000000277e-01 2.633586799999999783e+01 1.337513264398189072e-01
5.193436999999999637e-01 2.628538200000000558e+01 1.330117614213668087e-01
5.240865999999999580e-01 2.628642599999999518e+01 1.324414357807993659e-01
5.288294999999999524e-01 2.638321200000000388e+01 1.321417440985470648e-01
5.335722999999999994e-01 2.627543499999999810e+01 1.310962553843213196e-01
5.383151999999999937e-01 2.620773300000000106e+01 1.299824840173801899e-01
5.430580999999999881e-01 2.620851400000000098e+01 1.290789310644014365e-01
5.478009000000000350e-01 2.608330699999999780e+01 1.279018469116036671e-01
5.525438000000000294e-01 2.618023300000000475e+01 1.273002188986209204e-01
5.572867000000000237e-01 2.633750500000000372e+01 1.268634759701345316e-01
5.620294999999999597e-01 2.621569299999999814e+01 1.257805206213573335e-01
5.667723999999999540e-01 2.612505100000000269e+01 1.247998140618001850e-01
5.715152000000000010e-01 2.600919000000000025e+01 1.237835704598441444e-01
5.762580999999999953e-01 2.605759299999999712e+01 1.231749621190171007e-01
5.810009999999999897e-01 2.595360799999999557e+01 1.222594753920128730e-01
5.857438000000000367e-01 2.614061600000000141e+01 1.223323275199474924e-01
5.904867000000000310e-01 2.602631800000000339e+01 1.217711569464961646e-01
5.952296000000000253e-01 2.608839299999999639e+01 1.216220205600379856e-01
5.999723999999999613e-01 2.599767699999999948e+01 1.212483096803943089e-01
6.047152999999999556e-01 2.603524399999999872e+01 1.210290730073163151e-01
6.094581999999999500e-01 2.596626999999999796e+01 1.204810483243991398e-01
6.142009999999999970e-01 2.609776199999999946e+01 1.206158767554989242e-01
6.189438999999999913e-01 2.610549599999999870e+01 1.202419780336937832e-01
6.236867999999999856e-01 2.604251000000000005e+01 1.198197031339587326e-01
6.284296000000000326e-01 2.605364700000000511e+01 1.195727546505645222e-01
6.331725000000000270e-01 2.588487699999999947e+01 1.189122685626525372e-01
6.379154000000000213e-01 2.599003499999999889e+01 1.188832245737626997e-01
6.426581999999999573e-01 2.608409400000000034e+01 1.188310201318603515e-01
6.474010999999999516e-01 2.602575499999999664e+01 1.184339426596184852e-01
6.521439999999999459e-01 2.589090900000000417e+01 1.178621945829645690e-01
6.568867999999999929e-01 2.602920400000000001e+01 1.179140698307831192e-01
6.616296999999999873e-01 2.616084299999999985e+01 1.179521246703631732e-01
6.663725999999999816e-01 2.585377899999999585e+01 1.170019749066993492e-01
6.711154000000000286e-01 2.605635899999999694e+01 1.172017273753847011e-01
6.758583000000000229e-01 2.612822799999999646e+01 1.171074864217049177e-01
6.806010999999999589e-01 2.589151700000000034e+01 1.163241657600706802e-01
6.853439999999999532e-01 2.620602200000000082e+01 1.167781043522247708e-01
6.900868999999999476e-01 2.606015899999999874e+01 1.162019748953648374e-01
6.948296999999999946e-01 2.598161299999999940e+01 1.157782658211531646e-01
6.995725999999999889e-01 2.598671999999999827e+01 1.155441264572959759e-01
7.043154999999999832e-01 2.597122200000000092e+01 1.152666113458507280e-01
7.090583000000000302e-01 2.590894099999999867e+01 1.148848690059852962e-01
7.138012000000000246e-01 2.612399299999999513e+01 1.151176750065540516e-01
7.185441000000000189e-01 2.579645699999999664e+01 1.141554280674510896e-01
7.232868999999999549e-01 2.583202100000000456e+01 1.139976988736514096e-01
7.280297999999999492e-01 2.582020999999999589e+01 1.137348098862525081e-01
7.327727000000000546e-01 2.611871199999999860e+01 1.141532551295012243e-01
7.375154999999999905e-01 2.605581500000000261e+01 1.137820417135555762e-01
7.422583999999999849e-01 2.584320900000000165e+01 1.130860243429032269e-01
7.470012999999999792e-01 2.595013099999999895e+01 1.130881894983786634e-01
7.517441000000000262e-01 2.597111500000000461e+01 1.129030475981144671e-01
7.564870000000000205e-01 2.581419000000000352e+01 1.123343684784616492e-01
7.612299000000000149e-01 2.583898200000000500e+01 1.121629258472789659e-01
7.659726999999999508e-01 2.587294699999999992e+01 1.120109790310039183e-01
7.707155999999999452e-01 2.596600000000000108e+01 1.119867996079837030e-01
7.754585000000000505e-01 2.581057299999999799e+01 1.114297697043949709e-01
7.802012999999999865e-01 2.598330400000000395e+01 1.116913547734895290e-01
7.849441999999999808e-01 2.599772100000000208e+01 1.114626234681182215e-01
7.896870000000000278e-01 2.583683599999999814e+01 1.108257661614008571e-01
7.944299000000000222e-01 2.587167299999999770e+01 1.106835532361249153e-01
7.991728000000000165e-01 2.579809400000000252e+01 1.103110430597961517e-01
8.039155999999999525e-01 2.582790400000000020e+01 1.101597401992978342e-01
8.086584999999999468e-01 2.584310300000000282e+01 1.099772839174517902e-01
8.134014000000000522e-01 2.573996899999999499e+01 1.095459508812945543e-01
8.181441999999999881e-01 2.574363299999999910e+01 1.094263253010362147e-01
8.228870999999999825e-01 2.573747999999999791e+01 1.091252241572909509e-01
8.276299999999999768e-01 2.590671500000000194e+01 1.092686773579171627e-01
8.323728000000000238e-01 2.571166100000000299e+01 1.086494463765393659e-01
8.371157000000000181e-01 2.582566299999999870e+01 1.086846027140749155e-01
8.418586000000000125e-01 2.573100200000000015e+01 1.082800186933558784e-01
8.466013999999999484e-01 2.578787000000000518e+01 1.081941355762996021e-01
8.513443000000000538e-01 2.577326899999999910e+01 1.079609320575707077e-01
8.560872000000000481e-01 2.559740600000000299e+01 1.073916717565384510e-01
8.608299999999999841e-01 2.569138399999999933e+01 1.073881403894633851e-01
8.655728999999999784e-01 2.569444500000000176e+01 1.071940322365914355e-01
8.703157999999999728e-01 2.589382500000000320e+01 1.074103334761418588e-01
8.750586000000000197e-01 2.580322500000000474e+01 1.070252346599025184e-01
8.798015000000000141e-01 2.596589200000000375e+01 1.071649978384882906e-01
8.845442999999999500e-01 2.593129499999999865e+01 1.068964768289095701e-01
8.892872000000000554e-01 2.567994900000000413e+01 1.061830753274070477e-01
8.940301000000000498e-01 2.573944899999999691e+01 1.061136404219118201e-01
8.987728999999999857e-01 2.568247999999999820e+01 1.058042204718276091e-01
9.035157999999999801e-01 2.576166999999999874e+01 1.057746835096914778e-01
9.082586999999999744e-01 2.570917100000000488e+01 1.054770509520156219e-01
9.130015000000000214e-01 2.582378499999999732e+01 1.055230709692638602e-01
9.177444000000000157e-01 2.577510600000000096e+01 1.052354725566588545e-01
9.224873000000000101e-01 2.570623499999999950e+01 1.049064972240070504e-01
9.272300999999999460e-01 2.570537200000000055e+01 1.047186855283349233e-01
9.319730000000000514e-01 2.579382199999999870e+01 1.047137834252010180e-01
9.367159000000000457e-01 2.561450500000000119e+01 1.041655534556525098e-01
9.414586999999999817e-01 2.570287300000000030e+01 1.041606286010419574e-01
9.462015999999999760e-01 2.577045999999999637e+01 1.041148701044668085e-01
9.509444999999999704e-01 2.576846699999999757e+01 1.039299918156669500e-01
9.556873000000000173e-01 2.570050799999999569e+01 1.036125373040507058e-01
9.604302000000000117e-01 2.556699499999999858e+01 1.031628352040908220e-01
9.651731000000000060e-01 2.573820599999999814e+01 1.033289820167222067e-01
9.699159000000000530e-01 2.584252099999999785e+01 1.033604622990677291e-01
9.746588000000000473e-01 2.574550299999999581e+01 1.029895101519776174e-01
9.794017000000000417e-01 2.558092400000000310e+01 1.024830710639864639e-01
9.841444999999999776e-01 2.569189999999999685e+01 1.025300253652674937e-01
9.888873999999999720e-01 2.580552599999999686e+01 1.025826208132586126e-01
9.936302000000000190e-01 2.565733000000000175e+01 1.021147488998592340e-01
9.983731000000000133e-01 2.580936000000000519e+01 1.022428272301059843e-01
1.003115999999999897e+00 2.575600300000000331e+01 1.019652126069778841e-01
1.007859000000000060e+00 2.551892100000000241e+01 1.013251332130163107e-01
1.012602000000000002e+00 2.556376999999999811e+01 1.012449444313492652e-01
1.017344999999999944e+00 2.558194900000000160e+01 1.011110062865660381e-01
1.022086999999999968e+00 2.560867400000000060e+01 1.009957851228490550e-01
1.026829999999999909e+00 2.575496100000000155e+01 1.011167596735546015e-01
1.031573000000000073e+00 2.563718999999999681e+01 1.007189970202429230e-01
1.036316000000000015e+00 2.575401799999999497e+01 1.007811330002332389e-01
1.041058999999999957e+00 2.583194100000000049e+01 1.007679692006691052e-01
1.045801999999999898e+00 2.554479200000000105e+01 1.000430022645202310e-01
1.050545000000000062e+00 2.570031699999999475e+01 1.001838710507504809e-01
1.055287000000000086e+00 2.556601800000000324e+01 9.975815503744643598e-02
1.060030000000000028e+00 2.550411600000000334e+01 9.947607918503724445e-02
1.064772999999999969e+00 2.565624700000000047e+01 9.961171609935400018e-02
1.069515999999999911e+00 2.572437499999999844e+01 9.958371772394521149e-02
1.074259000000000075e+00 2.561895299999999764e+01 9.921892085696860930e-02
1.079002000000000017e+00 2.550057600000000235e+01 9.883105132611005872e-02
1.083744999999999958e+00 2.549835300000000160e+01 9.869087619723163063e-02
1.088487999999999900e+00 2.553797399999999840e+01 9.863266083739960499e-02
1.093229999999999924e+00 2.564968300000000312e+01 9.864745992767173788e-02
1.097973000000000088e+00 2.553308799999999934e+01 9.826737630858015105e-02
1.102716000000000030e+00 2.573208400000000395e+01 9.849469823036821614e-02
1.107458999999999971e+00 2.552233399999999719e+01 9.793877853886527596e-02
1.112201999999999913e+00 2.552286500000000302e+01 9.778546475436469820e-02
1.116945000000000077e+00 2.542393400000000270e+01 9.744348547791893689e-02
1.121688000000000018e+00 2.566987899999999811e+01 9.776156417557925471e-02
1.126430000000000042e+00 2.561363799999999813e+01 9.750329998577536572e-02
1.131172999999999984e+00 2.580589200000000005e+01 9.771623302673153322e-02
1.135915999999999926e+00 2.563712100000000049e+01 9.724588113887959462e-02
1.140659000000000090e+00 2.548730199999999968e+01 9.681264362028907389e-02
1.145402000000000031e+00 2.556402600000000191e+01 9.680992492357951007e-02
1.150144999999999973e+00 2.545960499999999982e+01 9.646347278015704463e-02
1.154887999999999915e+00 2.552436700000000158e+01 9.643871930521580316e-02
1.159631000000000078e+00 2.549659899999999624e+01 9.624019627706814628e-02
1.164373000000000102e+00 2.545389999999999731e+01 9.601453125799500055e-02
1.169116000000000044e+00 2.560917399999999589e+01 9.623268716463029282e-02
1.173858999999999986e+00 2.543677699999999930e+01 9.573781275122854317e-02
1.178601999999999927e+00 2.546468600000000038e+01 9.560055673776853002e-02
1.183345000000000091e+00 2.546175599999999406e+01 9.545236961533801190e-02
1.188088000000000033e+00 2.568557099999999949e+01 9.572700864744651539e-02
1.192830999999999975e+00 2.561115099999999956e+01 9.544576014288481958e-02
1.197572999999999999e+00 2.543064500000000550e+01 9.496790247591077594e-02
1.202315999999999940e+00 2.554819199999999668e+01 9.504672994542262554e-02
1.207059000000000104e+00 2.562650299999999604e+01 9.535924937339219920e-02
1.211802000000000046e+00 2.559221099999999893e+01 9.841585542472411352e-02
1.216544999999999987e+00 2.571366400000000141e+01 1.007025170737057690e-01
1.221287999999999929e+00 2.555909199999999970e+01 1.019086922223354924e-01
1.226031000000000093e+00 2.553235799999999855e+01 1.031306387036796252e-01
1.230774000000000035e+00 2.552525299999999930e+01 1.042531312776724117e-01
1.235516000000000059e+00 2.539696999999999605e+01 1.050312027333463460e-01
1.240259000000000000e+00 2.550490300000000232e+01 1.062284114750837311e-01
1.245001999999999942e+00 2.544987400000000122e+01 1.070329958926820729e-01
1.249745000000000106e+00 2.547551999999999595e+01 1.079652424022699009e-01
1.254488000000000048e+00 2.535349400000000131e+01 1.085488113656810222e-01
1.259230999999999989e+00 2.529057800000000000e+01 1.089663743898290765e-01
1.263973999999999931e+00 2.545513999999999655e+01 1.096012568157309214e-01
1.268715999999999955e+00 2.532272399999999379e+01 1.095809420407440199e-01
1.273458999999999897e+00 2.564172800000000052e+01 1.084620846615604178e-01
1.278202000000000060e+00 2.563407000000000124e+01 1.044379406777455610e-01
1.282945000000000002e+00 2.560358400000000145e+01 1.023850055952760102e-01
1.287687999999999944e+00 2.557500699999999938e+01 1.008867909105101851e-01
1.292431000000000108e+00 2.552064299999999974e+01 9.961551979166802240e-02
1.297174000000000049e+00 2.556503400000000070e+01 9.870920823601413152e-02
1.301916000000000073e+00 2.554181300000000121e+01 9.779007431253387839e-02
1.306659000000000015e+00 2.548764699999999905e+01 9.690156579223836719e-02
1.311401999999999957e+00 2.542737699999999990e+01 9.607232471054345802e-02
1.316144999999999898e+00 2.553543999999999770e+01 9.561524765785842095e-02
1.320888000000000062e+00 2.562497900000000328e+01 9.530584125966100328e-02
1.325631000000000004e+00 2.572833899999999829e+01 9.525197709873060858e-02
1.330373999999999945e+00 2.558605000000000018e+01 9.475651959066352936e-02
1.335117000000000109e+00 2.545201300000000089e+01 9.428706682463401656e-02
1.339858999999999911e+00 2.564052699999999874e+01 9.442073986101465199e-02
1.344602000000000075e+00 2.555336299999999738e+01 9.405354873594934384e-02
1.349345000000000017e+00 2.550888400000000189e+01 9.377237238657396001e-02
1.354087999999999958e+00 2.531714099999999945e+01 9.322649315418392313e-02
1.358830999999999900e+00 2.542258299999999949e+01 9.323141074918848969e-02
1.363574000000000064e+00 2.542995699999999815e+01 9.306087764222675807e-02
1.368317000000000005e+00 2.539689100000000366e+01 9.282100952598446031e-02
1.373059000000000029e+00 2.561931599999999776e+01 9.305072450531645667e-02
1.377801999999999971e+00 2.559868300000000119e+01 9.283976949610603380e-02
1.382544999999999913e+00 2.551745200000000224e+01 9.252251868349023467e-02
1.387288000000000077e+00 2.545635600000000309e+01 9.224595956164584332e-02
1.392031000000000018e+00 2.556151300000000148e+01 9.227286465274664451e-02
1.396773999999999960e+00 2.554115599999999731e+01 9.207445141217350526e-02
1.401516999999999902e+00 2.551823399999999964e+01 9.187415293845979658e-02
1.406260000000000066e+00 2.549111300000000213e+01 9.166930837636280693e-02
1.411002000000000089e+00 2.556801700000000466e+01 9.165356571002788999e-02
1.415745000000000031e+00 2.557712099999999822e+01 9.151671370592531773e-02
1.420487999999999973e+00 2.545100799999999452e+01 9.114053217358783487e-02
1.425230999999999915e+00 2.556650200000000339e+01 9.119850036686569239e-02
1.429974000000000078e+00 2.542953200000000180e+01 9.080767425525829162e-02
1.434717000000000020e+00 2.547674599999999856e+01 9.074629024679631284e-02
1.439459999999999962e+00 2.543886299999999423e+01 9.053507102019581199e-02
1.444201999999999986e+00 2.541371700000000189e+01 9.034834196376322069e-02
1.448944999999999927e+00 2.559596700000000169e+01 9.053101134031642239e-02
1.453688000000000091e+00 2.556337300000000212e+01 9.033335661838046149e-02
1.458431000000000033e+00 2.535958600000000018e+01 8.983431942709589613e-02
1.463173999999999975e+00 2.550928799999999796e+01 8.998609363097945235e-02
1.467916999999999916e+00 2.550426000000000215e+01 8.984349441028381678e-02
1.472660000000000080e+00 2.548052900000000065e+01 8.964141494783313402e-02
1.477402000000000104e+00 2.543850600000000028e+01 8.943387873666835963e-02
1.482145000000000046e+00 2.553124599999999944e+01 8.946430728396717602e-02
1.486887999999999987e+00 2.550308299999999662e+01 8.928406504513557163e-02
1.491630999999999929e+00 2.547479299999999824e+01 8.910387215317019938e-02
1.496374000000000093e+00 2.550363399999999814e+01 8.902432717940866880e-02
1.501117000000000035e+00 2.561218099999999964e+01 8.913003464621563343e-02
1.505859999999999976e+00 2.568726800000000665e+01 9.085703772635943254e-02
1.510602999999999918e+00 2.555386199999999874e+01 9.316977094025992445e-02
1.515344999999999942e+00 2.543598600000000332e+01 9.449495058882934062e-02
1.520088000000000106e+00 2.537579500000000365e+01 9.562655346239662402e-02
1.524831000000000047e+00 2.557338500000000181e+01 9.708749759514147259e-02
1.529573999999999989e+00 2.555912800000000118e+01 9.782454037093810117e-02
1.534316999999999931e+00 2.565641099999999852e+01 9.528608036318368668e-02
1.539060000000000095e+00 2.547623600000000010e+01 9.347732145149270644e-02
1.543803000000000036e+00 2.545406799999999947e+01 9.245107894858069220e-02
1.548545000000000060e+00 2.542247399999999757e+01 9.142893786518521693e-02
1.553288000000000002e+00 2.535090099999999680e+01 9.048992698502358878e-02
1.558030999999999944e+00 2.535797100000000270e+01 8.974028038278128450e-02
1.562774000000000107e+00 2.542627000000000237e+01 8.896158474977780561e-02
1.567517000000000049e+00 2.542367800000000244e+01 8.813836818071911494e-02
1.572259999999999991e+00 2.530210900000000507e+01 8.741192284651276567e-02
1.577002999999999933e+00 2.543780300000000238e+01 8.730158702136461835e-02
1.581746000000000096e+00 2.545121199999999817e+01 8.715602352160232991e-02
1.586487999999999898e+00 2.547162799999999905e+01 8.721386556084301245e-02
1.591231000000000062e+00 2.536759200000000192e+01 8.714704959909198856e-02
1.595974000000000004e+00 2.545139400000000052e+01 8.739854391382617660e-02
1.600716999999999945e+00 2.542628199999999694e+01 8.743139843289596258e-02
1.605460000000000109e+00 2.538826300000000202e+01 8.725259494586852516e-02
1.610203000000000051e+00 2.540717599999999976e+01 8.713922363003931415e-02
1.614945999999999993e+00 2.544891400000000203e+01 8.706836784335227064e-02
1.619688000000000017e+00 2.541528899999999780e+01 8.687147765816868872e-02
1.624430999999999958e+00 2.546517000000000053e+01 8.681940214804637068e-02
1.629173999999999900e+00 2.538503599999999949e+01 8.654745044094770690e-02
1.633917000000000064e+00 2.532709000000000188e+01 8.631629113577111989e-02
1.638660000000000005e+00 2.532583900000000199e+01 8.618377374095717580e-02
1.643402999999999947e+00 2.538462200000000024e+01 8.615486945649793171e-02
1.648146000000000111e+00 2.543356599999999901e+01 8.611011775311946947e-02
1.652889000000000053e+00 2.531059000000000125e+01 8.577613835957118016e-02
1.657631000000000077e+00 2.534714000000000311e+01 8.571423436329464463e-02
1.662374000000000018e+00 2.525573600000000241e+01 8.543678023677507560e-02
1.667116999999999960e+00 2.531264200000000031e+01 8.541122963439937155e-02
1.671859999999999902e+00 2.537966800000000234e+01 8.540400323746656641e-02
1.676603000000000065e+00 2.533819799999999844e+01 8.521541597376439126e-02
1.681346000000000007e+00 2.545508099999999985e+01 8.529330516731076228e-02
1.686088999999999949e+00 2.530850699999999875e+01 8.493009358254705043e-02
1.690830999999999973e+00 2.537204900000000052e+01 8.492084836270831494e-02
1.695573999999999915e+00 2.526675300000000135e+01 8.462992996916457455e-02
1.700317000000000078e+00 2.538598399999999700e+01 8.471501504862818943e-02
1.705060000000000020e+00 2.530367999999999995e+01 8.446426203374360342e-02
1.709802999999999962e+00 2.530686999999999642e+01 8.435724065744741595e-02
1.714545999999999903e+00 2.541465499999999977e+01 8.442540992157869517e-02
1.719289000000000067e+00 2.527599099999999765e+01 8.408409220739912482e-02
1.724031000000000091e+00 2.528511300000000261e+01 8.398899957511103687e-02
1.728774000000000033e+00 2.520333199999999962e+01 8.374429067190372611e-02
1.733516999999999975e+00 2.525490999999999886e+01 8.372205343312476289e-02
1.738259999999999916e+00 2.537074700000000149e+01 8.380581797784567022e-02
1.743003000000000080e+00 2.534231000000000122e+01 8.365127060068186515e-02
1.747746000000000022e+00 2.538378499999999960e+01 8.361338891736239121e-02
1.752488999999999963e+00 2.524711900000000142e+01 8.328264859077549875e-02
1.757231999999999905e+00 2.524153199999999941e+01 8.316852123415384435e-02
1.761973999999999929e+00 2.524469699999999861e+01 8.306892096051446406e-02
1.766717000000000093e+00 2.534773900000000069e+01 8.313442125450745679e-02
1.771460000000000035e+00 2.535561899999999724e+01 8.304421251477552002e-02
1.776202999999999976e+00 2.533911500000000316e+01 8.295156187937030579e-02
1.780945999999999918e+00 2.524479000000000184e+01 8.269728360143155377e-02
1.785689000000000082e+00 2.518677299999999875e+01 8.246116846734165284e-02
1.790432000000000023e+00 2.536573699999999931e+01 8.265265321543162347e-02
1.795174000000000047e+00 2.525172699999999537e+01 8.236631954411947898e-02
1.799916999999999989e+00 2.519021900000000258e+01 8.216560222723558182e-02
1.804659999999999931e+00 2.532828400000000357e+01 8.229114778512935935e-02
1.809403000000000095e+00 2.523050400000000337e+01 8.203341254934418125e-02
1.814146000000000036e+00 2.517744899999999930e+01 8.184879654824009365e-02
1.818888999999999978e+00 2.519329899999999967e+01 8.177643507779426557e-02
1.823631999999999920e+00 2.511758799999999781e+01 8.155628994155447731e-02
1.828375000000000083e+00 2.525784700000000171e+01 8.168689325655922873e-02
1.833117000000000107e+00 2.536456799999999845e+01 8.176243936463246931e-02
1.837860000000000049e+00 2.528187000000000140e+01 8.153263349433771678e-02
1.842602999999999991e+00 2.528059900000000226e+01 8.143493886190128483e-02
1.847345999999999933e+00 2.531909600000000182e+01 8.140178225231373133e-02
1.852089000000000096e+00 2.529429900000000231e+01 8.133401076371125915e-02
1.856832000000000038e+00 2.516424800000000062e+01 8.096919998591008139e-02
1.861574999999999980e+00 2.519554000000000116e+01 8.091983810287747825e-02
1.866317000000000004e+00 2.520691099999999807e+01 8.084477849991179854e-02
1.871059999999999945e+00 2.526332599999999928e+01 8.084219735204938029e-02
1.875803000000000109e+00 2.528274600000000305e+01 8.078003147116000204e-02
1.880546000000000051e+00 2.526279999999999859e+01 8.065588195336964583e-02
1.885288999999999993e+00 2.518704299999999918e+01 8.044323996397335919e-02
1.890031999999999934e+00 2.523720999999999748e+01 8.043179173515407898e-02
1.894775000000000098e+00 2.521733400000000458e+01 8.030842736490298450e-02
1.899516999999999900e+00 2.520983600000000280e+01 8.020601594359863529e-02
1.904260000000000064e+00 2.531494400000000056e+01 8.028252640871423595e-02
1.909003000000000005e+00 2.521799299999999988e+01 8.003887307351409408e-02
1.913745999999999947e+00 2.521195499999999612e+01 7.993914525893368317e-02
1.918489000000000111e+00 2.515269699999999986e+01 7.975612632694681348e-02
1.923232000000000053e+00 2.511379300000000114e+01 7.960594682530508504e-02
1.927974999999999994e+00 2.521377900000000238e+01 7.967333103158419361e-02
1.932717999999999936e+00 2.524693700000000263e+01 7.957464670024742837e-02
1.937459999999999960e+00 2.514250600000000091e+01 7.922472868623850473e-02
1.942202999999999902e+00 2.510896799999999729e+01 7.895604240945400254e-02
1.946946000000000065e+00 2.513276900000000325e+01 7.880150832518181825e-02
1.951689000000000007e+00 2.517111700000000241e+01 7.870614830355059099e-02
1.956431999999999949e+00 2.523577100000000328e+01 7.872219025177844276e-02
1.961174999999999891e+00 2.514970900000000142e+01 7.850506764463871523e-02
1.965918000000000054e+00 2.526071599999999862e+01 7.859653042321143590e-02
1.970660000000000078e+00 2.527365599999999546e+01 7.857963259438352499e-02
1.975403000000000020e+00 2.511754099999999923e+01 7.831556786192575559e-02
1.980145999999999962e+00 2.509392399999999768e+01 7.830026800878972515e-02
1.984888999999999903e+00 2.506453400000000187e+01 7.827512807774192338e-02
1.989632000000000067e+00 2.501525499999999980e+01 7.821869840432593701e-02
1.994375000000000009e+00 2.524304700000000068e+01 7.854533429657677146e-02
1.999117999999999951e+00 2.518163200000000046e+01 7.833694124178389173e-02
2.003861000000000114e+00 2.498506800000000183e+01 7.794767048432364731e-02
2.008602999999999916e+00 2.519635699999999900e+01 7.819304729375943508e-02
2.013345999999999858e+00 2.521922299999999950e+01 7.883949313638818901e-02
2.018088999999999800e+00 2.512186500000000322e+01 8.098332293077323274e-02
2.022832000000000185e+00 2.502756100000000217e+01 8.216900803922486118e-02
2.027575000000000127e+00 2.512741100000000216e+01 8.337402100368075664e-02
2.032318000000000069e+00 2.516424400000000006e+01 8.432974934008875822e-02
2.037061000000000011e+00 2.501710800000000035e+01 8.488312075849002714e-02
2.041802999999999813e+00 2.506992200000000182e+01 8.569271032357245188e-02
2.046546000000000198e+00 2.502669700000000219e+01 8.601027368232413983e-02
2.051289000000000140e+00 2.509916199999999975e+01 8.639932935747129950e-02
2.056032000000000082e+00 2.512437199999999748e+01 8.668772222649641368e-02
2.060775000000000023e+00 2.491736399999999918e+01 8.655801029507552424e-02
2.065517999999999965e+00 2.496678800000000109e+01 8.685790740034957103e-02
2.070260999999999907e+00 2.487451700000000088e+01 8.689956372451820843e-02
2.075003000000000153e+00 2.494269800000000004e+01 8.721075481389781170e-02
2.079746000000000095e+00 2.516453999999999525e+01 8.549265929597581193e-02
2.084489000000000036e+00 2.515893299999999755e+01 8.331155853672407574e-02
2.089231999999999978e+00 2.520946400000000409e+01 8.220253069059066386e-02
2.093974999999999920e+00 2.512887900000000485e+01 8.117148058212625417e-02
2.098717999999999861e+00 2.516013600000000139e+01 8.048006191666791376e-02
2.103460999999999803e+00 2.509955000000000069e+01 7.974474447979626457e-02
2.108204000000000189e+00 2.508236600000000038e+01 7.927440635117048717e-02
2.112945999999999991e+00 2.496911400000000114e+01 7.888487071057923017e-02
2.117688999999999933e+00 2.504265300000000494e+01 7.880979627607280491e-02
2.122431999999999874e+00 2.498577399999999926e+01 7.854200295099941775e-02
2.127174999999999816e+00 2.499643800000000482e+01 7.839233815452120724e-02
2.131918000000000202e+00 2.519494399999999956e+01 7.854479240301867615e-02
2.136661000000000143e+00 2.498579199999999645e+01 7.806817401751178775e-02
2.141404000000000085e+00 2.493644499999999908e+01 7.784751860338388896e-02
2.146145999999999887e+00 2.489791699999999963e+01 7.765005770338487268e-02
2.150888999999999829e+00 2.503165299999999860e+01 7.772531436688435991e-02
2.155632000000000215e+00 2.495770699999999920e+01 7.748268982451952946e-02
2.160375000000000156e+00 2.504581999999999908e+01 7.749449105170638785e-02
2.165118000000000098e+00 2.503206100000000234e+01 7.735213267249649305e-02
2.169861000000000040e+00 2.502533000000000030e+01 7.722391578896009579e-02
2.174603999999999981e+00 2.498678699999999964e+01 7.704956370375500019e-02
2.179346999999999923e+00 2.484059700000000248e+01 7.671145705721929553e-02
2.184089000000000169e+00 2.497825699999999927e+01 7.681381757696267853e-02
2.188832000000000111e+00 2.503978900000000252e+01 7.680054282610117300e-02
2.193575000000000053e+00 2.498778600000000338e+01 7.661495212998373217e-02
2.198317999999999994e+00 2.507823400000000191e+01 7.664907574196638818e-02
2.203060999999999936e+00 2.500323599999999757e+01 7.643190863650860256e-02
2.207803999999999878e+00 2.506321999999999761e+01 7.642307862432459742e-02
2.212546999999999819e+00 2.500702199999999920e+01 7.623817572000000931e-02
2.217289000000000065e+00 2.493930499999999739e+01 7.603688368019957677e-02
2.222032000000000007e+00 2.503423899999999946e+01 7.608484655425547249e-02
2.226774999999999949e+00 2.508815399999999940e+01 7.607137884430582864e-02
2.231517999999999891e+00 2.501036199999999710e+01 7.585933960433480228e-02
2.236260999999999832e+00 2.496623499999999396e+01 7.569907060388257614e-02
2.241004000000000218e+00 2.491860800000000253e+01 7.553512102910871218e-02
2.245747000000000160e+00 2.493984100000000126e+01 7.547653573651814940e-02
2.250490000000000101e+00 2.505985499999999888e+01 7.556790857202612399e-02
2.255231999999999903e+00 2.501549799999999735e+01 7.541152721170617246e-02
2.259974999999999845e+00 2.489138000000000162e+01 7.513617893237385659e-02
2.264717999999999787e+00 2.498843500000000262e+01 7.519529982086181619e-02
2.269461000000000173e+00 2.505117000000000260e+01 7.520280503208906508e-02
2.274204000000000114e+00 2.497538199999999975e+01 7.500273555738150300e-02
2.278947000000000056e+00 2.499273699999999820e+01 7.494363269228745961e-02
2.283689999999999998e+00 2.495933399999999835e+01 7.480913570384235822e-02
2.288431999999999800e+00 2.495605300000000426e+01 7.472076242684158598e-02
2.293175000000000185e+00 2.487088800000000077e+01 7.450978811779027100e-02
2.297918000000000127e+00 2.487076300000000373e+01 7.442724366791371449e-02
2.302661000000000069e+00 2.487624699999999933e+01 7.435376020776084116e-02
2.307404000000000011e+00 2.489518899999999846e+01 7.430114067132011224e-02
2.312146999999999952e+00 2.494869200000000120e+01 7.429966263280472771e-02
2.316889999999999894e+00 2.496629399999999777e+01 7.424546087123509719e-02
2.321632000000000140e+00 2.492102599999999768e+01 7.409886358822651009e-02
2.326375000000000082e+00 2.489386800000000122e+01 7.397945698514013513e-02
2.331118000000000023e+00 2.493375199999999481e+01 7.395957448100887177e-02
2.335860999999999965e+00 2.494319600000000037e+01 7.389555504941958120e-02
2.340603999999999907e+00 2.493649699999999569e+01 7.380774820028110361e-02
2.345346999999999849e+00 2.479191799999999901e+01 7.351679506161432065e-02
2.350089999999999790e+00 2.499620399999999876e+01 7.374201809678386510e-02
2.354833000000000176e+00 2.491856600000000199e+01 7.355077891594757888e-02
2.359574999999999978e+00 2.487338799999999850e+01 7.340847623045856918e-02
2.364317999999999920e+00 2.480673300000000125e+01 7.323470304826053268e-02
2.369060999999999861e+00 2.492011299999999707e+01 7.332662026400849076e-02
2.373803999999999803e+00 2.483000499999999988e+01 7.311934179698419134e-02
2.378547000000000189e+00 2.478939299999999690e+01 7.298522976945472085e-02
2.383290000000000131e+00 2.475890100000000160e+01 7.286686627646751790e-02
2.388033000000000072e+00 2.492393899999999718e+01 7.303546368643318298e-02
2.392774999999999874e+00 2.485832200000000114e+01 7.286614934030753721e-02
2.397517999999999816e+00 2.486302000000000234e+01 7.280024836341356109e-02
2.402261000000000202e+00 2.487299899999999653e+01 7.274275804988150629e-02
2.407004000000000143e+00 2.490894100000000577e+01 7.272259580489959241e-02
2.411747000000000085e+00 2.483356200000000058e+01 7.254090478828273403e-02
2.416490000000000027e+00 2.481338999999999828e+01 7.244030979559240579e-02
2.421232999999999969e+00 2.489497200000000277e+01 7.248817257303222239e-02
2.425975999999999910e+00 2.472601399999999927e+01 7.217078729395225156e-02
2.430718000000000156e+00 2.493036800000000142e+01 7.239775101488996056e-02
2.435461000000000098e+00 2.492572099999999935e+01 7.232119516326247777e-02
2.440204000000000040e+00 2.488697899999999663e+01 7.222060561447057880e-02
2.444946999999999981e+00 2.484073699999999718e+01 7.205821720942309772e-02
2.449689999999999923e+00 2.489103300000000019e+01 7.206160556345383994e-02
2.454432999999999865e+00 2.491567699999999874e+01 7.202833444175214817e-02
2.459175999999999807e+00 2.499831500000000162e+01 7.207900228352220884e-02
2.463918000000000053e+00 2.489640500000000145e+01 7.186299249493580121e-02
2.468660999999999994e+00 2.476484599999999858e+01 7.160499562318609068e-02
2.473403999999999936e+00 2.478487499999999599e+01 7.156604498525959146e-02
2.478146999999999878e+00 2.485348600000000019e+01 7.159757368561521507e-02
2.482889999999999819e+00 2.482260400000000189e+01 7.148575263245678102e-02
2.487633000000000205e+00 2.490388200000000296e+01 7.153536521616983557e-02
2.492376000000000147e+00 2.482155200000000406e+01 7.135031733246741115e-02
2.497117999999999949e+00 2.492841199999999802e+01 7.143697394659784261e-02
2.501860999999999891e+00 2.496160300000000376e+01 7.141794363040776528e-02
2.506603999999999832e+00 2.488257800000000231e+01 7.123871990576262359e-02
2.511347000000000218e+00 2.498606399999999539e+01 7.131916202824525874e-02
2.516090000000000160e+00 2.489461700000000377e+01 7.106816206396573965e-02
2.520833000000000101e+00 2.474042000000000030e+01 7.070267049937717374e-02
2.525576000000000043e+00 2.481318199999999763e+01 7.066246648741819625e-02
2.530318999999999985e+00 2.476909099999999953e+01 7.048402377096882332e-02
2.535060999999999787e+00 2.476199000000000083e+01 7.040956551305013744e-02
2.539804000000000173e+00 2.477612099999999629e+01 7.036586097529326511e-02
2.544547000000000114e+00 2.472432399999999930e+01 7.022947117905986580e-02
2.549290000000000056e+00 2.481424099999999910e+01 7.029396888509355235e-02
2.554032999999999998e+00 2.473424800000000090e+01 7.011813924078133531e-02
2.558775999999999939e+00 2.480099400000000287e+01 7.014977340699184161e-02
2.563518999999999881e+00 2.486553299999999922e+01 7.018109238643908954e-02
2.568261000000000127e+00 2.484865099999999671e+01 7.015145324785011793e-02
2.573004000000000069e+00 2.470817000000000263e+01 6.996894926864986874e-02
2.577747000000000011e+00 2.473557800000000029e+01 7.002317005212417567e-02
2.582489999999999952e+00 2.481320499999999996e+01 7.011367021172262848e-02
2.587232999999999894e+00 2.470002799999999610e+01 6.989187620300803261e-02
2.591975999999999836e+00 2.483430500000000052e+01 7.001964721113282386e-02
2.596719000000000221e+00 2.479226100000000343e+01 6.989841372278272902e-02
2.601462000000000163e+00 2.482006500000000315e+01 6.987585210928021207e-02
2.606203999999999965e+00 2.487581700000000140e+01 6.989290730733198342e-02
2.610946999999999907e+00 2.469595199999999835e+01 6.957857843645269547e-02
2.615689999999999849e+00 2.472040199999999999e+01 6.955211024388620322e-02
2.620432999999999790e+00 2.487987500000000196e+01 6.971511556560097689e-02
2.625176000000000176e+00 2.464432000000000045e+01 6.932387036157530713e-02
2.629919000000000118e+00 2.478063999999999822e+01 6.945500631805601177e-02
2.634662000000000059e+00 2.472365400000000335e+01 6.932971506013277385e-02
2.639403999999999861e+00 2.464413300000000007e+01 6.917020800087564369e-02
2.644146999999999803e+00 2.472884200000000021e+01 6.920637463313186744e-02
2.648890000000000189e+00 2.469081500000000062e+01 6.908951898605678044e-02
2.653633000000000131e+00 2.472630600000000101e+01 6.909014829337682684e-02
2.658376000000000072e+00 2.467741200000000035e+01 6.896415966958055477e-02
2.663119000000000014e+00 2.475143099999999663e+01 6.899635772699744263e-02
2.667861999999999956e+00 2.469220100000000429e+01 6.885461613880292098e-02
2.672604999999999897e+00 2.468573900000000165e+01 6.878680740250489589e-02
2.677347000000000143e+00 2.476883399999999824e+01 6.884392692147288384e-02
2.682090000000000085e+00 2.475719699999999790e+01 6.876938317577525883e-02
2.686833000000000027e+00 2.478218899999999891e+01 6.874594049950441543e-02
2.691575999999999969e+00 2.480098800000000026e+01 6.871353168000025879e-02
2.696318999999999910e+00 2.472827400000000253e+01 6.855472314655569610e-02
2.701061999999999852e+00 2.470133099999999615e+01 6.845982864487976105e-02
2.705804999999999794e+00 2.478447899999999748e+01 6.851742798861980288e-02
2.710547000000000040e+00 2.468962799999999902e+01 6.832854941080045152e-02
2.715289999999999981e+00 2.472961700000000107e+01 6.832685593036240401e-02
2.720032999999999923e+00 2.475380299999999778e+01 6.830328722299022770e-02
2.724775999999999865e+00 2.469550699999999921e+01 6.816595638223672815e-02
2.729518999999999807e+00 2.478794699999999906e+01 6.823634990448419757e-02
2.734262000000000192e+00 2.483002200000000315e+01 6.823749512279154994e-02
2.739005000000000134e+00 2.484661999999999438e+01 6.820386777663271782e-02
2.743746999999999936e+00 2.484220599999999735e+01 6.814121593863878279e-02
2.748489999999999878e+00 2.472113900000000086e+01 6.791898883229048611e-02
2.753232999999999819e+00 2.465025100000000080e+01 6.776561584523968507e-02
2.757976000000000205e+00 2.465761999999999787e+01 6.772003770340209727e-02
2.762719000000000147e+00 2.462301699999999727e+01 6.761711603415956895e-02
2.767462000000000089e+00 2.480303099999999716e+01 6.780796675853287270e-02
2.772205000000000030e+00 2.473389899999999741e+01 6.765821145886284638e-02
2.776947999999999972e+00 2.469450099999999892e+01 6.754910840288716467e-02
2.781690000000000218e+00 2.468580699999999695e+01 6.748222402408800280e-02
2.786433000000000160e+00 2.458636399999999611e+01 6.729127657247854777e-02
2.791176000000000101e+00 2.468081000000000103e+01 6.736560643141795146e-02
2.795919000000000043e+00 2.469034600000000168e+01 6.732414924897975328e-02
2.800661999999999985e+00 2.469092200000000048e+01 6.728597324512219924e-02
2.805404999999999927e+00 2.476018600000000092e+01 6.731613343966882934e-02
2.810147999999999868e+00 2.471175999999999817e+01 6.722814774810251248e-02
2.814890000000000114e+00 2.478423399999999788e+01 6.728122048109635989e-02
2.819633000000000056e+00 2.481932000000000116e+01 6.857646673262264569e-02
2.824375999999999998e+00 2.478415299999999633e+01 6.996634826439278310e-02
2.829118999999999939e+00 2.478139600000000087e+01 7.086661947040651111e-02
2.833861999999999881e+00 2.469031199999999870e+01 7.147479548345696265e-02
2.838604999999999823e+00 2.460041199999999861e+01 7.196873551952263914e-02
2.843348000000000209e+00 2.456460600000000127e+01 7.221957651965635328e-02
2.848091000000000150e+00 2.456233499999999736e+01 7.243530704538291010e-02
2.852832999999999952e+00 2.451745400000000075e+01 7.258021283483467867e-02
2.857575999999999894e+00 2.451207099999999883e+01 7.276737365940041946e-02
2.862318999999999836e+00 2.469312400000000096e+01 7.321771208256032393e-02
2.867062000000000221e+00 2.472034200000000226e+01 7.342988831349601953e-02
2.871805000000000163e+00 2.452120000000000033e+01 7.329479026479643333e-02
2.876548000000000105e+00 2.462335900000000066e+01 7.360074220138340673e-02
2.881291000000000047e+00 2.465355700000000283e+01 7.344685036171190451e-02
2.886032999999999848e+00 2.473751200000000239e+01 7.147410628280426170e-02
2.890775999999999790e+00 2.467133999999999361e+01 7.025642317275268556e-02
2.895519000000000176e+00 2.477875099999999975e+01 6.964864078980723128e-02
2.900262000000000118e+00 2.464095499999999817e+01 6.885408697074488216e-02
2.905005000000000059e+00 2.474479099999999931e+01 6.862719608635922675e-02
2.909748000000000001e+00 2.465898999999999575e+01 6.832860620113803685e-02
2.914490999999999943e+00 2.464867800000000031e+01 6.815434148929619407e-02
2.919233000000000189e+00 2.464089200000000091e+01 6.799843379607575788e-02
2.923976000000000131e+00 2.472552499999999753e+01 6.798132954464629341e-02
2.928719000000000072e+00 2.467102300000000170e+01 6.778229935324191213e-02
2.933462000000000014e+00 2.475633200000000045e+01 6.778247799456285638e-02
2.938204999999999956e+00 2.470139099999999743e+01 6.759641538059321664e-02
2.942947999999999897e+00 2.457222099999999543e+01 6.731480466165969123e-02
2.947690999999999839e+00 2.465284300000000428e+01 6.732489648755428380e-02
2.952433999999999781e+00 2.469709600000000194e+01 6.729662180397022464e-02
2.957176000000000027e+00 2.463196699999999595e+01 6.712129763969257312e-02
2.961918999999999969e+00 2.465200300000000055e+01 6.704511364915045901e-02
2.966661999999999910e+00 2.455008199999999974e+01 6.681977768740179902e-02
2.971404999999999852e+00 2.461101999999999990e+01 6.681821632664329547e-02
2.976147999999999794e+00 2.460380400000000023e+01 6.672642366145889459e-02
2.980891000000000179e+00 2.460209400000000102e+01 6.664400755390240128e-02
2.985634000000000121e+00 2.463722999999999885e+01 6.661341477947516077e-02
2.990375999999999923e+00 2.461188100000000034e+01 6.651993633218615531e-02
2.995118999999999865e+00 2.468518199999999752e+01 6.652933976076720601e-02
2.999861999999999806e+00 2.448645600000000044e+01 6.618459158114069207e-02
3.004605000000000192e+00 2.455892899999999912e+01 6.621031677201144605e-02
3.009348000000000134e+00 2.459905700000000195e+01 6.619342649823999059e-02
3.014091000000000076e+00 2.466537900000000150e+01 6.623257783737622473e-02
3.018834000000000017e+00 2.465554799999999958e+01 6.613013369622580684e-02
3.023576999999999959e+00 2.467252599999999774e+01 6.608496709901201527e-02
3.028319000000000205e+00 2.452438599999999980e+01 6.581930708524816320e-02
3.033062000000000147e+00 2.449266300000000030e+01 6.571053205548027520e-02
3.037805000000000089e+00 2.465491200000000305e+01 6.586255348833355838e-02
3.042548000000000030e+00 2.470112899999999811e+01 6.585972509355546289e-02
3.047290999999999972e+00 2.460981699999999961e+01 6.567403554567208257e-02
3.052033999999999914e+00 2.458255399999999824e+01 6.557435989276524935e-02
3.056776999999999855e+00 2.450216300000000302e+01 6.540495543262833666e-02
3.061519000000000101e+00 2.466685800000000128e+01 6.556216706329420774e-02
3.066262000000000043e+00 2.464459100000000191e+01 6.547153676036326919e-02
3.071004999999999985e+00 2.465174599999999572e+01 6.543366022263999437e-02
3.075747999999999927e+00 2.464454900000000137e+01 6.536660098185310963e-02
3.080490999999999868e+00 2.463864799999999988e+01 6.529229802446609443e-02
3.085233999999999810e+00 2.456477899999999792e+01 6.512570516741987559e-02
3.089977000000000196e+00 2.467402199999999723e+01 6.523008761014276180e-02
3.094720000000000137e+00 2.456223200000000162e+01 6.500653314310109177e-02
3.099461999999999939e+00 2.459185200000000293e+01 6.498719728534074758e-02
3.104204999999999881e+00 2.460987699999999734e+01 6.495343883150914155e-02
3.108947999999999823e+00 2.459703000000000017e+01 6.487928448966588657e-02
3.113691000000000209e+00 2.462294300000000291e+01 6.485720603311555255e-02
3.118434000000000150e+00 2.455827900000000241e+01 6.471597233363260426e-02
3.123177000000000092e+00 2.459004200000000040e+01 6.470164475487696909e-02
3.127920000000000034e+00 2.459066100000000432e+01 6.464695751964820436e-02
3.132661999999999836e+00 2.453137600000000162e+01 6.451390950220270426e-02
3.137405000000000221e+00 2.455499200000000215e+01 6.449032790373684931e-02
3.142148000000000163e+00 2.450753499999999718e+01 6.437340775522296110e-02
3.146891000000000105e+00 2.456526200000000060e+01 6.440311747817958898e-02
3.151634000000000047e+00 2.461425799999999953e+01 6.441573528882751920e-02
3.156376999999999988e+00 2.458224799999999988e+01 6.431002829681931043e-02
3.161119999999999930e+00 2.460835000000000150e+01 6.429119673451880179e-02
3.165862000000000176e+00 2.457995700000000028e+01 6.424574108345859624e-02
3.170605000000000118e+00 2.452843999999999980e+01 6.410900137488183270e-02
3.175348000000000059e+00 2.460388900000000234e+01 6.412663305211026288e-02
3.180091000000000001e+00 2.458954100000000054e+01 6.405557831621613851e-02
3.184833999999999943e+00 2.457616999999999763e+01 6.398613888745592615e-02
3.189576999999999884e+00 2.449748100000000406e+01 6.383202167707129060e-02
3.194319999999999826e+00 2.465696099999999902e+01 6.396940114420722467e-02
3.199063000000000212e+00 2.471815199999999635e+01 6.393137844761992428e-02
3.203805000000000014e+00 2.465201199999999915e+01 6.372747674588255529e-02
3.208547999999999956e+00 2.465020000000000167e+01 6.364666275276575913e-02
3.213290999999999897e+00 2.446292800000000156e+01 6.335452304108601940e-02
3.218033999999999839e+00 2.455412600000000367e+01 6.342260005728163341e-02
3.222776999999999781e+00 2.458925799999999384e+01 6.341822201310123863e-02
3.227520000000000167e+00 2.462291300000000049e+01 6.341211246938632806e-02
3.232263000000000108e+00 2.447963399999999723e+01 6.317811177390632305e-02
3.237004999999999910e+00 2.451575300000000013e+01 6.317593672274991745e-02
3.241747999999999852e+00 2.460336200000000417e+01 6.323962838645638684e-02
3.246490999999999794e+00 2.453473500000000129e+01 6.310281480354501538e-02
3.251234000000000179e+00 2.457343100000000291e+01 6.312181642674027926e-02
3.255977000000000121e+00 2.465638600000000125e+01 6.324446110796898279e-02
3.260720000000000063e+00 2.451568999999999932e+01 6.308163803723076946e-02
3.265463000000000005e+00 2.445174399999999792e+01 6.297681983785780035e-02
3.270205999999999946e+00 2.462454900000000180e+01 6.315089105666363278e-02
3.274948000000000192e+00 2.461583399999999955e+01 6.309131787276836545e-02
3.279691000000000134e+00 2.449519400000000147e+01 6.288865479702679395e-02
3.284434000000000076e+00 2.459443800000000380e+01 6.296845961379712864e-02
3.289177000000000017e+00 2.459247099999999620e+01 6.291836101449084506e-02
3.293919999999999959e+00 2.467392600000000158e+01 6.297482137327028995e-02
3.298662999999999901e+00 2.462136899999999784e+01 6.286058230254712442e-02
3.303405999999999842e+00 2.455619800000000197e+01 6.273031495105695077e-02
3.308148000000000089e+00 2.442802700000000016e+01 6.251958920896152905e-02
3.312891000000000030e+00 2.459328699999999657e+01 6.268389730538696802e-02
3.317633999999999972e+00 2.458078300000000027e+01 6.262144879683798071e-02
3.322376999999999914e+00 2.454882500000000078e+01 6.253518744545825958e-02
3.327119999999999855e+00 2.462160599999999988e+01 6.259711171048629175e-02
3.331862999999999797e+00 2.454498600000000152e+01 6.243689052467139844e-02
3.336606000000000183e+00 2.456495199999999812e+01 6.241638699478766622e-02
3.341347999999999985e+00 2.454239299999999702e+01 6.234205530077189389e-02
3.346090999999999926e+00 2.449411500000000075e+01 6.223490865342536787e-02
3.350833999999999868e+00 2.456926900000000202e+01 6.228453538424767733e-02
3.355576999999999810e+00 2.453366499999999917e+01 6.219422810414725056e-02
3.360320000000000196e+00 2.453190299999999979e+01 6.214691416266698853e-02
3.365063000000000137e+00 2.458124099999999856e+01 6.216419741751597755e-02
3.369806000000000079e+00 2.444638400000000189e+01 6.194842359496083306e-02
3.374549000000000021e+00 2.459563299999999941e+01 6.209216017415482985e-02
3.379290999999999823e+00 2.469999100000000070e+01 6.287085517212884223e-02
3.384034000000000209e+00 2.453941500000000175e+01 6.413656343457996289e-02
3.388777000000000150e+00 2.462669400000000053e+01 6.509984781252872721e-02
3.393520000000000092e+00 2.454223100000000457e+01 6.565792511556087230e-02
3.398263000000000034e+00 2.458296100000000095e+01 6.610975124604159814e-02
3.403005999999999975e+00 2.450859300000000118e+01 6.618758667616383984e-02
3.407748999999999917e+00 2.452102900000000218e+01 6.617019083176503558e-02
3.412491000000000163e+00 2.451431800000000294e+01 6.619762125542956455e-02
3.417234000000000105e+00 2.453695500000000251e+01 6.640445269868429368e-02
3.421977000000000046e+00 2.466473500000000030e+01 6.673824156076858805e-02
3.426719999999999988e+00 2.462559999999999860e+01 6.682122342851110064e-02
3.431462999999999930e+00 2.454138800000000131e+01 6.684597454182637788e-02
3.436205999999999872e+00 2.456298999999999566e+01 6.702010444870554196e-02
3.440948999999999813e+00 2.448479900000000242e+01 6.703475492306359973e-02
3.445692000000000199e+00 2.450819999999999865e+01 6.719910658041072793e-02
3.450434000000000001e+00 2.452448000000000050e+01 6.731514647274489116e-02
3.455176999999999943e+00 2.453731600000000057e+01 6.744299402092999995e-02
3.459919999999999884e+00 2.453911700000000096e+01 6.755139764939212255e-02
3.464662999999999826e+00 2.461297499999999872e+01 6.775529418301495799e-02
3.469406000000000212e+00 2.448573999999999984e+01 6.767854854900480499e-02
3.474149000000000154e+00 2.454353900000000266e+01 6.785374563015736382e-02
3.478892000000000095e+00 2.455945900000000037e+01 6.796865773248285392e-02
3.483633999999999897e+00 2.457891800000000160e+01 6.808495232031450128e-02
3.488376999999999839e+00 2.450897499999999951e+01 6.807520979920149429e-02
3.493119999999999781e+00 2.457901400000000081e+01 6.825703077220543480e-02
3.497863000000000167e+00 2.460732900000000001e+01 6.837892720382207634e-02
3.502606000000000108e+00 2.450230900000000034e+01 6.831330970366901456e-02
3.507349000000000050e+00 2.441808999999999941e+01 6.827365242107895360e-02
3.512091999999999992e+00 2.448266199999999770e+01 6.844018869042151065e-02
3.516833999999999794e+00 2.452492400000000217e+01 6.857379656693582404e-02
3.521577000000000179e+00 2.456299499999999725e+01 6.869972612571320636e-02
3.526320000000000121e+00 2.448476100000000244e+01 6.866120525244587269e-02
3.531063000000000063e+00 2.460082299999999833e+01 6.889364704886800916e-02
3.535806000000000004e+00 2.443978899999999754e+01 6.873577013731496654e-02
3.540548999999999946e+00 2.440933700000000073e+01 6.875898047097993293e-02
3.545291999999999888e+00 2.458117900000000233e+01 6.906626928564840728e-02
3.550034999999999830e+00 2.462632200000000537e+01 6.919395403538303180e-02
3.554777000000000076e+00 2.446091499999999641e+01 6.902378137774907441e-02
3.559520000000000017e+00 2.440160400000000251e+01 6.900151797398808295e-02
3.564262999999999959e+00 2.452363199999999921e+01 6.923416330127778184e-02
3.569005999999999901e+00 2.451256100000000160e+01 6.929138132538706363e-02
3.573748999999999842e+00 2.452291100000000057e+01 6.938447416327878092e-02
3.578491999999999784e+00 2.458654200000000145e+01 6.949816952616665044e-02
3.583235000000000170e+00 2.460793100000000067e+01 6.958488732783865705e-02
3.587976999999999972e+00 2.454605099999999851e+01 6.952891148444292901e-02
3.592719999999999914e+00 2.436596099999999865e+01 6.921955361608814195e-02
3.597462999999999855e+00 2.445040099999999583e+01 6.927753088195695574e-02
3.602205999999999797e+00 2.450757899999999978e+01 6.929704421486244936e-02
3.606949000000000183e+00 2.444391499999999695e+01 6.914618634140787257e-02
3.611692000000000125e+00 2.455107800000000040e+01 6.928809348560543979e-02
3.616435000000000066e+00 2.455228400000000732e+01 6.935881343786527709e-02
3.621178000000000008e+00 2.460989300000000313e+01 7.027956962126545581e-02
3.625919999999999810e+00 2.467188400000000215e+01 7.288419732310290333e-02
3.630663000000000196e+00 2.456600499999999698e+01 7.414383332718507691e-02
3.635406000000000137e+00 2.457748600000000039e+01 7.521933389096716049e-02
3.640149000000000079e+00 2.452566799999999958e+01 7.591934559445109865e-02
3.644892000000000021e+00 2.460574700000000092e+01 7.656294234975952184e-02
3.649634999999999962e+00 2.445320800000000006e+01 7.681752119280274571e-02
3.654377999999999904e+00 2.455156099999999952e+01 7.739969043695588136e-02
3.659120000000000150e+00 2.443932699999999869e+01 7.765366485183554379e-02
3.663863000000000092e+00 2.456733499999999992e+01 7.827318543609809720e-02
3.668606000000000034e+00 2.448675899999999928e+01 7.854675374904299123e-02
3.673348999999999975e+00 2.437995300000000043e+01 7.876609011606836019e-02
3.678091999999999917e+00 2.434534300000000329e+01 7.909124416426446813e-02
3.682834999999999859e+00 2.461600800000000078e+01 7.990497666017742917e-02
3.687577999999999800e+00 2.442066799999999915e+01 7.995414000941976351e-02
3.692321000000000186e+00 2.453622500000000173e+01 8.050516085847912728e-02
3.697062999999999988e+00 2.446646499999999946e+01 8.074621290973404975e-02
3.701805999999999930e+00 2.447280500000000103e+01 8.110780966146600990e-02
3.706548999999999872e+00 2.449979000000000084e+01 8.149993798819296642e-02
3.711291999999999813e+00 2.459557300000000524e+01 8.200305179871418548e-02
3.716035000000000199e+00 2.443513399999999791e+01 8.207496107182568612e-02
3.720778000000000141e+00 2.436710499999999868e+01 8.229695178728857474e-02
3.725521000000000083e+00 2.458382299999999532e+01 8.299719986925221948e-02
3.730262999999999884e+00 2.455091200000000029e+01 8.327477449455747416e-02
3.735005999999999826e+00 2.440400299999999589e+01 8.335428419239890308e-02
3.739749000000000212e+00 2.446034300000000172e+01 8.377878691214082907e-02
3.744492000000000154e+00 2.454874699999999876e+01 8.425695780822436975e-02
3.749235000000000095e+00 2.458880200000000116e+01 8.465137355596599744e-02
3.753978000000000037e+00 2.458397499999999880e+01 8.496798440432372368e-02
3.758720999999999979e+00 2.452634699999999768e+01 8.519094876643880376e-02
3.763462999999999781e+00 2.461892399999999981e+01 8.567408609624441174e-02
3.768206000000000166e+00 2.444764900000000196e+01 8.569597916328980380e-02
3.772949000000000108e+00 2.437113500000000244e+01 8.588091947994910824e-02
3.777692000000000050e+00 2.439141300000000001e+01 8.623521797453520543e-02
3.782434999999999992e+00 2.452729000000000070e+01 8.679405710912298233e-02
3.787177999999999933e+00 2.454916000000000054e+01 8.715155096192551964e-02
3.791920999999999875e+00 2.447552299999999903e+01 8.733896922711362198e-02
3.796663999999999817e+00 2.444132499999999908e+01 8.759510234119256833e-02
3.801406000000000063e+00 2.445596600000000009e+01 8.793909353298111353e-02
3.806149000000000004e+00 2.445686500000000052e+01 8.825815205265971630e-02
3.810891999999999946e+00 2.456826199999999716e+01 8.877691609674893958e-02
3.815634999999999888e+00 2.448448999999999742e+01 8.894249108626427203e-02
3.820377999999999830e+00 2.439549200000000084e+01 8.909806173064203916e-02
3.825121000000000215e+00 2.453641899999999865e+01 8.967307387559045329e-02
3.829864000000000157e+00 2.452424599999999799e+01 8.996947901418068938e-02
3.834605999999999959e+00 2.463797999999999888e+01 9.049753232063513508e-02
3.839348999999999901e+00 2.467898100000000028e+01 9.089365574751959165e-02
3.844091999999999842e+00 2.459619599999999906e+01 9.106082906810369915e-02
3.848834999999999784e+00 2.450978899999999783e+01 9.122375824266176769e-02
3.853578000000000170e+00 2.445283900000000088e+01 9.148635965877427445e-02
3.858321000000000112e+00 2.439101099999999889e+01 9.163980098947836772e-02
3.863064000000000053e+00 2.447912200000000382e+01 9.212728377064635654e-02
3.867806999999999995e+00 2.446786300000000125e+01 9.242909054616570141e-02
3.872548999999999797e+00 2.447278800000000132e+01 9.276134324936277653e-02
3.877292000000000183e+00 2.437876100000000434e+01 9.290655378655748864e-02
3.882035000000000124e+00 2.458689999999999998e+01 9.362869028389374237e-02
3.886778000000000066e+00 2.453940899999999914e+01 9.386488179439370083e-02
3.891521000000000008e+00 2.445169199999999776e+01 9.402360380688565278e-02
3.896263999999999950e+00 2.441460699999999662e+01 9.427965797064816189e-02
3.901006999999999891e+00 2.459356400000000420e+01 9.495377976478609761e-02
3.905749000000000137e+00 2.445709900000000303e+01 9.502105266344296197e-02
3.910492000000000079e+00 2.457700899999999677e+01 9.558588172914084247e-02
3.915235000000000021e+00 2.443221600000000038e+01 9.563605598693517007e-02
3.919977999999999962e+00 2.447088700000000117e+01 9.600348100550989972e-02
3.924720999999999904e+00 2.451964100000000002e+01 9.618450962145255745e-02
3.929463999999999846e+00 2.435771100000000189e+01 9.593993372542583553e-02
3.934206999999999788e+00 2.436881199999999836e+01 9.608820293066001883e-02
3.938949000000000034e+00 2.442193200000000175e+01 9.629785419248707012e-02
3.943691999999999975e+00 2.456038000000000210e+01 9.667498723843101494e-02
3.948434999999999917e+00 2.447134199999999993e+01 9.660305094812378368e-02
3.953177999999999859e+00 2.450511200000000045e+01 9.680012618462281726e-02
3.957920999999999800e+00 2.451451199999999986e+01 9.698968137995814254e-02
3.962664000000000186e+00 2.447653999999999641e+01 9.692285014440608915e-02
3.967407000000000128e+00 2.432997100000000046e+01 9.688149274231172559e-02
3.972150000000000070e+00 2.448891199999999913e+01 9.752508752013708260e-02
3.976891999999999872e+00 2.462602099999999794e+01 9.812770071068005473e-02
3.981634999999999813e+00 2.440865499999999955e+01 9.802335543184594047e-02
3.986378000000000199e+00 2.442744499999999874e+01 9.839297731826393556e-02
3.991121000000000141e+00 2.441396800000000056e+01 9.869889031369502574e-02
3.995864000000000082e+00 2.438829899999999640e+01 9.898212928090353857e-02
4.000606999999999580e+00 2.443539799999999929e+01 9.941410154977511904e-02
4.005349999999999966e+00 2.436193899999999957e+01 9.960259837487121792e-02
4.010092000000000212e+00 2.445110200000000233e+01 1.001251308746610447e-01
4.014834999999999710e+00 2.433965699999999543e+01 1.002380968011524071e-01
4.019578000000000095e+00 2.432394100000000137e+01 1.005491344071181015e-01
4.024320999999999593e+00 2.440836300000000136e+01 1.010684448746689695e-01
4.029063999999999979e+00 2.441657000000000011e+01 1.014334924399746818e-01
4.033807000000000365e+00 2.457382700000000497e+01 1.021101258901486314e-01
4.038549999999999862e+00 2.432551000000000130e+01 1.019440536119105845e-01
4.043293000000000248e+00 2.428131200000000334e+01 1.022038007224829181e-01
4.048034999999999606e+00 2.452820099999999925e+01 1.030789706994016397e-01
4.052777999999999992e+00 2.452993699999999677e+01 1.034412609836761476e-01
4.057521000000000377e+00 2.455829899999999810e+01 1.038618422258954510e-01
4.062263999999999875e+00 2.440906700000000029e+01 1.039083234355742125e-01
4.067007000000000261e+00 2.466192899999999710e+01 1.048115268950476631e-01
4.071749999999999758e+00 2.442564000000000135e+01 1.046751312580122828e-01
4.076493000000000144e+00 2.434133000000000280e+01 1.048625422973089166e-01
4.081235000000000390e+00 2.442189599999999672e+01 1.054070828293734580e-01
4.085977999999999888e+00 2.430288100000000284e+01 1.055237285175950335e-01
4.090721000000000274e+00 2.437822200000000095e+01 1.060632355600770876e-01
4.095463999999999771e+00 2.462922999999999973e+01 1.069884777859190644e-01
4.100207000000000157e+00 2.470388799999999918e+01 1.075338353712486095e-01
4.104949999999999655e+00 2.452266300000000143e+01 1.075249370232012752e-01
4.109693000000000040e+00 2.453203599999999796e+01 1.079327186163389490e-01
4.114436000000000426e+00 2.446654300000000148e+01 1.081781397664135225e-01
4.119177999999999784e+00 2.449483400000000444e+01 1.086344570364274481e-01
4.123921000000000170e+00 2.454316600000000292e+01 1.091371105985466244e-01
4.128663999999999668e+00 2.460480300000000042e+01 1.096743114262478391e-01
4.133407000000000053e+00 2.463416699999999793e+01 1.101429307874686181e-01
4.138150000000000439e+00 2.465158699999999925e+01 1.105876091526220711e-01
4.142892999999999937e+00 2.452895900000000395e+01 1.107203821462900278e-01
4.147636000000000323e+00 2.461442800000000375e+01 1.113242853727842291e-01
4.152377999999999680e+00 2.462521700000000280e+01 1.117645491606018976e-01
4.157121000000000066e+00 2.448286300000000182e+01 1.118580534882473304e-01
4.161863999999999564e+00 2.447664900000000188e+01 1.122644331979545385e-01
4.166606999999999950e+00 2.454891399999999990e+01 1.128543697758562780e-01
4.171350000000000335e+00 2.440571600000000529e+01 1.129506054307182483e-01
4.176092999999999833e+00 2.440569599999999895e+01 1.133872129739597334e-01
4.180836000000000219e+00 2.437593500000000546e+01 1.139077840983134804e-01
4.185577999999999577e+00 2.460487900000000039e+01 1.147583457726395473e-01
4.190320999999999962e+00 2.450561400000000134e+01 1.149272431227987834e-01
4.195064000000000348e+00 2.463609199999999788e+01 1.156794860244680506e-01
4.199806999999999846e+00 2.464670100000000019e+01 1.161546022770626047e-01
4.204550000000000232e+00 2.466914700000000238e+01 1.166621031819965182e-01
4.209292999999999729e+00 2.457410899999999998e+01 1.168954202582252605e-01
4.214036000000000115e+00 2.440733400000000231e+01 1.169577390789301174e-01
4.218778999999999613e+00 2.450490300000000232e+01 1.176570214082980348e-01
4.223520999999999859e+00 2.471307300000000140e+01 1.186270336350981197e-01
4.228264000000000244e+00 2.475336300000000023e+01 1.192001934746093339e-01
4.233006999999999742e+00 2.464033599999999780e+01 1.194067064445674398e-01
4.237750000000000128e+00 2.439441300000000012e+01 1.192906570624095303e-01
4.242492999999999626e+00 2.468643599999999694e+01 1.204918255796939980e-01
4.247236000000000011e+00 2.453478799999999893e+01 1.206121135710518100e-01
4.251979000000000397e+00 2.456195900000000165e+01 1.211809376146966433e-01
4.256720999999999755e+00 2.447487100000000027e+01 1.216717083187542070e-01
4.261464000000000141e+00 2.464350299999999905e+01 1.224277375642766758e-01
4.266206999999999638e+00 2.472923300000000069e+01 1.231133444753350209e-01
4.270950000000000024e+00 2.461320100000000011e+01 1.233421290371671947e-01
4.275693000000000410e+00 2.455156900000000064e+01 1.237081926730962261e-01
4.280435999999999908e+00 2.449116599999999977e+01 1.240829963383001111e-01
4.285179000000000293e+00 2.455610299999999668e+01 1.247801216422940451e-01
4.289921999999999791e+00 2.463104700000000236e+01 1.255090999415420794e-01
4.294664000000000037e+00 2.456761199999999690e+01 1.258916888326715722e-01
4.299407000000000423e+00 2.452144800000000302e+01 1.263210086822912359e-01
4.304149999999999920e+00 2.467312499999999886e+01 1.272672826908031463e-01
4.308893000000000306e+00 2.446241900000000058e+01 1.272842802355365621e-01
4.313635999999999804e+00 2.464211299999999483e+01 1.283180773904316063e-01
4.318379000000000190e+00 2.469811800000000090e+01 1.290391925983725985e-01
4.323121999999999687e+00 2.463752000000000209e+01 1.295523591284647447e-01
4.327863999999999933e+00 2.449517499999999615e+01 1.297366084685579457e-01
4.332607000000000319e+00 2.473429800000000256e+01 1.308992438680842696e-01
4.337349999999999817e+00 2.468441299999999927e+01 1.313693173905413902e-01
4.342093000000000202e+00 2.442929900000000032e+01 1.312936964794772510e-01
4.346835999999999700e+00 2.462167799999999929e+01 1.324244323586603045e-01
4.351579000000000086e+00 2.479408900000000315e+01 1.335104720785669496e-01
4.356321999999999584e+00 2.461904999999999788e+01 1.336680025759721668e-01
4.361063999999999830e+00 2.454683700000000002e+01 1.341077713681556038e-01
4.365807000000000215e+00 2.463832700000000386e+01 1.350027964975726025e-01
4.370549999999999713e+00 2.448962000000000216e+01 1.352449047319203290e-01
4.375293000000000099e+00 2.469422700000000148e+01 1.364703027488123610e-01
4.380035999999999596e+00 2.474450600000000122e+01 1.373429955971690597e-01
4.384778999999999982e+00 2.447300199999999748e+01 1.373175510326316573e-01
4.389522000000000368e+00 2.444782800000000478e+01 1.378138180896466003e-01
4.394264999999999866e+00 2.468330099999999661e+01 1.391556585777136146e-01
4.399007000000000112e+00 2.450212600000000052e+01 1.389157426375689786e-01
4.403749999999999609e+00 2.450621600000000200e+01 1.390228396032619496e-01
4.408492999999999995e+00 2.453278300000000200e+01 1.391927576190496452e-01
4.413236000000000381e+00 2.471520800000000051e+01 1.398029806379992857e-01
4.417978999999999878e+00 2.462737899999999769e+01 1.396476172880980471e-01
4.422722000000000264e+00 2.459354200000000290e+01 1.396460749353836961e-01
4.427464999999999762e+00 2.454997700000000194e+01 1.396120548112067816e-01
4.432207000000000008e+00 2.458325600000000222e+01 1.397990959448601189e-01
4.436950000000000394e+00 2.440842400000000367e+01 1.394684666181509880e-01
4.441692999999999891e+00 2.447279299999999580e+01 1.402842662408692875e-01
4.446436000000000277e+00 2.429298399999999702e+01 1.404845440318674421e-01
4.451178999999999775e+00 2.466749000000000080e+01 1.422926071852392282e-01
4.455922000000000160e+00 2.480616399999999544e+01 1.434337923115421298e-01
4.460664999999999658e+00 2.480863999999999692e+01 1.441939878113636664e-01
4.465408000000000044e+00 2.457701300000000089e+01 1.442792335825575367e-01
4.470150000000000290e+00 2.470706200000000052e+01 1.454325210266751156e-01
4.474892999999999788e+00 2.455114499999999822e+01 1.457542089478320868e-01
4.479636000000000173e+00 2.478760099999999866e+01 1.472492784782964415e-01
4.484378999999999671e+00 2.457235999999999976e+01 1.474137968565310541e-01
4.489122000000000057e+00 2.446363400000000254e+01 1.479018808370813343e-01
4.493865000000000443e+00 2.435992699999999900e+01 1.484129448015057695e-01
4.498607999999999940e+00 2.462643500000000429e+01 1.500637885956582207e-01
4.503350000000000186e+00 2.484258299999999764e+01 1.515793279669272742e-01
4.508092999999999684e+00 2.454182700000000139e+01 1.515255791390486828e-01
4.512836000000000070e+00 2.443974200000000252e+01 1.520883031152974463e-01
4.517578999999999567e+00 2.461811900000000009e+01 1.535372295553870114e-01
4.522321999999999953e+00 2.466388599999999443e+01 1.545902122330712058e-01
4.527065000000000339e+00 2.466439100000000195e+01 1.555174657928105608e-01
4.531807999999999836e+00 2.457166499999999942e+01 1.561644088169494016e-01
4.536551000000000222e+00 2.466509100000000032e+01 1.574163238201159165e-01
4.541292999999999580e+00 2.462138700000000213e+01 1.582484309980733972e-01
4.546035999999999966e+00 2.467692199999999758e+01 1.594169627282307211e-01
4.550779000000000352e+00 2.460222800000000021e+01 1.601796318016523168e-01
4.555521999999999849e+00 2.465793700000000044e+01 1.613853447034355182e-01
4.560265000000000235e+00 2.483267899999999884e+01 1.629993220748074401e-01
4.565007999999999733e+00 2.460584099999999808e+01 1.633150583257937105e-01
4.569751000000000118e+00 2.458890399999999943e+01 1.643350770312004827e-01
4.574493000000000364e+00 2.448574200000000545e+01 1.650871958772299752e-01
4.579235999999999862e+00 2.451443399999999428e+01 1.663003690051260974e-01
4.583979000000000248e+00 2.462184299999999837e+01 1.678047010182927012e-01
4.588721999999999746e+00 2.451165700000000314e+01 1.685895290803159363e-01
4.593465000000000131e+00 2.453217200000000275e+01 1.698431212577023730e-01
4.598207999999999629e+00 2.455792499999999734e+01 1.711382678761033393e-01
4.602951000000000015e+00 2.447954800000000120e+01 1.720951035543701879e-01
4.607693000000000261e+00 2.491667799999999744e+01 1.748907755627048533e-01
4.612435999999999758e+00 2.453834300000000113e+01 1.748396877503400337e-01
4.617179000000000144e+00 2.453365099999999899e+01 1.761306033827199635e-01
4.621921999999999642e+00 2.503077900000000255e+01 1.792577397949776385e-01
4.626665000000000028e+00 2.476292499999999919e+01 1.796692874983840948e-01
4.631408000000000413e+00 2.450328599999999923e+01 1.801183747906789923e-01
4.636150999999999911e+00 2.519203200000000464e+01 1.840781676572765257e-01
4.640894000000000297e+00 2.472666299999999850e+01 1.838365601204509925e-01
4.645635999999999655e+00 2.500455199999999678e+01 1.863698917747662887e-01
4.650379000000000040e+00 2.470975700000000330e+01 1.868011694923650545e-01
4.655122000000000426e+00 2.503650000000000020e+01 1.896133525769390649e-01
4.659864999999999924e+00 2.462584600000000279e+01 1.896557208343251921e-01
4.664608000000000310e+00 2.459840299999999758e+01 1.911946952306543546e-01
4.669350999999999807e+00 2.496555299999999988e+01 1.943124570227482972e-01
4.674094000000000193e+00 2.484832600000000014e+01 1.955941211942920366e-01
4.678836000000000439e+00 2.489190999999999931e+01 1.975480294554005367e-01
4.683578999999999937e+00 2.466901399999999711e+01 1.984826873201806507e-01
4.688322000000000322e+00 2.474787899999999397e+01 2.006721554310712252e-01
4.693064999999999820e+00 2.468550100000000214e+01 2.023434770715636655e-01
4.697808000000000206e+00 2.473891599999999613e+01 2.045385832249561331e-01
4.702550999999999704e+00 2.500316300000000069e+01 2.076768187068621929e-01
4.707294000000000089e+00 2.500908899999999946e+01 2.098084769599500576e-01
4.712036999999999587e+00 2.490901699999999863e+01 2.115530469595633123e-01
4.716778999999999833e+00 2.485122499999999945e+01 2.135343194344812845e-01
4.721522000000000219e+00 2.467470600000000047e+01 2.150617960629167824e-01
4.726264999999999716e+00 2.466197799999999773e+01 2.173680588844701944e-01
4.731008000000000102e+00 2.479162499999999980e+01 2.203820498445958065e-01
4.735750999999999600e+00 2.474011199999999988e+01 2.226776054472220656e-01
4.740493999999999986e+00 2.475795300000000054e+01 2.253650967291629947e-01
4.745237000000000371e+00 2.477685900000000174e+01 2.281471336793508831e-01
4.749978999999999729e+00 2.508989500000000206e+01 2.323990117222668184e-01
4.754722000000000115e+00 2.490790499999999952e+01 2.344604975097005772e-01
4.759464999999999613e+00 2.475436800000000304e+01 2.367408851813154747e-01
4.764207999999999998e+00 2.455208499999999816e+01 2.388762615301792958e-01
4.768951000000000384e+00 2.476884599999999992e+01 2.431688233649797193e-01
4.773693999999999882e+00 2.474265899999999618e+01 2.464161585641304608e-01
4.778437000000000268e+00 2.478036199999999667e+01 2.501204976795858292e-01
4.783178999999999625e+00 2.477062799999999854e+01 2.537351677168653841e-01
4.787922000000000011e+00 2.436233899999999863e+01 2.554314092744324194e-01
4.792665000000000397e+00 2.488957199999999759e+01 2.621904697980941279e-01
4.797407999999999895e+00 2.536983299999999630e+01 2.689482144239271344e-01
4.802151000000000280e+00 2.471149799999999885e+01 2.698212556319919964e-01
4.806893999999999778e+00 2.463451299999999833e+01 2.740005773896325159e-01
4.811637000000000164e+00 2.490000500000000372e+01 2.803345744549984864e-01
4.816379999999999661e+00 2.525786099999999834e+01 2.875016700561074945e-01
4.821121999999999908e+00 2.544538100000000469e+01 2.940340015484200764e-01
4.825865000000000293e+00 2.503044799999999981e+01 2.973666679590631357e-01
4.830607999999999791e+00 2.488252700000000317e+01 3.025529850595685133e-01
4.835351000000000177e+00 2.525533300000000025e+01 3.113074916463227093e-01
4.840093999999999674e+00 2.470096699999999856e+01 3.147176590606845514e-01
4.844837000000000060e+00 2.482793099999999953e+01 3.228605678166313053e-01
4.849579999999999558e+00 2.538047999999999860e+01 3.343837763426927845e-01
4.854321999999999804e+00 2.520420599999999922e+01 3.417416360644690565e-01
4.859065000000000190e+00 2.540774300000000352e+01 3.523564285201562507e-01
4.863807999999999687e+00 2.554326700000000372e+01 3.633398358475161682e-01
4.868551000000000073e+00 2.538447700000000040e+01 3.731112352681436040e-01
4.873293999999999571e+00 2.427104000000000283e+01 3.765066646935349981e-01
4.878036999999999956e+00 2.482926900000000003e+01 3.938281783364542266e-01
4.882780000000000342e+00 2.496849399999999974e+01 4.093872454541666039e-01
4.887522999999999840e+00 2.499348600000000076e+01 4.257678349833392550e-01
4.892265000000000086e+00 2.536133500000000396e+01 4.472531092364590566e-01
4.897007999999999583e+00 2.521124799999999766e+01 4.667855618771321602e-01
4.901750999999999969e+00 2.545978600000000114e+01 4.932589492395652586e-01
4.906494000000000355e+00 2.667142400000000180e+01 5.338612651224942107e-01
4.911236999999999853e+00 2.569424399999999764e+01 5.579831128419837638e-01
4.915980000000000238e+00 2.530246400000000051e+01 5.948873523493503068e-01
4.920722999999999736e+00 2.586446399999999812e+01 6.540286190783779485e-01
4.925464999999999982e+00 2.582771299999999925e+01 7.227152897292197231e-01
4.930208000000000368e+00 2.668399599999999694e+01 8.331006809331450436e-01
4.934950999999999866e+00 2.661594000000000193e+01 9.847532378905489159e-01
4.939694000000000251e+00 2.361836400000000324e+01 1.197893829174672797e+00
4.944436999999999749e+00 7.616325100000000070e+00 1.178556365302377174e+00