# [41] Sgs_R06_0.0
# Sample c= 1.0 mg/ml
#
# Number of frames collected: 10
# Exposure time per frame: 0.5
# No significant radiation damage detected, merging 10 files
# Merged from: /data/visitor/mx1905/bm29/20170412/Poker/1d/Sxl_10gs_147_00001.dat
# Merged from: /data/visitor/mx1905/bm29/20170412/Poker/1d/Sxl_10gs_147_00002.dat
# Merged from: /data/visitor/mx1905/bm29/20170412/Poker/1d/Sxl_10gs_147_00003.dat
# Merged from: /data/visitor/mx1905/bm29/20170412/Poker/1d/Sxl_10gs_147_00004.dat
# Merged from: /data/visitor/mx1905/bm29/20170412/Poker/1d/Sxl_10gs_147_00005.dat
# Merged from: /data/visitor/mx1905/bm29/20170412/Poker/1d/Sxl_10gs_147_00006.dat
# Merged from: /data/visitor/mx1905/bm29/20170412/Poker/1d/Sxl_10gs_147_00007.dat
# Merged from: /data/visitor/mx1905/bm29/20170412/Poker/1d/Sxl_10gs_147_00008.dat
# Merged from: /data/visitor/mx1905/bm29/20170412/Poker/1d/Sxl_10gs_147_00009.dat
# Merged from: /data/visitor/mx1905/bm29/20170412/Poker/1d/Sxl_10gs_147_00010.dat
#
# Sample Information:
# Storage Temperature (degrees C): 20.0
# Measurement Temperature (degrees C): 20.03
# Concentration: 1.0
# Code: 
3.082862000000000102e-02 6.200001999999999498e+02 8.379671354109120784e+00
3.557148999999999728e-02 1.497545500000000175e+03 5.369936823911339197e+00
4.031434999999999880e-02 1.833622200000000248e+03 3.914211075127880690e+00
4.505722000000000199e-02 1.129515809999999874e+03 2.184494064062566743e+00
4.980007999999999657e-02 7.413764499999999771e+02 1.584753634251321319e+00
5.454294999999999977e-02 5.285412400000000162e+02 1.258826066215519734e+00
5.928581000000000129e-02 3.883536700000000792e+02 1.025823403638628450e+00
6.402868000000000448e-02 3.070554300000000012e+02 8.696901295409820154e-01
6.877154000000000600e-02 2.500570600000000070e+02 7.538855267473703048e-01
7.351441000000000225e-02 2.083538199999999847e+02 6.631027799410886825e-01
7.825727999999999851e-02 1.766972399999999936e+02 5.878389250078119854e-01
8.300014000000000003e-02 1.545333899999999971e+02 5.321623796139671736e-01
8.774300999999999628e-02 1.382745600000000081e+02 4.884278115893073702e-01
9.248586999999999780e-02 1.255739299999999901e+02 4.523300990342782879e-01
9.722873999999999406e-02 1.147859799999999950e+02 4.199106713472521291e-01
1.019715999999999956e-01 1.050675100000000128e+02 3.915244727439652350e-01
1.067145000000000038e-01 9.945945700000000045e+01 3.718299957102438880e-01
1.114572999999999953e-01 9.373087699999999245e+01 3.527925354633229538e-01
1.162002000000000035e-01 8.917404100000001677e+01 3.365915550327577277e-01
1.209430999999999978e-01 8.547447900000000232e+01 3.226200455523028920e-01
1.256858999999999893e-01 8.293701400000000490e+01 3.114492348254776499e-01
1.304288000000000114e-01 8.080998800000000415e+01 3.015424773772807376e-01
1.351717000000000057e-01 7.814556200000001240e+01 2.909791587262321455e-01
1.399144999999999972e-01 7.605678799999999740e+01 2.818565959451834191e-01
1.446573999999999915e-01 7.396223299999999767e+01 2.731216535754937280e-01
1.494003000000000136e-01 7.265859299999999621e+01 2.661783392076523258e-01
1.541431000000000051e-01 7.160916900000000851e+01 2.603819374034400669e-01
1.588859999999999995e-01 7.007623499999999694e+01 2.535045598970734337e-01
1.636287999999999909e-01 6.908625600000000588e+01 2.478756825758726967e-01
1.683717000000000130e-01 6.772033799999999815e+01 2.417998537635885348e-01
1.731146000000000074e-01 6.687047599999999647e+01 2.368326806189053058e-01
1.778573999999999988e-01 6.633557800000001237e+01 2.325710014995508723e-01
1.826002999999999932e-01 6.555853600000000370e+01 2.280665276746483006e-01
1.873431999999999875e-01 6.491975300000000004e+01 2.239620871691268833e-01
1.920860000000000067e-01 6.424676200000001813e+01 2.199230502660010078e-01
1.968289000000000011e-01 6.346859900000000465e+01 2.158235787865751265e-01
2.015717999999999954e-01 6.311215300000001349e+01 2.125819369024276040e-01
2.063145999999999869e-01 6.291438200000000336e+01 2.097041769413167667e-01
2.110575000000000090e-01 6.220992099999999425e+01 2.058732345243443618e-01
2.158004000000000033e-01 6.175024299999999755e+01 2.027596215164239601e-01
2.205431999999999948e-01 6.148680000000000234e+01 2.000856560811821727e-01
2.252860999999999891e-01 6.080412300000000414e+01 1.968232299625405080e-01
2.300290000000000112e-01 6.068888400000000871e+01 1.945501123499374652e-01
2.347718000000000027e-01 6.041820699999999533e+01 1.920857893804997218e-01
2.395146999999999970e-01 5.985543199999999331e+01 1.892330273226967841e-01
2.442575999999999914e-01 5.949355099999998941e+01 1.867656561304403828e-01
2.490004000000000106e-01 5.957150900000000604e+01 1.850419548965790695e-01
2.537433000000000050e-01 5.881499299999999408e+01 1.820727745359198568e-01
2.584861999999999993e-01 5.838135999999999370e+01 1.796882829385449964e-01
2.632289999999999908e-01 5.836347099999998989e+01 1.780080928058578593e-01
2.679718999999999851e-01 5.823543700000000456e+01 1.762024490225601314e-01
2.727146999999999766e-01 5.800416900000000453e+01 1.742779075733946748e-01
2.774576000000000264e-01 5.772750399999999615e+01 1.723831851018018946e-01
2.822005000000000208e-01 5.734372199999999964e+01 1.704103156502085326e-01
2.869433000000000122e-01 5.688819900000000018e+01 1.682895060048988922e-01
2.916862000000000066e-01 5.703603399999999368e+01 1.670904143717457657e-01
2.964291000000000009e-01 5.674751499999999993e+01 1.652950316792973218e-01
3.011718999999999924e-01 5.651351400000000780e+01 1.636205154751029511e-01
3.059147999999999867e-01 5.633389600000000286e+01 1.620609564247018075e-01
3.106576999999999811e-01 5.598258899999999727e+01 1.602812638533655798e-01
3.154004999999999725e-01 5.583597600000000227e+01 1.588383540866383503e-01
3.201434000000000224e-01 5.601887899999999121e+01 1.578979232156471624e-01
3.248863000000000167e-01 5.510930700000000115e+01 1.554405053546288329e-01
3.296291000000000082e-01 5.513688600000000406e+01 1.543257984803305671e-01
3.343720000000000026e-01 5.517824199999999024e+01 1.532616342167295309e-01
3.391148999999999969e-01 5.520568500000000256e+01 1.538064394264651580e-01
3.438576999999999884e-01 5.497848499999999916e+01 1.554731321734568739e-01
3.486005999999999827e-01 5.469650700000001109e+01 1.590214985841232054e-01
3.533434999999999770e-01 5.455742899999999906e+01 1.617325071992924967e-01
3.580863000000000240e-01 5.427854700000000321e+01 1.633240019336227311e-01
3.628292000000000184e-01 5.421993799999999908e+01 1.648456991350893408e-01
3.675720000000000098e-01 5.397435299999999359e+01 1.658257052541143306e-01
3.723149000000000042e-01 5.376440800000000309e+01 1.667209696073052583e-01
3.770577999999999985e-01 5.339920299999999997e+01 1.672656610089189866e-01
3.818005999999999900e-01 5.343851700000000449e+01 1.682199464671463862e-01
3.865434999999999843e-01 5.314020500000000169e+01 1.685774209144596525e-01
3.912863999999999787e-01 5.291390699999999470e+01 1.688926449324200108e-01
3.960292000000000256e-01 5.249716700000000458e+01 1.689174652341347005e-01
4.007721000000000200e-01 5.257305800000000318e+01 1.697621096422523290e-01
4.055150000000000143e-01 5.243468900000000588e+01 1.753818499715101842e-01
4.102578000000000058e-01 5.211710399999999765e+01 1.794094532172524625e-01
4.150007000000000001e-01 5.208987799999999879e+01 1.832900731074429967e-01
4.197435999999999945e-01 5.185021299999999655e+01 1.856844395093651678e-01
4.244863999999999860e-01 5.191394500000001244e+01 1.888070128676215265e-01
4.292292999999999803e-01 5.151823000000000263e+01 1.909594328412828057e-01
4.339721999999999746e-01 5.122854900000000100e+01 1.933374330618571613e-01
4.387150000000000216e-01 5.119703700000000168e+01 1.960976528234596172e-01
4.434579000000000160e-01 5.098221399999999193e+01 1.985605849278607449e-01
4.482008000000000103e-01 5.055265100000000444e+01 2.010607490778913709e-01
4.529436000000000018e-01 5.083303799999999484e+01 2.049035885618407105e-01
4.576864999999999961e-01 5.067155899999998780e+01 2.067143066781169658e-01
4.624293999999999905e-01 5.040822200000000208e+01 2.078939388779581510e-01
4.671721999999999819e-01 5.040000099999999605e+01 2.068500425427239053e-01
4.719150999999999763e-01 5.054361600000000010e+01 1.989913792200830589e-01
4.766579000000000232e-01 5.025453399999999959e+01 1.946855848509272957e-01
4.814008000000000176e-01 4.997121600000000541e+01 1.916699202259642409e-01
4.861437000000000119e-01 4.978007499999999652e+01 1.894199401691410989e-01
4.908865000000000034e-01 4.928636500000000353e+01 1.869415680803833413e-01
4.956293999999999977e-01 4.942176099999999650e+01 1.858807230464638582e-01
5.003722999999999921e-01 4.911228300000000502e+01 1.841326356628235072e-01
5.051151000000000391e-01 4.882665799999999479e+01 1.825546201331891827e-01
5.098580000000000334e-01 4.855180400000000418e+01 1.810937288427109104e-01
5.146009000000000277e-01 4.861368199999999717e+01 1.803341304974213632e-01
5.193436999999999637e-01 4.833896999999999622e+01 1.790011913938829025e-01
5.240865999999999580e-01 4.791672100000000256e+01 1.774499931285960785e-01
5.288294999999999524e-01 4.818781600000000509e+01 1.772226472913188133e-01
5.335722999999999994e-01 4.787850999999999857e+01 1.756143760205051974e-01
5.383151999999999937e-01 4.778377899999999556e+01 1.741745683200328909e-01
5.430580999999999881e-01 4.737071300000000207e+01 1.722120411554151354e-01
5.478009000000000350e-01 4.717214200000000091e+01 1.706918060718706498e-01
5.525438000000000294e-01 4.718594800000000333e+01 1.695989879579939963e-01
5.572867000000000237e-01 4.715220499999999504e+01 1.684514316495306641e-01
5.620294999999999597e-01 4.685684400000000238e+01 1.668758669768460046e-01
5.667723999999999540e-01 4.689966499999999883e+01 1.659375378578695770e-01
5.715152000000000010e-01 4.635949100000000556e+01 1.639998524900144472e-01
5.762580999999999953e-01 4.606288899999999842e+01 1.625194722754688681e-01
5.810009999999999897e-01 4.614384099999999478e+01 1.617763074085880881e-01
5.857438000000000367e-01 4.579537299999999789e+01 1.606824412540156788e-01
5.904867000000000310e-01 4.570561200000000213e+01 1.601390098835936415e-01
5.952296000000000253e-01 4.562637700000000507e+01 1.596139733563781693e-01
5.999723999999999613e-01 4.541464100000000315e+01 1.590305918931637641e-01
6.047152999999999556e-01 4.505721499999999935e+01 1.580030529608557610e-01
6.094581999999999500e-01 4.509201299999999435e+01 1.575571600060381161e-01
6.142009999999999970e-01 4.478403399999999834e+01 1.567974076961086149e-01
6.189438999999999913e-01 4.458230300000000312e+01 1.559357680200803009e-01
6.236867999999999856e-01 4.438785099999999773e+01 1.552362971178248841e-01
6.284296000000000326e-01 4.428086700000000064e+01 1.546964084687394991e-01
6.331725000000000270e-01 4.426092200000000787e+01 1.543079205914693053e-01
6.379154000000000213e-01 4.377437799999999157e+01 1.531093042898876155e-01
6.426581999999999573e-01 4.388395199999999363e+01 1.529569205791735387e-01
6.474010999999999516e-01 4.365424199999999644e+01 1.522166227244491910e-01
6.521439999999999459e-01 4.345405399999999929e+01 1.515271097126434929e-01
6.568867999999999929e-01 4.351828899999999578e+01 1.513022977683191050e-01
6.616296999999999873e-01 4.312583400000001177e+01 1.502875450932764645e-01
6.663725999999999816e-01 4.313953799999999461e+01 1.499834297878628875e-01
6.711154000000000286e-01 4.299627600000000172e+01 1.494056458492754036e-01
6.758583000000000229e-01 4.272172900000000340e+01 1.486033072104032959e-01
6.806010999999999589e-01 4.263837100000000646e+01 1.481378022891952362e-01
6.853439999999999532e-01 4.246823200000000753e+01 1.475255816681866061e-01
6.900868999999999476e-01 4.214372400000000596e+01 1.466445604563425265e-01
6.948296999999999946e-01 4.221927000000000874e+01 1.464615720819399947e-01
6.995725999999999889e-01 4.234089999999999776e+01 1.463614140545031195e-01
7.043154999999999832e-01 4.200451800000000446e+01 1.454721625800245721e-01
7.090583000000000302e-01 4.192220399999999358e+01 1.450221621770731439e-01
7.138012000000000246e-01 4.170853400000000022e+01 1.443474694837398320e-01
7.185441000000000189e-01 4.134471799999999320e+01 1.434170545284025877e-01
7.232868999999999549e-01 4.146772800000000814e+01 1.433330807227319870e-01
7.280297999999999492e-01 4.101000500000000670e+01 1.422436270079088794e-01
7.327727000000000546e-01 4.092952199999999863e+01 1.418093939973442130e-01
7.375154999999999905e-01 4.062344699999999875e+01 1.409886295410909818e-01
7.422583999999999849e-01 4.083850099999999372e+01 1.410733713711609938e-01
7.470012999999999792e-01 4.083101599999999820e+01 1.407721549192737232e-01
7.517441000000000262e-01 4.046841899999999725e+01 1.398597523587765401e-01
7.564870000000000205e-01 4.013360899999999987e+01 1.389990028815958900e-01
7.612299000000000149e-01 4.022281199999999757e+01 1.388744126538175583e-01
7.659726999999999508e-01 4.000142300000000262e+01 1.382132510304920070e-01
7.707155999999999452e-01 4.001381899999999803e+01 1.379569606304389962e-01
7.754585000000000505e-01 3.993004700000000184e+01 1.375392696211049093e-01
7.802012999999999865e-01 3.992599199999999371e+01 1.373961705339923345e-01
7.849441999999999808e-01 3.970404399999999612e+01 1.366952354683421134e-01
7.896870000000000278e-01 3.921214400000000211e+01 1.354895334250317551e-01
7.944299000000000222e-01 3.929122299999999512e+01 1.353608235133448856e-01
7.991728000000000165e-01 3.913236799999999960e+01 1.348241285936022660e-01
8.039155999999999525e-01 3.888469800000000021e+01 1.341349954709418757e-01
8.086584999999999468e-01 3.897621999999999787e+01 1.340308918731547561e-01
8.134014000000000522e-01 3.881104400000000254e+01 1.334886159990772703e-01
8.181441999999999881e-01 3.873877000000000237e+01 1.332091736361963319e-01
8.228870999999999825e-01 3.844675400000000565e+01 1.323567844065392241e-01
8.276299999999999768e-01 3.834399899999999661e+01 1.319205883379452049e-01
8.323728000000000238e-01 3.827867899999999679e+01 1.315574457048558632e-01
8.371157000000000181e-01 3.830879200000000395e+01 1.313608415084194792e-01
8.418586000000000125e-01 3.820164700000000124e+01 1.309288703796244457e-01
8.466013999999999484e-01 3.781059700000000134e+01 1.300101105872754625e-01
8.513443000000000538e-01 3.776257600000000281e+01 1.296842118566338686e-01
8.560872000000000481e-01 3.777065500000000497e+01 1.294566149577212610e-01
8.608299999999999841e-01 3.764671100000000337e+01 1.290031831403004592e-01
8.655728999999999784e-01 3.739763599999999855e+01 1.283356745835081414e-01
8.703157999999999728e-01 3.729198599999999431e+01 1.279175332277960320e-01
8.750586000000000197e-01 3.735127299999999906e+01 1.277839527957841947e-01
8.798015000000000141e-01 3.698206499999999863e+01 1.269173965198782394e-01
8.845442999999999500e-01 3.702084799999999376e+01 1.267502788630325006e-01
8.892872000000000554e-01 3.688642599999999305e+01 1.262891048667592053e-01
8.940301000000000498e-01 3.655598700000000179e+01 1.254947004260235643e-01
8.987728999999999857e-01 3.653035400000000266e+01 1.252235084460378012e-01
9.035157999999999801e-01 3.666983400000000159e+01 1.252343361739858552e-01
9.082586999999999744e-01 3.653880999999999801e+01 1.247859233850437261e-01
9.130015000000000214e-01 3.630431700000000461e+01 1.241626283611912684e-01
9.177444000000000157e-01 3.623819199999999796e+01 1.238281711344244168e-01
9.224873000000000101e-01 3.588528600000000068e+01 1.230029925386228323e-01
9.272300999999999460e-01 3.588068799999999214e+01 1.227769508794598619e-01
9.319730000000000514e-01 3.593677199999999772e+01 1.226563546029788843e-01
9.367159000000000457e-01 3.577241199999999566e+01 1.221601909205421166e-01
9.414586999999999817e-01 3.561857500000000698e+01 1.216817349210878862e-01
9.462015999999999760e-01 3.558974500000000063e+01 1.214195393306653770e-01
9.509444999999999704e-01 3.537938700000000125e+01 1.208498563151317873e-01
9.556873000000000173e-01 3.526595000000000368e+01 1.204463304357384634e-01
9.604302000000000117e-01 3.529551500000000175e+01 1.202866890421541990e-01
9.651731000000000060e-01 3.522791700000000503e+01 1.199639382967010726e-01
9.699159000000000530e-01 3.506654500000000496e+01 1.194834906123063423e-01
9.746588000000000473e-01 3.494132000000000460e+01 1.190656174437016157e-01
9.794017000000000417e-01 3.485228399999999738e+01 1.187090889484394146e-01
9.841444999999999776e-01 3.486985900000000527e+01 1.185365940420290698e-01
9.888873999999999720e-01 3.453533599999999382e+01 1.177669920394050773e-01
9.936302000000000190e-01 3.458569900000000530e+01 1.176536096895411942e-01
9.983731000000000133e-01 3.450758599999999632e+01 1.173210055992071760e-01
1.003115999999999897e+00 3.450089300000000492e+01 1.171121745518585999e-01
1.007859000000000060e+00 3.408740600000000143e+01 1.162137258981640331e-01
1.012602000000000002e+00 3.424117199999999883e+01 1.162812392203359801e-01
1.017344999999999944e+00 3.417076200000000341e+01 1.159667179466272457e-01
1.022086999999999968e+00 3.423397999999999541e+01 1.158811337754614701e-01
1.026829999999999909e+00 3.405013599999999485e+01 1.153788743474553902e-01
1.031573000000000073e+00 3.401339700000000477e+01 1.151265645288314932e-01
1.036316000000000015e+00 3.387983699999999487e+01 1.147101169106622409e-01
1.041058999999999957e+00 3.375255900000000508e+01 1.143067133127324275e-01
1.045801999999999898e+00 3.363149899999999803e+01 1.139155016942365178e-01
1.050545000000000062e+00 3.350624700000000189e+01 1.135182820070533838e-01
1.055287000000000086e+00 3.342522499999999752e+01 1.131953256288796561e-01
1.060030000000000028e+00 3.353674400000000588e+01 1.132005185807454656e-01
1.064772999999999969e+00 3.332719700000000529e+01 1.126646036277681173e-01
1.069515999999999911e+00 3.309631700000000620e+01 1.120934254700542143e-01
1.074259000000000075e+00 3.309395499999999402e+01 1.119083617861440089e-01
1.079002000000000017e+00 3.321394999999999698e+01 1.119317101895731803e-01
1.083744999999999958e+00 3.323758899999999983e+01 1.118176139273272113e-01
1.088487999999999900e+00 3.301251099999999639e+01 1.112861910824896466e-01
1.093229999999999924e+00 3.298121300000000389e+01 1.110076020793197837e-01
1.097973000000000088e+00 3.275755000000000194e+01 1.104555916335117072e-01
1.102716000000000030e+00 3.260186099999999954e+01 1.100198352587314216e-01
1.107458999999999971e+00 3.249215199999999726e+01 1.096625259482326420e-01
1.112201999999999913e+00 3.257049400000000361e+01 1.096215655442673437e-01
1.116945000000000077e+00 3.233278299999999916e+01 1.090503688958813083e-01
1.121688000000000018e+00 3.234012799999999999e+01 1.088934203821465968e-01
1.126430000000000042e+00 3.244474899999999451e+01 1.089005869292498374e-01
1.131172999999999984e+00 3.225139500000000226e+01 1.084066407287358064e-01
1.135915999999999926e+00 3.217152099999999848e+01 1.081052740021040820e-01
1.140659000000000090e+00 3.221079899999999441e+01 1.080053821181773122e-01
1.145402000000000031e+00 3.234645399999999427e+01 1.080670184571421444e-01
1.150144999999999973e+00 3.194222000000000250e+01 1.072245168116550545e-01
1.154887999999999915e+00 3.196500599999999892e+01 1.070990567802644067e-01
1.159631000000000078e+00 3.187101499999999987e+01 1.067794642782927683e-01
1.164373000000000102e+00 3.168679700000000210e+01 1.063098550955738075e-01
1.169116000000000044e+00 3.172232900000000200e+01 1.062874028036121521e-01
1.173858999999999986e+00 3.166105900000000162e+01 1.059960131342750217e-01
1.178601999999999927e+00 3.159615700000000516e+01 1.056776256793551527e-01
1.183345000000000091e+00 3.162966000000000122e+01 1.055757520783266734e-01
1.188088000000000033e+00 3.142665600000000126e+01 1.050784239264588582e-01
1.192830999999999975e+00 3.138866299999999754e+01 1.048582682758479462e-01
1.197572999999999999e+00 3.134442700000000315e+01 1.046291644802886667e-01
1.202315999999999940e+00 3.129108400000000501e+01 1.043859181158924426e-01
1.207059000000000104e+00 3.142741199999999679e+01 1.047965311616147754e-01
1.211802000000000046e+00 3.130706799999999745e+01 1.080207067758862660e-01
1.216544999999999987e+00 3.106345200000000162e+01 1.098392082196521374e-01
1.221287999999999929e+00 3.130278299999999803e+01 1.119191206320367671e-01
1.226031000000000093e+00 3.111445399999999495e+01 1.129790407824920323e-01
1.230774000000000035e+00 3.116435599999999795e+01 1.143162084631116626e-01
1.235516000000000059e+00 3.107954799999999906e+01 1.153025841769294429e-01
1.240259000000000000e+00 3.102581699999999998e+01 1.162692224144055153e-01
1.245001999999999942e+00 3.094190199999999891e+01 1.171177550855202198e-01
1.249745000000000106e+00 3.100109599999999688e+01 1.181912681995264808e-01
1.254488000000000048e+00 3.088946100000000072e+01 1.189010096783446324e-01
1.259230999999999989e+00 3.058417200000000236e+01 1.189147264930723313e-01
1.263973999999999931e+00 3.052523099999999801e+01 1.191055033462324886e-01
1.268715999999999955e+00 3.017501000000000388e+01 1.187073921430388257e-01
1.273458999999999897e+00 3.054564699999999533e+01 1.174770597145306378e-01
1.278202000000000060e+00 3.075732199999999850e+01 1.135267180145933807e-01
1.282945000000000002e+00 3.061890000000000356e+01 1.111104999082944411e-01
1.287687999999999944e+00 3.065023599999999959e+01 1.096017553035233127e-01
1.292431000000000108e+00 3.052203200000000294e+01 1.081091091956168093e-01
1.297174000000000049e+00 3.042107399999999728e+01 1.068553183457819217e-01
1.301916000000000073e+00 3.024785600000000230e+01 1.056064100651442628e-01
1.306659000000000015e+00 3.027398499999999970e+01 1.048033320736864865e-01
1.311401999999999957e+00 3.023180200000000539e+01 1.039570622745030343e-01
1.316144999999999898e+00 3.007140499999999861e+01 1.029690554417898862e-01
1.320888000000000062e+00 3.014460599999999957e+01 1.025809923321114175e-01
1.325631000000000004e+00 3.007508500000000140e+01 1.021987510319319059e-01
1.330373999999999945e+00 3.005767000000000166e+01 1.019199557634170999e-01
1.335117000000000109e+00 2.991098500000000016e+01 1.014332828202745285e-01
1.339858999999999911e+00 2.995733500000000049e+01 1.012814995465672468e-01
1.344602000000000075e+00 2.987333000000000283e+01 1.009177096218190905e-01
1.349345000000000017e+00 2.985386199999999945e+01 1.006708583531798346e-01
1.354087999999999958e+00 2.974778599999999784e+01 1.002845645033476618e-01
1.358830999999999900e+00 2.969859699999999592e+01 9.999884272894563053e-02
1.363574000000000064e+00 2.976548200000000932e+01 9.991368833999372812e-02
1.368317000000000005e+00 2.980408499999999705e+01 9.978565712223326500e-02
1.373059000000000029e+00 2.986886599999999703e+01 9.970570199446970872e-02
1.377801999999999971e+00 2.958555100000000238e+01 9.904656952036147710e-02
1.382544999999999913e+00 2.959551700000000096e+01 9.888180469679090645e-02
1.387288000000000077e+00 2.943042200000000364e+01 9.842869927675718111e-02
1.392031000000000018e+00 2.946912700000000385e+01 9.831926384182806955e-02
1.396773999999999960e+00 2.931134500000000642e+01 9.788387732548144149e-02
1.401516999999999902e+00 2.946307900000000402e+01 9.796743226899437551e-02
1.406260000000000066e+00 2.940308200000000127e+01 9.770129940609952046e-02
1.411002000000000089e+00 2.938201500000000266e+01 9.750254439770789094e-02
1.415745000000000031e+00 2.928464999999999918e+01 9.717824271949611348e-02
1.420487999999999973e+00 2.936331000000000202e+01 9.714849241693769566e-02
1.425230999999999915e+00 2.915624299999999991e+01 9.664782371098377955e-02
1.429974000000000078e+00 2.912609300000000445e+01 9.644251983971229014e-02
1.434717000000000020e+00 2.909316499999999195e+01 9.623364408886218857e-02
1.439459999999999962e+00 2.913755499999999898e+01 9.615436483209537089e-02
1.444201999999999986e+00 2.902359700000000586e+01 9.581556917269604123e-02
1.448944999999999927e+00 2.892947500000000360e+01 9.551166673378440330e-02
1.453688000000000091e+00 2.897189700000000201e+01 9.543370291528827098e-02
1.458431000000000033e+00 2.904086099999999959e+01 9.540044275876972957e-02
1.463173999999999975e+00 2.887260900000000063e+01 9.500430327943729103e-02
1.467916999999999916e+00 2.882040699999999944e+01 9.477737917177495031e-02
1.472660000000000080e+00 2.893829699999999860e+01 9.480152932316281145e-02
1.477402000000000104e+00 2.883336200000000105e+01 9.448831014065020573e-02
1.482145000000000046e+00 2.870269199999999543e+01 9.413461783089470403e-02
1.486887999999999987e+00 2.863159900000000135e+01 9.388041395449053805e-02
1.491630999999999929e+00 2.871639599999999604e+01 9.388158660022634383e-02
1.496374000000000093e+00 2.880125700000000322e+01 9.388315990767140407e-02
1.501117000000000035e+00 2.885104800000000225e+01 9.387632195733171259e-02
1.505859999999999976e+00 2.899803400000000053e+01 9.579843159148535015e-02
1.510602999999999918e+00 2.865424199999999999e+01 9.790743125148060333e-02
1.515344999999999942e+00 2.865229299999999668e+01 9.952635236956591802e-02
1.520088000000000106e+00 2.858884100000000217e+01 1.007259367371512726e-01
1.524831000000000047e+00 2.848222499999999968e+01 1.016788048835508274e-01
1.529573999999999989e+00 2.848602900000000204e+01 1.024861122871343067e-01
1.534316999999999931e+00 2.858056500000000000e+01 9.980243544777051001e-02
1.539060000000000095e+00 2.850185600000000363e+01 9.811823383362645867e-02
1.543803000000000036e+00 2.848334799999999589e+01 9.705182367229531204e-02
1.548545000000000060e+00 2.843403500000000150e+01 9.595526098252717129e-02
1.553288000000000002e+00 2.844286899999999463e+01 9.511841538193537005e-02
1.558030999999999944e+00 2.842694200000000393e+01 9.429090002706730367e-02
1.562774000000000107e+00 2.833573499999999967e+01 9.319720663588527965e-02
1.567517000000000049e+00 2.830092400000000197e+01 9.228276657573178388e-02
1.572259999999999991e+00 2.817286499999999450e+01 9.153398188380149070e-02
1.577002999999999933e+00 2.820867499999999950e+01 9.123221277611323621e-02
1.581746000000000096e+00 2.812750699999999782e+01 9.092498588657466074e-02
1.586487999999999898e+00 2.808520099999999431e+01 9.088047091074132056e-02
1.591231000000000062e+00 2.796909699999999788e+01 9.080858352623666363e-02
1.595974000000000004e+00 2.799225599999999758e+01 9.095819893681930668e-02
1.600716999999999945e+00 2.804858099999999510e+01 9.112883129688868766e-02
1.605460000000000109e+00 2.790554999999999808e+01 9.077818702609288803e-02
1.610203000000000051e+00 2.794033699999999953e+01 9.068301420746500974e-02
1.614945999999999993e+00 2.796305700000000272e+01 9.057169894942017352e-02
1.619688000000000017e+00 2.793479199999999807e+01 9.038090965294164059e-02
1.624430999999999958e+00 2.779220700000000122e+01 9.000763159738123242e-02
1.629173999999999900e+00 2.786703699999999984e+01 8.998812197793051859e-02
1.633917000000000064e+00 2.780493099999999984e+01 8.975015353010991348e-02
1.638660000000000005e+00 2.780968600000000635e+01 8.962220570531947983e-02
1.643402999999999947e+00 2.763590800000000058e+01 8.920840017242827324e-02
1.648146000000000111e+00 2.771957299999999691e+01 8.921090572130797869e-02
1.652889000000000053e+00 2.772366299999999839e+01 8.908709013093311924e-02
1.657631000000000077e+00 2.769190700000000405e+01 8.890769749485025186e-02
1.662374000000000018e+00 2.762500199999999495e+01 8.867279319366792867e-02
1.667116999999999960e+00 2.772122399999999942e+01 8.870069678155352577e-02
1.671859999999999902e+00 2.767755599999999916e+01 8.850620596880537372e-02
1.676603000000000065e+00 2.770189900000000449e+01 8.842187536573117845e-02
1.681346000000000007e+00 2.767786199999999752e+01 8.826097623668230363e-02
1.686088999999999949e+00 2.770517500000000410e+01 8.818266216282823200e-02
1.690830999999999973e+00 2.755668500000000520e+01 8.782625242919625541e-02
1.695573999999999915e+00 2.765519899999999964e+01 8.786415977305819802e-02
1.700317000000000078e+00 2.755808499999999839e+01 8.759154697600504691e-02
1.705060000000000020e+00 2.750146799999999914e+01 8.738424194216999619e-02
1.709802999999999962e+00 2.761152700000000237e+01 8.744246278302722497e-02
1.714545999999999903e+00 2.751933500000000166e+01 8.718150230425145142e-02
1.719289000000000067e+00 2.738101400000000041e+01 8.684787226032253393e-02
1.724031000000000091e+00 2.742392399999999242e+01 8.680193852468215399e-02
1.728774000000000033e+00 2.736446000000000112e+01 8.659519137401394673e-02
1.733516999999999975e+00 2.736781300000000172e+01 8.648910344110927184e-02
1.738259999999999916e+00 2.733066699999999827e+01 8.631918395912985265e-02
1.743003000000000080e+00 2.724931899999999629e+01 8.607991907041387392e-02
1.747746000000000022e+00 2.726701200000000114e+01 8.599851546600149887e-02
1.752488999999999963e+00 2.723937600000000003e+01 8.584632012695302128e-02
1.757231999999999905e+00 2.722777699999999612e+01 8.571982006024861378e-02
1.761973999999999929e+00 2.718762399999999957e+01 8.554874647030721868e-02
1.766717000000000093e+00 2.715479199999999693e+01 8.539042511438796335e-02
1.771460000000000035e+00 2.710720999999999847e+01 8.520970241496914066e-02
1.776202999999999976e+00 2.730811699999999931e+01 8.545728103743706339e-02
1.780945999999999918e+00 2.717039199999999965e+01 8.513875851100484449e-02
1.785689000000000082e+00 2.708841899999999825e+01 8.486511605760814481e-02
1.790432000000000023e+00 2.711449200000000204e+01 8.480239040344499102e-02
1.795174000000000047e+00 2.706042899999999918e+01 8.461463254158999026e-02
1.799916999999999989e+00 2.702883499999999728e+01 8.446212548203248238e-02
1.804659999999999931e+00 2.686795500000000203e+01 8.410889267960611204e-02
1.809403000000000095e+00 2.711198699999999917e+01 8.438838996988329288e-02
1.814146000000000036e+00 2.701912500000000250e+01 8.414275466069018328e-02
1.818888999999999978e+00 2.687635399999999919e+01 8.381957274818990777e-02
1.823631999999999920e+00 2.686430599999999913e+01 8.370098611630989727e-02
1.828375000000000083e+00 2.704693100000000072e+01 8.388560776529309371e-02
1.833117000000000107e+00 2.687254300000000029e+01 8.351588546946982217e-02
1.837860000000000049e+00 2.694765400000000000e+01 8.353371034932184636e-02
1.842602999999999991e+00 2.691596100000000291e+01 8.338658496548410903e-02
1.847345999999999933e+00 2.686298599999999936e+01 8.320726128558134094e-02
1.852089000000000096e+00 2.680744800000000083e+01 8.309273676589008784e-02
1.856832000000000038e+00 2.683710800000000063e+01 8.297929354230970667e-02
1.861574999999999980e+00 2.694777700000000209e+01 8.304795839708764560e-02
1.866317000000000004e+00 2.692013000000000034e+01 8.290961772321593648e-02
1.871059999999999945e+00 2.680867999999999896e+01 8.264272974072432720e-02
1.875803000000000109e+00 2.676764400000000066e+01 8.248431224202333600e-02
1.880546000000000051e+00 2.683412500000000023e+01 8.249219587224235206e-02
1.885288999999999993e+00 2.661540299999999704e+01 8.206190413233474534e-02
1.890031999999999934e+00 2.668259500000000273e+01 8.207199398199668816e-02
1.894775000000000098e+00 2.669660000000000011e+01 8.200005119476633242e-02
1.899516999999999900e+00 2.669184599999999818e+01 8.190035733011241659e-02
1.904260000000000064e+00 2.675380999999999787e+01 8.190303246431659967e-02
1.909003000000000005e+00 2.669753300000000351e+01 8.172514477435936786e-02
1.913745999999999947e+00 2.681520099999999474e+01 8.181280808697131979e-02
1.918489000000000111e+00 2.658516700000000199e+01 8.137024010336395274e-02
1.923232000000000053e+00 2.664637900000000315e+01 8.137345265534086380e-02
1.927974999999999994e+00 2.656496899999999783e+01 8.115659315288992204e-02
1.932717999999999936e+00 2.661733900000000475e+01 8.108256866692124809e-02
1.937459999999999960e+00 2.655865499999999813e+01 8.080421403097057254e-02
1.942202999999999902e+00 2.656625699999999668e+01 8.059545641384072145e-02
1.946946000000000065e+00 2.652323799999999920e+01 8.033445326556346022e-02
1.951689000000000007e+00 2.645701499999999484e+01 8.007598126516277115e-02
1.956431999999999949e+00 2.639866800000000424e+01 7.990139283046697460e-02
1.961174999999999891e+00 2.633750699999999867e+01 7.972473528311399549e-02
1.965918000000000054e+00 2.641775599999999713e+01 7.976332886759615604e-02
1.970660000000000078e+00 2.636786700000000039e+01 7.965035677152865201e-02
1.975403000000000020e+00 2.649691399999999675e+01 7.982359304223970997e-02
1.980145999999999962e+00 2.652599000000000018e+01 7.988930561121995733e-02
1.984888999999999903e+00 2.648440299999999681e+01 7.984784835124927871e-02
1.989632000000000067e+00 2.635618299999999792e+01 7.967530507283859809e-02
1.994375000000000009e+00 2.642660099999999801e+01 7.975253314755401113e-02
1.999117999999999951e+00 2.640079300000000018e+01 7.959893135057215241e-02
2.003861000000000114e+00 2.633297799999999711e+01 7.941219094312283733e-02
2.008602999999999916e+00 2.644690499999999744e+01 7.949887373342279240e-02
2.013345999999999858e+00 2.633774500000000174e+01 7.995416783519918025e-02
2.018088999999999800e+00 2.637354599999999749e+01 8.234329573301035765e-02
2.022832000000000185e+00 2.634770700000000332e+01 8.366507782746154809e-02
2.027575000000000127e+00 2.621404899999999927e+01 8.450807608647827041e-02
2.032318000000000069e+00 2.628784800000000388e+01 8.553436411610773615e-02
2.037061000000000011e+00 2.622263900000000447e+01 8.624136275242176575e-02
2.041802999999999813e+00 2.610067599999999999e+01 8.676978141288878288e-02
2.046546000000000198e+00 2.618582699999999974e+01 8.730845519373310604e-02
2.051289000000000140e+00 2.614010000000000034e+01 8.750017967844123112e-02
2.056032000000000082e+00 2.606582500000000024e+01 8.762343467090924487e-02
2.060775000000000023e+00 2.611101899999999887e+01 8.793123431395695466e-02
2.065517999999999965e+00 2.621581400000000173e+01 8.832515643112329173e-02
2.070260999999999907e+00 2.616537100000000038e+01 8.844604434121573766e-02
2.075003000000000153e+00 2.596819599999999895e+01 8.830677182443257001e-02
2.079746000000000095e+00 2.612780700000000067e+01 8.644912151301366310e-02
2.084489000000000036e+00 2.612455500000000441e+01 8.424767981278653839e-02
2.089231999999999978e+00 2.619739200000000068e+01 8.315851609476085371e-02
2.093974999999999920e+00 2.609646700000000052e+01 8.208837628591822422e-02
2.098717999999999861e+00 2.604185700000000026e+01 8.125351778509715128e-02
2.103460999999999803e+00 2.609626300000000043e+01 8.069237793970629458e-02
2.108204000000000189e+00 2.609047199999999833e+01 8.023508178367863564e-02
2.112945999999999991e+00 2.609724899999999792e+01 8.003199261471252712e-02
2.117688999999999933e+00 2.610265299999999655e+01 7.984670861622475413e-02
2.122431999999999874e+00 2.604477999999999582e+01 7.957750589198872571e-02
2.127174999999999816e+00 2.619115100000000140e+01 7.963173272208259879e-02
2.131918000000000202e+00 2.614478500000000238e+01 7.940138897817215768e-02
2.136661000000000143e+00 2.602350999999999814e+01 7.906520579810438765e-02
2.141404000000000085e+00 2.599109999999999943e+01 7.887045848222387634e-02
2.146145999999999887e+00 2.606590899999999777e+01 7.884435033475638288e-02
2.150888999999999829e+00 2.596116699999999966e+01 7.855147478474290568e-02
2.155632000000000215e+00 2.583898199999999790e+01 7.823736318241494847e-02
2.160375000000000156e+00 2.585416000000000025e+01 7.813441865927781005e-02
2.165118000000000098e+00 2.589794099999999588e+01 7.807838342775227924e-02
2.169861000000000040e+00 2.589330400000000054e+01 7.795254760501352242e-02
2.174603999999999981e+00 2.586688899999999691e+01 7.779678495898530166e-02
2.179346999999999923e+00 2.600968000000000302e+01 7.789704613054079796e-02
2.184089000000000169e+00 2.603847200000000228e+01 7.782884990864954999e-02
2.188832000000000111e+00 2.603353800000000007e+01 7.771225643742304956e-02
2.193575000000000053e+00 2.589510299999999887e+01 7.739861314840790207e-02
2.198317999999999994e+00 2.573027599999999637e+01 7.704681175763861134e-02
2.203060999999999936e+00 2.601301600000000391e+01 7.736521859083642094e-02
2.207803999999999878e+00 2.581532100000000085e+01 7.696948325445870931e-02
2.212546999999999819e+00 2.580586599999999819e+01 7.685554873061149761e-02
2.217289000000000065e+00 2.586729699999999710e+01 7.684792039783444606e-02
2.222032000000000007e+00 2.598603800000000064e+01 7.692640469593063635e-02
2.226774999999999949e+00 2.588359100000000268e+01 7.667860715526267357e-02
2.231517999999999891e+00 2.590631699999999427e+01 7.661734739947931305e-02
2.236260999999999832e+00 2.591394500000000178e+01 7.653432465147060049e-02
2.241004000000000218e+00 2.580329499999999854e+01 7.627795084758176580e-02
2.245747000000000160e+00 2.580859499999999684e+01 7.619417534371705769e-02
2.250490000000000101e+00 2.569642999999999944e+01 7.593797872901478230e-02
2.255231999999999903e+00 2.581313300000000055e+01 7.602002405574928567e-02
2.259974999999999845e+00 2.576174900000000179e+01 7.585534680220043513e-02
2.264717999999999787e+00 2.580510199999999799e+01 7.583119937618157391e-02
2.269461000000000173e+00 2.573499800000000093e+01 7.564075166211861601e-02
2.274204000000000114e+00 2.571195900000000023e+01 7.552026270863335111e-02
2.278947000000000056e+00 2.562581400000000187e+01 7.530797056731577954e-02
2.283689999999999998e+00 2.567469299999999777e+01 7.529481439098777151e-02
2.288431999999999800e+00 2.563255399999999895e+01 7.514899180965037284e-02
2.293175000000000185e+00 2.560895699999999664e+01 7.503046166033298936e-02
2.297918000000000127e+00 2.570808999999999855e+01 7.509255842038410622e-02
2.302661000000000069e+00 2.569613000000000014e+01 7.499263042102870258e-02
2.307404000000000011e+00 2.561268999999999707e+01 7.478923919761451544e-02
2.312146999999999952e+00 2.573479500000000186e+01 7.488552094471266629e-02
2.316889999999999894e+00 2.565503400000000056e+01 7.468847583672263979e-02
2.321632000000000140e+00 2.560526799999999525e+01 7.453620396978169471e-02
2.326375000000000082e+00 2.563362199999999547e+01 7.449798589971745599e-02
2.331118000000000023e+00 2.558259100000000075e+01 7.434434019720599640e-02
2.335860999999999965e+00 2.551765500000000131e+01 7.417150247873505187e-02
2.340603999999999907e+00 2.557335100000000239e+01 7.417413495840312343e-02
2.345346999999999849e+00 2.549809400000000181e+01 7.398771445772940603e-02
2.350089999999999790e+00 2.570259399999999772e+01 7.420625514465946371e-02
2.354833000000000176e+00 2.544568699999999950e+01 7.375765079041021743e-02
2.359574999999999978e+00 2.558553900000000425e+01 7.388392504347748857e-02
2.364317999999999920e+00 2.564140500000000245e+01 7.388851173287359908e-02
2.369060999999999861e+00 2.556996600000000086e+01 7.370994353985152459e-02
2.373803999999999803e+00 2.551344699999999577e+01 7.355345039297545018e-02
2.378547000000000189e+00 2.548058199999999829e+01 7.343128927891093283e-02
2.383290000000000131e+00 2.540180000000000149e+01 7.324383438024253956e-02
2.388033000000000072e+00 2.568113900000000172e+01 7.357113353286329205e-02
2.392774999999999874e+00 2.552660300000000149e+01 7.327579987801702277e-02
2.397517999999999816e+00 2.546584199999999854e+01 7.311545368304842030e-02
2.402261000000000202e+00 2.552464499999999958e+01 7.312745773279487327e-02
2.407004000000000143e+00 2.545681900000000297e+01 7.295737472506463872e-02
2.411747000000000085e+00 2.545368200000000058e+01 7.288086250891931406e-02
2.416490000000000027e+00 2.551762199999999936e+01 7.290063555839618181e-02
2.421232999999999969e+00 2.547308200000000156e+01 7.276558554570766724e-02
2.425975999999999910e+00 2.548241200000000362e+01 7.270744761756872676e-02
2.430718000000000156e+00 2.547558499999999881e+01 7.262683711598970360e-02
2.435461000000000098e+00 2.544289699999999854e+01 7.251021052484608875e-02
2.440204000000000040e+00 2.544610000000000127e+01 7.247025596485498489e-02
2.444946999999999981e+00 2.537648100000000539e+01 7.227558776334924717e-02
2.449689999999999923e+00 2.545319599999999838e+01 7.231492465715635976e-02
2.454432999999999865e+00 2.540114899999999665e+01 7.217185895532690632e-02
2.459175999999999807e+00 2.549843899999999763e+01 7.224121918175938073e-02
2.463918000000000053e+00 2.545588100000000153e+01 7.211170062813662684e-02
2.468660999999999994e+00 2.543400399999999806e+01 7.201236545589653759e-02
2.473403999999999936e+00 2.545211699999999411e+01 7.196973075100532302e-02
2.478146999999999878e+00 2.539753900000000186e+01 7.182485980953809412e-02
2.482889999999999819e+00 2.536500099999999946e+01 7.171123442073354393e-02
2.487633000000000205e+00 2.543885800000000330e+01 7.174819455227776643e-02
2.492376000000000147e+00 2.535367499999999907e+01 7.156092297762305099e-02
2.497117999999999949e+00 2.539113800000000154e+01 7.154691560836987096e-02
2.501860999999999891e+00 2.542520600000000286e+01 7.152834859749244989e-02
2.506603999999999832e+00 2.534988899999999745e+01 7.135605615199736018e-02
2.511347000000000218e+00 2.527434400000000636e+01 7.118221550270194264e-02
2.516090000000000160e+00 2.528180499999999853e+01 7.107239655466529582e-02
2.520833000000000101e+00 2.541226599999999536e+01 7.110951019733437184e-02
2.525576000000000043e+00 2.536500600000000105e+01 7.089897807028251731e-02
2.530318999999999985e+00 2.533427099999999754e+01 7.074001878850824654e-02
2.535060999999999787e+00 2.540452599999999705e+01 7.077322851522813152e-02
2.539804000000000173e+00 2.535515899999999689e+01 7.064031904170450793e-02
2.544547000000000114e+00 2.532896199999999709e+01 7.054076962770394754e-02
2.549290000000000056e+00 2.528864100000000192e+01 7.042132040781258484e-02
2.554032999999999998e+00 2.540195300000000245e+01 7.051613130967480936e-02
2.558775999999999939e+00 2.539251800000000259e+01 7.044007286189658823e-02
2.563518999999999881e+00 2.532002600000000214e+01 7.027936905024474712e-02
2.568261000000000127e+00 2.528155199999999780e+01 7.022007172715860612e-02
2.573004000000000069e+00 2.529268799999999473e+01 7.025177683924799243e-02
2.577747000000000011e+00 2.535346599999999739e+01 7.035166517342712755e-02
2.582489999999999952e+00 2.531867400000000146e+01 7.028407953773171957e-02
2.587232999999999894e+00 2.535936900000000094e+01 7.027843756735133174e-02
2.591975999999999836e+00 2.532485500000000300e+01 7.016840051450154436e-02
2.596719000000000221e+00 2.521673399999999887e+01 6.995642676312449626e-02
2.601462000000000163e+00 2.527030099999999990e+01 6.996897978655827743e-02
2.606203999999999965e+00 2.535787100000000294e+01 7.002869852837835529e-02
2.610946999999999907e+00 2.525814799999999849e+01 6.982944429021685495e-02
2.615689999999999849e+00 2.532050899999999771e+01 6.985444591692070715e-02
2.620432999999999790e+00 2.534173499999999990e+01 6.982253693650282422e-02
2.625176000000000176e+00 2.534095200000000148e+01 6.976063957835679230e-02
2.629919000000000118e+00 2.526267899999999855e+01 6.959235114575881842e-02
2.634662000000000059e+00 2.529630399999999923e+01 6.959297217357367227e-02
2.639403999999999861e+00 2.534281600000000623e+01 6.960883568845409319e-02
2.644146999999999803e+00 2.540270199999999789e+01 6.960782083095908013e-02
2.648890000000000189e+00 2.523896900000000088e+01 6.931930669667217548e-02
2.653633000000000131e+00 2.514867399999999975e+01 6.914616129794046162e-02
2.658376000000000072e+00 2.518437799999999882e+01 6.913741790130147058e-02
2.663119000000000014e+00 2.519195200000000057e+01 6.907668054881400954e-02
2.667861999999999956e+00 2.529043300000000016e+01 6.915214745368866711e-02
2.672604999999999897e+00 2.521264900000000253e+01 6.898680191130765471e-02
2.677347000000000143e+00 2.520277499999999549e+01 6.891473722216315267e-02
2.682090000000000085e+00 2.521451899999999569e+01 6.887211412430868651e-02
2.686833000000000027e+00 2.524431900000000084e+01 6.885465948066696318e-02
2.691575999999999969e+00 2.525866500000000059e+01 6.881573712407068610e-02
2.696318999999999910e+00 2.521399999999999864e+01 6.869686573281418018e-02
2.701061999999999852e+00 2.526546299999999690e+01 6.870912557566863366e-02
2.705804999999999794e+00 2.538161699999999854e+01 6.880886798432307716e-02
2.710547000000000040e+00 2.529440899999999814e+01 6.863282749959308260e-02
2.715289999999999981e+00 2.524771000000000143e+01 6.851217430867961866e-02
2.720032999999999923e+00 2.525909300000000002e+01 6.847046678015200616e-02
2.724775999999999865e+00 2.528910199999999975e+01 6.845386497507646717e-02
2.729518999999999807e+00 2.525188999999999595e+01 6.834659494541625580e-02
2.734262000000000192e+00 2.523753999999999920e+01 6.827036475985534536e-02
2.739005000000000134e+00 2.527790399999999948e+01 6.826848317181435921e-02
2.743746999999999936e+00 2.527956599999999909e+01 6.821414725412830449e-02
2.748489999999999878e+00 2.525256400000000312e+01 6.812137273456840558e-02
2.753232999999999819e+00 2.527174699999999774e+01 6.809112035914446914e-02
2.757976000000000205e+00 2.517280500000000032e+01 6.790179470834625808e-02
2.762719000000000147e+00 2.521022699999999972e+01 6.789654110996819203e-02
2.767462000000000089e+00 2.526089800000000096e+01 6.790908360202189964e-02
2.772205000000000030e+00 2.522069399999999817e+01 6.779960513769604791e-02
2.776947999999999972e+00 2.519584800000000158e+01 6.771087134991765621e-02
2.781690000000000218e+00 2.518583899999999787e+01 6.764223537510125062e-02
2.786433000000000160e+00 2.513674299999999917e+01 6.752115751051147863e-02
2.791176000000000101e+00 2.524004700000000057e+01 6.760481856294564551e-02
2.795919000000000043e+00 2.513339200000000062e+01 6.740745943195085299e-02
2.800661999999999985e+00 2.515157300000000262e+01 6.739268283231274193e-02
2.805404999999999927e+00 2.518686200000000142e+01 6.737571472976149056e-02
2.810147999999999868e+00 2.524319100000000304e+01 6.742866870400379686e-02
2.814890000000000114e+00 2.528127899999999784e+01 6.743417142401246511e-02
2.819633000000000056e+00 2.538691599999999937e+01 6.882713814400245878e-02
2.824375999999999998e+00 2.524934299999999965e+01 7.008108909957450061e-02
2.829118999999999939e+00 2.519825099999999907e+01 7.091498914474428372e-02
2.833861999999999881e+00 2.521323299999999890e+01 7.167668876279162382e-02
2.838604999999999823e+00 2.517024900000000542e+01 7.224217124475704188e-02
2.843348000000000209e+00 2.515711299999999895e+01 7.252793577414498594e-02
2.848091000000000150e+00 2.512838499999999797e+01 7.270649837881686117e-02
2.852832999999999952e+00 2.517683999999999855e+01 7.298887918559648913e-02
2.857575999999999894e+00 2.507585500000000067e+01 7.303807722856688056e-02
2.862318999999999836e+00 2.503522000000000247e+01 7.316098469241717750e-02
2.867062000000000221e+00 2.511462700000000225e+01 7.344854028224523379e-02
2.871805000000000163e+00 2.511777099999999763e+01 7.361515153524986199e-02
2.876548000000000105e+00 2.514099900000000076e+01 7.380298853625305577e-02
2.881291000000000047e+00 2.511981699999999407e+01 7.357245482046932683e-02
2.886032999999999848e+00 2.546724999999999994e+01 7.196744166797719444e-02
2.890775999999999790e+00 2.529562900000000170e+01 7.059713785739263336e-02
2.895519000000000176e+00 2.511708500000000299e+01 6.958769529825872824e-02
2.900262000000000118e+00 2.517422000000000182e+01 6.906423666940002259e-02
2.905005000000000059e+00 2.517869599999999863e+01 6.869823880838139829e-02
2.909748000000000001e+00 2.509882999999999953e+01 6.840949687690590919e-02
2.914490999999999943e+00 2.514347599999999971e+01 6.831000858064138759e-02
2.919233000000000189e+00 2.515747199999999850e+01 6.818346639888808736e-02
2.923976000000000131e+00 2.518471000000000259e+01 6.808643684685813935e-02
2.928719000000000072e+00 2.513371500000000225e+01 6.789317391080343378e-02
2.933462000000000014e+00 2.522636000000000323e+01 6.790093694306360839e-02
2.938204999999999956e+00 2.514785499999999985e+01 6.768433668208398424e-02
2.942947999999999897e+00 2.518120000000000047e+01 6.762408711004089246e-02
2.947690999999999839e+00 2.521726200000000162e+01 6.757176165860484529e-02
2.952433999999999781e+00 2.513578400000000101e+01 6.737373082515248079e-02
2.957176000000000027e+00 2.508362600000000242e+01 6.721709110652514252e-02
2.961918999999999969e+00 2.506391299999999589e+01 6.708714334244975097e-02
2.966661999999999910e+00 2.514969099999999713e+01 6.711505000775161434e-02
2.971404999999999852e+00 2.511492500000000305e+01 6.698408642019162973e-02
2.976147999999999794e+00 2.507250099999999904e+01 6.684520807708657641e-02
2.980891000000000179e+00 2.516638400000000075e+01 6.688989516672080859e-02
2.985634000000000121e+00 2.512564700000000073e+01 6.675728585618126432e-02
2.990375999999999923e+00 2.513900799999999691e+01 6.671556317786428436e-02
2.995118999999999865e+00 2.508149600000000135e+01 6.654971109211292590e-02
2.999861999999999806e+00 2.506451100000000309e+01 6.645043944621961685e-02
3.004605000000000192e+00 2.498028600000000310e+01 6.626639370229378545e-02
3.009348000000000134e+00 2.510403000000000162e+01 6.635925871813594390e-02
3.014091000000000076e+00 2.502228600000000114e+01 6.620118500881989887e-02
3.018834000000000017e+00 2.508752600000000399e+01 6.619811305866958595e-02
3.023576999999999959e+00 2.518368399999999951e+01 6.625678132698720191e-02
3.028319000000000205e+00 2.519432100000000219e+01 6.620337339693348200e-02
3.033062000000000147e+00 2.509674999999999656e+01 6.600867882611875792e-02
3.037805000000000089e+00 2.519416299999999609e+01 6.607110804598709253e-02
3.042548000000000030e+00 2.506234199999999390e+01 6.583354434406596400e-02
3.047290999999999972e+00 2.516930500000000137e+01 6.590970873416829301e-02
3.052033999999999914e+00 2.518454600000000454e+01 6.586609396591390497e-02
3.056776999999999855e+00 2.509085699999999974e+01 6.568098205929247257e-02
3.061519000000000101e+00 2.502821499999999943e+01 6.553707340388262303e-02
3.066262000000000043e+00 2.508652500000000174e+01 6.555203232213933917e-02
3.071004999999999985e+00 2.512571799999999911e+01 6.555563029664729369e-02
3.075747999999999927e+00 2.508237100000000197e+01 6.544166087915632979e-02
3.080490999999999868e+00 2.510579400000000305e+01 6.540564655587467746e-02
3.085233999999999810e+00 2.508139599999999803e+01 6.530516312886140706e-02
3.089977000000000196e+00 2.514489699999999672e+01 6.534740080986695121e-02
3.094720000000000137e+00 2.508373900000000134e+01 6.519194295893090962e-02
3.099461999999999939e+00 2.509229799999999955e+01 6.514435812538413306e-02
3.104204999999999881e+00 2.497858799999999846e+01 6.493903742611373264e-02
3.108947999999999823e+00 2.510340799999999817e+01 6.504372672068614580e-02
3.113691000000000209e+00 2.507388700000000270e+01 6.494911522798828274e-02
3.118434000000000150e+00 2.509562199999999876e+01 6.492102314041268973e-02
3.123177000000000092e+00 2.501241000000000270e+01 6.475716262276243196e-02
3.127920000000000034e+00 2.510513899999999765e+01 6.482136094236914947e-02
3.132661999999999836e+00 2.519169199999999975e+01 6.487777219847641608e-02
3.137405000000000221e+00 2.520267399999999824e+01 6.483715510745209631e-02
3.142148000000000163e+00 2.498098699999999894e+01 6.449648992668051417e-02
3.146891000000000105e+00 2.507843899999999593e+01 6.457610041272546231e-02
3.151634000000000047e+00 2.499935599999999880e+01 6.442256779142306600e-02
3.156376999999999988e+00 2.507920500000000175e+01 6.446135810150682710e-02
3.161119999999999930e+00 2.505377000000000010e+01 6.437573887312128540e-02
3.165862000000000176e+00 2.509896499999999975e+01 6.442528419665916051e-02
3.170605000000000118e+00 2.508556799999999853e+01 6.433843731952074152e-02
3.175348000000000059e+00 2.512735500000000144e+01 6.431103452225753192e-02
3.180091000000000001e+00 2.512023399999999995e+01 6.424933707399010929e-02
3.184833999999999943e+00 2.495326999999999984e+01 6.398338872670468469e-02
3.189576999999999884e+00 2.515751799999999960e+01 6.419286295709905610e-02
3.194319999999999826e+00 2.511528299999999803e+01 6.406889097620467599e-02
3.199063000000000212e+00 2.504870599999999925e+01 6.386637514188432674e-02
3.203805000000000014e+00 2.504328299999999885e+01 6.374127550996606939e-02
3.208547999999999956e+00 2.508235399999999871e+01 6.371243287163032287e-02
3.213290999999999897e+00 2.497763099999999881e+01 6.352913109138515202e-02
3.218033999999999839e+00 2.501302799999999849e+01 6.352426456101872843e-02
3.222776999999999781e+00 2.504744799999999927e+01 6.351807830569655700e-02
3.227520000000000167e+00 2.505961000000000283e+01 6.348386425126072152e-02
3.232263000000000108e+00 2.504701399999999722e+01 6.341854599181931396e-02
3.237004999999999910e+00 2.503058599999999956e+01 6.334872180798441221e-02
3.241747999999999852e+00 2.496552100000000252e+01 6.321734404105648630e-02
3.246490999999999794e+00 2.488869700000000051e+01 6.307142876089141814e-02
3.251234000000000179e+00 2.499043599999999898e+01 6.316956168668894089e-02
3.255977000000000121e+00 2.505431000000000097e+01 6.326640898248848954e-02
3.260720000000000063e+00 2.512163800000000080e+01 6.336943415041514094e-02
3.265463000000000005e+00 2.498625700000000194e+01 6.317576539416122627e-02
3.270205999999999946e+00 2.498753099999999705e+01 6.312933699435310797e-02
3.274948000000000192e+00 2.510137100000000387e+01 6.322464198733354634e-02
3.279691000000000134e+00 2.506738199999999850e+01 6.313369686176076301e-02
3.284434000000000076e+00 2.496968999999999994e+01 6.296299484924855472e-02
3.289177000000000017e+00 2.497767800000000094e+01 6.292542812333898339e-02
3.293919999999999959e+00 2.501476200000000105e+01 6.292448622941947123e-02
3.298662999999999901e+00 2.501986199999999982e+01 6.288381409660120935e-02
3.303405999999999842e+00 2.502946499999999830e+01 6.284885725755162689e-02
3.308148000000000089e+00 2.512359200000000214e+01 6.291988996998962302e-02
3.312891000000000030e+00 2.503637599999999708e+01 6.276368739316627587e-02
3.317633999999999972e+00 2.499726199999999920e+01 6.266800541213754516e-02
3.322376999999999914e+00 2.498178300000000007e+01 6.260302495938914469e-02
3.327119999999999855e+00 2.508803699999999637e+01 6.270518394319882227e-02
3.331862999999999797e+00 2.502321399999999940e+01 6.256139737009716595e-02
3.336606000000000183e+00 2.506976900000000086e+01 6.257360474233045200e-02
3.341347999999999985e+00 2.511122899999999802e+01 6.257939535489617788e-02
3.346090999999999926e+00 2.502002499999999685e+01 6.241992529577393423e-02
3.350833999999999868e+00 2.506204399999999666e+01 6.242626900589446498e-02
3.355576999999999810e+00 2.506432099999999963e+01 6.238365442168244263e-02
3.360320000000000196e+00 2.487695500000000237e+01 6.210491668585828989e-02
3.365063000000000137e+00 2.500394200000000211e+01 6.221799378585345097e-02
3.369806000000000079e+00 2.493366200000000532e+01 6.208541017641182325e-02
3.374549000000000021e+00 2.514363300000000123e+01 6.230095590435350689e-02
3.379290999999999823e+00 2.513795400000000058e+01 6.294198761177549617e-02
3.384034000000000209e+00 2.506445100000000181e+01 6.432456695450425310e-02
3.388777000000000150e+00 2.501397800000000160e+01 6.510926576435492608e-02
3.393520000000000092e+00 2.499444400000000144e+01 6.575456131947196581e-02
3.398263000000000034e+00 2.503129299999999802e+01 6.620101967002925414e-02
3.403005999999999975e+00 2.502072700000000083e+01 6.636540263764395542e-02
3.407748999999999917e+00 2.498249700000000217e+01 6.628036354241503836e-02
3.412491000000000163e+00 2.493094400000000377e+01 6.624851167746109715e-02
3.417234000000000105e+00 2.494434000000000040e+01 6.644275918793936253e-02
3.421977000000000046e+00 2.501334499999999750e+01 6.669572137917169352e-02
3.426719999999999988e+00 2.494641199999999870e+01 6.674206726795403610e-02
3.431462999999999930e+00 2.499955699999999936e+01 6.695220045896325967e-02
3.436205999999999872e+00 2.492496099999999970e+01 6.699696154896281342e-02
3.440948999999999813e+00 2.492697899999999933e+01 6.712128799042446636e-02
3.445692000000000199e+00 2.502999700000000161e+01 6.739262770715725992e-02
3.450434000000000001e+00 2.495761099999999999e+01 6.738891314775079244e-02
3.455176999999999943e+00 2.497395100000000312e+01 6.752138498445436898e-02
3.459919999999999884e+00 2.502204499999999854e+01 6.769245305342611041e-02
3.464662999999999826e+00 2.492937399999999926e+01 6.766911899517312479e-02
3.469406000000000212e+00 2.501199799999999840e+01 6.788027419730122136e-02
3.474149000000000154e+00 2.506254500000000363e+01 6.804454404319350280e-02
3.478892000000000095e+00 2.495264600000000144e+01 6.798789371625289790e-02
3.483633999999999897e+00 2.497283799999999587e+01 6.810493643233653249e-02
3.488376999999999839e+00 2.498073099999999869e+01 6.820290310478506479e-02
3.493119999999999781e+00 2.494008299999999778e+01 6.823199651084012329e-02
3.497863000000000167e+00 2.505636499999999955e+01 6.847377811228469446e-02
3.502606000000000108e+00 2.497625100000000131e+01 6.844476273160934876e-02
3.507349000000000050e+00 2.493355100000000135e+01 6.846420817710227591e-02
3.512091999999999992e+00 2.488432099999999636e+01 6.847307798310295346e-02
3.516833999999999794e+00 2.493821399999999855e+01 6.862168715624310245e-02
3.521577000000000179e+00 2.490030399999999844e+01 6.864195603855197114e-02
3.526320000000000121e+00 2.497201600000000354e+01 6.881203948761001332e-02
3.531063000000000063e+00 2.505277900000000102e+01 6.899319175495868817e-02
3.535806000000000004e+00 2.513877400000000151e+01 6.918008787115335900e-02
3.540548999999999946e+00 2.501535600000000059e+01 6.907646397440593555e-02
3.545291999999999888e+00 2.503447399999999590e+01 6.916845902727340734e-02
3.550034999999999830e+00 2.495043400000000133e+01 6.911660649792059075e-02
3.554777000000000076e+00 2.494089300000000264e+01 6.916597596079593346e-02
3.559520000000000017e+00 2.492102799999999974e+01 6.919999495674909740e-02
3.564262999999999959e+00 2.497801700000000125e+01 6.933970050987961486e-02
3.569005999999999901e+00 2.496441200000000293e+01 6.939375484380781722e-02
3.573748999999999842e+00 2.497341800000000234e+01 6.948469564268811016e-02
3.578491999999999784e+00 2.497685099999999991e+01 6.951317927916834949e-02
3.583235000000000170e+00 2.510880600000000129e+01 6.975338247528503621e-02
3.587976999999999972e+00 2.505097599999999858e+01 6.970464447789329054e-02
3.592719999999999914e+00 2.493111100000000491e+01 6.948349598463075816e-02
3.597462999999999855e+00 2.500381300000000095e+01 6.952280040137623351e-02
3.602205999999999797e+00 2.485852500000000020e+01 6.925912383404730921e-02
3.606949000000000183e+00 2.491686599999999885e+01 6.927924751540608106e-02
3.611692000000000125e+00 2.499708899999999900e+01 6.938128067763019158e-02
3.616435000000000066e+00 2.503676899999999961e+01 6.950565693119876987e-02
3.621178000000000008e+00 2.516590800000000172e+01 7.052702276462617659e-02
3.625919999999999810e+00 2.505958200000000247e+01 7.289425911217152498e-02
3.630663000000000196e+00 2.498610000000000042e+01 7.420461005629501450e-02
3.635406000000000137e+00 2.493101200000000262e+01 7.518070869091418584e-02
3.640149000000000079e+00 2.505541699999999850e+01 7.614931446922092173e-02
3.644892000000000021e+00 2.504540899999999937e+01 7.665484004525544015e-02
3.649634999999999962e+00 2.499977000000000160e+01 7.707879750426312182e-02
3.654377999999999904e+00 2.494181400000000082e+01 7.741715039847565927e-02
3.659120000000000150e+00 2.502130599999999916e+01 7.797331395148791866e-02
3.663863000000000092e+00 2.491315499999999616e+01 7.822056938964457029e-02
3.668606000000000034e+00 2.481232800000000083e+01 7.846408107365623885e-02
3.673348999999999975e+00 2.490328200000000081e+01 7.899962018696798927e-02
3.678091999999999917e+00 2.493688700000000580e+01 7.943556709749102773e-02
3.682834999999999859e+00 2.486344700000000074e+01 7.969287487608224529e-02
3.687577999999999800e+00 2.490115700000000132e+01 8.012096136195633045e-02
3.692321000000000186e+00 2.477736800000000272e+01 8.028250915797163767e-02
3.697062999999999988e+00 2.498170300000000310e+01 8.096943339626257174e-02
3.701805999999999930e+00 2.481437100000000129e+01 8.104868973516166086e-02
3.706548999999999872e+00 2.489762099999999734e+01 8.153219407354066195e-02
3.711291999999999813e+00 2.495802199999999615e+01 8.197500109023236892e-02
3.716035000000000199e+00 2.495011200000000073e+01 8.230270653912238887e-02
3.720778000000000141e+00 2.491694299999999984e+01 8.258566308313507187e-02
3.725521000000000083e+00 2.493397600000000125e+01 8.294861122560583111e-02
3.730262999999999884e+00 2.495586600000000033e+01 8.331818025960781304e-02
3.735005999999999826e+00 2.489391699999999830e+01 8.354480131122522801e-02
3.739749000000000212e+00 2.489664000000000499e+01 8.387802460141988159e-02
3.744492000000000154e+00 2.489700699999999856e+01 8.420532842067121604e-02
3.749235000000000095e+00 2.488788600000000173e+01 8.451484932517362714e-02
3.753978000000000037e+00 2.482823400000000191e+01 8.473777323292842889e-02
3.758720999999999979e+00 2.504914899999999989e+01 8.543730008100092199e-02
3.763462999999999781e+00 2.492724799999999874e+01 8.555130472282231058e-02
3.768206000000000166e+00 2.498766400000000232e+01 8.597648918777620053e-02
3.772949000000000108e+00 2.505735100000000060e+01 8.641746306296604896e-02
3.777692000000000050e+00 2.503053699999999893e+01 8.669126866179950597e-02
3.782434999999999992e+00 2.501160399999999839e+01 8.697824808156921772e-02
3.787177999999999933e+00 2.493674199999999885e+01 8.716679173056961216e-02
3.791920999999999875e+00 2.494647000000000148e+01 8.750257226233351671e-02
3.796663999999999817e+00 2.498622599999999849e+01 8.789047855817430643e-02
3.801406000000000063e+00 2.497043700000000044e+01 8.818132537817574557e-02
3.806149000000000004e+00 2.500294900000000098e+01 8.855738802121256026e-02
3.810891999999999946e+00 2.482361799999999974e+01 8.855629252568165966e-02
3.815634999999999888e+00 2.493533300000000352e+01 8.907314316253750475e-02
3.820377999999999830e+00 2.493073199999999900e+01 8.938322894630010285e-02
3.825121000000000215e+00 2.492667899999999648e+01 8.969425438468062173e-02
3.829864000000000157e+00 2.513214199999999821e+01 9.038305534785101569e-02
3.834605999999999959e+00 2.502353399999999795e+01 9.050705664348002166e-02
3.839348999999999901e+00 2.497559499999999844e+01 9.074060387277076145e-02
3.844091999999999842e+00 2.494321899999999559e+01 9.100141677571729759e-02
3.848834999999999784e+00 2.489708300000000207e+01 9.124033495487068879e-02
3.853578000000000170e+00 2.488498700000000241e+01 9.158737539286897211e-02
3.858321000000000112e+00 2.486867000000000161e+01 9.182701823376822337e-02
3.863064000000000053e+00 2.497799499999999995e+01 9.235139434444938900e-02
3.867806999999999995e+00 2.489151899999999884e+01 9.251475000573691765e-02
3.872548999999999797e+00 2.481921500000000336e+01 9.270303779323577076e-02
3.877292000000000183e+00 2.487748600000000110e+01 9.313638307239766045e-02
3.882035000000000124e+00 2.501836099999999874e+01 9.372625190249420091e-02
3.886778000000000066e+00 2.497739599999999882e+01 9.397619609418600417e-02
3.891521000000000008e+00 2.490523999999999916e+01 9.416762501954055453e-02
3.896263999999999950e+00 2.494601900000000327e+01 9.457304841251920613e-02
3.901006999999999891e+00 2.484216699999999634e+01 9.470462249785804865e-02
3.905749000000000137e+00 2.504978900000000053e+01 9.543190628654758811e-02
3.910492000000000079e+00 2.487475699999999890e+01 9.542951914333111518e-02
3.915235000000000021e+00 2.497816000000000258e+01 9.596118353701198200e-02
3.919977999999999962e+00 2.479580499999999788e+01 9.590174711810832420e-02
3.924720999999999904e+00 2.482448799999999878e+01 9.604247952666153387e-02
3.929463999999999846e+00 2.475712899999999905e+01 9.598560850816542644e-02
3.934206999999999788e+00 2.497582899999999739e+01 9.653532573044387721e-02
3.938949000000000034e+00 2.488327699999999965e+01 9.646150579070232600e-02
3.943691999999999975e+00 2.490430600000000183e+01 9.660664104725875945e-02
3.948434999999999917e+00 2.487313099999999721e+01 9.664983778767505251e-02
3.953177999999999859e+00 2.491773799999999994e+01 9.686688684221247958e-02
3.957920999999999800e+00 2.496000799999999842e+01 9.712034419234828742e-02
3.962664000000000186e+00 2.493842800000000182e+01 9.708675504811406509e-02
3.967407000000000128e+00 2.483691900000000174e+01 9.713853263351418521e-02
3.972150000000000070e+00 2.486200399999999533e+01 9.751556250779666590e-02
3.976891999999999872e+00 2.478931099999999788e+01 9.770132460992685119e-02
3.981634999999999813e+00 2.496254000000000417e+01 9.837306799834800997e-02
3.986378000000000199e+00 2.487430699999999817e+01 9.853178222635983197e-02
3.991121000000000141e+00 2.496739200000000025e+01 9.904974011376556364e-02
3.995864000000000082e+00 2.488579100000000466e+01 9.922379822186813692e-02
4.000606999999999580e+00 2.486303199999999691e+01 9.951525784718642798e-02
4.005349999999999966e+00 2.489246700000000345e+01 9.991345687528582764e-02
4.010092000000000212e+00 2.493355199999999883e+01 1.003370384820072292e-01
4.014834999999999710e+00 2.491340099999999680e+01 1.006391256333842577e-01
4.019578000000000095e+00 2.490399500000000188e+01 1.009648620612151326e-01
4.024320999999999593e+00 2.489621899999999854e+01 1.012948743678099561e-01
4.029063999999999979e+00 2.478628900000000357e+01 1.014191462106046326e-01
4.033807000000000365e+00 2.490219099999999841e+01 1.020060747780768134e-01
4.038549999999999862e+00 2.489106499999999755e+01 1.023358199910168465e-01
4.043293000000000248e+00 2.484316399999999803e+01 1.025910126262680883e-01
4.048034999999999606e+00 2.504765300000000394e+01 1.033701199012828920e-01
4.052777999999999992e+00 2.488695800000000347e+01 1.033963471247862642e-01
4.057521000000000377e+00 2.485587700000000311e+01 1.036919271210372528e-01
4.062263999999999875e+00 2.496263399999999777e+01 1.042782384650028649e-01
4.067007000000000261e+00 2.473574299999999937e+01 1.041672426807372098e-01
4.071749999999999758e+00 2.482663600000000059e+01 1.047258550411038491e-01
4.076493000000000144e+00 2.480292100000000133e+01 1.050447062936143289e-01
4.081235000000000390e+00 2.497562199999999777e+01 1.057821158312396148e-01
4.085977999999999888e+00 2.490267999999999660e+01 1.060030741446209152e-01
4.090721000000000274e+00 2.490048800000000284e+01 1.063754345975319593e-01
4.095463999999999771e+00 2.499261399999999611e+01 1.069525725713135894e-01
4.100207000000000157e+00 2.501519499999999852e+01 1.073839381077314609e-01
4.104949999999999655e+00 2.503808599999999984e+01 1.078200919376129108e-01
4.109693000000000040e+00 2.503354799999999969e+01 1.081985676346581549e-01
4.114436000000000426e+00 2.480311100000000124e+01 1.080887109518394729e-01
4.119177999999999784e+00 2.490920700000000210e+01 1.087136378853577889e-01
4.123921000000000170e+00 2.479729400000000439e+01 1.088640630567392631e-01
4.128663999999999668e+00 2.496934999999999860e+01 1.096413448668489277e-01
4.133407000000000053e+00 2.495293600000000112e+01 1.100076892002331830e-01
4.138150000000000439e+00 2.489632999999999896e+01 1.102874913452155659e-01
4.142892999999999937e+00 2.492907500000000454e+01 1.107682040775907761e-01
4.147636000000000323e+00 2.505760000000000076e+01 1.114654461662738932e-01
4.152377999999999680e+00 2.486407499999999970e+01 1.114489255013178665e-01
4.157121000000000066e+00 2.475502599999999731e+01 1.116200878278977154e-01
4.161863999999999564e+00 2.495011099999999971e+01 1.124802983401769207e-01
4.166606999999999950e+00 2.485197999999999752e+01 1.126826542677771686e-01
4.171350000000000335e+00 2.483744000000000085e+01 1.130761388802867529e-01
4.176092999999999833e+00 2.504703199999999796e+01 1.139910854584532673e-01
4.180836000000000219e+00 2.492311300000000074e+01 1.143002532810767635e-01
4.185577999999999577e+00 2.491799999999999926e+01 1.146052949359426532e-01
4.190320999999999962e+00 2.497903699999999816e+01 1.151470787657555006e-01
4.195064000000000348e+00 2.500675499999999829e+01 1.156573527827630121e-01
4.199806999999999846e+00 2.505195599999999700e+01 1.162122730806191689e-01
4.204550000000000232e+00 2.480885800000000074e+01 1.160994279050443917e-01
4.209292999999999729e+00 2.497281100000000009e+01 1.169411553317222935e-01
4.214036000000000115e+00 2.492788800000000293e+01 1.172966077115966954e-01
4.218778999999999613e+00 2.505251100000000264e+01 1.180566080684414682e-01
4.223520999999999859e+00 2.493070099999999911e+01 1.182391856323706109e-01
4.228264000000000244e+00 2.486970400000000225e+01 1.185687097042634475e-01
4.233006999999999742e+00 2.507686299999999946e+01 1.195407559257025965e-01
4.237750000000000128e+00 2.516835599999999928e+01 1.202436549962142553e-01
4.242492999999999626e+00 2.492406199999999927e+01 1.201466166103627720e-01
4.247236000000000011e+00 2.492452999999999719e+01 1.206391263737391500e-01
4.251979000000000397e+00 2.501196999999999804e+01 1.213531314293203600e-01
4.256720999999999755e+00 2.489306700000000205e+01 1.217705100072808966e-01
4.261464000000000141e+00 2.499021899999999974e+01 1.223456187952829677e-01
4.266206999999999638e+00 2.515414100000000275e+01 1.232195369053966233e-01
4.270950000000000024e+00 2.515147600000000594e+01 1.237325293156116696e-01
4.275693000000000410e+00 2.481997299999999740e+01 1.234339070838621072e-01
4.280435999999999908e+00 2.497542299999999926e+01 1.243482173970946042e-01
4.285179000000000293e+00 2.509484600000000043e+01 1.251795305188815599e-01
4.289921999999999791e+00 2.518810599999999766e+01 1.259521393629072228e-01
4.294664000000000037e+00 2.518262599999999907e+01 1.264854268699204531e-01
4.299407000000000423e+00 2.508289700000000622e+01 1.267846066277684980e-01
4.304149999999999920e+00 2.502664499999999848e+01 1.271982514135552023e-01
4.308893000000000306e+00 2.503802400000000006e+01 1.277905945068415483e-01
4.313635999999999804e+00 2.522164300000000381e+01 1.288278398738118280e-01
4.318379000000000190e+00 2.498345300000000080e+01 1.287922773802028242e-01
4.323121999999999687e+00 2.483833299999999866e+01 1.290870036210621241e-01
4.327863999999999933e+00 2.493351800000000296e+01 1.298936973442861020e-01
4.332607000000000319e+00 2.494963700000000273e+01 1.304646927196860262e-01
4.337349999999999817e+00 2.519884200000000263e+01 1.317184992565991197e-01
4.342093000000000202e+00 2.490264499999999970e+01 1.315485188644356929e-01
4.346835999999999700e+00 2.485828199999999910e+01 1.320441043272023440e-01
4.351579000000000086e+00 2.504087500000000333e+01 1.331498351707064709e-01
4.356321999999999584e+00 2.504847799999999935e+01 1.337999851610828794e-01
4.361063999999999830e+00 2.482273400000000407e+01 1.338305245330432824e-01
4.365807000000000215e+00 2.501815699999999509e+01 1.350019420546323123e-01
4.370549999999999713e+00 2.496648700000000076e+01 1.355137019190671976e-01
4.375293000000000099e+00 2.493789999999999907e+01 1.360958937761974075e-01
4.380035999999999596e+00 2.500704200000000199e+01 1.370163085467711872e-01
4.384778999999999982e+00 2.474006100000000430e+01 1.370115043738991956e-01
4.389522000000000368e+00 2.493215400000000059e+01 1.381105362815636117e-01
4.394264999999999866e+00 2.486756900000000314e+01 1.386086925392130687e-01
4.399007000000000112e+00 2.513779699999999551e+01 1.396327717822445913e-01
4.403749999999999609e+00 2.494830200000000175e+01 1.392013042843101567e-01
4.408492999999999995e+00 2.489150300000000016e+01 1.391370121391569126e-01
4.413236000000000381e+00 2.484475699999999421e+01 1.390994192839319632e-01
4.417978999999999878e+00 2.515891099999999980e+01 1.400700787198340125e-01
4.422722000000000264e+00 2.488122999999999507e+01 1.393890115322703738e-01
4.427464999999999762e+00 2.494957699999999789e+01 1.396701939183643548e-01
4.432207000000000008e+00 2.508282300000000120e+01 1.401354576381002581e-01
4.436950000000000394e+00 2.510630699999999749e+01 1.403693755545905864e-01
4.441692999999999891e+00 2.512650599999999912e+01 1.410615418497150331e-01
4.446436000000000277e+00 2.501301000000000130e+01 1.414638647305470065e-01
4.451178999999999775e+00 2.494738200000000106e+01 1.420059449884764624e-01
4.455922000000000160e+00 2.492524500000000387e+01 1.426809916025873481e-01
4.460664999999999658e+00 2.495849699999999771e+01 1.435254887473977614e-01
4.465408000000000044e+00 2.490748699999999971e+01 1.441378132608428231e-01
4.470150000000000290e+00 2.486885799999999946e+01 1.447947017257371904e-01
4.474892999999999788e+00 2.487027199999999993e+01 1.455793136211120387e-01
4.479636000000000173e+00 2.530392299999999750e+01 1.476403207120013106e-01
4.484378999999999671e+00 2.523941500000000104e+01 1.482616626360941381e-01
4.489122000000000057e+00 2.496423800000000170e+01 1.482677919045161385e-01
4.493865000000000443e+00 2.505527799999999772e+01 1.493678878283531963e-01
4.498607999999999940e+00 2.503211099999999689e+01 1.501408666057559294e-01
4.503350000000000186e+00 2.475020800000000065e+01 1.501429632223595101e-01
4.508092999999999684e+00 2.486371199999999959e+01 1.513522378597425833e-01
4.512836000000000070e+00 2.503848699999999639e+01 1.527654007091209798e-01
4.517578999999999567e+00 2.496787499999999937e+01 1.534442624552511680e-01
4.522321999999999953e+00 2.512437000000000253e+01 1.548362709221750844e-01
4.527065000000000339e+00 2.536108400000000174e+01 1.564955374366071017e-01
4.531807999999999836e+00 2.473701099999999897e+01 1.554933856535467007e-01
4.536551000000000222e+00 2.493623799999999946e+01 1.570718251042716451e-01
4.541292999999999580e+00 2.497804099999999750e+01 1.581746688833009784e-01
4.546035999999999966e+00 2.500072099999999864e+01 1.592354077812893343e-01
4.550779000000000352e+00 2.494127199999999789e+01 1.600493407144240599e-01
4.555521999999999849e+00 2.504038400000000308e+01 1.613913557829715351e-01
4.560265000000000235e+00 2.491395800000000094e+01 1.620206211875124258e-01
4.565007999999999733e+00 2.511621599999999788e+01 1.637414167970626944e-01
4.569751000000000118e+00 2.507718200000000053e+01 1.646929165788228455e-01
4.574493000000000364e+00 2.518511299999999764e+01 1.661512868622708194e-01
4.579235999999999862e+00 2.509785699999999764e+01 1.669840861265905196e-01
4.583979000000000248e+00 2.528595800000000082e+01 1.687552812532140956e-01
4.588721999999999746e+00 2.528164800000000412e+01 1.699109004700416481e-01
4.593465000000000131e+00 2.518423299999999898e+01 1.707724287129160634e-01
4.598207999999999629e+00 2.521206700000000112e+01 1.720798639147474440e-01
4.602951000000000015e+00 2.505085599999999957e+01 1.727635794611740438e-01
4.607693000000000261e+00 2.487309700000000134e+01 1.734049078178169778e-01
4.612435999999999758e+00 2.471777900000000017e+01 1.741390335168330472e-01
4.617179000000000144e+00 2.502999100000000254e+01 1.765462153613749918e-01
4.621921999999999642e+00 2.506109000000000009e+01 1.779979257144714555e-01
4.626665000000000028e+00 2.484568200000000360e+01 1.785965272722473685e-01
4.631408000000000413e+00 2.535085900000000336e+01 1.818096281049158547e-01
4.636150999999999911e+00 2.480990700000000260e+01 1.812833849500281591e-01
4.640894000000000297e+00 2.519747699999999924e+01 1.841628787687776547e-01
4.645635999999999655e+00 2.516971400000000259e+01 1.855583747495237745e-01
4.650379000000000040e+00 2.535863799999999912e+01 1.877947773138818888e-01
4.655122000000000426e+00 2.525721700000000070e+01 1.889944077352094243e-01
4.659864999999999924e+00 2.523723999999999634e+01 1.905310312947486595e-01
4.664608000000000310e+00 2.505864199999999897e+01 1.915028878036067750e-01
4.669350999999999807e+00 2.524573400000000234e+01 1.939094079209454091e-01
4.674094000000000193e+00 2.539419299999999780e+01 1.962225704679874672e-01
4.678836000000000439e+00 2.534979200000000077e+01 1.978358611576745973e-01
4.683578999999999937e+00 2.531301599999999752e+01 1.995230863032771973e-01
4.688322000000000322e+00 2.501928199999999691e+01 2.002304136668400791e-01
4.693064999999999820e+00 2.524098700000000051e+01 2.030465499458385392e-01
4.697808000000000206e+00 2.515064999999999884e+01 2.046603868322524333e-01
4.702550999999999704e+00 2.501033799999999729e+01 2.061222529972086548e-01
4.707294000000000089e+00 2.510316300000000211e+01 2.085991842144254149e-01
4.712036999999999587e+00 2.537337799999999888e+01 2.118871880638966143e-01
4.716778999999999833e+00 2.543688999999999822e+01 2.143880907023580362e-01
4.721522000000000219e+00 2.520545299999999855e+01 2.157044499669369397e-01
4.726264999999999716e+00 2.499877700000000047e+01 2.171779879098302835e-01
4.731008000000000102e+00 2.533032099999999787e+01 2.210644776974039216e-01
4.735750999999999600e+00 2.562500899999999859e+01 2.248963017466839298e-01
4.740493999999999986e+00 2.532022199999999756e+01 2.261711357348571982e-01
4.745237000000000371e+00 2.510782200000000230e+01 2.279141396129200081e-01
4.749978999999999729e+00 2.494902399999999787e+01 2.299776964157650705e-01
4.754722000000000115e+00 2.528381500000000059e+01 2.344209228944594270e-01
4.759464999999999613e+00 2.551179799999999886e+01 2.385025318457213162e-01
4.764207999999999998e+00 2.497349000000000174e+01 2.390794143025923579e-01
4.768951000000000384e+00 2.527022300000000143e+01 2.437438237921100426e-01
4.773693999999999882e+00 2.517738399999999999e+01 2.466754800952184468e-01
4.778437000000000268e+00 2.510914500000000160e+01 2.498538491088380109e-01
4.783178999999999625e+00 2.545988700000000193e+01 2.552790188873533817e-01
4.787922000000000011e+00 2.526899599999999779e+01 2.581568961246205052e-01
4.792665000000000397e+00 2.556242300000000256e+01 2.636838461123075517e-01
4.797407999999999895e+00 2.508886799999999795e+01 2.654145328564240236e-01
4.802151000000000280e+00 2.544973999999999492e+01 2.717332864534475756e-01
4.806893999999999778e+00 2.546447300000000169e+01 2.764528603419675323e-01
4.811637000000000164e+00 2.560190799999999811e+01 2.820900000016045017e-01
4.816379999999999661e+00 2.510750900000000030e+01 2.844581237762238701e-01
4.821121999999999908e+00 2.507211899999999716e+01 2.896432479735391863e-01
4.825865000000000293e+00 2.523080800000000323e+01 2.962770761637236183e-01
4.830607999999999791e+00 2.535303700000000049e+01 3.030707355523399871e-01
4.835351000000000177e+00 2.572407299999999708e+01 3.117862240357843207e-01
4.840093999999999674e+00 2.536150799999999705e+01 3.164654753166624701e-01
4.844837000000000060e+00 2.530738099999999946e+01 3.234766006434284802e-01
4.849579999999999558e+00 2.536155600000000021e+01 3.317089751270381193e-01
4.854321999999999804e+00 2.577245400000000330e+01 3.429363834535641420e-01
4.859065000000000190e+00 2.550806100000000143e+01 3.503582912560511686e-01
4.863807999999999687e+00 2.518897999999999726e+01 3.580585405379963504e-01
4.868551000000000073e+00 2.579403599999999841e+01 3.732401580975712174e-01
4.873293999999999571e+00 2.566674499999999881e+01 3.842273696802064320e-01
4.878036999999999956e+00 2.537330800000000153e+01 3.950824657957753283e-01
4.882780000000000342e+00 2.567707200000000256e+01 4.119887596927614970e-01
4.887522999999999840e+00 2.565390199999999865e+01 4.280658935396394749e-01
4.892265000000000086e+00 2.532422699999999693e+01 4.435167920720364809e-01
4.897007999999999583e+00 2.514824499999999929e+01 4.626451976737141480e-01
4.901750999999999969e+00 2.568529199999999690e+01 4.916593490407967226e-01
4.906494000000000355e+00 2.604460600000000525e+01 5.235267825101500572e-01
4.911236999999999853e+00 2.570337600000000222e+01 5.538251011225836518e-01
4.915980000000000238e+00 2.627407900000000041e+01 6.015777470614833700e-01
4.920722999999999736e+00 2.634246499999999713e+01 6.550100525388675710e-01
4.925464999999999982e+00 2.659716700000000245e+01 7.278065425464035343e-01
4.930208000000000368e+00 2.624763700000000455e+01 8.199571034809076675e-01
4.934950999999999866e+00 2.608386500000000296e+01 9.674248130692845171e-01
4.939694000000000251e+00 2.449369299999999683e+01 1.210583932841833077e+00
4.944436999999999749e+00 7.452648000000000827e+00 1.156928199527066603e+00