# [24] Sgs_R03_1.0
# Sample c= 1.0 mg/ml
#
# Number of frames collected: 10
# Exposure time per frame: 0.5
# No significant radiation damage detected, merging 10 files
# Merged from: /data/visitor/mx1905/bm29/20170412/Poker/1d/Sxl_10gs_113_00001.dat
# Merged from: /data/visitor/mx1905/bm29/20170412/Poker/1d/Sxl_10gs_113_00002.dat
# Merged from: /data/visitor/mx1905/bm29/20170412/Poker/1d/Sxl_10gs_113_00003.dat
# Merged from: /data/visitor/mx1905/bm29/20170412/Poker/1d/Sxl_10gs_113_00004.dat
# Merged from: /data/visitor/mx1905/bm29/20170412/Poker/1d/Sxl_10gs_113_00005.dat
# Merged from: /data/visitor/mx1905/bm29/20170412/Poker/1d/Sxl_10gs_113_00006.dat
# Merged from: /data/visitor/mx1905/bm29/20170412/Poker/1d/Sxl_10gs_113_00007.dat
# Merged from: /data/visitor/mx1905/bm29/20170412/Poker/1d/Sxl_10gs_113_00008.dat
# Merged from: /data/visitor/mx1905/bm29/20170412/Poker/1d/Sxl_10gs_113_00009.dat
# Merged from: /data/visitor/mx1905/bm29/20170412/Poker/1d/Sxl_10gs_113_00010.dat
#
# Sample Information:
# Storage Temperature (degrees C): 20.0
# Measurement Temperature (degrees C): 20.03
# Concentration: 1.0
# Code: 
3.082862000000000102e-02 6.482550699999999324e+02 8.425412797769080697e+00
3.557148999999999728e-02 1.327753100000000131e+03 4.971957798419552432e+00
4.031434999999999880e-02 1.593127400000000080e+03 3.587625435810433139e+00
4.505722000000000199e-02 1.072194970000000012e+03 2.092815532683595325e+00
4.980007999999999657e-02 7.261633300000000872e+02 1.542226613399989343e+00
5.454294999999999977e-02 5.293213200000000143e+02 1.238723182493901565e+00
5.928581000000000129e-02 3.966662599999999657e+02 1.019434970368022109e+00
6.402868000000000448e-02 3.194353600000000029e+02 8.722388828767954072e-01
6.877154000000000600e-02 2.649116600000000403e+02 7.629991253004553275e-01
7.351441000000000225e-02 2.256630700000000047e+02 6.785751826396541064e-01
7.825727999999999851e-02 1.945993100000000027e+02 6.065989297688135773e-01
8.300014000000000003e-02 1.743662999999999954e+02 5.558424453624785100e-01
8.774300999999999628e-02 1.582026199999999960e+02 5.137163367980426276e-01
9.248586999999999780e-02 1.450606799999999907e+02 4.780440162534826953e-01
9.722873999999999406e-02 1.345759600000000091e+02 4.470781881687810322e-01
1.019715999999999956e-01 1.253728000000000122e+02 4.205459951968987253e-01
1.067145000000000038e-01 1.200116599999999778e+02 4.016244755358417962e-01
1.114572999999999953e-01 1.138982900000000029e+02 3.824052292631862082e-01
1.162002000000000035e-01 1.091363699999999852e+02 3.661473280576412748e-01
1.209430999999999978e-01 1.051567299999999960e+02 3.518672166511537247e-01
1.256858999999999893e-01 1.033746899999999869e+02 3.419065105305835184e-01
1.304288000000000114e-01 1.008403320000000036e+02 3.312226628567405129e-01
1.351717000000000057e-01 9.822436400000000845e+01 3.207792868972527689e-01
1.399144999999999972e-01 9.608571499999999332e+01 3.115126408010983061e-01
1.446573999999999915e-01 9.411701899999999910e+01 3.029508661935610414e-01
1.494003000000000136e-01 9.266513799999998469e+01 2.955795783471636962e-01
1.541431000000000051e-01 9.199982500000000130e+01 2.902064652735074635e-01
1.588859999999999995e-01 9.007871500000000253e+01 2.826171745220144582e-01
1.636287999999999909e-01 8.869852000000000203e+01 2.761743086816411674e-01
1.683717000000000130e-01 8.776326600000000155e+01 2.706698516631262930e-01
1.731146000000000074e-01 8.707080299999999795e+01 2.657343156933994477e-01
1.778573999999999988e-01 8.570359200000000044e+01 2.599374332468288307e-01
1.826002999999999932e-01 8.495019099999998957e+01 2.552795724290986001e-01
1.873431999999999875e-01 8.416201299999998753e+01 2.507443567762032144e-01
1.920860000000000067e-01 8.391793300000000499e+01 2.471493599331786584e-01
1.968289000000000011e-01 8.249612100000001647e+01 2.419486265527221180e-01
2.015717999999999954e-01 8.205023900000000481e+01 2.383399152949071120e-01
2.063145999999999869e-01 8.155596400000001722e+01 2.347722974173737376e-01
2.110575000000000090e-01 8.085197300000001519e+01 2.307821953762064227e-01
2.158004000000000033e-01 8.049444099999999480e+01 2.276313398918204667e-01
2.205431999999999948e-01 7.989569600000000094e+01 2.242712722350706789e-01
2.252860999999999891e-01 7.946933699999999590e+01 2.212567677508173181e-01
2.300290000000000112e-01 7.899503100000001155e+01 2.182547744657254984e-01
2.347718000000000027e-01 7.855345599999999706e+01 2.153678642880506311e-01
2.395146999999999970e-01 7.809451099999999713e+01 2.125407921887728091e-01
2.442575999999999914e-01 7.799599900000001185e+01 2.102738005138581057e-01
2.490004000000000106e-01 7.788540700000000072e+01 2.080491130786190079e-01
2.537433000000000050e-01 7.672610299999999484e+01 2.044840902610066125e-01
2.584861999999999993e-01 7.632311599999999885e+01 2.020215360869016263e-01
2.632289999999999908e-01 7.593783999999999423e+01 1.996573559096245787e-01
2.679718999999999851e-01 7.555428300000001229e+01 1.973489279656636675e-01
2.727146999999999766e-01 7.519618599999999731e+01 1.951181324954684992e-01
2.774576000000000264e-01 7.478394099999999867e+01 1.929277322130976136e-01
2.822005000000000208e-01 7.435340600000002098e+01 1.908052733260514333e-01
2.869433000000000122e-01 7.380385199999999202e+01 1.884830923018438742e-01
2.916862000000000066e-01 7.385939399999998045e+01 1.869677251269205032e-01
2.964291000000000009e-01 7.352610200000000873e+01 1.850095088746608052e-01
3.011718999999999924e-01 7.340850500000000523e+01 1.833672313810978949e-01
3.059147999999999867e-01 7.261303700000000561e+01 1.809204640456374691e-01
3.106576999999999811e-01 7.217778500000000008e+01 1.789554693017212650e-01
3.154004999999999725e-01 7.186577200000000687e+01 1.771929018333753547e-01
3.201434000000000224e-01 7.165478799999998216e+01 1.755976878002050989e-01
3.248863000000000167e-01 7.131659299999999746e+01 1.738737049638225396e-01
3.296291000000000082e-01 7.098872699999999725e+01 1.721864704289015890e-01
3.343720000000000026e-01 7.054956300000000624e+01 1.704055127573852746e-01
3.391148999999999969e-01 7.051693600000000117e+01 1.709291927342541650e-01
3.438576999999999884e-01 7.047817100000000323e+01 1.730904796934163992e-01
3.486005999999999827e-01 7.014171299999999576e+01 1.770724751516708773e-01
3.533434999999999770e-01 6.944897699999998508e+01 1.794280061403475401e-01
3.580863000000000240e-01 6.928843700000000183e+01 1.814484307460538237e-01
3.628292000000000184e-01 6.922864300000000526e+01 1.831588812319230875e-01
3.675720000000000098e-01 6.877023999999998694e+01 1.840540447272718816e-01
3.723149000000000042e-01 6.828554499999998484e+01 1.847541132624570259e-01
3.770577999999999985e-01 6.806411099999999692e+01 1.856886767531124860e-01
3.818005999999999900e-01 6.741553700000000049e+01 1.857878194475208189e-01
3.865434999999999843e-01 6.725809700000000646e+01 1.864863256051177420e-01
3.912863999999999787e-01 6.670194000000000756e+01 1.864583955395540671e-01
3.960292000000000256e-01 6.647135399999999095e+01 1.869006842372025745e-01
4.007721000000000200e-01 6.636568499999998494e+01 1.875503215689776071e-01
4.055150000000000143e-01 6.629320999999998776e+01 1.939084676453233236e-01
4.102578000000000058e-01 6.601666800000000990e+01 1.985495599130955025e-01
4.150007000000000001e-01 6.560340699999999003e+01 2.022611353506192367e-01
4.197435999999999945e-01 6.533312199999998882e+01 2.049528031533440764e-01
4.244863999999999860e-01 6.511571399999999699e+01 2.079246788272895441e-01
4.292292999999999803e-01 6.461523800000000506e+01 2.102882742452781284e-01
4.339721999999999746e-01 6.437268799999999658e+01 2.131069844973937089e-01
4.387150000000000216e-01 6.388719799999999083e+01 2.153990583692503014e-01
4.434579000000000160e-01 6.343919400000000053e+01 2.177957711646938965e-01
4.482008000000000103e-01 6.343117299999998693e+01 2.214591521936853658e-01
4.529436000000000018e-01 6.305796800000000246e+01 2.244054782416492200e-01
4.576864999999999961e-01 6.271970699999999255e+01 2.261399812019294353e-01
4.624293999999999905e-01 6.216464000000000567e+01 2.270124916785246083e-01
4.671721999999999819e-01 6.210034000000000276e+01 2.257742105656554144e-01
4.719150999999999763e-01 6.238504800000000472e+01 2.173843721219016201e-01
4.766579000000000232e-01 6.201019800000000259e+01 2.126496800781466079e-01
4.814008000000000176e-01 6.175465800000000627e+01 2.095153649634548532e-01
4.861437000000000119e-01 6.108110599999999835e+01 2.063185795954710078e-01
4.908865000000000034e-01 6.101805000000001655e+01 2.045307617211110374e-01
4.956293999999999977e-01 6.055604299999998830e+01 2.023210281197231342e-01
5.003722999999999921e-01 5.993065199999999493e+01 2.000078654112887599e-01
5.051151000000000391e-01 5.944794899999999416e+01 1.980704642255798342e-01
5.098580000000000334e-01 5.951357300000000805e+01 1.971494955530576632e-01
5.146009000000000277e-01 5.933968300000000085e+01 1.959107379878946564e-01
5.193436999999999637e-01 5.901036599999999765e+01 1.944725675340056859e-01
5.240865999999999580e-01 5.877320100000000735e+01 1.932453667495438177e-01
5.288294999999999524e-01 5.803096099999999069e+01 1.912350207401180835e-01
5.335722999999999994e-01 5.783153300000000030e+01 1.897837661481613369e-01
5.383151999999999937e-01 5.764958300000000690e+01 1.881176182962994159e-01
5.430580999999999881e-01 5.732201799999999992e+01 1.862757132297522544e-01
5.478009000000000350e-01 5.677314699999999448e+01 1.841315789739326747e-01
5.525438000000000294e-01 5.668896199999998942e+01 1.827902708053398828e-01
5.572867000000000237e-01 5.647579499999999086e+01 1.812766362906621243e-01
5.620294999999999597e-01 5.609446100000000257e+01 1.795369918608945015e-01
5.667723999999999540e-01 5.591806799999999100e+01 1.781651546503484895e-01
5.715152000000000010e-01 5.571800100000000100e+01 1.767904441277596272e-01
5.762580999999999953e-01 5.574367900000000020e+01 1.757982216330310488e-01
5.810009999999999897e-01 5.548920199999999170e+01 1.744412783005507561e-01
5.857438000000000367e-01 5.488356199999999774e+01 1.729679886538529332e-01
5.904867000000000310e-01 5.443579099999999471e+01 1.718468725410747799e-01
5.952296000000000253e-01 5.397924600000000339e+01 1.707116796548636684e-01
5.999723999999999613e-01 5.409094600000000952e+01 1.706600966265620634e-01
6.047152999999999556e-01 5.357178500000001264e+01 1.694097229977813146e-01
6.094581999999999500e-01 5.344746999999999559e+01 1.686704193829430820e-01
6.142009999999999970e-01 5.325756300000000465e+01 1.681337263440292051e-01
6.189438999999999913e-01 5.291455399999999543e+01 1.670471542371695095e-01
6.236867999999999856e-01 5.258837300000000425e+01 1.661472203476248299e-01
6.284296000000000326e-01 5.221355899999999650e+01 1.651774778343542693e-01
6.331725000000000270e-01 5.198475499999999272e+01 1.644382542666341096e-01
6.379154000000000213e-01 5.175885000000000957e+01 1.637083474200674293e-01
6.426581999999999573e-01 5.129688000000000869e+01 1.626105423487152202e-01
6.474010999999999516e-01 5.134125599999998713e+01 1.623188770577981832e-01
6.521439999999999459e-01 5.097679799999999517e+01 1.613795392725815847e-01
6.568867999999999929e-01 5.068861599999999612e+01 1.605653406326125743e-01
6.616296999999999873e-01 5.051330500000000256e+01 1.599352274645589322e-01
6.663725999999999816e-01 5.006553300000000206e+01 1.588773502407366256e-01
6.711154000000000286e-01 4.979527000000000214e+01 1.581002642360059551e-01
6.758583000000000229e-01 5.002144700000000199e+01 1.581135933792838233e-01
6.806010999999999589e-01 4.948727199999999726e+01 1.569276234624822353e-01
6.853439999999999532e-01 4.922507799999999634e+01 1.561763931788258397e-01
6.900868999999999476e-01 4.873407800000000378e+01 1.550610519024297196e-01
6.948296999999999946e-01 4.845580200000000559e+01 1.542866037133156232e-01
6.995725999999999889e-01 4.831902499999999634e+01 1.537420122402705369e-01
7.043154999999999832e-01 4.820177500000000492e+01 1.532322686336696493e-01
7.090583000000000302e-01 4.822045900000000529e+01 1.529378628678160212e-01
7.138012000000000246e-01 4.781543900000000491e+01 1.519734109516289733e-01
7.185441000000000189e-01 4.750694099999999764e+01 1.511667537417675788e-01
7.232868999999999549e-01 4.710486899999999366e+01 1.502142436851239549e-01
7.280297999999999492e-01 4.696600999999999715e+01 1.496809580516757221e-01
7.327727000000000546e-01 4.680773299999999892e+01 1.491187819053760300e-01
7.375154999999999905e-01 4.672800600000000060e+01 1.486864290919726050e-01
7.422583999999999849e-01 4.619497799999999899e+01 1.475348138334271197e-01
7.470012999999999792e-01 4.599214400000000325e+01 1.469097276170373279e-01
7.517441000000000262e-01 4.580671199999999033e+01 1.463141026098376263e-01
7.564870000000000205e-01 4.553193799999999669e+01 1.455803247383354315e-01
7.612299000000000149e-01 4.528936300000000159e+01 1.449008802934923512e-01
7.659726999999999508e-01 4.531835300000000188e+01 1.446558429110587352e-01
7.707155999999999452e-01 4.502851700000000079e+01 1.439028167435835726e-01
7.754585000000000505e-01 4.480712100000000220e+01 1.432640768849351154e-01
7.802012999999999865e-01 4.463266899999999282e+01 1.428433620219858313e-01
7.849441999999999808e-01 4.444679999999999609e+01 1.422142939173942633e-01
7.896870000000000278e-01 4.412060900000000174e+01 1.413198319232353839e-01
7.944299000000000222e-01 4.376329500000000650e+01 1.404711669127027829e-01
7.991728000000000165e-01 4.359951599999999416e+01 1.399353669610552686e-01
8.039155999999999525e-01 4.359153200000000083e+01 1.396499420523019674e-01
8.086584999999999468e-01 4.357614599999999427e+01 1.393529823322805783e-01
8.134014000000000522e-01 4.348173499999999336e+01 1.389334928432204852e-01
8.181441999999999881e-01 4.291906200000000382e+01 1.378711050253619841e-01
8.228870999999999825e-01 4.272724099999999936e+01 1.372005580964567317e-01
8.276299999999999768e-01 4.229585699999999804e+01 1.362384465194098615e-01
8.323728000000000238e-01 4.230110399999999515e+01 1.359877299453358668e-01
8.371157000000000181e-01 4.214178100000000171e+01 1.354752817456974234e-01
8.418586000000000125e-01 4.232139800000000207e+01 1.355069056151611551e-01
8.466013999999999484e-01 4.193062599999999662e+01 1.346241691842482435e-01
8.513443000000000538e-01 4.157422600000000301e+01 1.337997593097913496e-01
8.560872000000000481e-01 4.155682399999999888e+01 1.335226844463467955e-01
8.608299999999999841e-01 4.138695000000000590e+01 1.330011991955143968e-01
8.655728999999999784e-01 4.126204299999999137e+01 1.325523785582563563e-01
8.703157999999999728e-01 4.085247900000000243e+01 1.316492690516662400e-01
8.750586000000000197e-01 4.079633399999999455e+01 1.313170493757006285e-01
8.798015000000000141e-01 4.077160099999999687e+01 1.310362787794120965e-01
8.845442999999999500e-01 4.020467499999999461e+01 1.298825656970261089e-01
8.892872000000000554e-01 3.992840899999999493e+01 1.291993967098186702e-01
8.940301000000000498e-01 4.012846000000000402e+01 1.292882755246851367e-01
8.987728999999999857e-01 3.997059799999999541e+01 1.288001092754330612e-01
9.035157999999999801e-01 3.964874900000000935e+01 1.280473871381044293e-01
9.082586999999999744e-01 3.939769099999999469e+01 1.274121465763755068e-01
9.130015000000000214e-01 3.931564900000000051e+01 1.270520122941513896e-01
9.177444000000000157e-01 3.923808799999999053e+01 1.267001267584184354e-01
9.224873000000000101e-01 3.885370600000000252e+01 1.258522104559522403e-01
9.272300999999999460e-01 3.872070300000000032e+01 1.254137511359607604e-01
9.319730000000000514e-01 3.858257300000000356e+01 1.249692000661931229e-01
9.367159000000000457e-01 3.853313200000000194e+01 1.246693423500059988e-01
9.414586999999999817e-01 3.863283500000000714e+01 1.246098417366746369e-01
9.462015999999999760e-01 3.816105199999999797e+01 1.236298247305467057e-01
9.509444999999999704e-01 3.825756099999999549e+01 1.235710015141137375e-01
9.556873000000000173e-01 3.791242899999999594e+01 1.227986427740954400e-01
9.604302000000000117e-01 3.780205100000000584e+01 1.224059324935678761e-01
9.651731000000000060e-01 3.767471899999999607e+01 1.219886062938703164e-01
9.699159000000000530e-01 3.765030399999999844e+01 1.217398176601267173e-01
9.746588000000000473e-01 3.732088600000000156e+01 1.209984082416805939e-01
9.794017000000000417e-01 3.700945499999999555e+01 1.202850422858012802e-01
9.841444999999999776e-01 3.690074600000000515e+01 1.199035244904723269e-01
9.888873999999999720e-01 3.685792600000000618e+01 1.196311247155132929e-01
9.936302000000000190e-01 3.675577799999999939e+01 1.192632915510367930e-01
9.983731000000000133e-01 3.652767699999999707e+01 1.186906660933183949e-01
1.003115999999999897e+00 3.633230700000000013e+01 1.181736208988431597e-01
1.007859000000000060e+00 3.624851600000000929e+01 1.178399464426058002e-01
1.012602000000000002e+00 3.631138800000000089e+01 1.177453193797779046e-01
1.017344999999999944e+00 3.608070800000000133e+01 1.171738183564318969e-01
1.022086999999999968e+00 3.589962799999999277e+01 1.166852674895588471e-01
1.026829999999999909e+00 3.588797100000000739e+01 1.164738320049490683e-01
1.031573000000000073e+00 3.580965199999999982e+01 1.161549143271217721e-01
1.036316000000000015e+00 3.570032800000000606e+01 1.157855185642138185e-01
1.041058999999999957e+00 3.543123699999999587e+01 1.151591683113463577e-01
1.045801999999999898e+00 3.534105200000000480e+01 1.148250186295552144e-01
1.050545000000000062e+00 3.524889999999999191e+01 1.144887112197067180e-01
1.055287000000000086e+00 3.509730500000000575e+01 1.140552109089409544e-01
1.060030000000000028e+00 3.503085300000000046e+01 1.137627896145176204e-01
1.064772999999999969e+00 3.492016199999999770e+01 1.134000136560397304e-01
1.069515999999999911e+00 3.474155900000000230e+01 1.129280814062591787e-01
1.074259000000000075e+00 3.468676699999999613e+01 1.126567021434246446e-01
1.079002000000000017e+00 3.443073600000000312e+01 1.120606193555157837e-01
1.083744999999999958e+00 3.455174000000000945e+01 1.121030337435334479e-01
1.088487999999999900e+00 3.448488199999999892e+01 1.118415751150590581e-01
1.093229999999999924e+00 3.420279299999999978e+01 1.111570748130509267e-01
1.097973000000000088e+00 3.397469000000000960e+01 1.106106390724043431e-01
1.102716000000000030e+00 3.400524499999999506e+01 1.104866716814788541e-01
1.107458999999999971e+00 3.387395999999999674e+01 1.101004052101875741e-01
1.112201999999999913e+00 3.353965500000000333e+01 1.093830863220159877e-01
1.116945000000000077e+00 3.351120799999999633e+01 1.091660470512319792e-01
1.121688000000000018e+00 3.352421400000000062e+01 1.090176514395045093e-01
1.126430000000000042e+00 3.351810300000000353e+01 1.088389954494881351e-01
1.131172999999999984e+00 3.324090999999999951e+01 1.082194027428016181e-01
1.135915999999999926e+00 3.324043400000000048e+01 1.080515898843182054e-01
1.140659000000000090e+00 3.305874799999999425e+01 1.075907133675671756e-01
1.145402000000000031e+00 3.301946600000000842e+01 1.073622554041503002e-01
1.150144999999999973e+00 3.301232799999999656e+01 1.071856323821271523e-01
1.154887999999999915e+00 3.272469599999999446e+01 1.065548709343096812e-01
1.159631000000000078e+00 3.287246600000000285e+01 1.066333027975885361e-01
1.164373000000000102e+00 3.256001699999999488e+01 1.059652817617930953e-01
1.169116000000000044e+00 3.246201800000000048e+01 1.057240788981644447e-01
1.173858999999999986e+00 3.232126300000000185e+01 1.053071520107893705e-01
1.178601999999999927e+00 3.224049200000000326e+01 1.049671608862614569e-01
1.183345000000000091e+00 3.230529999999999546e+01 1.049157524360813110e-01
1.188088000000000033e+00 3.215843600000000180e+01 1.045198494906623143e-01
1.192830999999999975e+00 3.204467900000000213e+01 1.041792286754907870e-01
1.197572999999999999e+00 3.210085099999999159e+01 1.041160278552000912e-01
1.202315999999999940e+00 3.201647999999999428e+01 1.038257675982383332e-01
1.207059000000000104e+00 3.203219800000000106e+01 1.040334501969515657e-01
1.211802000000000046e+00 3.171657000000000082e+01 1.069093823760028927e-01
1.216544999999999987e+00 3.174580100000000726e+01 1.091849681713233655e-01
1.221287999999999929e+00 3.171030499999999464e+01 1.107643456538723037e-01
1.226031000000000093e+00 3.150792299999999457e+01 1.117927342712391886e-01
1.230774000000000035e+00 3.158010899999999310e+01 1.131546719958866631e-01
1.235516000000000059e+00 3.133026699999999920e+01 1.138336943827973069e-01
1.240259000000000000e+00 3.121948299999999676e+01 1.146840774350371406e-01
1.245001999999999942e+00 3.118412200000000212e+01 1.156120498315763856e-01
1.249745000000000106e+00 3.098663300000000120e+01 1.161906071160922205e-01
1.254488000000000048e+00 3.113535899999999401e+01 1.173800957219455487e-01
1.259230999999999989e+00 3.095649899999999732e+01 1.176386643011225336e-01
1.263973999999999931e+00 3.077321300000000548e+01 1.175913944877549355e-01
1.268715999999999955e+00 3.094467400000000268e+01 1.182044995863346937e-01
1.273458999999999897e+00 3.102549599999999685e+01 1.164192567462114525e-01
1.278202000000000060e+00 3.107461600000000246e+01 1.122054343770291646e-01
1.282945000000000002e+00 3.064742599999999584e+01 1.093060340968223798e-01
1.287687999999999944e+00 3.066364399999999790e+01 1.077952092530257006e-01
1.292431000000000108e+00 3.065407700000000091e+01 1.065336013120236069e-01
1.297174000000000049e+00 3.038803399999999755e+01 1.050139516921242133e-01
1.301916000000000073e+00 3.042543699999999873e+01 1.041473946239914322e-01
1.306659000000000015e+00 3.036795399999999745e+01 1.032131470784332788e-01
1.311401999999999957e+00 3.037391600000000125e+01 1.024611455431721219e-01
1.316144999999999898e+00 3.018017900000000253e+01 1.014326544807435254e-01
1.320888000000000062e+00 3.020084899999999806e+01 1.009621512172596269e-01
1.325631000000000004e+00 3.024084799999999262e+01 1.007688072097218945e-01
1.330373999999999945e+00 3.007232200000000333e+01 1.002425604356852046e-01
1.335117000000000109e+00 3.017077499999999901e+01 1.001717439497426254e-01
1.339858999999999911e+00 2.994424300000000017e+01 9.956853489090365661e-02
1.344602000000000075e+00 2.995830300000000079e+01 9.937360353670887658e-02
1.349345000000000017e+00 2.979756000000000427e+01 9.889649370279816887e-02
1.354087999999999958e+00 2.980632500000000462e+01 9.870698159486998580e-02
1.358830999999999900e+00 2.951741199999999665e+01 9.802864376981353101e-02
1.363574000000000064e+00 2.951711200000000446e+01 9.783459530606235244e-02
1.368317000000000005e+00 2.961947999999999936e+01 9.781509402327945302e-02
1.373059000000000029e+00 2.957336599999999294e+01 9.755463130033499575e-02
1.377801999999999971e+00 2.932264099999999729e+01 9.695901542070237134e-02
1.382544999999999913e+00 2.930288000000000537e+01 9.674877338401506599e-02
1.387288000000000077e+00 2.948863400000000112e+01 9.688079199264165720e-02
1.392031000000000018e+00 2.934630200000000144e+01 9.647581558122687861e-02
1.396773999999999960e+00 2.927058900000000108e+01 9.618243154668164319e-02
1.401516999999999902e+00 2.915033999999999992e+01 9.581898866741289655e-02
1.406260000000000066e+00 2.921373900000000390e+01 9.576006354873048410e-02
1.411002000000000089e+00 2.898780000000000001e+01 9.522911752328748480e-02
1.415745000000000031e+00 2.888006199999999879e+01 9.489319702941724499e-02
1.420487999999999973e+00 2.898649999999999949e+01 9.491142225763503359e-02
1.425230999999999915e+00 2.906044399999999683e+01 9.487776307566118950e-02
1.429974000000000078e+00 2.891900800000000160e+01 9.449445935807823660e-02
1.434717000000000020e+00 2.887701299999999804e+01 9.427456522397756333e-02
1.439459999999999962e+00 2.875442199999999815e+01 9.392511467976763506e-02
1.444201999999999986e+00 2.876409999999999556e+01 9.379352051415544567e-02
1.448944999999999927e+00 2.854664399999999702e+01 9.329329532442939832e-02
1.453688000000000091e+00 2.860612100000000169e+01 9.324593289640357996e-02
1.458431000000000033e+00 2.867684200000000061e+01 9.321767040907961988e-02
1.463173999999999975e+00 2.849388700000000085e+01 9.280326172941874563e-02
1.467916999999999916e+00 2.841419599999999690e+01 9.253564303727294937e-02
1.472660000000000080e+00 2.848392799999999880e+01 9.248383740744867132e-02
1.477402000000000104e+00 2.853875799999999430e+01 9.243473028627713362e-02
1.482145000000000046e+00 2.841184600000000415e+01 9.209264037390284263e-02
1.486887999999999987e+00 2.823509899999999817e+01 9.167136831384323226e-02
1.491630999999999929e+00 2.824066099999999935e+01 9.154613582336229571e-02
1.496374000000000093e+00 2.830208099999999760e+01 9.151202018723278431e-02
1.501117000000000035e+00 2.831132299999999802e+01 9.144125855327342456e-02
1.505859999999999976e+00 2.824456699999999998e+01 9.296696001402487974e-02
1.510602999999999918e+00 2.809445699999999846e+01 9.532749388699306159e-02
1.515344999999999942e+00 2.834195399999999765e+01 9.733301710875451318e-02
1.520088000000000106e+00 2.809749099999999800e+01 9.818923535141263481e-02
1.524831000000000047e+00 2.794013999999999598e+01 9.902508236043128242e-02
1.529573999999999989e+00 2.787565800000000493e+01 9.968931906853763236e-02
1.534316999999999931e+00 2.810899500000000018e+01 9.732302715767630896e-02
1.539060000000000095e+00 2.811680599999999686e+01 9.582589351022821611e-02
1.543803000000000036e+00 2.790515899999999760e+01 9.445767168351652809e-02
1.548545000000000060e+00 2.788040600000000069e+01 9.342986819227618034e-02
1.553288000000000002e+00 2.776636699999999536e+01 9.241112916333292515e-02
1.558030999999999944e+00 2.785685299999999387e+01 9.178210845110609806e-02
1.562774000000000107e+00 2.778068700000000035e+01 9.073900230881756790e-02
1.567517000000000049e+00 2.771749500000000310e+01 8.980164488533659561e-02
1.572259999999999991e+00 2.767311499999999569e+01 8.920367952315363946e-02
1.577002999999999933e+00 2.752648499999999743e+01 8.861743107106412332e-02
1.581746000000000096e+00 2.746031100000000080e+01 8.833993034779968889e-02
1.586487999999999898e+00 2.752844399999999681e+01 8.847267374432345177e-02
1.591231000000000062e+00 2.745385800000000387e+01 8.846596359241672147e-02
1.595974000000000004e+00 2.748299300000000045e+01 8.862204529003887832e-02
1.600716999999999945e+00 2.744378799999999430e+01 8.863588148042078618e-02
1.605460000000000109e+00 2.745214100000000101e+01 8.853420255447326526e-02
1.610203000000000051e+00 2.745963000000000420e+01 8.839833033802843576e-02
1.614945999999999993e+00 2.733640500000000273e+01 8.805581810841689450e-02
1.619688000000000017e+00 2.723830300000000193e+01 8.775686730158330229e-02
1.624430999999999958e+00 2.727115099999999615e+01 8.767114800036326927e-02
1.629173999999999900e+00 2.733769299999999447e+01 8.764102356166260377e-02
1.633917000000000064e+00 2.726145700000000005e+01 8.738475581015089921e-02
1.638660000000000005e+00 2.719755699999999976e+01 8.715042725457346207e-02
1.643402999999999947e+00 2.719243200000000371e+01 8.701211845082212903e-02
1.648146000000000111e+00 2.716360499999999689e+01 8.683709296772779140e-02
1.652889000000000053e+00 2.706021199999999993e+01 8.654498981813449343e-02
1.657631000000000077e+00 2.710099100000000050e+01 8.648529098592487585e-02
1.662374000000000018e+00 2.707713700000000046e+01 8.632323847705206110e-02
1.667116999999999960e+00 2.707952300000000179e+01 8.620410200491679387e-02
1.671859999999999902e+00 2.700489299999999915e+01 8.596423203664532720e-02
1.676603000000000065e+00 2.690391899999999481e+01 8.568393363866472212e-02
1.681346000000000007e+00 2.684438100000000560e+01 8.547039642689333028e-02
1.686088999999999949e+00 2.694168399999999863e+01 8.550705524801739676e-02
1.690830999999999973e+00 2.663845699999999894e+01 8.490876118112017368e-02
1.695573999999999915e+00 2.685855300000000057e+01 8.514357879870625145e-02
1.700317000000000078e+00 2.686542200000000236e+01 8.503965818792783016e-02
1.705060000000000020e+00 2.675378400000000312e+01 8.474898700312352706e-02
1.709802999999999962e+00 2.668245499999999382e+01 8.452338624549243784e-02
1.714545999999999903e+00 2.668465799999999177e+01 8.441573145799011191e-02
1.719289000000000067e+00 2.669491999999999621e+01 8.432100830431583927e-02
1.724031000000000091e+00 2.667072200000000137e+01 8.417226444797895613e-02
1.728774000000000033e+00 2.669027399999999872e+01 8.409386020169903886e-02
1.733516999999999975e+00 2.663057600000000136e+01 8.389166038988023211e-02
1.738259999999999916e+00 2.657860900000000015e+01 8.370189980447695355e-02
1.743003000000000080e+00 2.657291200000000231e+01 8.358546368979118124e-02
1.747746000000000022e+00 2.649645399999999995e+01 8.335911219875485889e-02
1.752488999999999963e+00 2.650779400000000052e+01 8.327160805456804149e-02
1.757231999999999905e+00 2.646791400000000039e+01 8.310401885147732093e-02
1.761973999999999929e+00 2.648238800000000381e+01 8.302207628695815189e-02
1.766717000000000093e+00 2.658507200000000381e+01 8.307904860460246788e-02
1.771460000000000035e+00 2.640498900000000049e+01 8.269448563112656581e-02
1.776202999999999976e+00 2.644704899999999981e+01 8.269491164922240789e-02
1.780945999999999918e+00 2.644512000000000285e+01 8.259223552720981743e-02
1.785689000000000082e+00 2.639748300000000114e+01 8.237695978970394073e-02
1.790432000000000023e+00 2.642694199999999682e+01 8.232238632823821178e-02
1.795174000000000047e+00 2.623772100000000052e+01 8.192726880071250772e-02
1.799916999999999989e+00 2.638810899999999648e+01 8.206153608508312547e-02
1.804659999999999931e+00 2.635566299999999984e+01 8.191222849531075434e-02
1.809403000000000095e+00 2.621677299999999988e+01 8.159784212812493109e-02
1.814146000000000036e+00 2.609899699999999712e+01 8.131667234202158423e-02
1.818888999999999978e+00 2.619432100000000219e+01 8.136744655683930683e-02
1.823631999999999920e+00 2.623089399999999927e+01 8.132732525010152869e-02
1.828375000000000083e+00 2.625122000000000710e+01 8.126251170764536846e-02
1.833117000000000107e+00 2.612319999999999709e+01 8.096824665132251742e-02
1.837860000000000049e+00 2.621510299999999916e+01 8.101467510176660336e-02
1.842602999999999991e+00 2.613330599999999748e+01 8.079318012511452207e-02
1.847345999999999933e+00 2.621680099999999669e+01 8.082776672870220502e-02
1.852089000000000096e+00 2.622044799999999753e+01 8.080572277419031946e-02
1.856832000000000038e+00 2.599367299999999403e+01 8.030132335103699892e-02
1.861574999999999980e+00 2.600750500000000187e+01 8.022391884055526945e-02
1.866317000000000004e+00 2.602069699999999486e+01 8.015167887798607671e-02
1.871059999999999945e+00 2.608874400000000193e+01 8.016415491821329842e-02
1.875803000000000109e+00 2.586996500000000054e+01 7.973539825355048516e-02
1.880546000000000051e+00 2.593869300000000067e+01 7.974999686225323070e-02
1.885288999999999993e+00 2.606229900000000299e+01 7.984883961362744531e-02
1.890031999999999934e+00 2.597652199999999922e+01 7.962664937765119577e-02
1.894775000000000098e+00 2.599377600000000399e+01 7.956240515385579193e-02
1.899516999999999900e+00 2.581874300000000133e+01 7.920467349686129144e-02
1.904260000000000064e+00 2.580251800000000273e+01 7.909065183321541126e-02
1.909003000000000005e+00 2.590252399999999966e+01 7.915493100942795623e-02
1.913745999999999947e+00 2.587805200000000383e+01 7.902848139022285168e-02
1.918489000000000111e+00 2.587772100000000108e+01 7.893987140960644078e-02
1.923232000000000053e+00 2.580459800000000570e+01 7.874063613666834605e-02
1.927974999999999994e+00 2.578705300000000378e+01 7.862421157851441633e-02
1.932717999999999936e+00 2.579845899999999759e+01 7.849259294304654355e-02
1.937459999999999960e+00 2.571432199999999924e+01 7.818173167671652046e-02
1.942202999999999902e+00 2.575129300000000399e+01 7.802462637368921816e-02
1.946946000000000065e+00 2.588677500000000009e+01 7.803952519613570338e-02
1.951689000000000007e+00 2.575620999999999938e+01 7.768902663847256085e-02
1.956431999999999949e+00 2.570264300000000190e+01 7.752446689159882276e-02
1.961174999999999891e+00 2.559918900000000264e+01 7.728680857710908125e-02
1.965918000000000054e+00 2.567480899999999977e+01 7.732065676497582030e-02
1.970660000000000078e+00 2.566931100000000399e+01 7.727596281625806474e-02
1.975403000000000020e+00 2.553162900000000235e+01 7.704778108743624843e-02
1.980145999999999962e+00 2.550619700000000378e+01 7.703050005732664518e-02
1.984888999999999903e+00 2.564837999999999596e+01 7.726543999480492420e-02
1.989632000000000067e+00 2.559080899999999659e+01 7.719897352471145890e-02
1.994375000000000009e+00 2.561140700000000336e+01 7.720182538263781202e-02
1.999117999999999951e+00 2.556483099999999808e+01 7.702064385870842356e-02
2.003861000000000114e+00 2.567941499999999877e+01 7.711109989914681495e-02
2.008602999999999916e+00 2.575061299999999775e+01 7.713545789971820721e-02
2.013345999999999858e+00 2.556480400000000230e+01 7.745687918625174251e-02
2.018088999999999800e+00 2.552597499999999542e+01 7.965671734349777378e-02
2.022832000000000185e+00 2.549870800000000060e+01 8.093179706326865397e-02
2.027575000000000127e+00 2.544238299999999953e+01 8.186472716285383977e-02
2.032318000000000069e+00 2.547550700000000035e+01 8.279637218320015646e-02
2.037061000000000011e+00 2.547494999999999976e+01 8.358352542359109849e-02
2.041802999999999813e+00 2.535534599999999728e+01 8.409376929075543239e-02
2.046546000000000198e+00 2.534657399999999683e+01 8.446361341340483109e-02
2.051289000000000140e+00 2.544842799999999983e+01 8.489312606944686423e-02
2.056032000000000082e+00 2.541227500000000106e+01 8.507324706084046229e-02
2.060775000000000023e+00 2.541777400000000142e+01 8.530731300029617548e-02
2.065517999999999965e+00 2.538583100000000314e+01 8.546435387849543597e-02
2.070260999999999907e+00 2.537534499999999937e+01 8.564611386258282055e-02
2.075003000000000153e+00 2.524219299999999677e+01 8.560974802712773002e-02
2.079746000000000095e+00 2.556658900000000045e+01 8.408763380756649475e-02
2.084489000000000036e+00 2.532674599999999998e+01 8.156610394640165240e-02
2.089231999999999978e+00 2.530346999999999724e+01 8.036279416343734827e-02
2.093974999999999920e+00 2.539335599999999715e+01 7.962285527938318952e-02
2.098717999999999861e+00 2.536623799999999562e+01 7.885358873179076911e-02
2.103460999999999803e+00 2.528513900000000092e+01 7.810214170022933278e-02
2.108204000000000189e+00 2.518411300000000352e+01 7.751274836892445286e-02
2.112945999999999991e+00 2.528994799999999898e+01 7.746894929900753624e-02
2.117688999999999933e+00 2.531268399999999730e+01 7.731620305171031660e-02
2.122431999999999874e+00 2.527884300000000195e+01 7.708954347167454313e-02
2.127174999999999816e+00 2.529280899999999832e+01 7.694749582870256954e-02
2.131918000000000202e+00 2.531030099999999905e+01 7.681937380782337399e-02
2.136661000000000143e+00 2.520468900000000190e+01 7.651203646047136098e-02
2.141404000000000085e+00 2.521030799999999772e+01 7.637960358283028828e-02
2.146145999999999887e+00 2.515238200000000290e+01 7.615713599023206382e-02
2.150888999999999829e+00 2.514090900000000062e+01 7.600980589503700258e-02
2.155632000000000215e+00 2.519527299999999670e+01 7.596664085873942873e-02
2.160375000000000156e+00 2.521380599999999816e+01 7.587222816263669567e-02
2.165118000000000098e+00 2.519629099999999511e+01 7.572737871220817929e-02
2.169861000000000040e+00 2.510078499999999480e+01 7.546876043977666926e-02
2.174603999999999981e+00 2.509324399999999855e+01 7.534509965606786541e-02
2.179346999999999923e+00 2.506989099999999837e+01 7.519976249450192884e-02
2.184089000000000169e+00 2.503220299999999909e+01 7.503585354873229529e-02
2.188832000000000111e+00 2.506075099999999978e+01 7.497344125297103479e-02
2.193575000000000053e+00 2.515637999999999863e+01 7.501281030749482048e-02
2.198317999999999994e+00 2.515584000000000131e+01 7.490978919281844617e-02
2.203060999999999936e+00 2.508684299999999823e+01 7.470685623901331118e-02
2.207803999999999878e+00 2.505981799999999993e+01 7.456856891254719233e-02
2.212546999999999819e+00 2.510101399999999927e+01 7.453284205065910384e-02
2.217289000000000065e+00 2.507454099999999997e+01 7.439771598249438067e-02
2.222032000000000007e+00 2.496065100000000214e+01 7.413435192704323495e-02
2.226774999999999949e+00 2.503153000000000006e+01 7.414665764293897066e-02
2.231517999999999891e+00 2.522322799999999887e+01 7.433795476324259188e-02
2.236260999999999832e+00 2.503044399999999925e+01 7.396217161987607425e-02
2.241004000000000218e+00 2.505521299999999840e+01 7.390898212960046731e-02
2.245747000000000160e+00 2.506808399999999537e+01 7.383922867926506761e-02
2.250490000000000101e+00 2.495306900000000283e+01 7.358194265127417089e-02
2.255231999999999903e+00 2.502282800000000051e+01 7.359736452424638087e-02
2.259974999999999845e+00 2.505202500000000043e+01 7.355405756372111747e-02
2.264717999999999787e+00 2.496387399999999701e+01 7.333952872336171880e-02
2.269461000000000173e+00 2.486584300000000169e+01 7.311103417822305273e-02
2.274204000000000114e+00 2.482395600000000258e+01 7.296564214700436424e-02
2.278947000000000056e+00 2.496601499999999874e+01 7.309102498256882241e-02
2.283689999999999998e+00 2.491157799999999867e+01 7.292894929296321604e-02
2.288431999999999800e+00 2.487654300000000163e+01 7.279624089051782432e-02
2.293175000000000185e+00 2.481200899999999976e+01 7.262058463506818051e-02
2.297918000000000127e+00 2.483231099999999714e+01 7.257008127159428335e-02
2.302661000000000069e+00 2.480157600000000073e+01 7.244541828111698833e-02
2.307404000000000011e+00 2.494856600000000313e+01 7.258063994294415566e-02
2.312146999999999952e+00 2.481551500000000132e+01 7.230797664267615832e-02
2.316889999999999894e+00 2.482248399999999577e+01 7.223982524110920955e-02
2.321632000000000140e+00 2.479911500000000046e+01 7.212862746524641155e-02
2.326375000000000082e+00 2.478149300000000110e+01 7.202612746447846492e-02
2.331118000000000023e+00 2.484696000000000282e+01 7.204420478691883623e-02
2.335860999999999965e+00 2.481332700000000102e+01 7.191935970680216061e-02
2.340603999999999907e+00 2.483011300000000077e+01 7.186788349400029252e-02
2.345346999999999849e+00 2.482387299999999897e+01 7.178400455681684111e-02
2.350089999999999790e+00 2.477785899999999941e+01 7.164260648053573377e-02
2.354833000000000176e+00 2.488144299999999731e+01 7.171747508263032200e-02
2.359574999999999978e+00 2.489167400000000185e+01 7.165840848114965467e-02
2.364317999999999920e+00 2.477695499999999740e+01 7.141954916588384716e-02
2.369060999999999861e+00 2.475633499999999998e+01 7.131660749108653663e-02
2.373803999999999803e+00 2.486387900000000073e+01 7.139862387479398165e-02
2.378547000000000189e+00 2.477650600000000125e+01 7.120067395263615651e-02
2.383290000000000131e+00 2.481228499999999570e+01 7.118014363220265261e-02
2.388033000000000072e+00 2.479282300000000205e+01 7.108047339140405319e-02
2.392774999999999874e+00 2.481901999999999830e+01 7.104656886927193660e-02
2.397517999999999816e+00 2.480609100000000211e+01 7.095721841657971762e-02
2.402261000000000202e+00 2.475801100000000332e+01 7.081824935414318678e-02
2.407004000000000143e+00 2.470351599999999692e+01 7.066960477399389373e-02
2.411747000000000085e+00 2.478526499999999544e+01 7.071661349882714387e-02
2.416490000000000027e+00 2.475762500000000088e+01 7.060774334156701137e-02
2.421232999999999969e+00 2.474968500000000660e+01 7.052728829800349042e-02
2.425975999999999910e+00 2.469709800000000044e+01 7.038320096336411757e-02
2.430718000000000156e+00 2.476930599999999671e+01 7.041730785215165322e-02
2.435461000000000098e+00 2.469758999999999816e+01 7.024734933449303109e-02
2.440204000000000040e+00 2.476105099999999837e+01 7.029444950327230768e-02
2.444946999999999981e+00 2.472387800000000269e+01 7.014898361186353015e-02
2.449689999999999923e+00 2.472090400000000088e+01 7.007706133334430654e-02
2.454432999999999865e+00 2.473362499999999997e+01 7.002800776556764029e-02
2.459175999999999807e+00 2.458815700000000248e+01 6.975530048897073121e-02
2.463918000000000053e+00 2.463354700000000008e+01 6.975285210734324948e-02
2.468660999999999994e+00 2.463036200000000164e+01 6.968215565313977400e-02
2.473403999999999936e+00 2.477038999999999902e+01 6.981370144784188048e-02
2.478146999999999878e+00 2.470319900000000146e+01 6.965338832096325261e-02
2.482889999999999819e+00 2.466534099999999796e+01 6.953452270355135745e-02
2.487633000000000205e+00 2.471882099999999838e+01 6.954449213601823776e-02
2.492376000000000147e+00 2.464861400000000202e+01 6.938070882975828912e-02
2.497117999999999949e+00 2.476207499999999584e+01 6.947540259960929832e-02
2.501860999999999891e+00 2.459572799999999759e+01 6.917715790710977919e-02
2.506603999999999832e+00 2.471910399999999797e+01 6.928618713707876409e-02
2.511347000000000218e+00 2.463605999999999341e+01 6.910414799429626109e-02
2.516090000000000160e+00 2.470869799999999827e+01 6.908888850682286253e-02
2.520833000000000101e+00 2.462622300000000308e+01 6.883221288663615711e-02
2.525576000000000043e+00 2.477192000000000149e+01 6.889522155387846347e-02
2.530318999999999985e+00 2.468502500000000310e+01 6.866161810262848275e-02
2.535060999999999787e+00 2.465472799999999864e+01 6.855676355362466667e-02
2.539804000000000173e+00 2.470884399999999914e+01 6.856976742858109097e-02
2.544547000000000114e+00 2.460083099999999945e+01 6.835857036067971571e-02
2.549290000000000056e+00 2.458134000000000086e+01 6.827019013324189811e-02
2.554032999999999998e+00 2.459463699999999875e+01 6.822788143003122308e-02
2.558775999999999939e+00 2.465665800000000019e+01 6.825278544505490597e-02
2.563518999999999881e+00 2.460501500000000163e+01 6.812310453804934496e-02
2.568261000000000127e+00 2.462706800000000129e+01 6.814790171315841805e-02
2.573004000000000069e+00 2.455564299999999989e+01 6.806466998138975544e-02
2.577747000000000011e+00 2.460118600000000200e+01 6.814272760514507310e-02
2.582489999999999952e+00 2.452347600000000227e+01 6.801653797357228026e-02
2.587232999999999894e+00 2.451962299999999928e+01 6.795111661345086540e-02
2.591975999999999836e+00 2.456275099999999867e+01 6.795067499401016842e-02
2.596719000000000221e+00 2.460671500000000123e+01 6.795126840004975244e-02
2.601462000000000163e+00 2.461676599999999482e+01 6.790515016680914728e-02
2.606203999999999965e+00 2.453827700000000078e+01 6.773737974453322708e-02
2.610946999999999907e+00 2.461194800000000171e+01 6.777946762390361923e-02
2.615689999999999849e+00 2.460310399999999831e+01 6.770790903172538289e-02
2.620432999999999790e+00 2.449615299999999607e+01 6.750143609491282559e-02
2.625176000000000176e+00 2.459858600000000450e+01 6.758349834699442504e-02
2.629919000000000118e+00 2.452151100000000028e+01 6.741894350543992109e-02
2.634662000000000059e+00 2.456701500000000138e+01 6.743737987718680105e-02
2.639403999999999861e+00 2.457797599999999960e+01 6.740568090801471457e-02
2.644146999999999803e+00 2.458093500000000020e+01 6.732928945845487179e-02
2.648890000000000189e+00 2.462280799999999914e+01 6.732475783036281913e-02
2.653633000000000131e+00 2.449663999999999930e+01 6.710439628258940692e-02
2.658376000000000072e+00 2.453189100000000167e+01 6.709657471070933077e-02
2.663119000000000014e+00 2.455623000000000644e+01 6.706070124478269445e-02
2.667861999999999956e+00 2.442616000000000298e+01 6.682549305229180947e-02
2.672604999999999897e+00 2.451794299999999893e+01 6.689375607398496959e-02
2.677347000000000143e+00 2.457317299999999705e+01 6.691212528566478634e-02
2.682090000000000085e+00 2.447119999999999962e+01 6.671651243659923458e-02
2.686833000000000027e+00 2.450198699999999619e+01 6.670209918641016589e-02
2.691575999999999969e+00 2.443437100000000228e+01 6.655320652047652663e-02
2.696318999999999910e+00 2.457029599999999903e+01 6.668182929078281251e-02
2.701061999999999852e+00 2.462189500000000209e+01 6.669583155681170494e-02
2.705804999999999794e+00 2.467393699999999868e+01 6.671016459017846401e-02
2.710547000000000040e+00 2.457323099999999982e+01 6.651775491817205066e-02
2.715289999999999981e+00 2.454846100000000320e+01 6.642866252317067288e-02
2.720032999999999923e+00 2.443629100000000065e+01 6.622154690281102651e-02
2.724775999999999865e+00 2.446973700000000207e+01 6.621157610092134882e-02
2.729518999999999807e+00 2.459990099999999913e+01 6.633202506054899916e-02
2.734262000000000192e+00 2.458822099999999722e+01 6.626127743212244237e-02
2.739005000000000134e+00 2.443746000000000151e+01 6.600314424971510940e-02
2.743746999999999936e+00 2.450242800000000187e+01 6.603594155517131248e-02
2.748489999999999878e+00 2.446273400000000109e+01 6.592815298282819758e-02
2.753232999999999819e+00 2.449329600000000084e+01 6.591486772396877580e-02
2.757976000000000205e+00 2.443660400000000266e+01 6.578447127933992333e-02
2.762719000000000147e+00 2.441670699999999883e+01 6.570379169356591054e-02
2.767462000000000089e+00 2.450734999999999886e+01 6.577149007571136963e-02
2.772205000000000030e+00 2.448949999999999960e+01 6.569396328038520916e-02
2.776947999999999972e+00 2.455764199999999420e+01 6.573163941928270027e-02
2.781690000000000218e+00 2.448040299999999903e+01 6.557473105325176133e-02
2.786433000000000160e+00 2.447562500000000085e+01 6.551486502038220139e-02
2.791176000000000101e+00 2.442572799999999944e+01 6.539483909547451346e-02
2.795919000000000043e+00 2.451325599999999838e+01 6.545894802129957613e-02
2.800661999999999985e+00 2.446324399999999955e+01 6.535427743137321721e-02
2.805404999999999927e+00 2.440685300000000169e+01 6.521676758759362147e-02
2.810147999999999868e+00 2.441359700000000288e+01 6.520426983053641268e-02
2.814890000000000114e+00 2.457841499999999968e+01 6.537992163605964302e-02
2.819633000000000056e+00 2.470851700000000051e+01 6.676748659281775411e-02
2.824375999999999998e+00 2.453392099999999942e+01 6.792765285309511347e-02
2.829118999999999939e+00 2.437002900000000238e+01 6.857528372506015157e-02
2.833861999999999881e+00 2.451313899999999890e+01 6.949449492038201059e-02
2.838604999999999823e+00 2.444569899999999762e+01 7.000599967422935221e-02
2.843348000000000209e+00 2.438318500000000455e+01 7.021109229469514601e-02
2.848091000000000150e+00 2.440755099999999800e+01 7.045950236074620399e-02
2.852832999999999952e+00 2.450084700000000026e+01 7.080002488375480851e-02
2.857575999999999894e+00 2.447362400000000093e+01 7.095089911377304437e-02
2.862318999999999836e+00 2.432990999999999815e+01 7.091866804873735164e-02
2.867062000000000221e+00 2.441669600000000173e+01 7.121143446836961099e-02
2.871805000000000163e+00 2.449358900000000006e+01 7.148085146789172339e-02
2.876548000000000105e+00 2.437880999999999787e+01 7.146216841750464843e-02
2.881291000000000047e+00 2.446333299999999866e+01 7.139252097064369140e-02
2.886032999999999848e+00 2.453483200000000153e+01 6.945825443952433065e-02
2.890775999999999790e+00 2.454891299999999887e+01 6.838603367058949944e-02
2.895519000000000176e+00 2.452601699999999951e+01 6.761573399502220083e-02
2.900262000000000118e+00 2.440492700000000070e+01 6.686521950847242046e-02
2.905005000000000059e+00 2.451144999999999996e+01 6.664992869427843747e-02
2.909748000000000001e+00 2.446349399999999719e+01 6.641025956518464834e-02
2.914490999999999943e+00 2.435929000000000144e+01 6.611361220689956908e-02
2.919233000000000189e+00 2.446366800000000197e+01 6.611409334810468275e-02
2.923976000000000131e+00 2.438464600000000004e+01 6.587747657009715430e-02
2.928719000000000072e+00 2.441945499999999925e+01 6.580403217338282040e-02
2.933462000000000014e+00 2.440747999999999962e+01 6.567445819248073080e-02
2.938204999999999956e+00 2.448395800000000122e+01 6.566966104103097446e-02
2.942947999999999897e+00 2.443984299999999621e+01 6.550879938510779932e-02
2.947690999999999839e+00 2.444393800000000283e+01 6.541679845421816131e-02
2.952433999999999781e+00 2.449468599999999796e+01 6.539835610277525135e-02
2.957176000000000027e+00 2.446385599999999982e+01 6.527305957157976402e-02
2.961918999999999969e+00 2.446994600000000020e+01 6.518064892132632848e-02
2.966661999999999910e+00 2.438185299999999955e+01 6.497902008207956381e-02
2.971404999999999852e+00 2.440887899999999888e+01 6.493305252787288928e-02
2.976147999999999794e+00 2.439786499999999592e+01 6.483856814814774328e-02
2.980891000000000179e+00 2.442025500000000093e+01 6.479061308514297290e-02
2.985634000000000121e+00 2.444454600000000255e+01 6.474682984708517164e-02
2.990375999999999923e+00 2.441440500000000569e+01 6.464918372394426460e-02
2.995118999999999865e+00 2.442635800000000046e+01 6.457816161762039431e-02
2.999861999999999806e+00 2.444420999999999466e+01 6.452723613655478307e-02
3.004605000000000192e+00 2.444063600000000491e+01 6.445239503262620295e-02
3.009348000000000134e+00 2.449502799999999780e+01 6.445489273016517806e-02
3.014091000000000076e+00 2.447406500000000307e+01 6.437867990074742919e-02
3.018834000000000017e+00 2.443142900000000139e+01 6.423592996969376689e-02
3.023576999999999959e+00 2.445989699999999800e+01 6.420729026135038597e-02
3.028319000000000205e+00 2.440485800000000083e+01 6.406988970470683942e-02
3.033062000000000147e+00 2.444153999999999627e+01 6.405350372195575681e-02
3.037805000000000089e+00 2.433758700000000275e+01 6.385389496239754492e-02
3.042548000000000030e+00 2.444532600000000144e+01 6.393240821242540672e-02
3.047290999999999972e+00 2.443119300000000038e+01 6.385181112892256150e-02
3.052033999999999914e+00 2.443527399999999972e+01 6.379560390697153194e-02
3.056776999999999855e+00 2.440312099999999873e+01 6.369314679985045580e-02
3.061519000000000101e+00 2.441155300000000494e+01 6.364382616345358457e-02
3.066262000000000043e+00 2.432579000000000491e+01 6.347274369428503038e-02
3.071004999999999985e+00 2.437722699999999776e+01 6.349366834684541661e-02
3.075747999999999927e+00 2.443563899999999833e+01 6.351391268280595637e-02
3.080490999999999868e+00 2.433671099999999754e+01 6.332068034124080369e-02
3.085233999999999810e+00 2.437592700000000079e+01 6.330512327668670614e-02
3.089977000000000196e+00 2.440293099999999527e+01 6.330092500145792500e-02
3.094720000000000137e+00 2.434793399999999863e+01 6.315609068421509931e-02
3.099461999999999939e+00 2.450396599999999836e+01 6.330111773594364333e-02
3.104204999999999881e+00 2.435061800000000432e+01 6.304688485416468091e-02
3.108947999999999823e+00 2.439527400000000057e+01 6.304909503554036176e-02
3.113691000000000209e+00 2.440781799999999890e+01 6.301060848136288972e-02
3.118434000000000150e+00 2.434175699999999765e+01 6.287081377935870019e-02
3.123177000000000092e+00 2.447767200000000187e+01 6.299167006994337015e-02
3.127920000000000034e+00 2.435709200000000152e+01 6.278236776842205380e-02
3.132661999999999836e+00 2.440235500000000002e+01 6.278709902718232483e-02
3.137405000000000221e+00 2.438908400000000398e+01 6.271689868325522332e-02
3.142148000000000163e+00 2.441824299999999681e+01 6.270111211994727762e-02
3.146891000000000105e+00 2.432823100000000238e+01 6.254084691911598881e-02
3.151634000000000047e+00 2.440297999999999945e+01 6.258669455323311037e-02
3.156376999999999988e+00 2.434304399999999902e+01 6.244784420552081800e-02
3.161119999999999930e+00 2.442498000000000147e+01 6.250115290579046079e-02
3.165862000000000176e+00 2.438609100000000041e+01 6.244335784629619079e-02
3.170605000000000118e+00 2.436972500000000252e+01 6.235503406388052255e-02
3.175348000000000059e+00 2.428674600000000083e+01 6.217040529257550352e-02
3.180091000000000001e+00 2.433678499999999900e+01 6.218351858055959358e-02
3.184833999999999943e+00 2.427797299999999936e+01 6.205792187419105488e-02
3.189576999999999884e+00 2.440766599999999897e+01 6.217288849078189683e-02
3.194319999999999826e+00 2.432720199999999977e+01 6.200261958335066825e-02
3.199063000000000212e+00 2.440746899999999897e+01 6.199086077005867834e-02
3.203805000000000014e+00 2.431535899999999728e+01 6.175913706032817169e-02
3.208547999999999956e+00 2.438865000000000194e+01 6.177613044344716642e-02
3.213290999999999897e+00 2.445256499999999988e+01 6.180833032978159947e-02
3.218033999999999839e+00 2.438896599999999637e+01 6.167940955643382017e-02
3.222776999999999781e+00 2.432566999999999524e+01 6.155088734676048695e-02
3.227520000000000167e+00 2.445393999999999934e+01 6.166485871304337035e-02
3.232263000000000108e+00 2.439030999999999594e+01 6.153680849892444182e-02
3.237004999999999910e+00 2.434431200000000217e+01 6.143120347373067641e-02
3.241747999999999852e+00 2.430483900000000119e+01 6.133367274519600787e-02
3.246490999999999794e+00 2.434085799999999722e+01 6.133202260079069490e-02
3.251234000000000179e+00 2.437946200000000019e+01 6.135069866691413715e-02
3.255977000000000121e+00 2.442697100000000177e+01 6.142622007077760266e-02
3.260720000000000063e+00 2.441361400000000259e+01 6.142679677055120496e-02
3.265463000000000005e+00 2.443607499999999888e+01 6.143302814895502950e-02
3.270205999999999946e+00 2.445366299999999882e+01 6.140850633199525233e-02
3.274948000000000192e+00 2.431741299999999839e+01 6.119039397838847011e-02
3.279691000000000134e+00 2.431031000000000120e+01 6.113478562555690887e-02
3.284434000000000076e+00 2.435329499999999570e+01 6.114274054554309779e-02
3.289177000000000017e+00 2.445382900000000248e+01 6.122247098191398867e-02
3.293919999999999959e+00 2.440262899999999746e+01 6.111198764848677772e-02
3.298662999999999901e+00 2.438496899999999812e+01 6.104427838145028845e-02
3.303405999999999842e+00 2.437002600000000285e+01 6.097981657869840089e-02
3.308148000000000089e+00 2.436572799999999717e+01 6.092887410536403092e-02
3.312891000000000030e+00 2.442355700000000240e+01 6.095559017152323011e-02
3.317633999999999972e+00 2.435290400000000233e+01 6.082216021186357541e-02
3.322376999999999914e+00 2.437570900000000051e+01 6.080641879103883263e-02
3.327119999999999855e+00 2.439363499999999974e+01 6.079886787393330716e-02
3.331862999999999797e+00 2.437680100000000394e+01 6.071693048814143928e-02
3.336606000000000183e+00 2.443282199999999804e+01 6.074188299899584143e-02
3.341347999999999985e+00 2.442374400000000279e+01 6.068624193927648486e-02
3.346090999999999926e+00 2.438896799999999843e+01 6.059856538907913009e-02
3.350833999999999868e+00 2.429312300000000135e+01 6.043488424569373046e-02
3.355576999999999810e+00 2.438779899999999756e+01 6.050852851342693184e-02
3.360320000000000196e+00 2.431850800000000135e+01 6.037865100483199438e-02
3.365063000000000137e+00 2.430196300000000065e+01 6.031427277325740466e-02
3.369806000000000079e+00 2.437488400000000155e+01 6.036077446979122574e-02
3.374549000000000021e+00 2.459255399999999980e+01 6.058584096464205565e-02
3.379290999999999823e+00 2.451771800000000212e+01 6.112270837818298969e-02
3.384034000000000209e+00 2.434133100000000383e+01 6.233162121349724444e-02
3.388777000000000150e+00 2.430026099999999900e+01 6.310214770960415054e-02
3.393520000000000092e+00 2.431351300000000037e+01 6.376961475989798012e-02
3.398263000000000034e+00 2.435963199999999773e+01 6.421623225693406933e-02
3.403005999999999975e+00 2.432856900000000167e+01 6.434823894895803920e-02
3.407748999999999917e+00 2.424314999999999998e+01 6.420199006395674313e-02
3.412491000000000163e+00 2.431165500000000534e+01 6.432808646844004330e-02
3.417234000000000105e+00 2.435616500000000428e+01 6.455846916511728817e-02
3.421977000000000046e+00 2.449471000000000487e+01 6.489857242796485959e-02
3.426719999999999988e+00 2.427314500000000308e+01 6.473594210573366259e-02
3.431462999999999930e+00 2.430915399999999948e+01 6.491892789561840016e-02
3.436205999999999872e+00 2.425370799999999960e+01 6.498526425774693582e-02
3.440948999999999813e+00 2.436164799999999531e+01 6.524805485761625556e-02
3.445692000000000199e+00 2.439164199999999738e+01 6.541681596929568854e-02
3.450434000000000001e+00 2.426925200000000160e+01 6.534332951160279346e-02
3.455176999999999943e+00 2.433932499999999877e+01 6.554479241835083070e-02
3.459919999999999884e+00 2.434217600000000203e+01 6.565163763582748668e-02
3.464662999999999826e+00 2.434215499999999821e+01 6.575084276691516016e-02
3.469406000000000212e+00 2.435725799999999808e+01 6.586733707188867359e-02
3.474149000000000154e+00 2.435906299999999902e+01 6.596249151715011250e-02
3.478892000000000095e+00 2.431958999999999804e+01 6.599917431287757874e-02
3.483633999999999897e+00 2.434446900000000014e+01 6.611976975668321099e-02
3.488376999999999839e+00 2.422898799999999753e+01 6.604733834332841835e-02
3.493119999999999781e+00 2.424547899999999956e+01 6.615194542776878239e-02
3.497863000000000167e+00 2.429619900000000143e+01 6.630114874165227157e-02
3.502606000000000108e+00 2.428716899999999868e+01 6.636693124505080310e-02
3.507349000000000050e+00 2.425883400000000023e+01 6.640378893807792615e-02
3.512091999999999992e+00 2.423990900000000082e+01 6.645207419568857632e-02
3.516833999999999794e+00 2.426800899999999928e+01 6.656290305860465550e-02
3.521577000000000179e+00 2.434464500000000342e+01 6.673849355341862633e-02
3.526320000000000121e+00 2.436195800000000133e+01 6.683145666806314389e-02
3.531063000000000063e+00 2.423326000000000136e+01 6.672223754618321345e-02
3.535806000000000004e+00 2.425443399999999627e+01 6.681772623449334925e-02
3.540548999999999946e+00 2.435632700000000028e+01 6.702228394933808231e-02
3.545291999999999888e+00 2.435847400000000462e+01 6.708892293571569465e-02
3.550034999999999830e+00 2.438377699999999848e+01 6.718624583775982539e-02
3.554777000000000076e+00 2.432250800000000268e+01 6.716260929424497372e-02
3.559520000000000017e+00 2.430827599999999933e+01 6.720281764390016732e-02
3.564262999999999959e+00 2.434962600000000066e+01 6.731878159727713862e-02
3.569005999999999901e+00 2.431405600000000078e+01 6.734029817719178190e-02
3.573748999999999842e+00 2.432799600000000240e+01 6.743569877588873052e-02
3.578491999999999784e+00 2.440445000000000064e+01 6.756469205910584086e-02
3.583235000000000170e+00 2.439966799999999836e+01 6.761317885005481421e-02
3.587976999999999972e+00 2.437127500000000069e+01 6.760431059423356592e-02
3.592719999999999914e+00 2.430313200000000151e+01 6.745725573732970493e-02
3.597462999999999855e+00 2.440626900000000177e+01 6.754007223466895748e-02
3.602205999999999797e+00 2.437852799999999931e+01 6.744200687931151128e-02
3.606949000000000183e+00 2.439210599999999474e+01 6.740129059834906733e-02
3.611692000000000125e+00 2.436746900000000338e+01 6.735807722376210838e-02
3.616435000000000066e+00 2.454601500000000058e+01 6.767171344590219850e-02
3.621178000000000008e+00 2.448681300000000149e+01 6.840712778810334460e-02
3.625919999999999810e+00 2.448211399999999927e+01 7.084634155316137105e-02
3.630663000000000196e+00 2.439705299999999966e+01 7.210025692024059352e-02
3.635406000000000137e+00 2.436698100000000267e+01 7.308411374403399330e-02
3.640149000000000079e+00 2.437914899999999818e+01 7.386035148858351163e-02
3.644892000000000021e+00 2.443876999999999811e+01 7.445632969317585170e-02
3.649634999999999962e+00 2.427520099999999914e+01 7.468532162096980231e-02
3.654377999999999904e+00 2.439357000000000397e+01 7.528332856261073236e-02
3.659120000000000150e+00 2.433668799999999877e+01 7.561507351725051118e-02
3.663863000000000092e+00 2.440842900000000171e+01 7.613137664077145039e-02
3.668606000000000034e+00 2.433041199999999904e+01 7.640104168711117638e-02
3.673348999999999975e+00 2.437424599999999941e+01 7.685123896424572720e-02
3.678091999999999917e+00 2.426966299999999777e+01 7.705716075432250678e-02
3.682834999999999859e+00 2.429880899999999855e+01 7.746719209038493981e-02
3.687577999999999800e+00 2.426001899999999978e+01 7.776232671529446916e-02
3.692321000000000186e+00 2.423240000000000194e+01 7.806907126993313517e-02
3.697062999999999988e+00 2.427603399999999922e+01 7.848489609572596726e-02
3.701805999999999930e+00 2.424667600000000078e+01 7.877855672873995685e-02
3.706548999999999872e+00 2.425680000000000192e+01 7.913229233647853245e-02
3.711291999999999813e+00 2.429456600000000321e+01 7.952753417999265662e-02
3.716035000000000199e+00 2.428592400000000140e+01 7.984374374273166264e-02
3.720778000000000141e+00 2.431954900000000208e+01 8.022716371701234250e-02
3.725521000000000083e+00 2.433323900000000251e+01 8.057499277242909097e-02
3.730262999999999884e+00 2.432530200000000065e+01 8.088523774997077864e-02
3.735005999999999826e+00 2.421251200000000026e+01 8.101754378915346222e-02
3.739749000000000212e+00 2.432882699999999687e+01 8.153137041531191564e-02
3.744492000000000154e+00 2.421626399999999890e+01 8.165942384121871456e-02
3.749235000000000095e+00 2.429001699999999886e+01 8.209967451763861002e-02
3.753978000000000037e+00 2.437647199999999970e+01 8.256133096221016099e-02
3.758720999999999979e+00 2.434936899999999937e+01 8.282895504714579693e-02
3.763462999999999781e+00 2.427497299999999925e+01 8.301495672536968184e-02
3.768206000000000166e+00 2.435644700000000284e+01 8.346616396136041782e-02
3.772949000000000108e+00 2.425606499999999954e+01 8.360478793904151107e-02
3.777692000000000050e+00 2.430859799999999638e+01 8.400544963490226558e-02
3.782434999999999992e+00 2.412696100000000143e+01 8.399978809860057793e-02
3.787177999999999933e+00 2.425265999999999877e+01 8.452739665137924685e-02
3.791920999999999875e+00 2.429367399999999932e+01 8.490834928765192413e-02
3.796663999999999817e+00 2.434718700000000169e+01 8.531071484979890762e-02
3.801406000000000063e+00 2.422860800000000125e+01 8.541144206552481188e-02
3.806149000000000004e+00 2.419601899999999972e+01 8.566200915689756168e-02
3.810891999999999946e+00 2.426614499999999808e+01 8.609430074850192571e-02
3.815634999999999888e+00 2.424043600000000254e+01 8.635669757908415178e-02
3.820377999999999830e+00 2.420176599999999922e+01 8.659625066305122465e-02
3.825121000000000215e+00 2.424777800000000028e+01 8.698712296433076807e-02
3.829864000000000157e+00 2.431554899999999719e+01 8.741810334073887856e-02
3.834605999999999959e+00 2.434226600000000218e+01 8.777612389397357329e-02
3.839348999999999901e+00 2.427935800000000199e+01 8.797302921268426723e-02
3.844091999999999842e+00 2.440420199999999795e+01 8.850980568162207518e-02
3.848834999999999784e+00 2.430007199999999656e+01 8.863442287342880588e-02
3.853578000000000170e+00 2.431441099999999977e+01 8.901925035132737807e-02
3.858321000000000112e+00 2.434503600000000034e+01 8.933775182638915846e-02
3.863064000000000053e+00 2.431074300000000221e+01 8.958831856080344547e-02
3.867806999999999995e+00 2.437054499999999990e+01 9.001287662025805880e-02
3.872548999999999797e+00 2.440853299999999848e+01 9.039749955046433305e-02
3.877292000000000183e+00 2.427407099999999929e+01 9.046321516911776106e-02
3.882035000000000124e+00 2.419148500000000368e+01 9.062525490758024937e-02
3.886778000000000066e+00 2.438195999999999941e+01 9.129910346432981716e-02
3.891521000000000008e+00 2.439172200000000146e+01 9.163569525364392843e-02
3.896263999999999950e+00 2.439920299999999997e+01 9.196922883573452334e-02
3.901006999999999891e+00 2.420517000000000252e+01 9.192149700815854807e-02
3.905749000000000137e+00 2.420052199999999942e+01 9.223365290525634141e-02
3.910492000000000079e+00 2.424272999999999811e+01 9.263634632333359042e-02
3.915235000000000021e+00 2.433637100000000331e+01 9.313846079716961435e-02
3.919977999999999962e+00 2.424054199999999781e+01 9.323844585862421652e-02
3.924720999999999904e+00 2.424111699999999914e+01 9.332243706276589779e-02
3.929463999999999846e+00 2.411979099999999931e+01 9.315996924724964656e-02
3.934206999999999788e+00 2.416370700000000227e+01 9.336739606318310292e-02
3.938949000000000034e+00 2.422352300000000724e+01 9.358512878721757244e-02
3.943691999999999975e+00 2.426880299999999835e+01 9.377399375755038347e-02
3.948434999999999917e+00 2.417438099999999679e+01 9.369164796739888612e-02
3.953177999999999859e+00 2.421669300000000291e+01 9.390009975315680157e-02
3.957920999999999800e+00 2.423804700000000167e+01 9.410744477300400646e-02
3.962664000000000186e+00 2.416020100000000070e+01 9.396451174571068821e-02
3.967407000000000128e+00 2.404725499999999982e+01 9.398600155438840975e-02
3.972150000000000070e+00 2.415469199999999717e+01 9.451350031161104281e-02
3.976891999999999872e+00 2.418619000000000341e+01 9.489396159179572243e-02
3.981634999999999813e+00 2.412782899999999842e+01 9.509955776995494825e-02
3.986378000000000199e+00 2.432665499999999881e+01 9.581387597895463237e-02
3.991121000000000141e+00 2.421384900000000329e+01 9.591483827707472654e-02
3.995864000000000082e+00 2.420942000000000149e+01 9.623171079332061562e-02
4.000606999999999580e+00 2.425986499999999779e+01 9.665937097053962923e-02
4.005349999999999966e+00 2.434447200000000322e+01 9.715766048666518717e-02
4.010092000000000212e+00 2.434498699999999616e+01 9.749009297457100764e-02
4.014834999999999710e+00 2.414519800000000060e+01 9.742090985811464876e-02
4.019578000000000095e+00 2.415852699999999942e+01 9.778190896248396824e-02
4.024320999999999593e+00 2.411501200000000011e+01 9.802839099473989459e-02
4.029063999999999979e+00 2.429965599999999526e+01 9.874175219555150762e-02
4.033807000000000365e+00 2.451189600000000013e+01 9.951351199977667705e-02
4.038549999999999862e+00 2.424136399999999725e+01 9.930496365912934442e-02
4.043293000000000248e+00 2.426552699999999874e+01 9.969825967389099597e-02
4.048034999999999606e+00 2.418844499999999798e+01 9.988549605996208114e-02
4.052777999999999992e+00 2.424854500000000002e+01 1.003574106448880954e-01
4.057521000000000377e+00 2.419691100000000361e+01 1.006002277747669871e-01
4.062263999999999875e+00 2.425636600000000342e+01 1.010761049525485122e-01
4.067007000000000261e+00 2.432200899999999777e+01 1.015679786120241568e-01
4.071749999999999758e+00 2.428502399999999994e+01 1.018476231567570778e-01
4.076493000000000144e+00 2.410923000000000371e+01 1.018359593682516551e-01
4.081235000000000390e+00 2.427310299999999899e+01 1.025424708913569988e-01
4.085977999999999888e+00 2.423132999999999626e+01 1.028181882611184789e-01
4.090721000000000274e+00 2.442885399999999763e+01 1.036039990508286490e-01
4.095463999999999771e+00 2.424802699999999689e+01 1.035882591589090129e-01
4.100207000000000157e+00 2.424516500000000008e+01 1.039529853437018980e-01
4.104949999999999655e+00 2.434459000000000017e+01 1.045412066725848604e-01
4.109693000000000040e+00 2.429719799999999807e+01 1.048154354436077462e-01
4.114436000000000426e+00 2.438400799999999791e+01 1.053822573241283422e-01
4.119177999999999784e+00 2.431254800000000316e+01 1.056104211528819670e-01
4.123921000000000170e+00 2.424833500000000441e+01 1.058546818404816625e-01
4.128663999999999668e+00 2.442822500000000474e+01 1.066357375257821483e-01
4.133407000000000053e+00 2.425104400000000027e+01 1.066388059286444562e-01
4.138150000000000439e+00 2.433687499999999915e+01 1.072205188812421356e-01
4.142892999999999937e+00 2.436793000000000120e+01 1.076857665321160340e-01
4.147636000000000323e+00 2.419859699999999947e+01 1.077089886023125664e-01
4.152377999999999680e+00 2.438286700000000096e+01 1.085220765648285124e-01
4.157121000000000066e+00 2.425460999999999956e+01 1.086413331794566089e-01
4.161863999999999564e+00 2.429867499999999580e+01 1.091489810120296056e-01
4.166606999999999950e+00 2.443277099999999535e+01 1.098626040339564514e-01
4.171350000000000335e+00 2.425739200000000295e+01 1.098819030902381949e-01
4.176092999999999833e+00 2.442513999999999896e+01 1.106876563221879800e-01
4.180836000000000219e+00 2.442515099999999961e+01 1.112635221280402487e-01
4.185577999999999577e+00 2.451730900000000091e+01 1.117822340555067739e-01
4.190320999999999962e+00 2.437717800000000423e+01 1.118521085474087073e-01
4.195064000000000348e+00 2.419196900000000383e+01 1.118579423083506247e-01
4.199806999999999846e+00 2.425766899999999993e+01 1.124452360304566134e-01
4.204550000000000232e+00 2.432178900000000255e+01 1.130346982382038484e-01
4.209292999999999729e+00 2.428323100000000068e+01 1.133897436052723473e-01
4.214036000000000115e+00 2.432262700000000066e+01 1.139290434603657254e-01
4.218778999999999613e+00 2.423780900000000216e+01 1.141824230950534702e-01
4.223520999999999859e+00 2.437181099999999745e+01 1.149546409769853506e-01
4.228264000000000244e+00 2.438664299999999940e+01 1.154508706412498142e-01
4.233006999999999742e+00 2.428629299999999702e+01 1.156769843832639866e-01
4.237750000000000128e+00 2.440085700000000202e+01 1.164192464489935547e-01
4.242492999999999626e+00 2.435759800000000297e+01 1.167903512017555434e-01
4.247236000000000011e+00 2.426566299999999643e+01 1.170462821679748994e-01
4.251979000000000397e+00 2.435921800000000204e+01 1.177595023991138412e-01
4.256720999999999755e+00 2.443233500000000191e+01 1.186240733104263201e-01
4.261464000000000141e+00 2.414853600000000355e+01 1.182589498679765816e-01
4.266206999999999638e+00 2.439838600000000213e+01 1.193277452671150513e-01
4.270950000000000024e+00 2.414988200000000163e+01 1.192190669120711533e-01
4.275693000000000410e+00 2.440647900000000092e+01 1.203574044523298137e-01
4.280435999999999908e+00 2.443480800000000031e+01 1.209409960391595318e-01
4.285179000000000293e+00 2.434314799999999579e+01 1.212312895020782183e-01
4.289921999999999791e+00 2.414878900000000073e+01 1.212669030953866522e-01
4.294664000000000037e+00 2.427658000000000271e+01 1.221154597083555088e-01
4.299407000000000423e+00 2.455076400000000447e+01 1.233380889352380799e-01
4.304149999999999920e+00 2.448332200000000469e+01 1.237091315703416489e-01
4.308893000000000306e+00 2.433324400000000054e+01 1.238758075593442837e-01
4.313635999999999804e+00 2.427507299999999901e+01 1.242768281730025348e-01
4.318379000000000190e+00 2.439530699999999896e+01 1.251420710384597013e-01
4.323121999999999687e+00 2.424103000000000208e+01 1.253960124440869073e-01
4.327863999999999933e+00 2.443830800000000281e+01 1.264499492463262986e-01
4.332607000000000319e+00 2.422209399999999846e+01 1.264018641966584977e-01
4.337349999999999817e+00 2.455542899999999662e+01 1.278547815680746991e-01
4.342093000000000202e+00 2.430073200000000000e+01 1.277792427962961552e-01
4.346835999999999700e+00 2.445423199999999753e+01 1.287795639734375663e-01
4.351579000000000086e+00 2.442703400000000258e+01 1.293115826595460094e-01
4.356321999999999584e+00 2.429743799999999965e+01 1.295784363052942534e-01
4.361063999999999830e+00 2.421691599999999767e+01 1.299802107581730926e-01
4.365807000000000215e+00 2.456417300000000026e+01 1.315377225123721128e-01
4.370549999999999713e+00 2.434377099999999672e+01 1.315785386040709826e-01
4.375293000000000099e+00 2.446270700000000176e+01 1.325421891909010219e-01
4.380035999999999596e+00 2.456698899999999952e+01 1.335375876676776763e-01
4.384778999999999982e+00 2.418533700000000053e+01 1.332048354699036374e-01
4.389522000000000368e+00 2.434512400000000198e+01 1.341959368167400801e-01
4.394264999999999866e+00 2.429945800000000133e+01 1.347284110460507389e-01
4.399007000000000112e+00 2.427560100000000176e+01 1.349262369515617788e-01
4.403749999999999609e+00 2.436870900000000262e+01 1.352776265641218445e-01
4.408492999999999995e+00 2.447570599999999885e+01 1.356662620976191724e-01
4.413236000000000381e+00 2.423494699999999824e+01 1.350876932758013904e-01
4.417978999999999878e+00 2.448320500000000166e+01 1.358689113416336469e-01
4.422722000000000264e+00 2.412177999999999756e+01 1.349534948971581882e-01
4.427464999999999762e+00 2.423191999999999879e+01 1.353482951308911109e-01
4.432207000000000008e+00 2.442894199999999927e+01 1.359871917705825495e-01
4.436950000000000394e+00 2.446909099999999881e+01 1.362625775253363536e-01
4.441692999999999891e+00 2.443890400000000085e+01 1.367950804767499862e-01
4.446436000000000277e+00 2.423371699999999862e+01 1.369177837531012631e-01
4.451178999999999775e+00 2.440715299999999743e+01 1.381146375278963778e-01
4.455922000000000160e+00 2.449930399999999864e+01 1.390946566618002644e-01
4.460664999999999658e+00 2.451891699999999830e+01 1.398806418525054551e-01
4.465408000000000044e+00 2.443248100000000278e+01 1.403731568728063539e-01
4.470150000000000290e+00 2.441664999999999708e+01 1.410766291936906836e-01
4.474892999999999788e+00 2.434319699999999997e+01 1.416233767228207152e-01
4.479636000000000173e+00 2.423850499999999641e+01 1.420858128554620958e-01
4.484378999999999671e+00 2.432747799999999927e+01 1.431278480658156327e-01
4.489122000000000057e+00 2.432997300000000251e+01 1.439278774428911778e-01
4.493865000000000443e+00 2.435135799999999762e+01 1.447957659426431509e-01
4.498607999999999940e+00 2.433810100000000176e+01 1.455729640349343879e-01
4.503350000000000186e+00 2.441840000000000188e+01 1.466430372342038546e-01
4.508092999999999684e+00 2.453782600000000258e+01 1.478468086509100166e-01
4.512836000000000070e+00 2.450869400000000198e+01 1.486170320881903539e-01
4.517578999999999567e+00 2.461543499999999796e+01 1.498136007751312282e-01
4.522321999999999953e+00 2.439694300000000027e+01 1.500304450659251942e-01
4.527065000000000339e+00 2.429463299999999748e+01 1.506123346427871434e-01
4.531807999999999836e+00 2.424270199999999775e+01 1.513615362821588706e-01
4.536551000000000222e+00 2.427202400000000537e+01 1.523782477159168203e-01
4.541292999999999580e+00 2.457208100000000073e+01 1.542644036878446645e-01
4.546035999999999966e+00 2.418958500000000100e+01 1.540155292449407742e-01
4.550779000000000352e+00 2.433430299999999846e+01 1.554499112770895142e-01
4.555521999999999849e+00 2.486588300000000373e+01 1.581425945973651825e-01
4.560265000000000235e+00 2.482149899999999931e+01 1.590190930972331385e-01
4.565007999999999733e+00 2.450080299999999767e+01 1.590225205684326903e-01
4.569751000000000118e+00 2.437848299999999924e+01 1.596708128447222041e-01
4.574493000000000364e+00 2.452737099999999870e+01 1.612291964919762843e-01
4.579235999999999862e+00 2.446622899999999845e+01 1.621163459192304646e-01
4.583979000000000248e+00 2.436889199999999889e+01 1.629008131138172111e-01
4.588721999999999746e+00 2.440672399999999698e+01 1.641572526261051435e-01
4.593465000000000131e+00 2.456841299999999961e+01 1.658552927953437506e-01
4.598207999999999629e+00 2.442196399999999912e+01 1.665340152346249658e-01
4.602951000000000015e+00 2.470307699999999684e+01 1.686956295685644036e-01
4.607693000000000261e+00 2.460410599999999803e+01 1.695847200445367298e-01
4.612435999999999758e+00 2.453255500000000211e+01 1.705884655151651830e-01
4.617179000000000144e+00 2.430278799999999961e+01 1.710579043417281009e-01
4.621921999999999642e+00 2.463347800000000376e+01 1.735260845454449086e-01
4.626665000000000028e+00 2.458648600000000073e+01 1.746959057434383511e-01
4.631408000000000413e+00 2.433968700000000140e+01 1.751722216473371174e-01
4.636150999999999911e+00 2.460407699999999664e+01 1.775155308487316452e-01
4.640894000000000297e+00 2.441571400000000125e+01 1.782563753710320886e-01
4.645635999999999655e+00 2.460276499999999800e+01 1.803929529636038587e-01
4.650379000000000040e+00 2.443274800000000013e+01 1.812564335613222055e-01
4.655122000000000426e+00 2.451843699999999870e+01 1.831002192592280919e-01
4.659864999999999924e+00 2.442685699999999827e+01 1.843170175468220040e-01
4.664608000000000310e+00 2.466851400000000183e+01 1.868338430760329572e-01
4.669350999999999807e+00 2.453187899999999644e+01 1.879566597953395424e-01
4.674094000000000193e+00 2.419801400000000058e+01 1.883469667689360305e-01
4.678836000000000439e+00 2.456454799999999494e+01 1.914956638390679089e-01
4.683578999999999937e+00 2.452626099999999809e+01 1.931185728656298894e-01
4.688322000000000322e+00 2.444883199999999945e+01 1.946294588612805243e-01
4.693064999999999820e+00 2.452866699999999867e+01 1.968186844778043176e-01
4.697808000000000206e+00 2.480375699999999739e+01 1.998503636274868156e-01
4.702550999999999704e+00 2.468679700000000210e+01 2.013651971540918739e-01
4.707294000000000089e+00 2.473733000000000004e+01 2.036160609609151406e-01
4.712036999999999587e+00 2.429072699999999685e+01 2.038556168251387801e-01
4.716778999999999833e+00 2.440802000000000049e+01 2.065008548862640736e-01
4.721522000000000219e+00 2.436516100000000051e+01 2.085371793870946511e-01
4.726264999999999716e+00 2.452789199999999781e+01 2.115306354591733606e-01
4.731008000000000102e+00 2.478326600000000468e+01 2.150128180970574121e-01
4.735750999999999600e+00 2.458623899999999907e+01 2.166125004110554531e-01
4.740493999999999986e+00 2.467651000000000039e+01 2.195493183056631548e-01
4.745237000000000371e+00 2.467611700000000141e+01 2.221732334293323452e-01
4.749978999999999729e+00 2.478538900000000211e+01 2.253945010722810394e-01
4.754722000000000115e+00 2.458670400000000456e+01 2.273065601397214475e-01
4.759464999999999613e+00 2.460516700000000156e+01 2.303147709345677308e-01
4.764207999999999998e+00 2.465357299999999796e+01 2.335768563959000343e-01
4.768951000000000384e+00 2.407020499999999785e+01 2.339140088565409281e-01
4.773693999999999882e+00 2.445030099999999962e+01 2.390283556978637924e-01
4.778437000000000268e+00 2.457845699999999667e+01 2.430714563163626496e-01
4.783178999999999625e+00 2.416739299999999702e+01 2.445618747380879088e-01
4.787922000000000011e+00 2.444622700000000037e+01 2.496795855768695060e-01
4.792665000000000397e+00 2.490759000000000256e+01 2.559384978028768631e-01
4.797407999999999895e+00 2.450911699999999627e+01 2.579495017587228878e-01
4.802151000000000280e+00 2.482329200000000213e+01 2.638868773790775113e-01
4.806893999999999778e+00 2.488529300000000077e+01 2.687273076905724034e-01
4.811637000000000164e+00 2.458333499999999816e+01 2.718061058857716428e-01
4.816379999999999661e+00 2.497361300000000028e+01 2.789615585383847796e-01
4.821121999999999908e+00 2.491907499999999942e+01 2.839365459070441466e-01
4.825865000000000293e+00 2.451734199999999930e+01 2.871817704987402187e-01
4.830607999999999791e+00 2.472725000000000506e+01 2.943092045972945936e-01
4.835351000000000177e+00 2.531601000000000212e+01 3.041386119250564235e-01
4.840093999999999674e+00 2.501760699999999815e+01 3.090639112164540458e-01
4.844837000000000060e+00 2.486214599999999919e+01 3.152646026138227753e-01
4.849579999999999558e+00 2.446501299999999901e+01 3.203531029060853741e-01
4.854321999999999804e+00 2.495317700000000372e+01 3.318068969808343205e-01
4.859065000000000190e+00 2.497232500000000144e+01 3.408710262056017237e-01
4.863807999999999687e+00 2.503577899999999801e+01 3.510074953029778122e-01
4.868551000000000073e+00 2.484646400000000099e+01 3.602036774759802551e-01
4.873293999999999571e+00 2.537585100000000438e+01 3.756644495494217417e-01
4.878036999999999956e+00 2.514675199999999933e+01 3.867470677520515876e-01
4.882780000000000342e+00 2.522279199999999832e+01 4.015096255003235415e-01
4.887522999999999840e+00 2.483182000000000045e+01 4.141190164670417451e-01
4.892265000000000086e+00 2.564590600000000364e+01 4.388717738020981862e-01
4.897007999999999583e+00 2.534281599999999912e+01 4.566769057098464257e-01
4.901750999999999969e+00 2.578662799999999677e+01 4.844023052667379980e-01
4.906494000000000355e+00 2.557797899999999913e+01 5.101519916413146394e-01
4.911236999999999853e+00 2.515715300000000099e+01 5.387596493447611712e-01
4.915980000000000238e+00 2.562934700000000632e+01 5.842301202079365208e-01
4.920722999999999736e+00 2.474804500000000118e+01 6.242767270287192805e-01
4.925464999999999982e+00 2.615378400000000170e+01 7.096640370565144851e-01
4.930208000000000368e+00 2.485231499999999727e+01 7.845423497930561485e-01
4.934950999999999866e+00 2.664225400000000121e+01 9.613989110651676162e-01
4.939694000000000251e+00 2.359484800000000249e+01 1.168322469635896255e+00
4.944436999999999749e+00 7.949167099999999486e+00 1.174890863706884891e+00