# copyC
# Sample c= 0.0 mg/ml
#
# Number of frames collected: 10
# Exposure time per frame: 0.5
# No significant radiation damage detected, merging 10 files
# Merged from: /data/visitor/mx1905/bm29/20170412/Poker/1d/Sxl_10gs_249_00001.dat
# Merged from: /data/visitor/mx1905/bm29/20170412/Poker/1d/Sxl_10gs_249_00002.dat
# Merged from: /data/visitor/mx1905/bm29/20170412/Poker/1d/Sxl_10gs_249_00003.dat
# Merged from: /data/visitor/mx1905/bm29/20170412/Poker/1d/Sxl_10gs_249_00004.dat
# Merged from: /data/visitor/mx1905/bm29/20170412/Poker/1d/Sxl_10gs_249_00005.dat
# Merged from: /data/visitor/mx1905/bm29/20170412/Poker/1d/Sxl_10gs_249_00006.dat
# Merged from: /data/visitor/mx1905/bm29/20170412/Poker/1d/Sxl_10gs_249_00007.dat
# Merged from: /data/visitor/mx1905/bm29/20170412/Poker/1d/Sxl_10gs_249_00008.dat
# Merged from: /data/visitor/mx1905/bm29/20170412/Poker/1d/Sxl_10gs_249_00009.dat
# Merged from: /data/visitor/mx1905/bm29/20170412/Poker/1d/Sxl_10gs_249_00010.dat
#
# Sample Information:
# Storage Temperature (degrees C): 20.0
# Measurement Temperature (degrees C): 20.03
# Concentration: 0.0
# Code: 
3.082862000000000102e-02 6.096723799999999756e+02 8.382414762088608029e+00
3.557148999999999728e-02 1.169888199999999870e+03 4.787882028533389622e+00
4.031434999999999880e-02 1.137376299999999901e+03 3.109822418503778163e+00
4.505722000000000199e-02 8.887656500000000506e+02 1.954744226215885394e+00
4.980007999999999657e-02 6.066341099999999642e+02 1.446095481991165110e+00
5.454294999999999977e-02 4.321001899999999978e+02 1.148178463895282331e+00
5.928581000000000129e-02 3.143670400000000313e+02 9.310393585417482409e-01
6.402868000000000448e-02 2.436842499999999632e+02 7.815564161194250570e-01
6.877154000000000600e-02 1.973613999999999749e+02 6.756275682765616741e-01
7.351441000000000225e-02 1.610764800000000037e+02 5.881479103714387646e-01
7.825727999999999851e-02 1.336650699999999858e+02 5.157540052040895384e-01
8.300014000000000003e-02 1.131616700000000009e+02 4.593808703161136320e-01
8.774300999999999628e-02 9.788170399999998494e+01 4.145436050203283318e-01
9.248586999999999780e-02 8.631040900000000704e+01 3.782922815492671953e-01
9.722873999999999406e-02 7.652795699999998646e+01 3.458696429466454059e-01
1.019715999999999956e-01 6.885024900000000514e+01 3.197182757970835620e-01
1.067145000000000038e-01 6.370114599999999427e+01 3.001820970758484752e-01
1.114572999999999953e-01 5.821203399999999561e+01 2.804621681934025279e-01
1.162002000000000035e-01 5.392002000000000095e+01 2.640273132809961565e-01
1.209430999999999978e-01 5.138843100000000419e+01 2.523456445398646331e-01
1.256858999999999893e-01 4.865109199999999845e+01 2.406296291773484253e-01
1.304288000000000114e-01 4.609582300000000288e+01 2.297399434815743935e-01
1.351717000000000057e-01 4.409936199999999928e+01 2.205035004887935801e-01
1.399144999999999972e-01 4.224828099999999864e+01 2.119110826128135783e-01
1.446573999999999915e-01 4.046461599999999237e+01 2.037880507416588161e-01
1.494003000000000136e-01 3.917590899999999010e+01 1.971644383719100002e-01
1.541431000000000051e-01 3.799764800000000520e+01 1.913351000042532724e-01
1.588859999999999995e-01 3.698605100000000334e+01 1.857844562180098191e-01
1.636287999999999909e-01 3.582272400000000090e+01 1.800559047743305885e-01
1.683717000000000130e-01 3.527691199999999583e+01 1.760481582661798383e-01
1.731146000000000074e-01 3.469579300000000188e+01 1.720888970666379358e-01
1.778573999999999988e-01 3.372650599999999343e+01 1.672853506829722614e-01
1.826002999999999932e-01 3.341337600000000663e+01 1.642468001755090223e-01
1.873431999999999875e-01 3.277855000000000274e+01 1.605353570934976437e-01
1.920860000000000067e-01 3.222804499999999450e+01 1.571273796655258403e-01
1.968289000000000011e-01 3.176269099999999668e+01 1.540167003256516787e-01
2.015717999999999954e-01 3.135624399999999667e+01 1.511546874314693700e-01
2.063145999999999869e-01 3.096566399999999675e+01 1.484095523015732110e-01
2.110575000000000090e-01 3.032823600000000397e+01 1.450051158914598681e-01
2.158004000000000033e-01 3.026355699999999871e+01 1.431896969102993689e-01
2.205431999999999948e-01 2.992057199999999995e+01 1.407990378766051653e-01
2.252860999999999891e-01 2.966429500000000274e+01 1.386808538331640028e-01
2.300290000000000112e-01 2.943291599999999875e+01 1.366731764460854259e-01
2.347718000000000027e-01 2.934081899999999976e+01 1.350321435909657697e-01
2.395146999999999970e-01 2.926663500000000084e+01 1.334815803101633835e-01
2.442575999999999914e-01 2.889653299999999803e+01 1.313029656859787120e-01
2.490004000000000106e-01 2.889122000000000412e+01 1.299940565237503454e-01
2.537433000000000050e-01 2.841829899999999753e+01 1.276702700594131989e-01
2.584861999999999993e-01 2.841478200000000243e+01 1.264574791217510374e-01
2.632289999999999908e-01 2.847226600000000118e+01 1.254209234913082338e-01
2.679718999999999851e-01 2.825210000000000221e+01 1.238036532501456677e-01
2.727146999999999766e-01 2.798266399999999976e+01 1.221088304441005634e-01
2.774576000000000264e-01 2.807606599999999730e+01 1.212722428653803669e-01
2.822005000000000208e-01 2.761251199999999884e+01 1.192877320612807102e-01
2.869433000000000122e-01 2.752513499999999880e+01 1.180865629979478137e-01
2.916862000000000066e-01 2.742144600000000310e+01 1.168723211170100001e-01
2.964291000000000009e-01 2.750216199999999844e+01 1.160805398037866726e-01
3.011718999999999924e-01 2.750730000000000430e+01 1.151529866523652024e-01
3.059147999999999867e-01 2.747506599999999821e+01 1.141700909401665437e-01
3.106576999999999811e-01 2.730647499999999894e+01 1.129220262060706137e-01
3.154004999999999725e-01 2.723126300000000199e+01 1.118978863861360001e-01
3.201434000000000224e-01 2.722408599999999268e+01 1.110390111790509476e-01
3.248863000000000167e-01 2.703954399999999936e+01 1.098351288125866410e-01
3.296291000000000082e-01 2.710981800000000064e+01 1.091617386158593439e-01
3.343720000000000026e-01 2.718100400000000150e+01 1.085105778719245295e-01
3.391148999999999969e-01 2.711053599999999619e+01 1.087280012015203051e-01
3.438576999999999884e-01 2.699008199999999391e+01 1.098881637046060511e-01
3.486005999999999827e-01 2.689094899999999910e+01 1.124783046954300342e-01
3.533434999999999770e-01 2.682878799999999586e+01 1.144090682545112064e-01
3.580863000000000240e-01 2.687851699999999866e+01 1.159386137307316655e-01
3.628292000000000184e-01 2.679951300000000103e+01 1.169098838108288269e-01
3.675720000000000098e-01 2.677351900000000029e+01 1.178149963001141193e-01
3.723149000000000042e-01 2.676357199999999992e+01 1.186600993111850688e-01
3.770577999999999985e-01 2.668327000000000382e+01 1.192748551099966636e-01
3.818005999999999900e-01 2.661550299999999680e+01 1.197587806341251226e-01
3.865434999999999843e-01 2.667480199999999968e+01 1.204836584985798098e-01
3.912863999999999787e-01 2.645576300000000103e+01 1.204691307804003353e-01
3.960292000000000256e-01 2.636576900000000023e+01 1.207582564416168625e-01
4.007721000000000200e-01 2.678802299999999903e+01 1.222417077863672541e-01
4.055150000000000143e-01 2.667835499999999982e+01 1.261956954820627197e-01
4.102578000000000058e-01 2.673689699999999903e+01 1.296284789517693214e-01
4.150007000000000001e-01 2.662542799999999943e+01 1.321905086179510636e-01
4.197435999999999945e-01 2.660308500000000009e+01 1.341701556535070394e-01
4.244863999999999860e-01 2.661025200000000268e+01 1.363610570294763458e-01
4.292292999999999803e-01 2.667601799999999912e+01 1.386151889409201754e-01
4.339721999999999746e-01 2.655614399999999975e+01 1.404210453630743982e-01
4.387150000000000216e-01 2.649814300000000600e+01 1.423139241667673305e-01
4.434579000000000160e-01 2.636759799999999743e+01 1.440484927334579890e-01
4.482008000000000103e-01 2.651095099999999860e+01 1.468782383408682723e-01
4.529436000000000018e-01 2.655471399999999704e+01 1.493953092046641229e-01
4.576864999999999961e-01 2.648671500000000378e+01 1.507620465318207925e-01
4.624293999999999905e-01 2.633327600000000146e+01 1.515769589969455100e-01
4.671721999999999819e-01 2.662469099999999500e+01 1.516603730415011786e-01
4.719150999999999763e-01 2.642659599999999998e+01 1.451481709680311483e-01
4.766579000000000232e-01 2.642769499999999994e+01 1.424182130964526394e-01
4.814008000000000176e-01 2.648128300000000124e+01 1.407515792605177063e-01
4.861437000000000119e-01 2.640722399999999581e+01 1.391710538875958192e-01
4.908865000000000034e-01 2.641883500000000140e+01 1.380667419994619782e-01
4.956293999999999977e-01 2.617497900000000044e+01 1.364609236337402942e-01
5.003722999999999921e-01 2.640769799999999989e+01 1.362042478174153581e-01
5.051151000000000391e-01 2.632461299999999937e+01 1.352181417225033488e-01
5.098580000000000334e-01 2.628174800000000033e+01 1.344056201782075632e-01
5.146009000000000277e-01 2.636327799999999755e+01 1.339639968190745045e-01
5.193436999999999637e-01 2.614715199999999840e+01 1.328034146843307117e-01
5.240865999999999580e-01 2.619089299999999909e+01 1.323418992696988039e-01
5.288294999999999524e-01 2.626300000000000523e+01 1.319812793550520780e-01
5.335722999999999994e-01 2.624873900000000049e+01 1.311697776126292125e-01
5.383151999999999937e-01 2.633006800000000069e+01 1.304248040375322881e-01
5.430580999999999881e-01 2.636193999999999704e+01 1.295946296110857265e-01
5.478009000000000350e-01 2.633125800000000183e+01 1.286456986761737864e-01
5.525438000000000294e-01 2.609954799999999864e+01 1.272398048281012384e-01
5.572867000000000237e-01 2.623185600000000051e+01 1.267441648779843999e-01
5.620294999999999597e-01 2.623040200000000510e+01 1.259502917712487791e-01
5.667723999999999540e-01 2.617056400000000238e+01 1.250420162566870941e-01
5.715152000000000010e-01 2.624817699999999832e+01 1.244839523614987842e-01
5.762580999999999953e-01 2.607217499999999788e+01 1.233411689235451442e-01
5.810009999999999897e-01 2.603832899999999739e+01 1.225898308099860473e-01
5.857438000000000367e-01 2.609624000000000166e+01 1.223591503770707078e-01
5.904867000000000310e-01 2.591988299999999867e+01 1.216518021961175144e-01
5.952296000000000253e-01 2.610931099999999816e+01 1.218008524273886117e-01
5.999723999999999613e-01 2.610602400000000145e+01 1.216305745006723144e-01
6.047152999999999556e-01 2.624009199999999709e+01 1.216341743403061837e-01
6.094581999999999500e-01 2.609830800000000295e+01 1.209160992012010827e-01
6.142009999999999970e-01 2.603398999999999930e+01 1.205972138261249410e-01
6.189438999999999913e-01 2.580285699999999949e+01 1.196708083707091752e-01
6.236867999999999856e-01 2.611799300000000201e+01 1.201214974643202565e-01
6.284296000000000326e-01 2.616243099999999799e+01 1.199501962269662048e-01
6.331725000000000270e-01 2.593645199999999562e+01 1.191578903829356301e-01
6.379154000000000213e-01 2.594545499999999905e+01 1.189082325856040123e-01
6.426581999999999573e-01 2.593969599999999787e+01 1.186283151677064857e-01
6.474010999999999516e-01 2.609679400000000626e+01 1.187222407653127920e-01
6.521439999999999459e-01 2.600378900000000115e+01 1.182451383600010980e-01
6.568867999999999929e-01 2.601206699999999472e+01 1.180013212337213541e-01
6.616296999999999873e-01 2.595831099999999836e+01 1.176202563285610320e-01
6.663725999999999816e-01 2.613735899999999646e+01 1.177676657807651406e-01
6.711154000000000286e-01 2.600388600000000139e+01 1.172088292999128034e-01
6.758583000000000229e-01 2.588331900000000019e+01 1.166819933933963965e-01
6.806010999999999589e-01 2.597910999999999859e+01 1.166453650332099634e-01
6.853439999999999532e-01 2.573332700000000273e+01 1.158438298321351895e-01
6.900868999999999476e-01 2.600199400000000338e+01 1.161963373695040352e-01
6.948296999999999946e-01 2.600049500000000080e+01 1.159442203243861574e-01
6.995725999999999889e-01 2.592407000000000750e+01 1.155281240243006824e-01
7.043154999999999832e-01 2.591028999999999627e+01 1.152544639676064825e-01
7.090583000000000302e-01 2.574851300000000265e+01 1.146510730704527470e-01
7.138012000000000246e-01 2.595019800000000032e+01 1.148568243443858217e-01
7.185441000000000189e-01 2.597231000000000023e+01 1.146663010811048988e-01
7.232868999999999549e-01 2.585896500000000131e+01 1.141790861628187992e-01
7.280297999999999492e-01 2.613351899999999972e+01 1.145450882341761678e-01
7.327727000000000546e-01 2.598823800000000261e+01 1.139895031447790974e-01
7.375154999999999905e-01 2.590785999999999945e+01 1.135798649747396805e-01
7.422583999999999849e-01 2.586913799999999952e+01 1.132637381803726362e-01
7.470012999999999792e-01 2.599082000000000292e+01 1.132977558722497308e-01
7.517441000000000262e-01 2.593910100000000085e+01 1.129540559171307440e-01
7.564870000000000205e-01 2.570067599999999786e+01 1.122069607494436960e-01
7.612299000000000149e-01 2.590325099999999381e+01 1.124223976726101554e-01
7.659726999999999508e-01 2.599409099999999739e+01 1.123929984265261001e-01
7.707155999999999452e-01 2.594741400000000198e+01 1.120663725443355185e-01
7.754585000000000505e-01 2.609626700000000099e+01 1.121645571754977394e-01
7.802012999999999865e-01 2.592499200000000315e+01 1.116852320468928461e-01
7.849441999999999808e-01 2.592024099999999720e+01 1.114154270150462533e-01
7.896870000000000278e-01 2.594909600000000438e+01 1.111849890022218734e-01
7.944299000000000222e-01 2.597105399999999875e+01 1.110144871579542974e-01
7.991728000000000165e-01 2.584079600000000099e+01 1.105203469290428897e-01
8.039155999999999525e-01 2.572023700000000446e+01 1.100474693682812477e-01
8.086584999999999468e-01 2.587554899999999947e+01 1.101639474444743305e-01
8.134014000000000522e-01 2.597773799999999866e+01 1.101683910683218803e-01
8.181441999999999881e-01 2.589236199999999855e+01 1.098592868576921955e-01
8.228870999999999825e-01 2.582983899999999977e+01 1.094377206520288359e-01
8.276299999999999768e-01 2.605672900000000070e+01 1.097017769608145399e-01
8.323728000000000238e-01 2.595521300000000409e+01 1.092795727663157523e-01
8.371157000000000181e-01 2.595614300000000441e+01 1.090752880333102776e-01
8.418586000000000125e-01 2.596471299999999971e+01 1.088869438536489431e-01
8.466013999999999484e-01 2.591806200000000260e+01 1.085828697882271765e-01
8.513443000000000538e-01 2.588415200000000027e+01 1.083086456640743045e-01
8.560872000000000481e-01 2.582750700000000421e+01 1.079886045592908655e-01
8.608299999999999841e-01 2.585431499999999616e+01 1.078432565257865516e-01
8.655728999999999784e-01 2.595837599999999767e+01 1.078583300106027848e-01
8.703157999999999728e-01 2.582886499999999685e+01 1.073901955031365957e-01
8.750586000000000197e-01 2.581029999999999447e+01 1.071543288475598626e-01
8.798015000000000141e-01 2.580271799999999871e+01 1.069419388330209719e-01
8.845442999999999500e-01 2.589998000000000644e+01 1.069461461298690380e-01
8.892872000000000554e-01 2.596571300000000093e+01 1.068863721254594557e-01
8.940301000000000498e-01 2.589845799999999443e+01 1.065547329577006541e-01
8.987728999999999857e-01 2.581593799999999916e+01 1.061922267133682540e-01
9.035157999999999801e-01 2.598749799999999865e+01 1.063508536271796923e-01
9.082586999999999744e-01 2.571559300000000192e+01 1.056030964758339907e-01
9.130015000000000214e-01 2.577863699999999625e+01 1.055435030125199125e-01
9.177444000000000157e-01 2.562909700000000157e+01 1.050491403194333540e-01
9.224873000000000101e-01 2.586175800000000180e+01 1.053358599194006706e-01
9.272300999999999460e-01 2.580307199999999668e+01 1.050296727990242818e-01
9.319730000000000514e-01 2.577589500000000200e+01 1.047893175193292253e-01
9.367159000000000457e-01 2.574904300000000035e+01 1.045503897724341380e-01
9.414586999999999817e-01 2.566168199999999544e+01 1.041884535950606122e-01
9.462015999999999760e-01 2.568530199999999653e+01 1.040538533605065430e-01
9.509444999999999704e-01 2.575939100000000082e+01 1.040227660420275368e-01
9.556873000000000173e-01 2.575930199999999815e+01 1.038418618423519180e-01
9.604302000000000117e-01 2.571464999999999890e+01 1.035708949589463634e-01
9.651731000000000060e-01 2.578778600000000054e+01 1.035390494233451031e-01
9.699159000000000530e-01 2.577674499999999824e+01 1.033392384200865904e-01
9.746588000000000473e-01 2.556426499999999891e+01 1.027361210107988337e-01
9.794017000000000417e-01 2.564416399999999996e+01 1.027193765997418823e-01
9.841444999999999776e-01 2.571863200000000305e+01 1.026930683274031864e-01
9.888873999999999720e-01 2.569527599999999978e+01 1.024727151158897620e-01
9.936302000000000190e-01 2.571279499999999985e+01 1.023343120126788131e-01
9.983731000000000133e-01 2.569395200000000301e+01 1.021230412578145730e-01
1.003115999999999897e+00 2.572727199999999925e+01 1.020172568762603982e-01
1.007859000000000060e+00 2.569755199999999462e+01 1.017878742517162455e-01
1.012602000000000002e+00 2.582326600000000028e+01 1.018663278302388842e-01
1.017344999999999944e+00 2.576146499999999762e+01 1.015736215594309766e-01
1.022086999999999968e+00 2.580063000000000173e+01 1.014819776172626586e-01
1.026829999999999909e+00 2.565941799999999873e+01 1.010369658539031767e-01
1.031573000000000073e+00 2.567539700000000380e+01 1.009017985854300942e-01
1.036316000000000015e+00 2.564155699999999882e+01 1.006683807513168299e-01
1.041058999999999957e+00 2.570451399999999964e+01 1.006266072071398121e-01
1.045801999999999898e+00 2.577517900000000139e+01 1.006005522888085285e-01
1.050545000000000062e+00 2.555233799999999889e+01 1.000018262489065918e-01
1.055287000000000086e+00 2.556199400000000210e+01 9.985696286497701413e-02
1.060030000000000028e+00 2.567684200000000061e+01 9.991910675834778099e-02
1.064772999999999969e+00 2.572271999999999892e+01 9.984726440437614869e-02
1.069515999999999911e+00 2.571361499999999722e+01 9.966932816491089198e-02
1.074259000000000075e+00 2.566746599999999745e+01 9.941903026453435821e-02
1.079002000000000017e+00 2.556268199999999879e+01 9.905711750457005249e-02
1.083744999999999958e+00 2.571416400000000024e+01 9.921361593133171120e-02
1.088487999999999900e+00 2.555076200000000242e+01 9.876284887486638797e-02
1.093229999999999924e+00 2.560257899999999864e+01 9.866229549602116566e-02
1.097973000000000088e+00 2.552795900000000273e+01 9.836259247181623755e-02
1.102716000000000030e+00 2.551190899999999928e+01 9.817726480794675137e-02
1.107458999999999971e+00 2.551778999999999797e+01 9.803480431031012798e-02
1.112201999999999913e+00 2.564697300000000268e+01 9.812766263386690779e-02
1.116945000000000077e+00 2.560141800000000245e+01 9.788749337184091126e-02
1.121688000000000018e+00 2.562606400000000306e+01 9.778254209571871081e-02
1.126430000000000042e+00 2.558198300000000103e+01 9.754716801296232920e-02
1.131172999999999984e+00 2.565952300000000008e+01 9.754282119380594529e-02
1.135915999999999926e+00 2.553341500000000153e+01 9.715279376263866173e-02
1.140659000000000090e+00 2.565637199999999751e+01 9.723710725654891029e-02
1.145402000000000031e+00 2.548507499999999837e+01 9.676371047650560164e-02
1.150144999999999973e+00 2.559599100000000149e+01 9.682498511347625847e-02
1.154887999999999915e+00 2.557108400000000259e+01 9.663016977689524445e-02
1.159631000000000078e+00 2.549506800000000339e+01 9.634020432169687620e-02
1.164373000000000102e+00 2.561091600000000312e+01 9.641325354175327156e-02
1.169116000000000044e+00 2.551067999999999714e+01 9.615016957450257806e-02
1.173858999999999986e+00 2.543382499999999879e+01 9.583462148069611664e-02
1.178601999999999927e+00 2.560809799999999470e+01 9.597187032674053819e-02
1.183345000000000091e+00 2.552639599999999831e+01 9.567561483920342114e-02
1.188088000000000033e+00 2.553217199999999920e+01 9.554275246890733819e-02
1.192830999999999975e+00 2.542628699999999853e+01 9.520231953974597761e-02
1.197572999999999999e+00 2.552091300000000018e+01 9.523803356255945707e-02
1.202315999999999940e+00 2.555753500000000145e+01 9.516575087771440844e-02
1.207059000000000104e+00 2.571610400000000141e+01 9.562797713639299702e-02
1.211802000000000046e+00 2.566619999999999635e+01 9.866345011231311690e-02
1.216544999999999987e+00 2.561031100000000293e+01 1.006073810270916302e-01
1.221287999999999929e+00 2.563591799999999665e+01 1.021708645616072886e-01
1.226031000000000093e+00 2.543734300000000204e+01 1.030486652144679549e-01
1.230774000000000035e+00 2.551626400000000316e+01 1.043463165911710372e-01
1.235516000000000059e+00 2.546553099999999858e+01 1.052852925926332783e-01
1.240259000000000000e+00 2.547210199999999958e+01 1.062735217273517163e-01
1.245001999999999942e+00 2.547600299999999862e+01 1.072024160721879449e-01
1.249745000000000106e+00 2.555853199999999958e+01 1.082566812846043336e-01
1.254488000000000048e+00 2.557016300000000086e+01 1.091282160992999017e-01
1.259230999999999989e+00 2.534330100000000385e+01 1.091964367080606457e-01
1.263973999999999931e+00 2.547081499999999821e+01 1.097522009966775125e-01
1.268715999999999955e+00 2.551071699999999609e+01 1.101045000302957461e-01
1.273458999999999897e+00 2.552093800000000101e+01 1.083219584468158442e-01
1.278202000000000060e+00 2.581241000000000696e+01 1.049126990007978044e-01
1.282945000000000002e+00 2.555859699999999890e+01 1.024042985992692500e-01
1.287687999999999944e+00 2.554994599999999849e+01 1.009451282159481017e-01
1.292431000000000108e+00 2.563534299999999888e+01 9.994592756165655845e-02
1.297174000000000049e+00 2.553912499999999497e+01 9.876467880134931487e-02
1.301916000000000073e+00 2.553485299999999825e+01 9.788124279577728459e-02
1.306659000000000015e+00 2.554179500000000047e+01 9.710812973789270663e-02
1.311401999999999957e+00 2.556993200000000144e+01 9.644434012649835686e-02
1.316144999999999898e+00 2.550812799999999925e+01 9.566626395907179559e-02
1.320888000000000062e+00 2.571021799999999757e+01 9.556632496313907654e-02
1.325631000000000004e+00 2.565190099999999873e+01 9.521202300511789895e-02
1.330373999999999945e+00 2.560593199999999570e+01 9.489460531243384955e-02
1.335117000000000109e+00 2.551443699999999737e+01 9.450353400532331138e-02
1.339858999999999911e+00 2.548079899999999753e+01 9.422682317231277638e-02
1.344602000000000075e+00 2.552688899999999705e+01 9.410530203441939967e-02
1.349345000000000017e+00 2.549031800000000203e+01 9.383847891486360449e-02
1.354087999999999958e+00 2.549315299999999951e+01 9.365010609756510562e-02
1.358830999999999900e+00 2.545700599999999980e+01 9.339428170456903766e-02
1.363574000000000064e+00 2.546296900000000107e+01 9.322078396626419516e-02
1.368317000000000005e+00 2.539692999999999756e+01 9.292035201227015484e-02
1.373059000000000029e+00 2.542612800000000206e+01 9.279834156744935780e-02
1.377801999999999971e+00 2.558748999999999896e+01 9.291870349905556603e-02
1.382544999999999913e+00 2.546330999999999989e+01 9.252314809788629579e-02
1.387288000000000077e+00 2.545494499999999860e+01 9.234199745637734769e-02
1.392031000000000018e+00 2.527485300000000024e+01 9.185204286288464748e-02
1.396773999999999960e+00 2.545697600000000094e+01 9.202089436574391323e-02
1.401516999999999902e+00 2.548583599999999905e+01 9.191402685445458631e-02
1.406260000000000066e+00 2.554183099999999484e+01 9.185856268627111409e-02
1.411002000000000089e+00 2.558219899999999569e+01 9.177697408891513642e-02
1.415745000000000031e+00 2.548989199999999755e+01 9.145823747616121935e-02
1.420487999999999973e+00 2.549422700000000219e+01 9.131546359423413362e-02
1.425230999999999915e+00 2.530099600000000137e+01 9.082069315795492093e-02
1.429974000000000078e+00 2.548067899999999852e+01 9.099609062750607658e-02
1.434717000000000020e+00 2.541108399999999889e+01 9.072617583097725147e-02
1.439459999999999962e+00 2.553364099999999581e+01 9.080053030730987629e-02
1.444201999999999986e+00 2.557369199999999765e+01 9.072920410239417033e-02
1.448944999999999927e+00 2.551617499999999694e+01 9.048647034240422937e-02
1.453688000000000091e+00 2.550697299999999856e+01 9.033006159326860407e-02
1.458431000000000033e+00 2.553547400000000067e+01 9.024174596350849342e-02
1.463173999999999975e+00 2.540052799999999777e+01 8.988998778608939255e-02
1.467916999999999916e+00 2.539261400000000179e+01 8.974243408586987658e-02
1.472660000000000080e+00 2.538353599999999943e+01 8.956630885038581458e-02
1.477402000000000104e+00 2.548434299999999908e+01 8.961006009342031842e-02
1.482145000000000046e+00 2.545576799999999906e+01 8.942749764163034076e-02
1.486887999999999987e+00 2.545406200000000041e+01 8.929360498170964278e-02
1.491630999999999929e+00 2.551003100000000146e+01 8.926079495684766107e-02
1.496374000000000093e+00 2.542368300000000048e+01 8.897973186435717552e-02
1.501117000000000035e+00 2.555359299999999934e+01 8.912318821428405480e-02
1.505859999999999976e+00 2.566577399999999898e+01 9.091612342448834871e-02
1.510602999999999918e+00 2.554578900000000274e+01 9.325470297586228863e-02
1.515344999999999942e+00 2.548052900000000065e+01 9.467870621750541782e-02
1.520088000000000106e+00 2.548395800000000122e+01 9.593263778343373571e-02
1.524831000000000047e+00 2.553169899999999970e+01 9.711210609595644083e-02
1.529573999999999989e+00 2.535959700000000083e+01 9.754606462441013648e-02
1.534316999999999931e+00 2.566623100000000335e+01 9.540618400130149168e-02
1.539060000000000095e+00 2.566187700000000405e+01 9.391760310920364840e-02
1.543803000000000036e+00 2.555064100000000238e+01 9.272539376919787524e-02
1.548545000000000060e+00 2.554626000000000019e+01 9.174929876336221368e-02
1.553288000000000002e+00 2.554670699999999783e+01 9.093579644482363555e-02
1.558030999999999944e+00 2.541427299999999789e+01 8.993595190182454568e-02
1.562774000000000107e+00 2.546160200000000629e+01 8.911854262821290729e-02
1.567517000000000049e+00 2.550325699999999784e+01 8.837059848534353779e-02
1.572259999999999991e+00 2.542619799999999586e+01 8.771972286954855813e-02
1.577002999999999933e+00 2.535934900000000169e+01 8.726007522987418163e-02
1.581746000000000096e+00 2.532108699999999857e+01 8.702586270622084119e-02
1.586487999999999898e+00 2.536865499999999685e+01 8.713045404315243603e-02
1.591231000000000062e+00 2.544747299999999512e+01 8.737746067302253061e-02
1.595974000000000004e+00 2.538652900000000301e+01 8.738044447625911704e-02
1.600716999999999945e+00 2.532787199999999572e+01 8.735537994417287566e-02
1.605460000000000109e+00 2.546219200000000171e+01 8.747295510612181080e-02
1.610203000000000051e+00 2.533073200000000114e+01 8.710101056618287096e-02
1.614945999999999993e+00 2.547181300000000448e+01 8.720066002831916574e-02
1.619688000000000017e+00 2.541984599999999972e+01 8.697216923071425521e-02
1.624430999999999958e+00 2.539942599999999828e+01 8.679994671368294890e-02
1.629173999999999900e+00 2.546925500000000042e+01 8.678358595766136330e-02
1.633917000000000064e+00 2.539338000000000051e+01 8.652156860331473853e-02
1.638660000000000005e+00 2.533211899999999872e+01 8.628656652241470382e-02
1.643402999999999947e+00 2.550207199999999830e+01 8.644629028766474821e-02
1.648146000000000111e+00 2.544501400000000046e+01 8.622151046374970651e-02
1.652889000000000053e+00 2.536654300000000006e+01 8.596264462808017592e-02
1.657631000000000077e+00 2.541267699999999508e+01 8.591668777550086344e-02
1.662374000000000018e+00 2.537830300000000250e+01 8.573531440686212035e-02
1.667116999999999960e+00 2.554771999999999821e+01 8.589871822982460270e-02
1.671859999999999902e+00 2.542568100000000086e+01 8.557271357240694987e-02
1.676603000000000065e+00 2.532942500000000408e+01 8.529169233401164008e-02
1.681346000000000007e+00 2.528108599999999839e+01 8.509214842281866142e-02
1.686088999999999949e+00 2.536805700000000030e+01 8.512088450415973562e-02
1.690830999999999973e+00 2.527655999999999636e+01 8.485146503606581792e-02
1.695573999999999915e+00 2.530922299999999936e+01 8.479146030776979481e-02
1.700317000000000078e+00 2.539969400000000022e+01 8.482841560042247986e-02
1.705060000000000020e+00 2.542084399999999889e+01 8.475000052025603858e-02
1.709802999999999962e+00 2.525806899999999899e+01 8.436588530353428261e-02
1.714545999999999903e+00 2.528987500000000210e+01 8.430793697322927494e-02
1.719289000000000067e+00 2.531716800000000234e+01 8.424255076496793559e-02
1.724031000000000091e+00 2.532553800000000166e+01 8.414599587244778189e-02
1.728774000000000033e+00 2.522616799999999770e+01 8.387182896662263853e-02
1.733516999999999975e+00 2.528556000000000026e+01 8.386240058290544974e-02
1.738259999999999916e+00 2.521798599999999979e+01 8.364247590625173423e-02
1.743003000000000080e+00 2.523017800000000221e+01 8.355523605430721645e-02
1.747746000000000022e+00 2.541349100000000050e+01 8.375167305703271059e-02
1.752488999999999963e+00 2.532444999999999879e+01 8.349924805833103258e-02
1.757231999999999905e+00 2.534078500000000034e+01 8.342092183282980022e-02
1.761973999999999929e+00 2.531166100000000441e+01 8.326796095656599506e-02
1.766717000000000093e+00 2.522202400000000111e+01 8.301669463460345511e-02
1.771460000000000035e+00 2.532913499999999729e+01 8.308958303142699453e-02
1.776202999999999976e+00 2.527183099999999882e+01 8.292998784466509843e-02
1.780945999999999918e+00 2.530675199999999592e+01 8.288721781076982542e-02
1.785689000000000082e+00 2.526730400000000287e+01 8.268121599738539884e-02
1.790432000000000023e+00 2.521928600000000387e+01 8.250187040590049870e-02
1.795174000000000047e+00 2.521273200000000259e+01 8.239069991590555753e-02
1.799916999999999989e+00 2.534778899999999879e+01 8.251033094920537381e-02
1.804659999999999931e+00 2.531020099999999573e+01 8.234977020506129008e-02
1.809403000000000095e+00 2.527690299999999723e+01 8.219662019610356196e-02
1.814146000000000036e+00 2.511223200000000233e+01 8.183022644521888156e-02
1.818888999999999978e+00 2.513244199999999751e+01 8.176497117926968816e-02
1.823631999999999920e+00 2.519979199999999508e+01 8.177693380021409941e-02
1.828375000000000083e+00 2.523401300000000091e+01 8.173559729581168776e-02
1.833117000000000107e+00 2.539324799999999982e+01 8.189616115486550441e-02
1.837860000000000049e+00 2.528291400000000166e+01 8.162147432174207684e-02
1.842602999999999991e+00 2.526685300000000112e+01 8.149968915355629284e-02
1.847345999999999933e+00 2.525283099999999692e+01 8.138205664031045172e-02
1.852089000000000096e+00 2.520657800000000037e+01 8.127957447487406395e-02
1.856832000000000038e+00 2.523404500000000183e+01 8.116805127081158644e-02
1.861574999999999980e+00 2.515545199999999681e+01 8.094192634597227598e-02
1.866317000000000004e+00 2.526903899999999936e+01 8.103087769434932919e-02
1.871059999999999945e+00 2.503909600000000069e+01 8.056869922100146075e-02
1.875803000000000109e+00 2.511082299999999989e+01 8.059092780590071392e-02
1.880546000000000051e+00 2.524858600000000308e+01 8.071930994425931261e-02
1.885288999999999993e+00 2.515980700000000070e+01 8.048568214462992199e-02
1.890031999999999934e+00 2.527729199999999921e+01 8.058161853354088577e-02
1.894775000000000098e+00 2.517072199999999782e+01 8.031990591100439392e-02
1.899516999999999900e+00 2.508697699999999742e+01 8.009584177384802828e-02
1.904260000000000064e+00 2.513502299999999678e+01 8.008223747854889552e-02
1.909003000000000005e+00 2.520192399999999822e+01 8.009885021153925755e-02
1.913745999999999947e+00 2.524063399999999646e+01 8.007019422604394476e-02
1.918489000000000111e+00 2.516109200000000001e+01 7.985477261692064399e-02
1.923232000000000053e+00 2.523572800000000171e+01 7.988428465402691581e-02
1.927974999999999994e+00 2.518866499999999675e+01 7.971874074256754539e-02
1.932717999999999936e+00 2.515215800000000002e+01 7.951006710565272639e-02
1.937459999999999960e+00 2.512073999999999785e+01 7.927502183974785566e-02
1.942202999999999902e+00 2.515068199999999976e+01 7.910610777400377269e-02
1.946946000000000065e+00 2.516711299999999696e+01 7.893963965464689814e-02
1.951689000000000007e+00 2.509504499999999894e+01 7.867114847520403909e-02
1.956431999999999949e+00 2.497581000000000273e+01 7.839936705697310437e-02
1.961174999999999891e+00 2.515632099999999838e+01 7.859935781981110259e-02
1.965918000000000054e+00 2.525424999999999898e+01 7.867055132841449527e-02
1.970660000000000078e+00 2.513553600000000188e+01 7.844836407861097149e-02
1.975403000000000020e+00 2.518358200000000124e+01 7.850221141006794023e-02
1.980145999999999962e+00 2.507810300000000225e+01 7.835913562236825058e-02
1.984888999999999903e+00 2.505471700000000013e+01 7.834342916407667501e-02
1.989632000000000067e+00 2.503626799999999619e+01 7.833522881982919739e-02
1.994375000000000009e+00 2.520950300000000155e+01 7.857706367385587642e-02
1.999117999999999951e+00 2.506486600000000209e+01 7.823859818448436476e-02
2.003861000000000114e+00 2.521039200000000235e+01 7.838200284267364537e-02
2.008602999999999916e+00 2.526360299999999626e+01 7.838092391608178500e-02
2.013345999999999858e+00 2.531664300000000267e+01 7.907608755731974914e-02
2.018088999999999800e+00 2.521864800000000173e+01 8.122590315856634269e-02
2.022832000000000185e+00 2.514458199999999977e+01 8.244888775512135282e-02
2.027575000000000127e+00 2.518600500000000153e+01 8.356043853766267904e-02
2.032318000000000069e+00 2.510730900000000432e+01 8.432430475264648950e-02
2.037061000000000011e+00 2.489111699999999772e+01 8.475961862321526596e-02
2.041802999999999813e+00 2.490777899999999789e+01 8.550653973144803355e-02
2.046546000000000198e+00 2.502315499999999915e+01 8.609613095124832305e-02
2.051289000000000140e+00 2.501955199999999735e+01 8.635448142578473762e-02
2.056032000000000082e+00 2.506983699999999970e+01 8.668622921377536206e-02
2.060775000000000023e+00 2.498691799999999930e+01 8.677140657497492415e-02
2.065517999999999965e+00 2.493733699999999942e+01 8.689947659664469526e-02
2.070260999999999907e+00 2.513309600000000188e+01 8.744354415284984194e-02
2.075003000000000153e+00 2.502749500000000538e+01 8.745234388071654319e-02
2.079746000000000095e+00 2.514295899999999762e+01 8.554737721113955806e-02
2.084489000000000036e+00 2.513112400000000335e+01 8.335448718576701777e-02
2.089231999999999978e+00 2.517818600000000018e+01 8.223934435821640687e-02
2.093974999999999920e+00 2.511696500000000043e+01 8.123894232116085634e-02
2.098717999999999861e+00 2.508411800000000369e+01 8.044434428243976698e-02
2.103460999999999803e+00 2.500587800000000271e+01 7.968094278573829847e-02
2.108204000000000189e+00 2.504667899999999747e+01 7.930273011103021463e-02
2.112945999999999991e+00 2.510356299999999763e+01 7.918153434236482879e-02
2.117688999999999933e+00 2.502799699999999916e+01 7.887096410303603977e-02
2.122431999999999874e+00 2.507814600000000027e+01 7.877116227771048529e-02
2.127174999999999816e+00 2.508536099999999891e+01 7.861561670015251857e-02
2.131918000000000202e+00 2.508935400000000016e+01 7.846385876969216855e-02
2.136661000000000143e+00 2.503656199999999643e+01 7.823102007062800178e-02
2.141404000000000085e+00 2.501158399999999560e+01 7.804797882398237241e-02
2.146145999999999887e+00 2.500033499999999975e+01 7.789263818258308769e-02
2.150888999999999829e+00 2.506870200000000182e+01 7.786590033307069780e-02
2.155632000000000215e+00 2.511279500000000198e+01 7.780595460237668681e-02
2.160375000000000156e+00 2.502206800000000086e+01 7.754035234614747862e-02
2.165118000000000098e+00 2.499067200000000000e+01 7.737074837097157598e-02
2.169861000000000040e+00 2.512564700000000073e+01 7.746133954556556900e-02
2.174603999999999981e+00 2.508112600000000114e+01 7.727742795741393556e-02
2.179346999999999923e+00 2.499392500000000084e+01 7.703011229965914253e-02
2.184089000000000169e+00 2.493680500000000322e+01 7.683208264571514401e-02
2.188832000000000111e+00 2.500060300000000524e+01 7.682245291876196869e-02
2.193575000000000053e+00 2.500789899999999832e+01 7.672774647005216331e-02
2.198317999999999994e+00 2.506508199999999675e+01 7.671083706515072209e-02
2.203060999999999936e+00 2.496442099999999797e+01 7.645426861116716433e-02
2.207803999999999878e+00 2.501631499999999875e+01 7.643314104386197960e-02
2.212546999999999819e+00 2.491956500000000219e+01 7.618613008274537080e-02
2.217289000000000065e+00 2.502834400000000059e+01 7.625397805183346811e-02
2.222032000000000007e+00 2.491049800000000047e+01 7.597768746557241604e-02
2.226774999999999949e+00 2.493229600000000090e+01 7.591578746498978125e-02
2.231517999999999891e+00 2.504183800000000204e+01 7.598830858529882770e-02
2.236260999999999832e+00 2.501465800000000428e+01 7.585342360977453957e-02
2.241004000000000218e+00 2.498020100000000099e+01 7.570928198721210700e-02
2.245747000000000160e+00 2.501512400000000014e+01 7.567125761832030340e-02
2.250490000000000101e+00 2.505281199999999941e+01 7.563796411952333765e-02
2.255231999999999903e+00 2.489667700000000394e+01 7.531264094246462037e-02
2.259974999999999845e+00 2.493592299999999895e+01 7.528370302345321896e-02
2.264717999999999787e+00 2.497239899999999935e+01 7.525148207997302274e-02
2.269461000000000173e+00 2.502223200000000247e+01 7.523974330691127199e-02
2.274204000000000114e+00 2.506323800000000190e+01 7.521492441223218139e-02
2.278947000000000056e+00 2.488047899999999757e+01 7.485518439745039720e-02
2.283689999999999998e+00 2.481271399999999971e+01 7.466887123699808559e-02
2.288431999999999800e+00 2.495948900000000137e+01 7.480574287702247693e-02
2.293175000000000185e+00 2.491108499999999992e+01 7.464970229918202471e-02
2.297918000000000127e+00 2.487900199999999984e+01 7.451911552490877999e-02
2.302661000000000069e+00 2.490570899999999810e+01 7.447716680272753464e-02
2.307404000000000011e+00 2.493497799999999742e+01 7.443972816452583408e-02
2.312146999999999952e+00 2.491161299999999912e+01 7.432378845658769995e-02
2.316889999999999894e+00 2.492998000000000403e+01 7.427077083120048329e-02
2.321632000000000140e+00 2.487622200000000205e+01 7.411126141835867875e-02
2.326375000000000082e+00 2.473588899999999668e+01 7.382326756546137014e-02
2.331118000000000023e+00 2.488536500000000018e+01 7.396679830633741404e-02
2.335860999999999965e+00 2.486807699999999954e+01 7.386301569301377545e-02
2.340603999999999907e+00 2.485151900000000325e+01 7.376059841900281522e-02
2.345346999999999849e+00 2.485228500000000196e+01 7.368481984064426116e-02
2.350089999999999790e+00 2.494019700000000128e+01 7.373812481372576944e-02
2.354833000000000176e+00 2.486986100000000022e+01 7.355734777050079720e-02
2.359574999999999978e+00 2.497639399999999910e+01 7.363895573251225124e-02
2.364317999999999920e+00 2.502286199999999994e+01 7.363164180339862308e-02
2.369060999999999861e+00 2.497639199999999704e+01 7.348790331312425594e-02
2.373803999999999803e+00 2.486673700000000053e+01 7.325168404224574603e-02
2.378547000000000189e+00 2.499972700000000003e+01 7.337262185106104007e-02
2.383290000000000131e+00 2.486096399999999917e+01 7.309497947669661710e-02
2.388033000000000072e+00 2.487686800000000176e+01 7.304452849683745752e-02
2.392774999999999874e+00 2.481672300000000320e+01 7.288294482255158746e-02
2.397517999999999816e+00 2.487229099999999704e+01 7.289159624464400244e-02
2.402261000000000202e+00 2.478102599999999711e+01 7.268576482264667293e-02
2.407004000000000143e+00 2.482530399999999915e+01 7.267805222760925776e-02
2.411747000000000085e+00 2.483130299999999835e+01 7.261507724750279613e-02
2.416490000000000027e+00 2.489158899999999974e+01 7.263189894448238149e-02
2.421232999999999969e+00 2.485646499999999648e+01 7.250951132576263780e-02
2.425975999999999910e+00 2.489336899999999986e+01 7.249209734287939688e-02
2.430718000000000156e+00 2.493978199999999745e+01 7.248887222795440122e-02
2.435461000000000098e+00 2.495184300000000022e+01 7.243636404925775374e-02
2.440204000000000040e+00 2.482261400000000151e+01 7.220434089418308055e-02
2.444946999999999981e+00 2.483254599999999712e+01 7.212342565852372656e-02
2.449689999999999923e+00 2.490716600000000014e+01 7.216196497845453472e-02
2.454432999999999865e+00 2.487500600000000262e+01 7.204645457585404089e-02
2.459175999999999807e+00 2.480147599999999741e+01 7.187131447218493563e-02
2.463918000000000053e+00 2.485379599999999911e+01 7.187820714587767057e-02
2.468660999999999994e+00 2.485783599999999893e+01 7.181599667321202085e-02
2.473403999999999936e+00 2.480851500000000343e+01 7.167665546546100885e-02
2.478146999999999878e+00 2.478813599999999795e+01 7.157984119637104958e-02
2.482889999999999819e+00 2.484670399999999901e+01 7.159687203035339231e-02
2.487633000000000205e+00 2.480569200000000052e+01 7.147063442234788400e-02
2.492376000000000147e+00 2.483549700000000016e+01 7.144671963808695014e-02
2.497117999999999949e+00 2.477938400000000030e+01 7.129942697191540835e-02
2.501860999999999891e+00 2.471374700000000502e+01 7.113854918281015127e-02
2.506603999999999832e+00 2.473732800000000154e+01 7.110637822418533482e-02
2.511347000000000218e+00 2.479503700000000066e+01 7.112186353755363399e-02
2.516090000000000160e+00 2.480765099999999990e+01 7.101968575663439309e-02
2.520833000000000101e+00 2.488516399999999962e+01 7.098483221053283887e-02
2.525576000000000043e+00 2.488054900000000202e+01 7.083403211050108561e-02
2.530318999999999985e+00 2.481137000000000015e+01 7.061978144933471480e-02
2.535060999999999787e+00 2.474317000000000277e+01 7.045815424918112913e-02
2.539804000000000173e+00 2.490451199999999687e+01 7.062338905524216670e-02
2.544547000000000114e+00 2.471827199999999536e+01 7.029600058950651043e-02
2.549290000000000056e+00 2.481044399999999683e+01 7.036370814143752539e-02
2.554032999999999998e+00 2.486300800000000066e+01 7.037541490674069367e-02
2.558775999999999939e+00 2.477210900000000038e+01 7.018398003290993170e-02
2.563518999999999881e+00 2.474539499999999848e+01 7.008625681530081253e-02
2.568261000000000127e+00 2.479118399999999767e+01 7.014514078380554296e-02
2.573004000000000069e+00 2.481343400000000088e+01 7.019280529758945009e-02
2.577747000000000011e+00 2.489228800000000064e+01 7.031968310492091312e-02
2.582489999999999952e+00 2.475190800000000380e+01 7.010198204667396349e-02
2.587232999999999894e+00 2.475268400000000213e+01 7.004122766091054608e-02
2.591975999999999836e+00 2.479342100000000215e+01 7.003667865132739978e-02
2.596719000000000221e+00 2.466626000000000118e+01 6.979500589383096087e-02
2.601462000000000163e+00 2.482423500000000516e+01 6.995636939770316642e-02
2.606203999999999965e+00 2.482165900000000036e+01 6.989146719043606848e-02
2.610946999999999907e+00 2.479044400000000081e+01 6.978610104332164110e-02
2.615689999999999849e+00 2.480063399999999874e+01 6.973953372523507277e-02
2.620432999999999790e+00 2.477369900000000058e+01 6.964057100661510957e-02
2.625176000000000176e+00 2.474762899999999632e+01 6.954329549656888820e-02
2.629919000000000118e+00 2.468448000000000064e+01 6.939430727407111532e-02
2.634662000000000059e+00 2.476264499999999913e+01 6.945849187313239692e-02
2.639403999999999861e+00 2.472856499999999613e+01 6.936272925229802766e-02
2.644146999999999803e+00 2.481955199999999806e+01 6.940720406103606521e-02
2.648890000000000189e+00 2.482203899999999663e+01 6.934691911072618509e-02
2.653633000000000131e+00 2.474318399999999585e+01 6.918756406809391246e-02
2.658376000000000072e+00 2.472353000000000023e+01 6.910229725909479426e-02
2.663119000000000014e+00 2.482079700000000599e+01 6.916688817111479870e-02
2.667861999999999956e+00 2.478735200000000205e+01 6.906093409920328885e-02
2.672604999999999897e+00 2.474820600000000326e+01 6.894739575088749961e-02
2.677347000000000143e+00 2.475260099999999497e+01 6.889497431081238743e-02
2.682090000000000085e+00 2.478217300000000023e+01 6.887753524554576789e-02
2.686833000000000027e+00 2.478186000000000178e+01 6.881898959289942108e-02
2.691575999999999969e+00 2.481206300000000198e+01 6.880237567130439991e-02
2.696318999999999910e+00 2.476316899999999777e+01 6.867652212295188852e-02
2.701061999999999852e+00 2.464705300000000321e+01 6.845774274612112520e-02
2.705804999999999794e+00 2.462301400000000129e+01 6.836682452664961940e-02
2.710547000000000040e+00 2.478206599999999682e+01 6.852960248511660857e-02
2.715289999999999981e+00 2.472963999999999984e+01 6.839982108032374719e-02
2.720032999999999923e+00 2.474595000000000056e+01 6.836530387419703647e-02
2.724775999999999865e+00 2.477450999999999937e+01 6.834783782027928356e-02
2.729518999999999807e+00 2.465524799999999672e+01 6.812617819459784729e-02
2.734262000000000192e+00 2.464579300000000117e+01 6.805649962517466844e-02
2.739005000000000134e+00 2.461956500000000148e+01 6.796408534060249806e-02
2.743746999999999936e+00 2.476165800000000417e+01 6.810347486584586441e-02
2.748489999999999878e+00 2.471324999999999861e+01 6.798072165403365452e-02
2.753232999999999819e+00 2.473296699999999859e+01 6.795174759385294583e-02
2.757976000000000205e+00 2.469449699999999837e+01 6.784311275479111558e-02
2.762719000000000147e+00 2.471346099999999879e+01 6.781352072745081006e-02
2.767462000000000089e+00 2.473768899999999960e+01 6.779097662166698457e-02
2.772205000000000030e+00 2.466747200000000362e+01 6.763937675475506506e-02
2.776947999999999972e+00 2.476716900000000265e+01 6.772074095193289511e-02
2.781690000000000218e+00 2.471785100000000313e+01 6.759818351055299490e-02
2.786433000000000160e+00 2.469667800000000213e+01 6.751414303995199873e-02
2.791176000000000101e+00 2.469090600000000180e+01 6.745152504587942355e-02
2.795919000000000043e+00 2.465800799999999882e+01 6.735199154992226045e-02
2.800661999999999985e+00 2.467558599999999913e+01 6.733700117228416659e-02
2.805404999999999927e+00 2.469528799999999791e+01 6.729961440425569208e-02
2.810147999999999868e+00 2.474550199999999833e+01 6.734587279059348064e-02
2.814890000000000114e+00 2.476505099999999970e+01 6.732703169199946713e-02
2.819633000000000056e+00 2.484784499999999952e+01 6.868914736239196961e-02
2.824375999999999998e+00 2.472606900000000252e+01 6.995893141509022806e-02
2.829118999999999939e+00 2.470897899999999581e+01 7.083866687410343699e-02
2.833861999999999881e+00 2.458957799999999594e+01 7.140517792607480041e-02
2.838604999999999823e+00 2.460582000000000136e+01 7.205367276311597236e-02
2.843348000000000209e+00 2.464149000000000100e+01 7.240988920114849181e-02
2.848091000000000150e+00 2.459962900000000019e+01 7.256790362049120313e-02
2.852832999999999952e+00 2.458267400000000080e+01 7.275463737494883287e-02
2.857575999999999894e+00 2.462845999999999691e+01 7.301806685162377797e-02
2.862318999999999836e+00 2.474110300000000251e+01 7.336728372744216742e-02
2.867062000000000221e+00 2.460663399999999612e+01 7.333891765963349019e-02
2.871805000000000163e+00 2.455265200000000192e+01 7.342014133627229600e-02
2.876548000000000105e+00 2.467876199999999898e+01 7.376222914799009100e-02
2.881291000000000047e+00 2.468093699999999657e+01 7.356607008155117977e-02
2.886032999999999848e+00 2.480532900000000041e+01 7.164839895464587827e-02
2.890775999999999790e+00 2.475657200000000202e+01 7.045272847428409035e-02
2.895519000000000176e+00 2.473615999999999815e+01 6.966318995729954555e-02
2.900262000000000118e+00 2.480615799999999993e+01 6.915825016071111553e-02
2.905005000000000059e+00 2.479504700000000028e+01 6.877023585374707204e-02
2.909748000000000001e+00 2.462104100000000173e+01 6.834891056780276197e-02
2.914490999999999943e+00 2.460910099999999900e+01 6.817256226589990531e-02
2.919233000000000189e+00 2.467552200000000084e+01 6.811904889741268732e-02
2.923976000000000131e+00 2.467378300000000024e+01 6.798288786247022597e-02
2.928719000000000072e+00 2.469456300000000226e+01 6.788718874919773272e-02
2.933462000000000014e+00 2.461808299999999861e+01 6.766514212207937196e-02
2.938204999999999956e+00 2.471136999999999873e+01 6.768241063599685081e-02
2.942947999999999897e+00 2.468912399999999963e+01 6.754703249903433460e-02
2.947690999999999839e+00 2.477230899999999991e+01 6.756005875131473881e-02
2.952433999999999781e+00 2.467862199999999717e+01 6.734330243154473816e-02
2.957176000000000027e+00 2.462698100000000068e+01 6.718622219898065517e-02
2.961918999999999969e+00 2.473798799999999787e+01 6.723368001695503859e-02
2.966661999999999910e+00 2.459197699999999998e+01 6.694843410268383477e-02
2.971404999999999852e+00 2.458310099999999920e+01 6.685186625533426352e-02
2.976147999999999794e+00 2.461353100000000182e+01 6.681100247433277572e-02
2.980891000000000179e+00 2.462762199999999879e+01 6.674979464117399008e-02
2.985634000000000121e+00 2.465307400000000371e+01 6.670592065138221394e-02
2.990375999999999923e+00 2.462652800000000042e+01 6.661079595007103615e-02
2.995118999999999865e+00 2.461586199999999991e+01 6.650688210464839045e-02
2.999861999999999806e+00 2.453367700000000440e+01 6.631931533895082942e-02
3.004605000000000192e+00 2.454756800000000183e+01 6.626577031856642486e-02
3.009348000000000134e+00 2.466051099999999963e+01 6.634675731519740216e-02
3.014091000000000076e+00 2.452609999999999957e+01 6.611581906532201791e-02
3.018834000000000017e+00 2.460573900000000336e+01 6.613379802425459197e-02
3.023576999999999959e+00 2.468034300000000059e+01 6.616617026501610266e-02
3.028319000000000205e+00 2.464917099999999905e+01 6.605708267620286067e-02
3.033062000000000147e+00 2.467759500000000017e+01 6.602866052813731457e-02
3.037805000000000089e+00 2.462510400000000033e+01 6.589305277788470860e-02
3.042548000000000030e+00 2.458352900000000574e+01 6.577310740501850217e-02
3.047290999999999972e+00 2.462430200000000013e+01 6.576372645244717152e-02
3.052033999999999914e+00 2.462966300000000075e+01 6.570734636306506393e-02
3.056776999999999855e+00 2.458829199999999915e+01 6.558989689573312132e-02
3.061519000000000101e+00 2.462624800000000036e+01 6.557840681625316803e-02
3.066262000000000043e+00 2.462302000000000035e+01 6.551289692437742285e-02
3.071004999999999985e+00 2.459412800000000132e+01 6.542694149757805056e-02
3.075747999999999927e+00 2.461956899999999848e+01 6.540334450196717830e-02
3.080490999999999868e+00 2.455847800000000092e+01 6.525567946965075972e-02
3.085233999999999810e+00 2.454280299999999926e+01 6.516623338967734991e-02
3.089977000000000196e+00 2.455265400000000398e+01 6.513920810846182685e-02
3.094720000000000137e+00 2.472888699999999673e+01 6.529648282681846383e-02
3.099461999999999939e+00 2.467777099999999990e+01 6.517008653625758208e-02
3.104204999999999881e+00 2.468321799999999655e+01 6.511975234939626489e-02
3.108947999999999823e+00 2.463938299999999870e+01 6.500463235513911919e-02
3.113691000000000209e+00 2.459757000000000104e+01 6.489309213926701403e-02
3.118434000000000150e+00 2.460946299999999809e+01 6.485257438052401124e-02
3.123177000000000092e+00 2.465625999999999962e+01 6.485804365254936588e-02
3.127920000000000034e+00 2.456093100000000007e+01 6.467675362890673574e-02
3.132661999999999836e+00 2.465617600000000209e+01 6.474695223260087951e-02
3.137405000000000221e+00 2.453509200000000234e+01 6.453315786727781278e-02
3.142148000000000163e+00 2.448239799999999988e+01 6.440905318392749213e-02
3.146891000000000105e+00 2.461396400000000284e+01 6.453590864926828097e-02
3.151634000000000047e+00 2.467618600000000129e+01 6.456561790845419258e-02
3.156376999999999988e+00 2.456864700000000212e+01 6.436098453324731739e-02
3.161119999999999930e+00 2.459777299999999656e+01 6.434606746470913907e-02
3.165862000000000176e+00 2.447834999999999894e+01 6.418133622119673309e-02
3.170605000000000118e+00 2.455643700000000251e+01 6.421405545498663769e-02
3.175348000000000059e+00 2.449690399999999713e+01 6.405564408798337939e-02
3.180091000000000001e+00 2.457221299999999786e+01 6.410160134881343064e-02
3.184833999999999943e+00 2.467573100000000252e+01 6.418432252418576622e-02
3.189576999999999884e+00 2.463445000000000107e+01 6.407880913475218210e-02
3.194319999999999826e+00 2.459387699999999910e+01 6.395576935034789912e-02
3.199063000000000212e+00 2.461511800000000250e+01 6.386612184554892047e-02
3.203805000000000014e+00 2.456604600000000005e+01 6.368411144904512211e-02
3.208547999999999956e+00 2.457074199999999919e+01 6.361204212518098422e-02
3.213290999999999897e+00 2.449113799999999941e+01 6.345869453511394920e-02
3.218033999999999839e+00 2.460831100000000404e+01 6.356040697184529853e-02
3.222776999999999781e+00 2.461504099999999795e+01 6.351930846813511056e-02
3.227520000000000167e+00 2.459270499999999871e+01 6.344089770129518469e-02
3.232263000000000108e+00 2.451734999999999687e+01 6.329421832345036303e-02
3.237004999999999910e+00 2.461315300000000050e+01 6.336876059900650726e-02
3.241747999999999852e+00 2.461440400000000039e+01 6.332138935517840628e-02
3.246490999999999794e+00 2.465877600000000314e+01 6.332968697319132922e-02
3.251234000000000179e+00 2.453691200000000094e+01 6.314232001106231951e-02
3.255977000000000121e+00 2.453105000000000047e+01 6.315087215910401841e-02
3.260720000000000063e+00 2.455400500000000008e+01 6.319846051311930890e-02
3.265463000000000005e+00 2.452538099999999943e+01 6.313886379034944207e-02
3.270205999999999946e+00 2.446149799999999885e+01 6.300860802685058493e-02
3.274948000000000192e+00 2.450566199999999739e+01 6.301725059677468210e-02
3.279691000000000134e+00 2.462644300000000186e+01 6.312418045461104521e-02
3.284434000000000076e+00 2.464438099999999920e+01 6.309966142065899508e-02
3.289177000000000017e+00 2.458667499999999961e+01 6.297810328759831378e-02
3.293919999999999959e+00 2.463416199999999989e+01 6.299126042274119652e-02
3.298662999999999901e+00 2.452527800000000369e+01 6.280467927603962386e-02
3.303405999999999842e+00 2.455089500000000413e+01 6.279058454739373796e-02
3.308148000000000089e+00 2.457849200000000067e+01 6.277889624593921414e-02
3.312891000000000030e+00 2.453433899999999923e+01 6.267573749713920006e-02
3.317633999999999972e+00 2.454480099999999965e+01 6.264253866864991083e-02
3.322376999999999914e+00 2.460050400000000081e+01 6.266776224391931716e-02
3.327119999999999855e+00 2.458687899999999971e+01 6.261984259911150541e-02
3.331862999999999797e+00 2.459220300000000137e+01 6.256387698774189265e-02
3.336606000000000183e+00 2.458600099999999955e+01 6.250999360368549029e-02
3.341347999999999985e+00 2.457319899999999890e+01 6.244781923719995576e-02
3.346090999999999926e+00 2.453595800000000082e+01 6.235468627549976828e-02
3.350833999999999868e+00 2.451359800000000178e+01 6.228056047356269470e-02
3.355576999999999810e+00 2.451398999999999972e+01 6.223562967763079934e-02
3.360320000000000196e+00 2.452373300000000000e+01 6.220297682949185031e-02
3.365063000000000137e+00 2.455217299999999980e+01 6.219385213165608273e-02
3.369806000000000079e+00 2.454013899999999992e+01 6.213335904401112719e-02
3.374549000000000021e+00 2.457449599999999990e+01 6.213199687569280483e-02
3.379290999999999823e+00 2.478507899999999964e+01 6.304648982044440408e-02
3.384034000000000209e+00 2.454269400000000445e+01 6.420938999052708263e-02
3.388777000000000150e+00 2.459250300000000067e+01 6.512437694486297723e-02
3.393520000000000092e+00 2.471057800000000171e+01 6.595297923116892613e-02
3.398263000000000034e+00 2.460579700000000258e+01 6.621092267715500412e-02
3.403005999999999975e+00 2.456868399999999752e+01 6.633946951060959440e-02
3.407748999999999917e+00 2.450628300000000337e+01 6.622089303711027608e-02
3.412491000000000163e+00 2.448083199999999948e+01 6.622311207661264743e-02
3.417234000000000105e+00 2.450911500000000132e+01 6.643774965343723915e-02
3.421977000000000046e+00 2.453187299999999738e+01 6.662942298439405997e-02
3.426719999999999988e+00 2.459537599999999813e+01 6.685158607260190122e-02
3.431462999999999930e+00 2.450030100000000033e+01 6.686114095374981470e-02
3.436205999999999872e+00 2.449862700000000260e+01 6.700373784609706118e-02
3.440948999999999813e+00 2.452341500000000352e+01 6.715936892737155162e-02
3.445692000000000199e+00 2.461951900000000393e+01 6.742365014441742410e-02
3.450434000000000001e+00 2.451551899999999762e+01 6.737474731385861837e-02
3.455176999999999943e+00 2.448123299999999958e+01 6.743789689470824911e-02
3.459919999999999884e+00 2.438659700000000186e+01 6.741313487704381213e-02
3.464662999999999826e+00 2.442223200000000105e+01 6.756420892901507380e-02
3.469406000000000212e+00 2.452583800000000025e+01 6.780646363697932777e-02
3.474149000000000154e+00 2.455858699999999928e+01 6.794720938570029956e-02
3.478892000000000095e+00 2.452181100000000313e+01 6.798893513803330735e-02
3.483633999999999897e+00 2.464012699999999967e+01 6.824258416041775743e-02
3.488376999999999839e+00 2.454474499999999892e+01 6.819770670439292970e-02
3.493119999999999781e+00 2.461747699999999739e+01 6.838356711907253582e-02
3.497863000000000167e+00 2.450871199999999916e+01 6.831468880271650279e-02
3.502606000000000108e+00 2.443961300000000136e+01 6.829878630615847379e-02
3.507349000000000050e+00 2.447547800000000251e+01 6.842672087161710825e-02
3.512091999999999992e+00 2.456545200000000051e+01 6.862910035600276737e-02
3.516833999999999794e+00 2.451924100000000095e+01 6.863916725993986223e-02
3.521577000000000179e+00 2.451566799999999802e+01 6.870677164262341263e-02
3.526320000000000121e+00 2.460162900000000263e+01 6.889828348647590583e-02
3.531063000000000063e+00 2.449962400000000429e+01 6.882511546779271350e-02
3.535806000000000004e+00 2.450803499999999957e+01 6.890542652250837563e-02
3.540548999999999946e+00 2.447440100000000029e+01 6.892433157609292871e-02
3.545291999999999888e+00 2.447470200000000062e+01 6.899024803305682518e-02
3.550034999999999830e+00 2.441614999999999824e+01 6.897178966084901997e-02
3.554777000000000076e+00 2.459234299999999962e+01 6.928302975689284993e-02
3.559520000000000017e+00 2.462369899999999845e+01 6.938898226474213282e-02
3.564262999999999959e+00 2.452959000000000245e+01 6.931679219003646086e-02
3.569005999999999901e+00 2.463353699999999691e+01 6.953631398991176604e-02
3.573748999999999842e+00 2.457411600000000007e+01 6.953103859809228737e-02
3.578491999999999784e+00 2.451901499999999956e+01 6.947690493399874545e-02
3.583235000000000170e+00 2.452664600000000661e+01 6.954429992439206676e-02
3.587976999999999972e+00 2.446959600000000279e+01 6.949485255126311434e-02
3.592719999999999914e+00 2.442187600000000458e+01 6.937291919781737870e-02
3.597462999999999855e+00 2.451392500000000041e+01 6.944174809306502549e-02
3.602205999999999797e+00 2.444756900000000144e+01 6.928622183351607067e-02
3.606949000000000183e+00 2.450185300000000055e+01 6.930210579981319063e-02
3.611692000000000125e+00 2.457295700000000238e+01 6.939307529234454985e-02
3.616435000000000066e+00 2.465869899999999859e+01 6.958335552213115727e-02
3.621178000000000008e+00 2.472257900000000319e+01 7.051569390955816918e-02
3.625919999999999810e+00 2.463774500000000245e+01 7.291149649272053723e-02
3.630663000000000196e+00 2.443957899999999839e+01 7.403163969939878519e-02
3.635406000000000137e+00 2.453534499999999952e+01 7.523550511238227823e-02
3.640149000000000079e+00 2.452586500000000314e+01 7.600096542838517821e-02
3.644892000000000021e+00 2.454498000000000246e+01 7.655034728686277434e-02
3.649634999999999962e+00 2.443086700000000278e+01 7.686436424235812415e-02
3.654377999999999904e+00 2.432789600000000263e+01 7.712871271082773206e-02
3.659120000000000150e+00 2.437867399999999662e+01 7.763994569566814996e-02
3.663863000000000092e+00 2.458040700000000101e+01 7.837747050641721835e-02
3.668606000000000034e+00 2.452315499999999915e+01 7.868930509613551727e-02
3.673348999999999975e+00 2.441779799999999767e+01 7.891142350240933079e-02
3.678091999999999917e+00 2.443789800000000056e+01 7.932606193281689644e-02
3.682834999999999859e+00 2.455789800000000156e+01 7.989595812675194531e-02
3.687577999999999800e+00 2.443432200000000165e+01 8.006200916999148265e-02
3.692321000000000186e+00 2.445686199999999744e+01 8.046070110299127776e-02
3.697062999999999988e+00 2.444072399999999945e+01 8.079007371242769020e-02
3.701805999999999930e+00 2.450168800000000857e+01 8.124253327946513725e-02
3.706548999999999872e+00 2.452967999999999904e+01 8.163688442830727143e-02
3.711291999999999813e+00 2.445290800000000075e+01 8.185252820529737017e-02
3.716035000000000199e+00 2.440813599999999539e+01 8.211750224900474238e-02
3.720778000000000141e+00 2.442609699999999862e+01 8.248481400597021396e-02
3.725521000000000083e+00 2.457508699999999635e+01 8.307120283441307707e-02
3.730262999999999884e+00 2.442130699999999877e+01 8.314350624967832559e-02
3.735005999999999826e+00 2.442834799999999973e+01 8.348526714216647493e-02
3.739749000000000212e+00 2.450524899999999917e+01 8.394538205562411537e-02
3.744492000000000154e+00 2.453941499999999820e+01 8.433128970677193637e-02
3.749235000000000095e+00 2.439998500000000092e+01 8.441611665631511274e-02
3.753978000000000037e+00 2.445070499999999569e+01 8.482800994305358944e-02
3.758720999999999979e+00 2.447302700000000186e+01 8.518926094672497895e-02
3.763462999999999781e+00 2.445631500000000003e+01 8.548227541125588691e-02
3.768206000000000166e+00 2.446237599999999901e+01 8.581357581148510438e-02
3.772949000000000108e+00 2.440964299999999909e+01 8.604072042524166242e-02
3.777692000000000050e+00 2.461865200000000087e+01 8.672867656532237679e-02
3.782434999999999992e+00 2.451820199999999872e+01 8.687082476994965885e-02
3.787177999999999933e+00 2.448926600000000420e+01 8.713823811791984730e-02
3.791920999999999875e+00 2.442139799999999994e+01 8.733552069933973871e-02
3.796663999999999817e+00 2.442174999999999585e+01 8.765378702188855731e-02
3.801406000000000063e+00 2.447982900000000228e+01 8.807608163255391254e-02
3.806149000000000004e+00 2.442025200000000140e+01 8.828622313645827224e-02
3.810891999999999946e+00 2.453216800000000219e+01 8.880653685163383826e-02
3.815634999999999888e+00 2.448022399999999976e+01 8.903006454949137505e-02
3.820377999999999830e+00 2.452959500000000048e+01 8.943811923202096836e-02
3.825121000000000215e+00 2.430336099999999888e+01 8.934156913825949675e-02
3.829864000000000157e+00 2.427747400000000155e+01 8.961132036486628427e-02
3.834605999999999959e+00 2.449374899999999755e+01 9.032860329034098079e-02
3.839348999999999901e+00 2.460388899999999524e+01 9.085220307980704235e-02
3.844091999999999842e+00 2.436921699999999902e+01 9.073672546928779337e-02
3.848834999999999784e+00 2.433332399999999751e+01 9.099206062708933840e-02
3.853578000000000170e+00 2.444233399999999889e+01 9.156456449756476823e-02
3.858321000000000112e+00 2.451185000000000258e+01 9.196477309911280096e-02
3.863064000000000053e+00 2.444939999999999714e+01 9.216996812363449643e-02
3.867806999999999995e+00 2.432711599999999663e+01 9.226145331698173968e-02
3.872548999999999797e+00 2.436068299999999809e+01 9.264753474487004425e-02
3.877292000000000183e+00 2.432653999999999783e+01 9.290612135892230283e-02
3.882035000000000124e+00 2.448532999999999760e+01 9.353486504698607651e-02
3.886778000000000066e+00 2.456437000000000026e+01 9.401270441571499270e-02
3.891521000000000008e+00 2.456479500000000016e+01 9.434152136304618796e-02
3.896263999999999950e+00 2.447552900000000164e+01 9.449814879551926561e-02
3.901006999999999891e+00 2.438716499999999954e+01 9.465567391417485654e-02
3.905749000000000137e+00 2.432788199999999890e+01 9.487089407892496107e-02
3.910492000000000079e+00 2.449265700000000123e+01 9.552362575793696409e-02
3.915235000000000021e+00 2.458937099999999987e+01 9.604587042490167481e-02
3.919977999999999962e+00 2.455737200000000087e+01 9.627578145203237459e-02
3.924720999999999904e+00 2.458957300000000146e+01 9.642441523862148312e-02
3.929463999999999846e+00 2.446679899999999819e+01 9.625728605570593732e-02
3.934206999999999788e+00 2.442364399999999947e+01 9.629892166117230701e-02
3.938949000000000034e+00 2.429758199999999846e+01 9.615508893987827210e-02
3.943691999999999975e+00 2.434369900000000086e+01 9.635048375042545854e-02
3.948434999999999917e+00 2.439789099999999777e+01 9.656113833226077914e-02
3.953177999999999859e+00 2.451571200000000061e+01 9.692434234031356566e-02
3.957920999999999800e+00 2.443164699999999812e+01 9.692898005689784546e-02
3.962664000000000186e+00 2.444025900000000107e+01 9.695464070990825189e-02
3.967407000000000128e+00 2.435023300000000290e+01 9.702518390688677496e-02
3.972150000000000070e+00 2.450966499999999826e+01 9.767069840210010345e-02
3.976891999999999872e+00 2.451010099999999881e+01 9.800116366510400190e-02
3.981634999999999813e+00 2.461206100000000063e+01 9.853644472490621919e-02
3.986378000000000199e+00 2.457810999999999879e+01 9.880169577743744269e-02
3.991121000000000141e+00 2.446728900000000095e+01 9.891192564539423582e-02
3.995864000000000082e+00 2.453098299999999909e+01 9.937727264880487354e-02
4.000606999999999580e+00 2.447165199999999885e+01 9.959413950194409559e-02
4.005349999999999966e+00 2.438915700000000086e+01 9.976502388591855508e-02
4.010092000000000212e+00 2.452353299999999692e+01 1.003805347584654922e-01
4.014834999999999710e+00 2.447601899999999731e+01 1.006261188205899992e-01
4.019578000000000095e+00 2.435445100000000096e+01 1.007198267147863813e-01
4.024320999999999593e+00 2.435044699999999551e+01 1.010563545397052260e-01
4.029063999999999979e+00 2.447138299999999944e+01 1.016559777055618952e-01
4.033807000000000365e+00 2.437225600000000014e+01 1.017994193340811676e-01
4.038549999999999862e+00 2.453173999999999921e+01 1.024847483365154133e-01
4.043293000000000248e+00 2.460368599999999972e+01 1.029900433723192482e-01
4.048034999999999606e+00 2.432080400000000253e+01 1.027522550955364683e-01
4.052777999999999992e+00 2.448555499999999796e+01 1.034582042127824703e-01
4.057521000000000377e+00 2.454321100000000300e+01 1.039408486986810320e-01
4.062263999999999875e+00 2.467415199999999942e+01 1.045826540025533991e-01
4.067007000000000261e+00 2.447707499999999925e+01 1.045296493667825233e-01
4.071749999999999758e+00 2.441433599999999871e+01 1.047627551312951127e-01
4.076493000000000144e+00 2.444594200000000228e+01 1.051998833759600627e-01
4.081235000000000390e+00 2.449863599999999764e+01 1.056855982506708369e-01
4.085977999999999888e+00 2.444101600000000118e+01 1.059365010557848513e-01
4.090721000000000274e+00 2.441393300000000011e+01 1.062542849889494823e-01
4.095463999999999771e+00 2.449613999999999692e+01 1.068129153168403123e-01
4.100207000000000157e+00 2.452759899999999860e+01 1.072640661498169140e-01
4.104949999999999655e+00 2.450654000000000110e+01 1.076042175957364622e-01
4.109693000000000040e+00 2.450360500000000030e+01 1.079853923091864260e-01
4.114436000000000426e+00 2.456752499999999984e+01 1.085171279497112451e-01
4.119177999999999784e+00 2.449328199999999711e+01 1.087468883532287378e-01
4.123921000000000170e+00 2.456761600000000101e+01 1.093081133597588739e-01
4.128663999999999668e+00 2.442458199999999735e+01 1.093888274645564429e-01
4.133407000000000053e+00 2.454052200000000283e+01 1.100511578055674011e-01
4.138150000000000439e+00 2.436159600000000225e+01 1.100530612435615119e-01
4.142892999999999937e+00 2.448709099999999950e+01 1.107440416463666838e-01
4.147636000000000323e+00 2.442915500000000151e+01 1.110233031704628281e-01
4.152377999999999680e+00 2.450097099999999983e+01 1.116017225350872388e-01
4.157121000000000066e+00 2.440810900000000316e+01 1.118064309976402743e-01
4.161863999999999564e+00 2.433258999999999617e+01 1.120530077140136360e-01
4.166606999999999950e+00 2.440094199999999702e+01 1.126337754939578523e-01
4.171350000000000335e+00 2.453008699999999820e+01 1.133590768437697793e-01
4.176092999999999833e+00 2.460225700000000160e+01 1.139646241396658211e-01
4.180836000000000219e+00 2.439922799999999725e+01 1.140839396192772776e-01
4.185577999999999577e+00 2.454401200000000216e+01 1.147390370197972215e-01
4.190320999999999962e+00 2.461149400000000043e+01 1.152985817050465600e-01
4.195064000000000348e+00 2.448815900000000312e+01 1.154550391806806325e-01
4.199806999999999846e+00 2.445587799999999845e+01 1.158275482536615664e-01
4.204550000000000232e+00 2.450041999999999831e+01 1.163867031685024561e-01
4.209292999999999729e+00 2.432614200000000437e+01 1.164285747010058436e-01
4.214036000000000115e+00 2.461193099999999845e+01 1.175723404496048924e-01
4.218778999999999613e+00 2.443303500000000028e+01 1.176098661538558937e-01
4.223520999999999859e+00 2.435873499999999936e+01 1.178994981032018552e-01
4.228264000000000244e+00 2.464909500000000264e+01 1.190760436105336162e-01
4.233006999999999742e+00 2.468504099999999823e+01 1.196427656489898322e-01
4.237750000000000128e+00 2.438336100000000073e+01 1.193911494456155326e-01
4.242492999999999626e+00 2.454905899999999974e+01 1.202844848177706538e-01
4.247236000000000011e+00 2.462323500000000109e+01 1.209585535628977249e-01
4.251979000000000397e+00 2.452553800000000095e+01 1.212204204363530324e-01
4.256720999999999755e+00 2.447964299999999938e+01 1.218137694718347541e-01
4.261464000000000141e+00 2.451736700000000013e+01 1.222445288313395440e-01
4.266206999999999638e+00 2.453886500000000126e+01 1.227698288822249850e-01
4.270950000000000024e+00 2.472520600000000002e+01 1.237544345143659907e-01
4.275693000000000410e+00 2.451780999999999722e+01 1.237552850412575456e-01
4.280435999999999908e+00 2.449362499999999798e+01 1.242221176262383875e-01
4.285179000000000293e+00 2.463046600000000197e+01 1.251023140594161587e-01
4.289921999999999791e+00 2.456640399999999858e+01 1.254782098861631223e-01
4.294664000000000037e+00 2.449097400000000135e+01 1.258293045398141685e-01
4.299407000000000423e+00 2.440376499999999993e+01 1.261524379225502646e-01
4.304149999999999920e+00 2.462245700000000070e+01 1.272725812373682319e-01
4.308893000000000306e+00 2.456458300000000250e+01 1.276862196157008689e-01
4.313635999999999804e+00 2.458514200000000116e+01 1.283068128933417262e-01
4.318379000000000190e+00 2.437805700000000542e+01 1.283375658810217423e-01
4.323121999999999687e+00 2.486192600000000041e+01 1.302802681607648505e-01
4.327863999999999933e+00 2.466171500000000094e+01 1.303159544709472650e-01
4.332607000000000319e+00 2.466414400000000029e+01 1.308529358536536513e-01
4.337349999999999817e+00 2.464389000000000252e+01 1.314017842486958076e-01
4.342093000000000202e+00 2.457667999999999964e+01 1.318303127506970651e-01
4.346835999999999700e+00 2.453301300000000396e+01 1.323270582953505470e-01
4.351579000000000086e+00 2.447906400000000104e+01 1.328012936819081002e-01
4.356321999999999584e+00 2.449664000000000286e+01 1.334776505655826950e-01
4.361063999999999830e+00 2.441318799999999811e+01 1.338854395727858970e-01
4.365807000000000215e+00 2.467252399999999923e+01 1.352410398350855636e-01
4.370549999999999713e+00 2.455823699999999832e+01 1.355791323569224549e-01
4.375293000000000099e+00 2.454021599999999736e+01 1.361895280266019470e-01
4.380035999999999596e+00 2.458950800000000214e+01 1.370584654575703332e-01
4.384778999999999982e+00 2.461952800000000252e+01 1.378755167722960917e-01
4.389522000000000368e+00 2.438806999999999903e+01 1.377923787520253240e-01
4.394264999999999866e+00 2.453982299999999839e+01 1.388990225319577387e-01
4.399007000000000112e+00 2.454755700000000473e+01 1.391934386752378405e-01
4.403749999999999609e+00 2.469466699999999904e+01 1.397056731337818491e-01
4.408492999999999995e+00 2.466283499999999407e+01 1.397102855114289721e-01
4.413236000000000381e+00 2.454056499999999730e+01 1.394567791771092191e-01
4.417978999999999878e+00 2.454304100000000233e+01 1.395573006358667711e-01
4.422722000000000264e+00 2.472283399999999887e+01 1.401623300362679347e-01
4.427464999999999762e+00 2.454230199999999940e+01 1.397395800618690120e-01
4.432207000000000008e+00 2.431300900000000098e+01 1.391772431634047680e-01
4.436950000000000394e+00 2.461967399999999628e+01 1.402204776583235168e-01
4.441692999999999891e+00 2.474971000000000032e+01 1.412267539746173695e-01
4.446436000000000277e+00 2.453410300000000177e+01 1.413307409348281418e-01
4.451178999999999775e+00 2.463397600000000054e+01 1.423477466359499566e-01
4.455922000000000160e+00 2.442563999999999780e+01 1.424814552583882898e-01
4.460664999999999658e+00 2.459820799999999963e+01 1.437345670944623621e-01
4.465408000000000044e+00 2.454615299999999678e+01 1.443427608530195860e-01
4.470150000000000290e+00 2.475365899999999542e+01 1.457252736507970714e-01
4.474892999999999788e+00 2.455746300000000204e+01 1.459286015458700347e-01
4.479636000000000173e+00 2.444564499999999896e+01 1.463865260765228327e-01
4.484378999999999671e+00 2.466290000000000049e+01 1.478429399108489584e-01
4.489122000000000057e+00 2.478975700000000160e+01 1.490435740408914689e-01
4.493865000000000443e+00 2.486016899999999907e+01 1.500893515134644751e-01
4.498607999999999940e+00 2.494276799999999739e+01 1.511862337626617425e-01
4.503350000000000186e+00 2.483235399999999871e+01 1.517101701890222754e-01
4.508092999999999684e+00 2.467053800000000052e+01 1.520849811696736997e-01
4.512836000000000070e+00 2.471923799999999716e+01 1.531189128642245767e-01
4.517578999999999567e+00 2.463971599999999995e+01 1.537688435834766165e-01
4.522321999999999953e+00 2.440788200000000074e+01 1.539501052130634318e-01
4.527065000000000339e+00 2.450237200000000115e+01 1.551715271497815796e-01
4.531807999999999836e+00 2.474824400000000324e+01 1.568918958710353584e-01
4.536551000000000222e+00 2.450294500000000042e+01 1.570657642954364497e-01
4.541292999999999580e+00 2.461031599999999742e+01 1.583820444011432016e-01
4.546035999999999966e+00 2.436804500000000218e+01 1.585854443105832456e-01
4.550779000000000352e+00 2.445598700000000036e+01 1.598736320028993907e-01
4.555521999999999849e+00 2.446424800000000488e+01 1.609218656694282046e-01
4.560265000000000235e+00 2.478888399999999592e+01 1.630294653931448068e-01
4.565007999999999733e+00 2.465706299999999729e+01 1.636595822023232671e-01
4.569751000000000118e+00 2.476775300000000612e+01 1.651080204360133585e-01
4.574493000000000364e+00 2.460766899999999779e+01 1.656749444126636717e-01
4.579235999999999862e+00 2.439868500000000040e+01 1.660849660545318796e-01
4.583979000000000248e+00 2.465935900000000203e+01 1.681118726749740999e-01
4.588721999999999746e+00 2.466056700000000035e+01 1.692813757246310336e-01
4.593465000000000131e+00 2.481197200000000436e+01 1.709912188583712078e-01
4.598207999999999629e+00 2.461275900000000405e+01 1.715124956551309088e-01
4.602951000000000015e+00 2.468450500000000147e+01 1.729989384138264086e-01
4.607693000000000261e+00 2.486093299999999573e+01 1.748819078887907941e-01
4.612435999999999758e+00 2.458546399999999821e+01 1.751946560231692762e-01
4.617179000000000144e+00 2.431139499999999742e+01 1.755185420649393868e-01
4.621921999999999642e+00 2.447619999999999862e+01 1.774502965585355030e-01
4.626665000000000028e+00 2.454520899999999983e+01 1.790689326365279832e-01
4.631408000000000413e+00 2.472755800000000193e+01 1.811343076668056329e-01
4.636150999999999911e+00 2.490738999999999947e+01 1.832312178664481928e-01
4.640894000000000297e+00 2.481834500000000077e+01 1.843737653574927804e-01
4.645635999999999655e+00 2.436593700000000240e+01 1.841712538707173108e-01
4.650379000000000040e+00 2.466877699999999862e+01 1.868456880986665847e-01
4.655122000000000426e+00 2.462842600000000104e+01 1.882624400146826749e-01
4.659864999999999924e+00 2.468814799999999821e+01 1.900985950613754416e-01
4.664608000000000310e+00 2.482664899999999619e+01 1.922852204612694460e-01
4.669350999999999807e+00 2.454201100000000224e+01 1.928634339418960342e-01
4.674094000000000193e+00 2.459641799999999989e+01 1.948081985797777138e-01
4.678836000000000439e+00 2.484075700000000353e+01 1.975558488311715544e-01
4.683578999999999937e+00 2.488061599999999984e+01 1.995454445098176210e-01
4.688322000000000322e+00 2.423559499999999645e+01 1.987967679745372696e-01
4.693064999999999820e+00 2.442845700000000164e+01 2.015024861877252049e-01
4.697808000000000206e+00 2.452444500000000360e+01 2.038678692478535504e-01
4.702550999999999704e+00 2.474736800000000159e+01 2.068325847183049571e-01
4.707294000000000089e+00 2.457586699999999880e+01 2.082057503864770953e-01
4.712036999999999587e+00 2.483351099999999434e+01 2.114578008087966143e-01
4.716778999999999833e+00 2.489986400000000089e+01 2.139717900068244805e-01
4.721522000000000219e+00 2.474488200000000049e+01 2.155976205176328153e-01
4.726264999999999716e+00 2.486831699999999756e+01 2.185087476216549529e-01
4.731008000000000102e+00 2.463776600000000272e+01 2.199321895345433542e-01
4.735750999999999600e+00 2.467716600000000682e+01 2.226322519800621735e-01
4.740493999999999986e+00 2.486695499999999726e+01 2.261019088208556238e-01
4.745237000000000371e+00 2.461872799999999728e+01 2.276609819238854526e-01
4.749978999999999729e+00 2.502390799999999871e+01 2.323412432058535870e-01
4.754722000000000115e+00 2.476793200000000184e+01 2.340506388952514616e-01
4.759464999999999613e+00 2.476151100000000227e+01 2.370283408805826664e-01
4.764207999999999998e+00 2.485762799999999828e+01 2.406145257745662125e-01
4.768951000000000384e+00 2.498343099999999950e+01 2.444807361828896519e-01
4.773693999999999882e+00 2.487905999999999906e+01 2.473584780616781276e-01
4.778437000000000268e+00 2.484380600000000072e+01 2.507082144495632603e-01
4.783178999999999625e+00 2.474144700000000441e+01 2.538570427087446513e-01
4.787922000000000011e+00 2.496836799999999812e+01 2.588658686872019610e-01
4.792665000000000397e+00 2.494040900000000249e+01 2.627389403540497659e-01
4.797407999999999895e+00 2.480757999999999797e+01 2.662358190959188131e-01
4.802151000000000280e+00 2.455683900000000364e+01 2.692630522177892893e-01
4.806893999999999778e+00 2.491729000000000127e+01 2.758628588864054931e-01
4.811637000000000164e+00 2.482847599999999844e+01 2.802309345103079496e-01
4.816379999999999661e+00 2.484967500000000129e+01 2.854742367392029689e-01
4.821121999999999908e+00 2.474907500000000127e+01 2.902936086923472159e-01
4.825865000000000293e+00 2.444238400000000055e+01 2.941672584495033105e-01
4.830607999999999791e+00 2.466419100000000242e+01 3.015450637680255896e-01
4.835351000000000177e+00 2.453344799999999992e+01 3.071541712644226818e-01
4.840093999999999674e+00 2.514037099999999469e+01 3.178437846292713198e-01
4.844837000000000060e+00 2.505320499999999839e+01 3.246685610202127426e-01
4.849579999999999558e+00 2.484400600000000026e+01 3.311840281939634201e-01
4.854321999999999804e+00 2.479010399999999592e+01 3.392843046801310436e-01
4.859065000000000190e+00 2.533925500000000142e+01 3.522576099589049270e-01
4.863807999999999687e+00 2.519485999999999848e+01 3.612390917093691312e-01
4.868551000000000073e+00 2.545968199999999726e+01 3.740635915081418350e-01
4.873293999999999571e+00 2.506537000000000148e+01 3.830277513709156589e-01
4.878036999999999956e+00 2.431178899999999743e+01 3.901194405656042141e-01
4.882780000000000342e+00 2.481429600000000235e+01 4.085582431891688349e-01
4.887522999999999840e+00 2.459979400000000282e+01 4.228535680966757360e-01
4.892265000000000086e+00 2.447634399999999744e+01 4.398494224415669396e-01
4.897007999999999583e+00 2.485599500000000006e+01 4.639801941036599819e-01
4.901750999999999969e+00 2.525734500000000438e+01 4.918192508627737825e-01
4.906494000000000355e+00 2.465489500000000334e+01 5.138317486777067566e-01
4.911236999999999853e+00 2.577905199999999653e+01 5.595014929422351679e-01
4.915980000000000238e+00 2.441217100000000073e+01 5.849525682884553213e-01
4.920722999999999736e+00 2.512502600000000186e+01 6.453010908915930433e-01
4.925464999999999982e+00 2.580414299999999983e+01 7.231570198909846869e-01
4.930208000000000368e+00 2.627583999999999875e+01 8.275888908593082016e-01
4.934950999999999866e+00 2.673271100000000189e+01 9.879670409012994980e-01
4.939694000000000251e+00 2.460018300000000480e+01 1.223845163134160696e+00
4.944436999999999749e+00 8.397649599999999381e+00 1.238856771300266058e+00