# copyC
# Sample c= 0.0 mg/ml
#
# Number of frames collected: 10
# Exposure time per frame: 0.5
# No significant radiation damage detected, merging 10 files
# Merged from: /data/visitor/mx1905/bm29/20170412/Poker/1d/Sxl_10gs_177_00001.dat
# Merged from: /data/visitor/mx1905/bm29/20170412/Poker/1d/Sxl_10gs_177_00002.dat
# Merged from: /data/visitor/mx1905/bm29/20170412/Poker/1d/Sxl_10gs_177_00003.dat
# Merged from: /data/visitor/mx1905/bm29/20170412/Poker/1d/Sxl_10gs_177_00004.dat
# Merged from: /data/visitor/mx1905/bm29/20170412/Poker/1d/Sxl_10gs_177_00005.dat
# Merged from: /data/visitor/mx1905/bm29/20170412/Poker/1d/Sxl_10gs_177_00006.dat
# Merged from: /data/visitor/mx1905/bm29/20170412/Poker/1d/Sxl_10gs_177_00007.dat
# Merged from: /data/visitor/mx1905/bm29/20170412/Poker/1d/Sxl_10gs_177_00008.dat
# Merged from: /data/visitor/mx1905/bm29/20170412/Poker/1d/Sxl_10gs_177_00009.dat
# Merged from: /data/visitor/mx1905/bm29/20170412/Poker/1d/Sxl_10gs_177_00010.dat
#
# Sample Information:
# Storage Temperature (degrees C): 20.0
# Measurement Temperature (degrees C): 20.03
# Concentration: 0.0
# Code: 
3.082862000000000102e-02 6.150648400000000038e+02 8.319885422869294445e+00
3.557148999999999728e-02 1.188806500000000142e+03 4.769390120014821655e+00
4.031434999999999880e-02 1.149000299999999925e+03 3.088726976934952795e+00
4.505722000000000199e-02 8.988312400000000935e+02 1.942546950464765443e+00
4.980007999999999657e-02 6.103923899999999776e+02 1.433422197137326215e+00
5.454294999999999977e-02 4.369750500000000102e+02 1.140989091887722573e+00
5.928581000000000129e-02 3.186562999999999874e+02 9.262895968794586654e-01
6.402868000000000448e-02 2.491869399999999928e+02 7.809896383507977102e-01
6.877154000000000600e-02 1.994342299999999852e+02 6.711383105407557892e-01
7.351441000000000225e-02 1.632584600000000137e+02 5.851189721090318541e-01
7.825727999999999851e-02 1.343587500000000148e+02 5.109785381205359522e-01
8.300014000000000003e-02 1.142119399999999843e+02 4.560526246839392561e-01
8.774300999999999628e-02 9.861675999999999931e+01 4.111787213628156357e-01
9.248586999999999780e-02 8.680382699999999829e+01 3.748877634283759308e-01
9.722873999999999406e-02 7.696485800000000665e+01 3.427556893217820200e-01
1.019715999999999956e-01 6.896716399999999680e+01 3.162071926447694858e-01
1.067145000000000038e-01 6.393614100000000633e+01 2.971806090184793692e-01
1.114572999999999953e-01 5.871613899999999830e+01 2.783445929393619234e-01
1.162002000000000035e-01 5.425120199999999926e+01 2.617065422015018572e-01
1.209430999999999978e-01 5.114354899999999304e+01 2.487679250752136417e-01
1.256858999999999893e-01 4.849217299999999398e+01 2.373967800386578841e-01
1.304288000000000114e-01 4.659481399999999951e+01 2.282498998599342133e-01
1.351717000000000057e-01 4.419255299999999664e+01 2.181272774687989247e-01
1.399144999999999972e-01 4.203841100000000353e+01 2.088854638899645677e-01
1.446573999999999915e-01 4.062408299999999883e+01 2.017756217165277699e-01
1.494003000000000136e-01 3.900171799999999678e+01 1.944003002765816446e-01
1.541431000000000051e-01 3.778123599999999982e+01 1.885343663849116669e-01
1.588859999999999995e-01 3.721991099999999619e+01 1.841678966280534957e-01
1.636287999999999909e-01 3.644625800000000027e+01 1.794693767067094825e-01
1.683717000000000130e-01 3.543356500000000153e+01 1.743531313165613827e-01
1.731146000000000074e-01 3.462687599999999577e+01 1.698857124855575051e-01
1.778573999999999988e-01 3.369191500000000161e+01 1.652231779673027368e-01
1.826002999999999932e-01 3.334491599999999778e+01 1.621390228223859864e-01
1.873431999999999875e-01 3.268641599999999414e+01 1.584147335947587720e-01
1.920860000000000067e-01 3.220899300000000665e+01 1.552242232130130462e-01
1.968289000000000011e-01 3.179976399999999970e+01 1.522849908997318258e-01
2.015717999999999954e-01 3.137252700000000161e+01 1.494067970659092859e-01
2.063145999999999869e-01 3.106238300000000052e+01 1.468842381556755006e-01
2.110575000000000090e-01 3.080700900000000075e+01 1.444177443946037254e-01
2.158004000000000033e-01 3.028366799999999870e+01 1.415442271996353862e-01
2.205431999999999948e-01 2.989808000000000021e+01 1.390825167905926918e-01
2.252860999999999891e-01 2.970921999999999485e+01 1.371454021166794157e-01
2.300290000000000112e-01 2.944165300000000229e+01 1.350777467527564391e-01
2.347718000000000027e-01 2.945209100000000291e+01 1.336888524471648021e-01
2.395146999999999970e-01 2.922435600000000022e+01 1.318084748677841866e-01
2.442575999999999914e-01 2.904554400000000669e+01 1.300851086266198720e-01
2.490004000000000106e-01 2.895990999999999715e+01 1.286101726434168979e-01
2.537433000000000050e-01 2.868853299999999962e+01 1.267596220701781573e-01
2.584861999999999993e-01 2.837759199999999993e+01 1.248809408691974737e-01
2.632289999999999908e-01 2.833828600000000009e+01 1.236464940609275781e-01
2.679718999999999851e-01 2.809825700000000026e+01 1.220067183277658562e-01
2.727146999999999766e-01 2.773207000000000022e+01 1.201239895796676616e-01
2.774576000000000264e-01 2.803079199999999815e+01 1.197421330267504497e-01
2.822005000000000208e-01 2.788175700000000390e+01 1.184510072743769210e-01
2.869433000000000122e-01 2.750393700000000052e+01 1.166458153049911156e-01
2.916862000000000066e-01 2.756675599999999804e+01 1.157964893015673430e-01
2.964291000000000009e-01 2.728453099999999765e+01 1.142537206763110103e-01
3.011718999999999924e-01 2.742971099999999751e+01 1.136312967111402922e-01
3.059147999999999867e-01 2.741211299999999795e+01 1.126913183509670457e-01
3.106576999999999811e-01 2.712364299999999773e+01 1.112131078750292767e-01
3.154004999999999725e-01 2.719737600000000199e+01 1.105064345697281125e-01
3.201434000000000224e-01 2.703040100000000123e+01 1.093355051784300203e-01
3.248863000000000167e-01 2.702705599999999819e+01 1.085117833120809172e-01
3.296291000000000082e-01 2.693251199999999557e+01 1.075181006860951721e-01
3.343720000000000026e-01 2.691272500000000178e+01 1.066974923130951519e-01
3.391148999999999969e-01 2.690002600000000399e+01 1.070248738112925813e-01
3.438576999999999884e-01 2.693708799999999925e+01 1.084825834640233688e-01
3.486005999999999827e-01 2.695852199999999854e+01 1.112883766004365838e-01
3.533434999999999770e-01 2.687234199999999618e+01 1.131485279599182547e-01
3.580863000000000240e-01 2.680968900000000232e+01 1.144214804394922264e-01
3.628292000000000184e-01 2.668937100000000129e+01 1.152903756099241950e-01
3.675720000000000098e-01 2.671650200000000197e+01 1.162983976842398431e-01
3.723149000000000042e-01 2.670145000000000124e+01 1.171213150474861298e-01
3.770577999999999985e-01 2.654180299999999804e+01 1.175520679849980377e-01
3.818005999999999900e-01 2.660713900000000010e+01 1.183246317905350675e-01
3.865434999999999843e-01 2.626778900000000405e+01 1.181477039919341665e-01
3.912863999999999787e-01 2.640454300000000032e+01 1.189298419128058948e-01
3.960292000000000256e-01 2.638475900000000252e+01 1.193737978609807904e-01
4.007721000000000200e-01 2.670656100000000066e+01 1.206129099639317304e-01
4.055150000000000143e-01 2.653437100000000015e+01 1.243670822944773213e-01
4.102578000000000058e-01 2.651050500000000554e+01 1.275527820364620868e-01
4.150007000000000001e-01 2.633340499999999906e+01 1.299096712453668701e-01
4.197435999999999945e-01 2.646522200000000069e+01 1.322402770576109332e-01
4.244863999999999860e-01 2.645261499999999799e+01 1.343495465015610013e-01
4.292292999999999803e-01 2.657368900000000167e+01 1.367137691042478731e-01
4.339721999999999746e-01 2.651982800000000040e+01 1.386663239388215563e-01
4.387150000000000216e-01 2.633261299999999849e+01 1.401918089465294115e-01
4.434579000000000160e-01 2.647025400000000062e+01 1.426226389538393091e-01
4.482008000000000103e-01 2.626665899999999709e+01 1.444719465380206735e-01
4.529436000000000018e-01 2.621508800000000150e+01 1.466823683578616089e-01
4.576864999999999961e-01 2.613316100000000120e+01 1.479824110198664777e-01
4.624293999999999905e-01 2.630168699999999760e+01 1.496954510256547632e-01
4.671721999999999819e-01 2.642991999999999919e+01 1.493186484103874445e-01
4.719150999999999763e-01 2.644504200000000083e+01 1.434825179579167220e-01
4.766579000000000232e-01 2.636838499999999996e+01 1.405768186768867611e-01
4.814008000000000176e-01 2.644509999999999650e+01 1.389928314629819417e-01
4.861437000000000119e-01 2.642320500000000294e+01 1.375677093111962734e-01
4.908865000000000034e-01 2.627199900000000099e+01 1.360551023502231671e-01
4.956293999999999977e-01 2.640244999999999820e+01 1.354325647425677348e-01
5.003722999999999921e-01 2.640221299999999971e+01 1.345803064322046438e-01
5.051151000000000391e-01 2.629894700000000540e+01 1.335547132005718285e-01
5.098580000000000334e-01 2.610310100000000233e+01 1.323648034343423707e-01
5.146009000000000277e-01 2.642391400000000345e+01 1.325326911170304212e-01
5.193436999999999637e-01 2.619483699999999970e+01 1.313532569145291484e-01
5.240865999999999580e-01 2.607660699999999565e+01 1.304919591083511798e-01
5.288294999999999524e-01 2.578430300000000130e+01 1.292271950226464572e-01
5.335722999999999994e-01 2.602642399999999867e+01 1.290692272727713141e-01
5.383151999999999937e-01 2.600562899999999900e+01 1.280866241082748713e-01
5.430580999999999881e-01 2.597903699999999816e+01 1.271293522752330318e-01
5.478009000000000350e-01 2.605851899999999688e+01 1.264650380852558043e-01
5.525438000000000294e-01 2.602182499999999976e+01 1.255484851734803009e-01
5.572867000000000237e-01 2.605641800000000075e+01 1.248264678428886026e-01
5.620294999999999597e-01 2.593565300000000207e+01 1.237603083079886340e-01
5.667723999999999540e-01 2.592967999999999762e+01 1.229940462666697376e-01
5.715152000000000010e-01 2.609304000000000201e+01 1.226484681617010797e-01
5.762580999999999953e-01 2.603396700000000052e+01 1.217939217799677287e-01
5.810009999999999897e-01 2.607488299999999981e+01 1.212257599918726003e-01
5.857438000000000367e-01 2.606990799999999808e+01 1.208518255291056720e-01
5.904867000000000310e-01 2.593686400000000347e+01 1.202532623379698740e-01
5.952296000000000253e-01 2.609804799999999858e+01 1.203351700556113402e-01
5.999723999999999613e-01 2.596220000000000283e+01 1.198613621298381532e-01
6.047152999999999556e-01 2.595684200000000175e+01 1.195459902801315338e-01
6.094581999999999500e-01 2.614885400000000004e+01 1.196025480298404942e-01
6.142009999999999970e-01 2.594738600000000162e+01 1.189733785383911002e-01
6.189438999999999913e-01 2.584724099999999680e+01 1.183579157876793603e-01
6.236867999999999856e-01 2.582568399999999542e+01 1.180355737623056400e-01
6.284296000000000326e-01 2.607769800000000515e+01 1.183402645807951625e-01
6.331725000000000270e-01 2.607150400000000445e+01 1.180556210892785146e-01
6.379154000000000213e-01 2.593155199999999994e+01 1.174712625458120413e-01
6.426581999999999573e-01 2.616268999999999778e+01 1.177289299486583285e-01
6.474010999999999516e-01 2.596698100000000409e+01 1.170268008472063609e-01
6.521439999999999459e-01 2.587648399999999782e+01 1.165611055974757893e-01
6.568867999999999929e-01 2.577402799999999772e+01 1.160717790999069576e-01
6.616296999999999873e-01 2.591006900000000002e+01 1.161219604742048661e-01
6.663725999999999816e-01 2.588815799999999712e+01 1.158195558784335805e-01
6.711154000000000286e-01 2.602664500000000203e+01 1.158740942546987035e-01
6.758583000000000229e-01 2.592635900000000149e+01 1.153985985230791406e-01
6.806010999999999589e-01 2.604755099999999857e+01 1.154183245678172265e-01
6.853439999999999532e-01 2.586467799999999784e+01 1.147663129024906886e-01
6.900868999999999476e-01 2.578943600000000558e+01 1.143525969341584181e-01
6.948296999999999946e-01 2.584617499999999879e+01 1.142331603421436331e-01
6.995725999999999889e-01 2.582625999999999777e+01 1.139470046492969402e-01
7.043154999999999832e-01 2.590431799999999996e+01 1.138789873100630318e-01
7.090583000000000302e-01 2.595865099999999615e+01 1.137573070325348379e-01
7.138012000000000246e-01 2.607983699999999772e+01 1.137823540640511694e-01
7.185441000000000189e-01 2.602581699999999998e+01 1.134276061222390525e-01
7.232868999999999549e-01 2.579235899999999759e+01 1.126840777924161818e-01
7.280297999999999492e-01 2.584256300000000195e+01 1.125592815242257155e-01
7.327727000000000546e-01 2.589487100000000197e+01 1.124395951297228746e-01
7.375154999999999905e-01 2.580498700000000056e+01 1.120142729007995719e-01
7.422583999999999849e-01 2.600054000000000087e+01 1.122088327094395988e-01
7.470012999999999792e-01 2.577233999999999625e+01 1.114870536303740611e-01
7.517441000000000262e-01 2.588611500000000021e+01 1.115048575215084464e-01
7.564870000000000205e-01 2.563443399999999883e+01 1.107376442318875609e-01
7.612299000000000149e-01 2.582787700000000086e+01 1.109317729276031173e-01
7.659726999999999508e-01 2.577476800000000168e+01 1.105949360581988811e-01
7.707155999999999452e-01 2.583477099999999993e+01 1.105011046426677135e-01
7.754585000000000505e-01 2.590554000000000201e+01 1.104329951200523074e-01
7.802012999999999865e-01 2.567171199999999587e+01 1.098246165056450396e-01
7.849441999999999808e-01 2.568833399999999756e+01 1.096048072863307354e-01
7.896870000000000278e-01 2.584285899999999714e+01 1.096456814575995919e-01
7.944299000000000222e-01 2.575666000000000011e+01 1.092485549399624806e-01
7.991728000000000165e-01 2.592067499999999924e+01 1.093826426522709339e-01
8.039155999999999525e-01 2.567292800000000241e+01 1.086465911590690503e-01
8.086584999999999468e-01 2.591335700000000131e+01 1.089412969616926075e-01
8.134014000000000522e-01 2.576537600000000339e+01 1.084202770715510661e-01
8.181441999999999881e-01 2.586606900000000309e+01 1.085056064744891469e-01
8.228870999999999825e-01 2.579021099999999933e+01 1.080611567312246696e-01
8.276299999999999768e-01 2.583642599999999589e+01 1.079457915273916574e-01
8.323728000000000238e-01 2.576854499999999959e+01 1.075988623247787768e-01
8.371157000000000181e-01 2.581431600000000159e+01 1.074911347011240775e-01
8.418586000000000125e-01 2.572087599999999696e+01 1.070934486806065095e-01
8.466013999999999484e-01 2.575102600000000308e+01 1.069530869376059679e-01
8.513443000000000538e-01 2.586675399999999669e+01 1.069924058083493168e-01
8.560872000000000481e-01 2.568245699999999943e+01 1.064120904215874325e-01
8.608299999999999841e-01 2.564132499999999482e+01 1.061287017462378135e-01
8.655728999999999784e-01 2.564447499999999991e+01 1.059370626707433205e-01
8.703157999999999728e-01 2.570380999999999716e+01 1.058636504398388911e-01
8.750586000000000197e-01 2.567860399999999998e+01 1.056172948740692757e-01
8.798015000000000141e-01 2.575231899999999285e+01 1.055746147395030671e-01
8.845442999999999500e-01 2.591784099999999924e+01 1.057184519847131493e-01
8.892872000000000554e-01 2.583925199999999833e+01 1.053654603108082066e-01
8.940301000000000498e-01 2.559586500000000342e+01 1.046783118596378570e-01
8.987728999999999857e-01 2.567471500000000262e+01 1.046495943822956243e-01
9.035157999999999801e-01 2.555009900000000300e+01 1.042056499203334735e-01
9.082586999999999744e-01 2.570893600000000134e+01 1.043413432650356354e-01
9.130015000000000214e-01 2.570187800000000422e+01 1.041405763442866672e-01
9.177444000000000157e-01 2.569763300000000328e+01 1.039462000018923221e-01
9.224873000000000101e-01 2.565769700000000242e+01 1.036793187347799794e-01
9.272300999999999460e-01 2.549961499999999859e+01 1.031761092264391333e-01
9.319730000000000514e-01 2.554467199999999849e+01 1.030852022589823502e-01
9.367159000000000457e-01 2.573534300000000030e+01 1.032871301892438060e-01
9.414586999999999817e-01 2.585065899999999672e+01 1.033353041646019460e-01
9.462015999999999760e-01 2.584190000000000254e+01 1.031368940408634860e-01
9.509444999999999704e-01 2.565380199999999533e+01 1.025823384173586705e-01
9.556873000000000173e-01 2.562897699999999901e+01 1.023545998767969312e-01
9.604302000000000117e-01 2.563697399999999860e+01 1.021919946873384166e-01
9.651731000000000060e-01 2.562454500000000124e+01 1.019908284104007051e-01
9.699159000000000530e-01 2.562198400000000476e+01 1.018106873008649271e-01
9.746588000000000473e-01 2.565942199999999929e+01 1.017105273095715579e-01
9.794017000000000417e-01 2.563247999999999749e+01 1.014820914629832593e-01
9.841444999999999776e-01 2.575403700000000029e+01 1.015490368453044329e-01
9.888873999999999720e-01 2.564800900000000183e+01 1.011682393963105470e-01
9.936302000000000190e-01 2.564272799999999819e+01 1.009869012279894507e-01
9.983731000000000133e-01 2.568383400000000094e+01 1.008960299222124990e-01
1.003115999999999897e+00 2.551840199999999825e+01 1.004013457238517315e-01
1.007859000000000060e+00 2.565043700000000015e+01 1.004924772951179684e-01
1.012602000000000002e+00 2.560932700000000040e+01 1.002444449137312316e-01
1.017344999999999944e+00 2.564819200000000166e+01 1.001521185832191935e-01
1.022086999999999968e+00 2.559356000000000009e+01 9.987919450862327297e-02
1.026829999999999909e+00 2.556440599999999819e+01 9.965765743564365675e-02
1.031573000000000073e+00 2.552152799999999999e+01 9.940991991304137798e-02
1.036316000000000015e+00 2.559979099999999974e+01 9.939742700291694100e-02
1.041058999999999957e+00 2.563077099999999930e+01 9.929444930926602242e-02
1.045801999999999898e+00 2.552695500000000450e+01 9.893157298828317292e-02
1.050545000000000062e+00 2.556998800000000216e+01 9.885393853245907914e-02
1.055287000000000086e+00 2.548965300000000411e+01 9.853691578803955298e-02
1.060030000000000028e+00 2.560739199999999727e+01 9.860441589028960674e-02
1.064772999999999969e+00 2.559192399999999878e+01 9.841589574253033212e-02
1.069515999999999911e+00 2.555521899999999391e+01 9.818739772305150326e-02
1.074259000000000075e+00 2.574358600000000052e+01 9.838943995127372166e-02
1.079002000000000017e+00 2.548002699999999976e+01 9.772788993088564469e-02
1.083744999999999958e+00 2.557085200000000214e+01 9.776733719623696695e-02
1.088487999999999900e+00 2.557988800000000040e+01 9.765105230667460445e-02
1.093229999999999924e+00 2.536163000000000167e+01 9.703616779205885556e-02
1.097973000000000088e+00 2.546030499999999819e+01 9.707104294401960876e-02
1.102716000000000030e+00 2.546789199999999909e+01 9.693309876388198076e-02
1.107458999999999971e+00 2.557785599999999704e+01 9.698997872308715018e-02
1.112201999999999913e+00 2.570398899999999998e+01 9.707550401945848340e-02
1.116945000000000077e+00 2.556821699999999709e+01 9.666772598893283441e-02
1.121688000000000018e+00 2.544103999999999743e+01 9.627727223189333494e-02
1.126430000000000042e+00 2.552969099999999969e+01 9.629558794581193071e-02
1.131172999999999984e+00 2.550752400000000009e+01 9.610401575572634358e-02
1.135915999999999926e+00 2.554245200000000082e+01 9.602141791406956783e-02
1.140659000000000090e+00 2.541235399999999700e+01 9.562968783436867626e-02
1.145402000000000031e+00 2.542631300000000039e+01 9.550958570532175340e-02
1.150144999999999973e+00 2.541857799999999656e+01 9.534824447583971352e-02
1.154887999999999915e+00 2.534881199999999879e+01 9.507209984391055968e-02
1.159631000000000078e+00 2.547943600000000330e+01 9.517223580238776126e-02
1.164373000000000102e+00 2.536569899999999933e+01 9.481636912317197019e-02
1.169116000000000044e+00 2.547795799999999744e+01 9.495264843362768992e-02
1.173858999999999986e+00 2.557591599999999943e+01 9.496596812261011433e-02
1.178601999999999927e+00 2.563193300000000363e+01 9.488162942787185805e-02
1.183345000000000091e+00 2.561948699999999945e+01 9.471699428179612690e-02
1.188088000000000033e+00 2.540989899999999935e+01 9.418712734322721991e-02
1.192830999999999975e+00 2.547724900000000048e+01 9.417124077322863718e-02
1.197572999999999999e+00 2.543712700000000027e+01 9.395767340025293346e-02
1.202315999999999940e+00 2.548804400000000214e+01 9.391294636245260674e-02
1.207059000000000104e+00 2.566059600000000529e+01 9.439559232957966950e-02
1.211802000000000046e+00 2.560204299999999833e+01 9.737528791409605367e-02
1.216544999999999987e+00 2.550639599999999874e+01 9.921631042421100166e-02
1.221287999999999929e+00 2.555808400000000091e+01 1.008097738959328193e-01
1.226031000000000093e+00 2.554769600000000196e+01 1.020512458594210470e-01
1.230774000000000035e+00 2.533139900000000111e+01 1.027386429258854844e-01
1.235516000000000059e+00 2.529011700000000218e+01 1.036818694072232649e-01
1.240259000000000000e+00 2.531737700000000046e+01 1.046980064948497546e-01
1.245001999999999942e+00 2.551472299999999649e+01 1.060157770497132390e-01
1.249745000000000106e+00 2.537543300000000102e+01 1.065931311281519828e-01
1.254488000000000048e+00 2.536317700000000031e+01 1.074009359820523174e-01
1.259230999999999989e+00 2.521507299999999674e+01 1.076324130193028888e-01
1.263973999999999931e+00 2.527579899999999924e+01 1.080389222186615428e-01
1.268715999999999955e+00 2.532708999999999833e+01 1.084108138410269512e-01
1.273458999999999897e+00 2.553765699999999939e+01 1.070766420838359101e-01
1.278202000000000060e+00 2.567096500000000248e+01 1.033881809489261699e-01
1.282945000000000002e+00 2.565531100000000109e+01 1.013851962822990005e-01
1.287687999999999944e+00 2.561815500000000156e+01 9.988501630171964241e-02
1.292431000000000108e+00 2.567569100000000049e+01 9.884218363565680510e-02
1.297174000000000049e+00 2.557261199999999945e+01 9.766126140661660071e-02
1.301916000000000073e+00 2.536338599999999843e+01 9.639897831270101414e-02
1.306659000000000015e+00 2.533410599999999846e+01 9.556942034434444400e-02
1.311401999999999957e+00 2.539700999999999809e+01 9.498150736518504167e-02
1.316144999999999898e+00 2.543843400000000088e+01 9.440625248435983996e-02
1.320888000000000062e+00 2.540460200000000413e+01 9.387374574092322010e-02
1.325631000000000004e+00 2.548390599999999750e+01 9.377799357782398704e-02
1.330373999999999945e+00 2.551188499999999948e+01 9.360053366002139830e-02
1.335117000000000109e+00 2.535812099999999703e+01 9.309998459554974515e-02
1.339858999999999911e+00 2.543525000000000347e+01 9.302981270056120966e-02
1.344602000000000075e+00 2.541320900000000194e+01 9.278567278859652101e-02
1.349345000000000017e+00 2.544323899999999838e+01 9.264361365015777450e-02
1.354087999999999958e+00 2.564826899999999910e+01 9.282421193440912321e-02
1.358830999999999900e+00 2.549548399999999759e+01 9.236008111344964910e-02
1.363574000000000064e+00 2.549059699999999751e+01 9.216888698451175532e-02
1.368317000000000005e+00 2.545337599999999867e+01 9.192395573785215601e-02
1.373059000000000029e+00 2.546228500000000139e+01 9.176667952266497064e-02
1.377801999999999971e+00 2.552168500000000151e+01 9.170226840866915752e-02
1.382544999999999913e+00 2.530944799999999617e+01 9.115286143321940648e-02
1.387288000000000077e+00 2.545986300000000213e+01 9.125933935221040849e-02
1.392031000000000018e+00 2.548743400000000037e+01 9.114724100665580475e-02
1.396773999999999960e+00 2.528990299999999891e+01 9.063423495424341447e-02
1.401516999999999902e+00 2.527104699999999937e+01 9.044400470551046400e-02
1.406260000000000066e+00 2.536553100000000072e+01 9.045894792864551948e-02
1.411002000000000089e+00 2.539406200000000169e+01 9.035810478167799475e-02
1.415745000000000031e+00 2.542584699999999742e+01 9.026355198006169589e-02
1.420487999999999973e+00 2.535722399999999865e+01 8.999327709992840929e-02
1.425230999999999915e+00 2.551624199999999831e+01 9.012817998138041020e-02
1.429974000000000078e+00 2.543417099999999920e+01 8.983847638582757866e-02
1.434717000000000020e+00 2.543637300000000323e+01 8.969843729519817732e-02
1.439459999999999962e+00 2.547773600000000016e+01 8.962899997803668029e-02
1.444201999999999986e+00 2.537490600000000285e+01 8.930755149133695614e-02
1.448944999999999927e+00 2.550527100000000047e+01 8.939770307852377973e-02
1.453688000000000091e+00 2.529556200000000032e+01 8.889173368168550027e-02
1.458431000000000033e+00 2.543236199999999769e+01 8.899484354657352658e-02
1.463173999999999975e+00 2.541878399999999871e+01 8.885944941056690694e-02
1.467916999999999916e+00 2.541556299999999879e+01 8.872181543320672992e-02
1.472660000000000080e+00 2.529994300000000251e+01 8.836177569876921267e-02
1.477402000000000104e+00 2.524540400000000062e+01 8.813480042802220027e-02
1.482145000000000046e+00 2.542933499999999825e+01 8.832462648928948723e-02
1.486887999999999987e+00 2.535627899999999713e+01 8.806845765792085945e-02
1.491630999999999929e+00 2.531136899999999912e+01 8.786157341248619634e-02
1.496374000000000093e+00 2.539787500000000264e+01 8.788330678696608389e-02
1.501117000000000035e+00 2.557384000000000057e+01 8.810468205673352426e-02
1.505859999999999976e+00 2.556573500000000010e+01 8.966621175822417356e-02
1.510602999999999918e+00 2.559346900000000247e+01 9.223832656052255441e-02
1.515344999999999942e+00 2.540065899999999743e+01 9.341285668584811686e-02
1.520088000000000106e+00 2.542771800000000226e+01 9.469398798194317290e-02
1.524831000000000047e+00 2.537529800000000080e+01 9.566981250079618915e-02
1.529573999999999989e+00 2.523946799999999868e+01 9.616451378623717960e-02
1.534316999999999931e+00 2.563086900000000057e+01 9.421355603318028182e-02
1.539060000000000095e+00 2.551698000000000022e+01 9.254508838260408488e-02
1.543803000000000036e+00 2.546396399999999716e+01 9.147381879840646435e-02
1.548545000000000060e+00 2.531978500000000309e+01 9.026207255324075751e-02
1.553288000000000002e+00 2.531900000000000261e+01 8.945960854813193863e-02
1.558030999999999944e+00 2.540566100000000205e+01 8.885779987097139343e-02
1.562774000000000107e+00 2.533420100000000019e+01 8.784452929788796882e-02
1.567517000000000049e+00 2.539678099999999716e+01 8.714362377954454342e-02
1.572259999999999991e+00 2.537931700000000390e+01 8.660292144397843672e-02
1.577002999999999933e+00 2.538088200000000327e+01 8.626525630178581705e-02
1.581746000000000096e+00 2.530104899999999901e+01 8.596322793462447820e-02
1.586487999999999898e+00 2.541542000000000101e+01 8.617991777314944202e-02
1.591231000000000062e+00 2.534365599999999930e+01 8.616839105469129012e-02
1.595974000000000004e+00 2.527560900000000288e+01 8.615877095107671302e-02
1.600716999999999945e+00 2.536493600000000015e+01 8.638599685359427127e-02
1.605460000000000109e+00 2.529511699999999763e+01 8.615491748395792682e-02
1.610203000000000051e+00 2.544487699999999819e+01 8.626521025193528702e-02
1.614945999999999993e+00 2.544805799999999607e+01 8.612979043777943544e-02
1.619688000000000017e+00 2.532938000000000045e+01 8.579109104904890371e-02
1.624430999999999958e+00 2.535240399999999994e+01 8.569451590381790829e-02
1.629173999999999900e+00 2.544166299999999836e+01 8.571132407109927076e-02
1.633917000000000064e+00 2.531226199999999693e+01 8.536227794648407197e-02
1.638660000000000005e+00 2.538833599999999890e+01 8.536122873931642485e-02
1.643402999999999947e+00 2.535367500000000263e+01 8.517550747983952675e-02
1.648146000000000111e+00 2.521060500000000104e+01 8.480901502490227617e-02
1.652889000000000053e+00 2.520796299999999945e+01 8.468054982248875151e-02
1.657631000000000077e+00 2.531692400000000021e+01 8.474107587073638481e-02
1.662374000000000018e+00 2.523618700000000104e+01 8.448443896958185428e-02
1.667116999999999960e+00 2.541542700000000110e+01 8.466323930254734953e-02
1.671859999999999902e+00 2.536948600000000198e+01 8.446777351687860536e-02
1.676603000000000065e+00 2.532129099999999511e+01 8.427006763336553075e-02
1.681346000000000007e+00 2.545329500000000422e+01 8.437224739326612544e-02
1.686088999999999949e+00 2.537206700000000126e+01 8.412135071904634775e-02
1.690830999999999973e+00 2.536840300000000070e+01 8.400073974525998355e-02
1.695573999999999915e+00 2.535553900000000027e+01 8.386599166925112758e-02
1.700317000000000078e+00 2.525606300000000104e+01 8.358842382752829092e-02
1.705060000000000020e+00 2.536901099999999687e+01 8.366287196953973992e-02
1.709802999999999962e+00 2.533027400000000284e+01 8.348783281610980267e-02
1.714545999999999903e+00 2.535651000000000366e+01 8.342114850405800419e-02
1.719289000000000067e+00 2.518808100000000039e+01 8.303434593979949763e-02
1.724031000000000091e+00 2.526259999999999906e+01 8.304805078550128727e-02
1.728774000000000033e+00 2.524702500000000072e+01 8.291462887185167829e-02
1.733516999999999975e+00 2.531852999999999909e+01 8.292514171102452480e-02
1.738259999999999916e+00 2.524034999999999940e+01 8.269039987772279499e-02
1.743003000000000080e+00 2.528138999999999825e+01 8.265139253899174421e-02
1.747746000000000022e+00 2.524925999999999959e+01 8.249390941774185915e-02
1.752488999999999963e+00 2.518888199999999955e+01 8.229114715663039814e-02
1.757231999999999905e+00 2.526518599999999992e+01 8.231182364744508984e-02
1.761973999999999929e+00 2.527745099999999923e+01 8.222802835450027104e-02
1.766717000000000093e+00 2.539398500000000425e+01 8.231459745372748937e-02
1.771460000000000035e+00 2.527584099999999978e+01 8.202101420467562687e-02
1.776202999999999976e+00 2.514401400000000564e+01 8.174213962903406627e-02
1.780945999999999918e+00 2.517285299999999992e+01 8.169053020781416596e-02
1.785689000000000082e+00 2.511161000000000243e+01 8.145178366246377810e-02
1.790432000000000023e+00 2.524788699999999864e+01 8.157290518799242829e-02
1.795174000000000047e+00 2.531591399999999936e+01 8.158320606018128196e-02
1.799916999999999989e+00 2.520837600000000123e+01 8.131046322421241201e-02
1.804659999999999931e+00 2.526019999999999754e+01 8.129587408277495764e-02
1.809403000000000095e+00 2.517771599999999665e+01 8.106552869752162160e-02
1.814146000000000036e+00 2.527751800000000770e+01 8.112862422733237155e-02
1.818888999999999978e+00 2.519696900000000284e+01 8.090206689679133034e-02
1.823631999999999920e+00 2.517599200000000081e+01 8.077222062014143000e-02
1.828375000000000083e+00 2.522192799999999835e+01 8.075021070528733136e-02
1.833117000000000107e+00 2.525289099999999820e+01 8.070411913898137279e-02
1.837860000000000049e+00 2.526954400000000334e+01 8.063537338165924218e-02
1.842602999999999991e+00 2.519992300000000185e+01 8.042966585696224857e-02
1.847345999999999933e+00 2.521002399999999710e+01 8.035197239022076610e-02
1.852089000000000096e+00 2.516162500000000080e+01 8.024721727644765212e-02
1.856832000000000038e+00 2.506321900000000014e+01 7.993666816653981211e-02
1.861574999999999980e+00 2.517071699999999979e+01 8.000940140444996740e-02
1.866317000000000004e+00 2.515525000000000233e+01 7.989261313511969442e-02
1.871059999999999945e+00 2.525961599999999407e+01 7.996614881540062281e-02
1.875803000000000109e+00 2.531230100000000149e+01 7.995719541995453816e-02
1.880546000000000051e+00 2.514862199999999604e+01 7.960720567335471953e-02
1.885288999999999993e+00 2.508903000000000105e+01 7.942237259258060067e-02
1.890031999999999934e+00 2.514245999999999981e+01 7.941646536252290611e-02
1.894775000000000098e+00 2.523319199999999896e+01 7.946904474975712007e-02
1.899516999999999900e+00 2.523040000000000305e+01 7.937510388547722173e-02
1.904260000000000064e+00 2.513807800000000015e+01 7.914043577150874087e-02
1.909003000000000005e+00 2.512426799999999716e+01 7.903009608337953351e-02
1.913745999999999947e+00 2.517062999999999917e+01 7.901386122007073021e-02
1.918489000000000111e+00 2.508171100000000209e+01 7.878627139152796777e-02
1.923232000000000053e+00 2.506624499999999856e+01 7.867453954795286530e-02
1.927974999999999994e+00 2.513578100000000148e+01 7.869391492695988755e-02
1.932717999999999936e+00 2.508978300000000417e+01 7.847279640936787037e-02
1.937459999999999960e+00 2.507744100000000032e+01 7.827047106177079105e-02
1.942202999999999902e+00 2.510229600000000261e+01 7.809584026168678306e-02
1.946946000000000065e+00 2.512125499999999789e+01 7.793546226677494637e-02
1.951689000000000007e+00 2.501500399999999757e+01 7.761716538411397859e-02
1.956431999999999949e+00 2.503751000000000104e+01 7.756828913352478705e-02
1.961174999999999891e+00 2.512711800000000295e+01 7.762516996474275177e-02
1.965918000000000054e+00 2.503526400000000152e+01 7.740280665873880417e-02
1.970660000000000078e+00 2.509028500000000150e+01 7.745129250053416070e-02
1.975403000000000020e+00 2.511900800000000444e+01 7.747489852560829338e-02
1.980145999999999962e+00 2.508220400000000438e+01 7.743931748759928790e-02
1.984888999999999903e+00 2.497241500000000158e+01 7.729009683128491848e-02
1.989632000000000067e+00 2.500648899999999841e+01 7.736320192455195532e-02
1.994375000000000009e+00 2.519567400000000035e+01 7.762694216810553383e-02
1.999117999999999951e+00 2.502947300000000297e+01 7.725922825381444092e-02
2.003861000000000114e+00 2.499040000000000106e+01 7.711687539403810909e-02
2.008602999999999916e+00 2.502133800000000363e+01 7.708220651330564832e-02
2.013345999999999858e+00 2.528154699999999977e+01 7.808713922266971585e-02
2.018088999999999800e+00 2.501564899999999980e+01 7.994211004778457863e-02
2.022832000000000185e+00 2.499161799999999545e+01 8.122611566900758695e-02
2.027575000000000127e+00 2.505379599999999840e+01 8.235566192283261255e-02
2.032318000000000069e+00 2.492130300000000176e+01 8.301826697939977684e-02
2.037061000000000011e+00 2.508909200000000084e+01 8.409013546005440765e-02
2.041802999999999813e+00 2.499943899999999886e+01 8.465124318386293978e-02
2.046546000000000198e+00 2.500691799999999887e+01 8.505086292726546371e-02
2.051289000000000140e+00 2.506759000000000270e+01 8.541567141319676704e-02
2.056032000000000082e+00 2.506710999999999956e+01 8.565691325836811976e-02
2.060775000000000023e+00 2.489239099999999993e+01 8.558347926901779812e-02
2.065517999999999965e+00 2.501444399999999746e+01 8.600496200362336974e-02
2.070260999999999907e+00 2.504359300000000133e+01 8.625593840903070242e-02
2.075003000000000153e+00 2.495979200000000020e+01 8.630167475031930158e-02
2.079746000000000095e+00 2.513264600000000115e+01 8.451884789025285172e-02
2.084489000000000036e+00 2.509577299999999767e+01 8.231134536209938624e-02
2.089231999999999978e+00 2.506811100000000181e+01 8.108945852660690012e-02
2.093974999999999920e+00 2.519111500000000348e+01 8.039701636203236412e-02
2.098717999999999861e+00 2.516439700000000101e+01 7.962064978056948572e-02
2.103460999999999803e+00 2.512513700000000227e+01 7.892659680359530305e-02
2.108204000000000189e+00 2.508504600000000195e+01 7.842530724845010737e-02
2.112945999999999991e+00 2.518996000000000279e+01 7.838016470245454115e-02
2.117688999999999933e+00 2.497048900000000060e+01 7.784913417123404122e-02
2.122431999999999874e+00 2.498061199999999715e+01 7.768864670455330468e-02
2.127174999999999816e+00 2.491273199999999832e+01 7.741856329805210657e-02
2.131918000000000202e+00 2.499168799999999635e+01 7.738525113059915861e-02
2.136661000000000143e+00 2.491440899999999914e+01 7.711755250792194649e-02
2.141404000000000085e+00 2.494272099999999881e+01 7.701929673100696427e-02
2.146145999999999887e+00 2.488556000000000168e+01 7.679513007719500350e-02
2.150888999999999829e+00 2.506493100000000140e+01 7.693984575237852730e-02
2.155632000000000215e+00 2.487430600000000069e+01 7.652044876759218905e-02
2.160375000000000156e+00 2.502581699999999643e+01 7.662962566350692284e-02
2.165118000000000098e+00 2.500644500000000647e+01 7.648040009404304118e-02
2.169861000000000040e+00 2.500453200000000109e+01 7.636098195777932252e-02
2.174603999999999981e+00 2.496512800000000354e+01 7.618719812928678725e-02
2.179346999999999923e+00 2.493389300000000475e+01 7.602814060922903627e-02
2.184089000000000169e+00 2.493609999999999971e+01 7.592288917615885868e-02
2.188832000000000111e+00 2.477908799999999800e+01 7.557748495801577815e-02
2.193575000000000053e+00 2.501470199999999977e+01 7.583121072508469673e-02
2.198317999999999994e+00 2.489357399999999743e+01 7.554427923588191707e-02
2.203060999999999936e+00 2.499195300000000231e+01 7.559211121027048508e-02
2.207803999999999878e+00 2.489413199999999904e+01 7.534506817964928271e-02
2.212546999999999819e+00 2.487793199999999416e+01 7.522282652910153300e-02
2.217289000000000065e+00 2.497918900000000164e+01 7.527858671184256556e-02
2.222032000000000007e+00 2.503420799999999957e+01 7.526585799345678063e-02
2.226774999999999949e+00 2.493614000000000175e+01 7.502430744727005274e-02
2.231517999999999891e+00 2.490284199999999970e+01 7.488141365823898499e-02
2.236260999999999832e+00 2.493933700000000186e+01 7.484400791280287901e-02
2.241004000000000218e+00 2.500155999999999779e+01 7.484625322085869392e-02
2.245747000000000160e+00 2.482152299999999556e+01 7.448674467202806571e-02
2.250490000000000101e+00 2.496888599999999769e+01 7.461871266697114868e-02
2.255231999999999903e+00 2.479212499999999864e+01 7.426613565233283754e-02
2.259974999999999845e+00 2.491361700000000212e+01 7.436055484659120918e-02
2.264717999999999787e+00 2.486475599999999631e+01 7.420144915651985529e-02
2.269461000000000173e+00 2.478891100000000236e+01 7.400298669287273812e-02
2.274204000000000114e+00 2.478434200000000232e+01 7.391123319991285689e-02
2.278947000000000056e+00 2.495442800000000005e+01 7.408019446557156940e-02
2.283689999999999998e+00 2.485566200000000237e+01 7.385007104535173950e-02
2.288431999999999800e+00 2.491209500000000077e+01 7.385129365070526586e-02
2.293175000000000185e+00 2.497655199999999809e+01 7.386420311823514717e-02
2.297918000000000127e+00 2.491005100000000283e+01 7.368430070780275509e-02
2.302661000000000069e+00 2.498550799999999938e+01 7.371467134124455589e-02
2.307404000000000011e+00 2.491026200000000301e+01 7.352348965538155201e-02
2.312146999999999952e+00 2.471933800000000048e+01 7.316133665174659462e-02
2.316889999999999894e+00 2.485245600000000010e+01 7.327866938600277602e-02
2.321632000000000140e+00 2.480420000000000158e+01 7.312918958664726965e-02
2.326375000000000082e+00 2.482623500000000050e+01 7.308371289828398398e-02
2.331118000000000023e+00 2.496152999999999977e+01 7.320431004805523501e-02
2.335860999999999965e+00 2.491154700000000588e+01 7.305379468958131395e-02
2.340603999999999907e+00 2.478075700000000126e+01 7.278494022550406617e-02
2.345346999999999849e+00 2.486596799999999519e+01 7.283398285172794362e-02
2.350089999999999790e+00 2.480649600000000277e+01 7.267090475902994451e-02
2.354833000000000176e+00 2.487698999999999927e+01 7.269833095897662578e-02
2.359574999999999978e+00 2.493380900000000011e+01 7.270644665253143957e-02
2.364317999999999920e+00 2.498089500000000029e+01 7.270024964373163201e-02
2.369060999999999861e+00 2.481937100000000029e+01 7.239057800094497730e-02
2.373803999999999803e+00 2.484919199999999861e+01 7.236041740160084612e-02
2.378547000000000189e+00 2.483270100000000369e+01 7.226281191956621108e-02
2.383290000000000131e+00 2.478839900000000185e+01 7.212534941262675747e-02
2.388033000000000072e+00 2.486528500000000008e+01 7.216416471795679410e-02
2.392774999999999874e+00 2.481109099999999756e+01 7.201325605558048237e-02
2.397517999999999816e+00 2.478685800000000228e+01 7.190630129620909083e-02
2.402261000000000202e+00 2.492651500000000198e+01 7.203706384801507323e-02
2.407004000000000143e+00 2.494373699999999872e+01 7.199009519636294374e-02
2.411747000000000085e+00 2.487301100000000176e+01 7.181701081821771637e-02
2.416490000000000027e+00 2.478392499999999643e+01 7.161798312693258561e-02
2.421232999999999969e+00 2.478809999999999647e+01 7.155382660302871123e-02
2.425975999999999910e+00 2.472398899999999955e+01 7.139110012581399711e-02
2.430718000000000156e+00 2.483528700000000100e+01 7.148180617769461787e-02
2.435461000000000098e+00 2.476407299999999623e+01 7.131033954679293074e-02
2.440204000000000040e+00 2.476792799999999772e+01 7.127210190256844102e-02
2.444946999999999981e+00 2.472861999999999938e+01 7.112159465993786456e-02
2.449689999999999923e+00 2.476361899999999849e+01 7.110324207486533321e-02
2.454432999999999865e+00 2.487013999999999925e+01 7.118791521461279026e-02
2.459175999999999807e+00 2.480486599999999697e+01 7.102669862585478389e-02
2.463918000000000053e+00 2.473978800000000078e+01 7.086549561524423113e-02
2.468660999999999994e+00 2.480766700000000213e+01 7.089552667871930336e-02
2.473403999999999936e+00 2.473079000000000249e+01 7.071845318744535147e-02
2.478146999999999878e+00 2.475981999999999772e+01 7.069339865928360445e-02
2.482889999999999819e+00 2.490557500000000246e+01 7.083433883621839677e-02
2.487633000000000205e+00 2.481898899999999841e+01 7.064465016865890956e-02
2.492376000000000147e+00 2.483404900000000026e+01 7.060016959491385857e-02
2.497117999999999949e+00 2.483669800000000194e+01 7.053794881701622166e-02
2.501860999999999891e+00 2.477245399999999975e+01 7.038102881564392566e-02
2.506603999999999832e+00 2.482285999999999859e+01 7.038722619560669469e-02
2.511347000000000218e+00 2.475554999999999950e+01 7.022519790108319726e-02
2.516090000000000160e+00 2.471720600000000090e+01 7.005223073864456917e-02
2.520833000000000101e+00 2.476002100000000183e+01 6.996931074371963433e-02
2.525576000000000043e+00 2.474376300000000128e+01 6.980409082769935269e-02
2.530318999999999985e+00 2.480077100000000101e+01 6.976994019446125517e-02
2.535060999999999787e+00 2.473147900000000021e+01 6.960874482510441552e-02
2.539804000000000173e+00 2.465872099999999989e+01 6.944334696986817490e-02
2.544547000000000114e+00 2.468416099999999958e+01 6.941718096363969082e-02
2.549290000000000056e+00 2.470429499999999834e+01 6.938299900309656543e-02
2.554032999999999998e+00 2.481580100000000044e+01 6.947754239910117202e-02
2.558775999999999939e+00 2.475989199999999713e+01 6.933724727077791861e-02
2.563518999999999881e+00 2.477652000000000143e+01 6.930129698553989803e-02
2.568261000000000127e+00 2.472561599999999871e+01 6.922430779852334348e-02
2.573004000000000069e+00 2.480660100000000412e+01 6.935351077070575632e-02
2.577747000000000011e+00 2.486045100000000119e+01 6.944408350669048491e-02
2.582489999999999952e+00 2.475419600000000031e+01 6.927666116803046781e-02
2.587232999999999894e+00 2.478547000000000011e+01 6.925911977591904523e-02
2.591975999999999836e+00 2.468627299999999991e+01 6.905918923183214375e-02
2.596719000000000221e+00 2.468962799999999547e+01 6.900274409955156618e-02
2.601462000000000163e+00 2.469934100000000043e+01 6.895533517476946928e-02
2.606203999999999965e+00 2.470153300000000129e+01 6.889804077717449904e-02
2.610946999999999907e+00 2.477015300000000053e+01 6.893315522691748076e-02
2.615689999999999849e+00 2.465787999999999869e+01 6.871644081275746219e-02
2.620432999999999790e+00 2.463613099999999889e+01 6.862609867654141660e-02
2.625176000000000176e+00 2.482057400000000058e+01 6.882262821638317207e-02
2.629919000000000118e+00 2.475648400000000038e+01 6.867391322731944414e-02
2.634662000000000059e+00 2.464143900000000187e+01 6.846931298660444143e-02
2.639403999999999861e+00 2.461287100000000194e+01 6.838242008919689918e-02
2.644146999999999803e+00 2.467005199999999832e+01 6.837991192475390001e-02
2.648890000000000189e+00 2.468440999999999974e+01 6.833702971784624824e-02
2.653633000000000131e+00 2.469579699999999889e+01 6.830426954850699062e-02
2.658376000000000072e+00 2.473667099999999763e+01 6.830357732290601169e-02
2.663119000000000014e+00 2.475313500000000388e+01 6.825610189126024574e-02
2.667861999999999956e+00 2.463526499999999686e+01 6.803497166411402730e-02
2.672604999999999897e+00 2.466918500000000236e+01 6.802366960329545020e-02
2.677347000000000143e+00 2.466998999999999853e+01 6.796692664390821537e-02
2.682090000000000085e+00 2.467890000000000228e+01 6.792145827865006535e-02
2.686833000000000027e+00 2.467441699999999827e+01 6.785796909161516399e-02
2.691575999999999969e+00 2.462736800000000059e+01 6.773555313811277512e-02
2.696318999999999910e+00 2.469719500000000068e+01 6.777429282282257383e-02
2.701061999999999852e+00 2.466631900000000144e+01 6.767494236331199342e-02
2.705804999999999794e+00 2.468775400000000175e+01 6.764747537919431342e-02
2.710547000000000040e+00 2.457900799999999819e+01 6.744147275721520951e-02
2.715289999999999981e+00 2.459020800000000051e+01 6.740059287814537115e-02
2.720032999999999923e+00 2.466921099999999711e+01 6.745238713242475426e-02
2.724775999999999865e+00 2.469139000000000195e+01 6.742649931206870506e-02
2.729518999999999807e+00 2.480748100000000278e+01 6.752851136924091502e-02
2.734262000000000192e+00 2.469825999999999766e+01 6.732371068096142108e-02
2.739005000000000134e+00 2.469726599999999905e+01 6.726672095319721767e-02
2.743746999999999936e+00 2.466541799999999895e+01 6.716748438169097002e-02
2.748489999999999878e+00 2.476559299999999553e+01 6.724824056628916913e-02
2.753232999999999819e+00 2.471380200000000116e+01 6.712250426633530054e-02
2.757976000000000205e+00 2.459223500000000229e+01 6.690230747574406334e-02
2.762719000000000147e+00 2.460253099999999904e+01 6.686137795220271907e-02
2.767462000000000089e+00 2.462585599999999886e+01 6.683810848525487125e-02
2.772205000000000030e+00 2.470253699999999952e+01 6.688753671215812158e-02
2.776947999999999972e+00 2.472221499999999850e+01 6.685941642285850306e-02
2.781690000000000218e+00 2.472309500000000071e+01 6.680635253688904651e-02
2.786433000000000160e+00 2.465362800000000121e+01 6.665797512753893206e-02
2.791176000000000101e+00 2.467924599999999913e+01 6.663835795193259748e-02
2.795919000000000043e+00 2.469389100000000425e+01 6.660440352032814815e-02
2.800661999999999985e+00 2.455434999999999945e+01 6.637741313372041985e-02
2.805404999999999927e+00 2.458613099999999818e+01 6.635695036649211231e-02
2.810147999999999868e+00 2.467437799999999726e+01 6.645417794337087070e-02
2.814890000000000114e+00 2.480457200000000029e+01 6.658438833046377570e-02
2.819633000000000056e+00 2.478301700000000096e+01 6.778867281498582309e-02
2.824375999999999998e+00 2.474489100000000263e+01 6.915847880562223104e-02
2.829118999999999939e+00 2.469019800000000231e+01 6.997468080017228698e-02
2.833861999999999881e+00 2.462092200000000020e+01 7.060607066449739455e-02
2.838604999999999823e+00 2.451426799999999773e+01 7.106945303137277015e-02
2.843348000000000209e+00 2.456258000000000052e+01 7.143921595454769125e-02
2.848091000000000150e+00 2.469922799999999796e+01 7.185511439269233469e-02
2.852832999999999952e+00 2.454311800000000332e+01 7.183691756317431287e-02
2.857575999999999894e+00 2.448843600000000009e+01 7.194946393085357994e-02
2.862318999999999836e+00 2.458022599999999969e+01 7.226397287532564107e-02
2.867062000000000221e+00 2.462352299999999872e+01 7.249699731720479767e-02
2.871805000000000163e+00 2.470477100000000092e+01 7.277683528326098217e-02
2.876548000000000105e+00 2.455292000000000030e+01 7.270433778144327897e-02
2.881291000000000047e+00 2.448762500000000131e+01 7.241125063671528805e-02
2.886032999999999848e+00 2.479508200000000073e+01 7.078709163347508826e-02
2.890775999999999790e+00 2.478287300000000215e+01 6.965718578313008502e-02
2.895519000000000176e+00 2.472756700000000052e+01 6.882772261314476503e-02
2.900262000000000118e+00 2.476949199999999962e+01 6.829024646623703398e-02
2.905005000000000059e+00 2.476664500000000046e+01 6.791841482245516981e-02
2.909748000000000001e+00 2.467030600000000007e+01 6.760871239511960507e-02
2.914490999999999943e+00 2.468374100000000126e+01 6.746872228832483109e-02
2.919233000000000189e+00 2.469576099999999741e+01 6.734147170601931243e-02
2.923976000000000131e+00 2.466488400000000070e+01 6.716710412015616805e-02
2.928719000000000072e+00 2.456856400000000207e+01 6.691345497824634225e-02
2.933462000000000014e+00 2.462239599999999839e+01 6.687122510306806045e-02
2.938204999999999956e+00 2.461965299999999957e+01 6.675821368948542389e-02
2.942947999999999897e+00 2.457118300000000133e+01 6.658904338190629879e-02
2.947690999999999839e+00 2.452730999999999995e+01 6.643049580387684616e-02
2.952433999999999781e+00 2.470654899999999898e+01 6.658490901808832019e-02
2.957176000000000027e+00 2.460695999999999728e+01 6.636509978948498811e-02
2.961918999999999969e+00 2.474800699999999765e+01 6.645243004158839228e-02
2.966661999999999910e+00 2.467957999999999785e+01 6.627476056116686498e-02
2.971404999999999852e+00 2.459747499999999931e+01 6.608091350773080686e-02
2.976147999999999794e+00 2.467037699999999489e+01 6.609750098730057810e-02
2.980891000000000179e+00 2.454346699999999970e+01 6.584815697605590767e-02
2.985634000000000121e+00 2.468220999999999421e+01 6.595657687281156201e-02
2.990375999999999923e+00 2.467559200000000175e+01 6.588898006726315315e-02
2.995118999999999865e+00 2.474784999999999613e+01 6.589659274441814207e-02
2.999861999999999806e+00 2.457129399999999819e+01 6.558548334763950050e-02
3.004605000000000192e+00 2.464330500000000512e+01 6.561002864062398521e-02
3.009348000000000134e+00 2.468654399999999782e+01 6.559717313617484391e-02
3.014091000000000076e+00 2.464226200000000233e+01 6.548895644386006076e-02
3.018834000000000017e+00 2.459505900000000267e+01 6.533804795540190669e-02
3.023576999999999959e+00 2.454121799999999709e+01 6.519947054687330601e-02
3.028319000000000205e+00 2.452913600000000116e+01 6.511719890091403895e-02
3.033062000000000147e+00 2.457525999999999655e+01 6.511281216661971016e-02
3.037805000000000089e+00 2.461460899999999441e+01 6.510034272634591945e-02
3.042548000000000030e+00 2.451251599999999797e+01 6.490167585400627437e-02
3.047290999999999972e+00 2.463324599999999975e+01 6.499818924300661271e-02
3.052033999999999914e+00 2.452461500000000072e+01 6.479213541928911801e-02
3.056776999999999855e+00 2.448165999999999798e+01 6.467395264268760435e-02
3.061519000000000101e+00 2.458985600000000105e+01 6.475516660702990146e-02
3.066262000000000043e+00 2.464550700000000205e+01 6.476801406063953381e-02
3.071004999999999985e+00 2.458804899999999805e+01 6.464551958161138256e-02
3.075747999999999927e+00 2.444499899999999926e+01 6.440088296131271650e-02
3.080490999999999868e+00 2.450294600000000145e+01 6.441138343435420799e-02
3.085233999999999810e+00 2.464834000000000103e+01 6.453429099213843501e-02
3.089977000000000196e+00 2.465994500000000045e+01 6.450971955689080439e-02
3.094720000000000137e+00 2.458675599999999761e+01 6.433892947535030382e-02
3.099461999999999939e+00 2.455650599999999883e+01 6.424140462901864468e-02
3.104204999999999881e+00 2.453503599999999807e+01 6.415648836134502098e-02
3.108947999999999823e+00 2.455891199999999941e+01 6.413124298979164251e-02
3.113691000000000209e+00 2.460925500000000099e+01 6.414132041958522934e-02
3.118434000000000150e+00 2.450212400000000201e+01 6.394618191502836335e-02
3.123177000000000092e+00 2.453809700000000049e+01 6.393754651181574045e-02
3.127920000000000034e+00 2.451453200000000265e+01 6.385207328807812610e-02
3.132661999999999836e+00 2.457312200000000146e+01 6.387379909885351759e-02
3.137405000000000221e+00 2.456122000000000227e+01 6.380436325057793623e-02
3.142148000000000163e+00 2.450868100000000283e+01 6.368189406364339888e-02
3.146891000000000105e+00 2.463417199999999951e+01 6.379916042027826417e-02
3.151634000000000047e+00 2.461489500000000064e+01 6.372309698950294476e-02
3.156376999999999988e+00 2.449490999999999730e+01 6.350476406586910705e-02
3.161119999999999930e+00 2.454123300000000540e+01 6.351246915647509872e-02
3.165862000000000176e+00 2.459347999999999956e+01 6.357174485049707502e-02
3.170605000000000118e+00 2.449659499999999923e+01 6.337782954059092977e-02
3.175348000000000059e+00 2.446096599999999910e+01 6.325207475870574247e-02
3.180091000000000001e+00 2.452664499999999492e+01 6.328504057219605516e-02
3.184833999999999943e+00 2.460368700000000075e+01 6.333294658389895804e-02
3.189576999999999884e+00 2.453654299999999822e+01 6.319529130154713514e-02
3.194319999999999826e+00 2.453700300000000212e+01 6.312669970784152984e-02
3.199063000000000212e+00 2.456217000000000183e+01 6.304329207789041711e-02
3.203805000000000014e+00 2.453594500000000167e+01 6.289290990727333663e-02
3.208547999999999956e+00 2.461708800000000252e+01 6.291933428626053648e-02
3.213290999999999897e+00 2.444237800000000504e+01 6.264626147619505037e-02
3.218033999999999839e+00 2.458278400000000019e+01 6.277645069258455668e-02
3.222776999999999781e+00 2.452385499999999752e+01 6.265201294191352632e-02
3.227520000000000167e+00 2.451302199999999942e+01 6.258953162999544850e-02
3.232263000000000108e+00 2.450330799999999698e+01 6.252836152828170069e-02
3.237004999999999910e+00 2.456458999999999904e+01 6.255801337049714250e-02
3.241747999999999852e+00 2.446690000000000254e+01 6.238514592284849503e-02
3.246490999999999794e+00 2.447344100000000111e+01 6.234551982284612659e-02
3.251234000000000179e+00 2.447830600000000345e+01 6.232150043147068053e-02
3.255977000000000121e+00 2.451330799999999854e+01 6.238201481404155591e-02
3.260720000000000063e+00 2.451024900000000173e+01 6.239589946437346102e-02
3.265463000000000005e+00 2.459751100000000434e+01 6.248425592035324050e-02
3.270205999999999946e+00 2.458136399999999711e+01 6.241627611357153382e-02
3.274948000000000192e+00 2.458530999999999622e+01 6.237354002484948173e-02
3.279691000000000134e+00 2.457111000000000089e+01 6.230803035860786598e-02
3.284434000000000076e+00 2.453574199999999905e+01 6.221638991221926929e-02
3.289177000000000017e+00 2.456794500000000170e+01 6.221014942084369947e-02
3.293919999999999959e+00 2.458914000000000044e+01 6.218985878764640013e-02
3.298662999999999901e+00 2.452630299999999508e+01 6.206377744028798021e-02
3.303405999999999842e+00 2.461094800000000049e+01 6.212433383593339575e-02
3.308148000000000089e+00 2.456648099999999957e+01 6.202191955650437905e-02
3.312891000000000030e+00 2.455172700000000319e+01 6.195683691699730572e-02
3.317633999999999972e+00 2.446018099999999862e+01 6.179521480744848416e-02
3.322376999999999914e+00 2.443601699999999965e+01 6.171973371516439183e-02
3.327119999999999855e+00 2.442185300000000225e+01 6.167158869878576477e-02
3.331862999999999797e+00 2.446780799999999800e+01 6.166772195962001712e-02
3.336606000000000183e+00 2.446843899999999650e+01 6.162311169706541358e-02
3.341347999999999985e+00 2.452493000000000478e+01 6.164897046354139709e-02
3.346090999999999926e+00 2.453175699999999892e+01 6.161241418578970036e-02
3.350833999999999868e+00 2.450293699999999930e+01 6.153098032658670113e-02
3.355576999999999810e+00 2.446888200000000069e+01 6.144355431613555962e-02
3.360320000000000196e+00 2.444715199999999911e+01 6.137161625488366662e-02
3.365063000000000137e+00 2.450379699999999872e+01 6.139809794198677201e-02
3.369806000000000079e+00 2.444469799999999893e+01 6.127951910829099180e-02
3.374549000000000021e+00 2.451911699999999783e+01 6.132819438739248868e-02
3.379290999999999823e+00 2.467630199999999974e+01 6.216445102772162612e-02
3.384034000000000209e+00 2.454799999999999827e+01 6.345726845526365734e-02
3.388777000000000150e+00 2.457486799999999860e+01 6.433127126665615092e-02
3.393520000000000092e+00 2.458952999999999989e+01 6.501357146266614762e-02
3.398263000000000034e+00 2.449542100000000033e+01 6.528150335135979310e-02
3.403005999999999975e+00 2.449535499999999999e+01 6.545747228589568478e-02
3.407748999999999917e+00 2.444926099999999991e+01 6.536206072397733602e-02
3.412491000000000163e+00 2.444770300000000063e+01 6.539614882137326224e-02
3.417234000000000105e+00 2.442727100000000107e+01 6.554276209781291496e-02
3.421977000000000046e+00 2.440259500000000159e+01 6.566815522665304938e-02
3.426719999999999988e+00 2.454284599999999728e+01 6.599072078985422640e-02
3.431462999999999930e+00 2.444432400000000172e+01 6.599550660316276518e-02
3.436205999999999872e+00 2.441484700000000174e+01 6.609850992099217115e-02
3.440948999999999813e+00 2.448272800000000160e+01 6.631040593442179276e-02
3.445692000000000199e+00 2.433136799999999766e+01 6.623558055869292749e-02
3.450434000000000001e+00 2.450410399999999811e+01 6.656274036439080444e-02
3.455176999999999943e+00 2.449268300000000309e+01 6.665618615385371371e-02
3.459919999999999884e+00 2.439333900000000099e+01 6.662544906482506524e-02
3.464662999999999826e+00 2.445193199999999933e+01 6.680616694383460785e-02
3.469406000000000212e+00 2.453143100000000487e+01 6.701259175460011486e-02
3.474149000000000154e+00 2.447499899999999684e+01 6.702972592898691351e-02
3.478892000000000095e+00 2.441253100000000131e+01 6.703569411749235596e-02
3.483633999999999897e+00 2.442423099999999891e+01 6.714005549422936980e-02
3.488376999999999839e+00 2.445209999999999440e+01 6.726452094128225478e-02
3.493119999999999781e+00 2.452119899999999575e+01 6.744311093281581126e-02
3.497863000000000167e+00 2.454616099999999790e+01 6.755905229054356975e-02
3.502606000000000108e+00 2.447057099999999963e+01 6.753420786809674614e-02
3.507349000000000050e+00 2.448691699999999827e+01 6.763378264006456031e-02
3.512091999999999992e+00 2.446648900000000282e+01 6.768118346334009439e-02
3.516833999999999794e+00 2.443316100000000191e+01 6.770840181526367740e-02
3.521577000000000179e+00 2.455363600000000091e+01 6.794711899706933067e-02
3.526320000000000121e+00 2.450498800000000443e+01 6.795026558615425982e-02
3.531063000000000063e+00 2.448361200000000082e+01 6.798923238829439331e-02
3.535806000000000004e+00 2.451259500000000457e+01 6.809728619120515580e-02
3.540548999999999946e+00 2.439202399999999926e+01 6.799484896484071783e-02
3.545291999999999888e+00 2.451049499999999881e+01 6.822459032424525727e-02
3.550034999999999830e+00 2.453092999999999790e+01 6.831650643335913931e-02
3.554777000000000076e+00 2.450282100000000440e+01 6.833926666636833125e-02
3.559520000000000017e+00 2.443366900000000186e+01 6.830369175476241894e-02
3.564262999999999959e+00 2.447612600000000072e+01 6.842259584926532745e-02
3.569005999999999901e+00 2.447627999999999560e+01 6.849487271305057523e-02
3.573748999999999842e+00 2.446804500000000004e+01 6.856064713004320077e-02
3.578491999999999784e+00 2.449158400000000313e+01 6.861700532247819173e-02
3.583235000000000170e+00 2.444555000000000433e+01 6.860840858286031130e-02
3.587976999999999972e+00 2.447245999999999810e+01 6.867740448982764812e-02
3.592719999999999914e+00 2.451851500000000073e+01 6.868843908882266147e-02
3.597462999999999855e+00 2.446074699999999780e+01 6.854625641957698412e-02
3.602205999999999797e+00 2.449249499999999813e+01 6.853018394836177252e-02
3.606949000000000183e+00 2.451988599999999963e+01 6.850808648035063009e-02
3.611692000000000125e+00 2.449000799999999956e+01 6.845711698880183049e-02
3.616435000000000066e+00 2.452855199999999769e+01 6.857913396322820598e-02
3.621178000000000008e+00 2.465119600000000588e+01 6.958137481107713740e-02
3.625919999999999810e+00 2.457244100000000486e+01 7.195419033438357759e-02
3.630663000000000196e+00 2.462749699999999820e+01 7.343740583646525544e-02
3.635406000000000137e+00 2.460263899999999992e+01 7.444790575522121368e-02
3.640149000000000079e+00 2.444423199999999952e+01 7.497723237347855840e-02
3.644892000000000021e+00 2.440775199999999856e+01 7.543363021386415013e-02
3.649634999999999962e+00 2.441571500000000228e+01 7.593258542835150393e-02
3.654377999999999904e+00 2.440100600000000242e+01 7.633171509224262463e-02
3.659120000000000150e+00 2.454081599999999952e+01 7.697701085587177472e-02
3.663863000000000092e+00 2.430184799999999967e+01 7.701100715688505294e-02
3.668606000000000034e+00 2.437516300000000058e+01 7.752431060035619437e-02
3.673348999999999975e+00 2.435599599999999754e+01 7.788009666858920765e-02
3.678091999999999917e+00 2.443622399999999928e+01 7.838570656762047784e-02
3.682834999999999859e+00 2.448951599999999829e+01 7.884158764914492301e-02
3.687577999999999800e+00 2.437394700000000114e+01 7.901778015926036458e-02
3.692321000000000186e+00 2.446349099999999765e+01 7.952037494979447008e-02
3.697062999999999988e+00 2.437243499999999941e+01 7.972353447560262540e-02
3.701805999999999930e+00 2.436211899999999986e+01 8.005335317619181879e-02
3.706548999999999872e+00 2.442687699999999751e+01 8.050252294455621793e-02
3.711291999999999813e+00 2.448163000000000267e+01 8.093233579623906881e-02
3.716035000000000199e+00 2.443946600000000302e+01 8.119856601082743597e-02
3.720778000000000141e+00 2.441403700000000043e+01 8.148960849333306000e-02
3.725521000000000083e+00 2.442010599999999698e+01 8.183019913462694084e-02
3.730262999999999884e+00 2.452171399999999934e+01 8.232943161875345972e-02
3.735005999999999826e+00 2.450440499999999844e+01 8.262673404092044094e-02
3.739749000000000212e+00 2.446942700000000315e+01 8.289243525404534074e-02
3.744492000000000154e+00 2.441021699999999939e+01 8.311465666258809060e-02
3.749235000000000095e+00 2.457885600000000181e+01 8.372325604585323378e-02
3.753978000000000037e+00 2.444306499999999716e+01 8.381219807780607156e-02
3.758720999999999979e+00 2.440798199999999696e+01 8.407014520113190170e-02
3.763462999999999781e+00 2.443800200000000089e+01 8.443998491685797414e-02
3.768206000000000166e+00 2.442555300000000074e+01 8.473532021248518509e-02
3.772949000000000108e+00 2.469381700000000279e+01 8.551734096824982478e-02
3.777692000000000050e+00 2.445107800000000253e+01 8.541154600239829475e-02
3.782434999999999992e+00 2.433514900000000125e+01 8.552320040827809944e-02
3.787177999999999933e+00 2.430079599999999829e+01 8.577622772202098123e-02
3.791920999999999875e+00 2.436665800000000104e+01 8.620649881450527519e-02
3.796663999999999817e+00 2.432399399999999901e+01 8.644408113617554901e-02
3.801406000000000063e+00 2.444757800000000003e+01 8.697762147668960941e-02
3.806149000000000004e+00 2.437260500000000008e+01 8.715759775024264910e-02
3.810891999999999946e+00 2.443755599999999362e+01 8.758753964053163366e-02
3.815634999999999888e+00 2.440767600000000215e+01 8.784735938490922935e-02
3.820377999999999830e+00 2.454285600000000045e+01 8.840519412083545914e-02
3.825121000000000215e+00 2.456831499999999835e+01 8.876563741706697264e-02
3.829864000000000157e+00 2.460477200000000053e+01 8.914711296777311222e-02
3.834605999999999959e+00 2.455064499999999583e+01 8.936424373649172470e-02
3.839348999999999901e+00 2.456056699999999893e+01 8.969943950993505832e-02
3.844091999999999842e+00 2.436727400000000188e+01 8.966053147358987729e-02
3.848834999999999784e+00 2.425194799999999873e+01 8.976598620966017017e-02
3.853578000000000170e+00 2.441689799999999977e+01 9.043497029796106201e-02
3.858321000000000112e+00 2.447580800000000067e+01 9.081094455657920395e-02
3.863064000000000053e+00 2.444474799999999703e+01 9.107168405882039297e-02
3.867806999999999995e+00 2.456472600000000028e+01 9.161512286641000646e-02
3.872548999999999797e+00 2.439521200000000078e+01 9.161727678003150910e-02
3.877292000000000183e+00 2.448982600000000076e+01 9.211570614201847196e-02
3.882035000000000124e+00 2.459564299999999903e+01 9.263739343161322970e-02
3.886778000000000066e+00 2.446910700000000105e+01 9.272136740805864141e-02
3.891521000000000008e+00 2.441629900000000220e+01 9.294431469123003164e-02
3.896263999999999950e+00 2.457360500000000059e+01 9.356814194948084862e-02
3.901006999999999891e+00 2.441608000000000089e+01 9.359240689973838401e-02
3.905749000000000137e+00 2.431249600000000299e+01 9.371999606788990189e-02
3.910492000000000079e+00 2.453245299999999673e+01 9.447136596420949162e-02
3.915235000000000021e+00 2.443639999999999901e+01 9.461480872371937079e-02
3.919977999999999962e+00 2.440550700000000361e+01 9.484313141737149566e-02
3.924720999999999904e+00 2.435766699999999929e+01 9.483442999349603331e-02
3.929463999999999846e+00 2.439060200000000123e+01 9.497127964802780375e-02
3.934206999999999788e+00 2.433947999999999823e+01 9.499647637316080417e-02
3.938949000000000034e+00 2.442663100000000043e+01 9.527051050881536753e-02
3.943691999999999975e+00 2.449503699999999995e+01 9.550682437167618000e-02
3.948434999999999917e+00 2.441184399999999854e+01 9.544696592636771337e-02
3.953177999999999859e+00 2.437261400000000222e+01 9.549899352945873110e-02
3.957920999999999800e+00 2.454293700000000200e+01 9.600129484853837936e-02
3.962664000000000186e+00 2.431062700000000376e+01 9.555435051823334136e-02
3.967407000000000128e+00 2.433429500000000090e+01 9.584716667223605602e-02
3.972150000000000070e+00 2.428660400000000053e+01 9.607624571330468377e-02
3.976891999999999872e+00 2.449573400000000589e+01 9.681436048946559514e-02
3.981634999999999813e+00 2.443126899999999679e+01 9.701312911311180120e-02
3.986378000000000199e+00 2.439273700000000034e+01 9.726495406663079879e-02
3.991121000000000141e+00 2.433964399999999628e+01 9.748761276877999926e-02
3.995864000000000082e+00 2.449350199999999944e+01 9.812751826807911137e-02
4.000606999999999580e+00 2.450502399999999881e+01 9.848384182649355667e-02
4.005349999999999966e+00 2.440492199999999912e+01 9.861756431472185058e-02
4.010092000000000212e+00 2.426433700000000471e+01 9.866850018716966098e-02
4.014834999999999710e+00 2.437147199999999714e+01 9.922383925947433903e-02
4.019578000000000095e+00 2.434048800000000057e+01 9.950072622632459562e-02
4.024320999999999593e+00 2.445088900000000010e+01 1.000675825637189070e-01
4.029063999999999979e+00 2.457013599999999798e+01 1.006567164718082663e-01
4.033807000000000365e+00 2.440391300000000285e+01 1.006613190309738615e-01
4.038549999999999862e+00 2.449017599999999817e+01 1.011877800616937106e-01
4.043293000000000248e+00 2.442121099999999956e+01 1.013948419348129348e-01
4.048034999999999606e+00 2.440565800000000252e+01 1.017146002214578820e-01
4.052777999999999992e+00 2.449499799999999894e+01 1.022549839139344774e-01
4.057521000000000377e+00 2.448072400000000215e+01 1.025816710719702762e-01
4.062263999999999875e+00 2.447446599999999961e+01 1.029274647417029315e-01
4.067007000000000261e+00 2.450633900000000409e+01 1.033556874306015005e-01
4.071749999999999758e+00 2.438472100000000253e+01 1.034615163342737787e-01
4.076493000000000144e+00 2.433395800000000264e+01 1.037182503462399374e-01
4.081235000000000390e+00 2.457621600000000228e+01 1.046015378672335849e-01
4.085977999999999888e+00 2.470692000000000377e+01 1.052520202956736678e-01
4.090721000000000274e+00 2.445029499999999700e+01 1.050764211642231383e-01
4.095463999999999771e+00 2.447900899999999780e+01 1.055133947653263543e-01
4.100207000000000157e+00 2.456547600000000031e+01 1.060781711757282364e-01
4.104949999999999655e+00 2.432261799999999852e+01 1.059328236717991950e-01
4.109693000000000040e+00 2.448613800000000396e+01 1.066708656234986174e-01
4.114436000000000426e+00 2.444234599999999702e+01 1.069607953704192482e-01
4.119177999999999784e+00 2.437842799999999954e+01 1.072091390314636322e-01
4.123921000000000170e+00 2.432083599999999990e+01 1.074722397797584772e-01
4.128663999999999668e+00 2.443705700000000292e+01 1.081235335040702239e-01
4.133407000000000053e+00 2.433289000000000257e+01 1.082893432266873457e-01
4.138150000000000439e+00 2.450446399999999514e+01 1.090703572309034836e-01
4.142892999999999937e+00 2.435503299999999882e+01 1.091396125177985094e-01
4.147636000000000323e+00 2.453077600000000302e+01 1.099388847601470848e-01
4.152377999999999680e+00 2.434715300000000227e+01 1.099356704799979711e-01
4.157121000000000066e+00 2.453660299999999594e+01 1.107753710238142120e-01
4.161863999999999564e+00 2.427683999999999997e+01 1.106019016312576736e-01
4.166606999999999950e+00 2.455073900000000009e+01 1.116437499825798652e-01
4.171350000000000335e+00 2.444954000000000249e+01 1.118352947165714706e-01
4.176092999999999833e+00 2.434828600000000165e+01 1.120347638682592101e-01
4.180836000000000219e+00 2.447625499999999832e+01 1.129133061110026981e-01
4.185577999999999577e+00 2.444993599999999745e+01 1.131654190845242242e-01
4.190320999999999962e+00 2.445758299999999963e+01 1.135789505750863099e-01
4.195064000000000348e+00 2.463061100000000181e+01 1.144213806012224222e-01
4.199806999999999846e+00 2.454829399999999495e+01 1.146746664842802216e-01
4.204550000000000232e+00 2.465934000000000381e+01 1.153833344266302630e-01
4.209292999999999729e+00 2.421897799999999989e+01 1.147985644697802760e-01
4.214036000000000115e+00 2.447139900000000168e+01 1.158505221725051049e-01
4.218778999999999613e+00 2.430715900000000218e+01 1.159198414413343536e-01
4.223520999999999859e+00 2.456256700000000137e+01 1.169922667582814907e-01
4.228264000000000244e+00 2.447194900000000217e+01 1.172453592332199646e-01
4.233006999999999742e+00 2.445791000000000537e+01 1.176834358949155612e-01
4.237750000000000128e+00 2.460445299999999946e+01 1.185134912377637378e-01
4.242492999999999626e+00 2.452041799999999938e+01 1.187935415233618563e-01
4.247236000000000011e+00 2.438802599999999998e+01 1.189569449460476103e-01
4.251979000000000397e+00 2.430398299999999523e+01 1.192455634401540510e-01
4.256720999999999755e+00 2.460762000000000427e+01 1.206878727086031777e-01
4.261464000000000141e+00 2.461073500000000536e+01 1.210293256230311199e-01
4.266206999999999638e+00 2.431304899999999947e+01 1.207590903553521222e-01
4.270950000000000024e+00 2.460337400000000230e+01 1.219900569857691186e-01
4.275693000000000410e+00 2.448809099999999717e+01 1.222183984776531174e-01
4.280435999999999908e+00 2.453709700000000282e+01 1.228624498104852469e-01
4.285179000000000293e+00 2.452084999999999937e+01 1.233481856540014077e-01
4.289921999999999791e+00 2.440566400000000158e+01 1.235885812294056640e-01
4.294664000000000037e+00 2.451614199999999499e+01 1.244060809226635034e-01
4.299407000000000423e+00 2.460516699999999801e+01 1.251748644801826960e-01
4.304149999999999920e+00 2.459292100000000048e+01 1.256926431567460534e-01
4.308893000000000306e+00 2.464636199999999988e+01 1.263867651991141261e-01
4.313635999999999804e+00 2.469735099999999761e+01 1.270789405882489231e-01
4.318379000000000190e+00 2.456787999999999883e+01 1.273132299867456851e-01
4.323121999999999687e+00 2.450236000000000303e+01 1.278059448422869671e-01
4.327863999999999933e+00 2.465615199999999874e+01 1.287611957149855102e-01
4.332607000000000319e+00 2.439455500000000399e+01 1.285974792920565046e-01
4.337349999999999817e+00 2.447571800000000053e+01 1.294048638884280900e-01
4.342093000000000202e+00 2.453778300000000101e+01 1.301688182773693137e-01
4.346835999999999700e+00 2.431051699999999727e+01 1.301685608797512328e-01
4.351579000000000086e+00 2.433817099999999911e+01 1.308533843761765236e-01
4.356321999999999584e+00 2.455713700000000088e+01 1.320627484408744834e-01
4.361063999999999830e+00 2.448494799999999927e+01 1.324971152812675357e-01
4.365807000000000215e+00 2.451425099999999802e+01 1.332133288169866092e-01
4.370549999999999713e+00 2.460967699999999780e+01 1.341166921703353943e-01
4.375293000000000099e+00 2.471091999999999800e+01 1.350470208844460340e-01
4.380035999999999596e+00 2.459347100000000097e+01 1.354494719230252275e-01
4.384778999999999982e+00 2.452379800000000287e+01 1.359803045224469431e-01
4.389522000000000368e+00 2.447741400000000311e+01 1.364129346307138280e-01
4.394264999999999866e+00 2.455959900000000218e+01 1.373126601784198375e-01
4.399007000000000112e+00 2.450529299999999822e+01 1.374294579012880491e-01
4.403749999999999609e+00 2.441869299999999754e+01 1.372805968593635573e-01
4.408492999999999995e+00 2.447509500000000315e+01 1.375323624488280216e-01
4.413236000000000381e+00 2.469404499999999913e+01 1.382387098432121264e-01
4.417978999999999878e+00 2.477235999999999905e+01 1.385505783753308573e-01
4.422722000000000264e+00 2.452432999999999907e+01 1.379484950924166342e-01
4.427464999999999762e+00 2.456687300000000107e+01 1.381569868007127000e-01
4.432207000000000008e+00 2.460897499999999738e+01 1.383667600808286546e-01
4.436950000000000394e+00 2.452502100000000240e+01 1.382966269556336614e-01
4.441692999999999891e+00 2.458556199999999947e+01 1.390936708019283041e-01
4.446436000000000277e+00 2.465242400000000345e+01 1.399966468116883023e-01
4.451178999999999775e+00 2.432021400000000000e+01 1.397665168340089248e-01
4.455922000000000160e+00 2.456446000000000041e+01 1.411971596549608243e-01
4.460664999999999658e+00 2.452463300000000146e+01 1.418231352076342322e-01
4.465408000000000044e+00 2.455803300000000178e+01 1.426709553106006445e-01
4.470150000000000290e+00 2.457822800000000285e+01 1.434914415112612252e-01
4.474892999999999788e+00 2.441139599999999987e+01 1.437744089375397327e-01
4.479636000000000173e+00 2.462821100000000030e+01 1.451955198600328734e-01
4.484378999999999671e+00 2.457181500000000440e+01 1.458256402840734933e-01
4.489122000000000057e+00 2.476859200000000172e+01 1.472189593922175743e-01
4.493865000000000443e+00 2.447631299999999754e+01 1.471653789596873985e-01
4.498607999999999940e+00 2.455940999999999974e+01 1.482467129086948721e-01
4.503350000000000186e+00 2.458312400000000153e+01 1.491625521066768933e-01
4.508092999999999684e+00 2.467217899999999986e+01 1.502919744873614238e-01
4.512836000000000070e+00 2.444122099999999875e+01 1.504556351170054929e-01
4.517578999999999567e+00 2.454765599999999992e+01 1.516671846336846707e-01
4.522321999999999953e+00 2.465231800000000106e+01 1.528904389430646993e-01
4.527065000000000339e+00 2.436923200000000023e+01 1.529200923657898503e-01
4.531807999999999836e+00 2.461888599999999627e+01 1.546317307299789057e-01
4.536551000000000222e+00 2.451478700000000188e+01 1.552467711930466954e-01
4.541292999999999580e+00 2.459120899999999921e+01 1.564492444717388298e-01
4.546035999999999966e+00 2.441149900000000272e+01 1.568507259084777339e-01
4.550779000000000352e+00 2.462605199999999783e+01 1.585321280776234576e-01
4.555521999999999849e+00 2.455848200000000148e+01 1.593260362117641937e-01
4.560265000000000235e+00 2.468077199999999749e+01 1.607510346678176216e-01
4.565007999999999733e+00 2.475266100000000691e+01 1.620383673032998184e-01
4.569751000000000118e+00 2.468285999999999802e+01 1.628766741776240257e-01
4.574493000000000364e+00 2.476003500000000201e+01 1.642223711428613675e-01
4.579235999999999862e+00 2.452678200000000075e+01 1.645517856989640870e-01
4.583979000000000248e+00 2.475975500000000551e+01 1.664623915085807204e-01
4.588721999999999746e+00 2.465204699999999960e+01 1.672517676915269424e-01
4.593465000000000131e+00 2.460345799999999983e+01 1.682588501455459795e-01
4.598207999999999629e+00 2.438611700000000226e+01 1.687030752439385717e-01
4.602951000000000015e+00 2.478009000000000128e+01 1.712847924822376022e-01
4.607693000000000261e+00 2.466843999999999681e+01 1.721444065375968280e-01
4.612435999999999758e+00 2.463635999999999626e+01 1.733024691301038311e-01
4.617179000000000144e+00 2.454728500000000224e+01 1.742831769652294915e-01
4.621921999999999642e+00 2.480748700000000184e+01 1.765358549691257439e-01
4.626665000000000028e+00 2.469467599999999763e+01 1.774905144312501071e-01
4.631408000000000413e+00 2.465543399999999608e+01 1.787321634034697293e-01
4.636150999999999911e+00 2.445824299999999951e+01 1.794252417802308652e-01
4.640894000000000297e+00 2.474444699999999742e+01 1.819228288953648742e-01
4.645635999999999655e+00 2.443288799999999839e+01 1.822442346147158665e-01
4.650379000000000040e+00 2.466539700000000224e+01 1.846248009219776942e-01
4.655122000000000426e+00 2.498304100000000361e+01 1.873719097187743210e-01
4.659864999999999924e+00 2.463713699999999918e+01 1.876572152677186689e-01
4.664608000000000310e+00 2.478711399999999898e+01 1.898611288750377546e-01
4.669350999999999807e+00 2.445121900000000181e+01 1.902305018159929639e-01
4.674094000000000193e+00 2.419103100000000239e+01 1.909125592582069930e-01
4.678836000000000439e+00 2.435483800000000087e+01 1.933018714845446129e-01
4.683578999999999937e+00 2.482261100000000198e+01 1.969567170427779512e-01
4.688322000000000322e+00 2.466264099999999715e+01 1.981699342669520636e-01
4.693064999999999820e+00 2.447419400000000067e+01 1.993068106199141210e-01
4.697808000000000206e+00 2.460930500000000265e+01 2.018063653553769932e-01
4.702550999999999704e+00 2.462636299999999778e+01 2.038875304945878819e-01
4.707294000000000089e+00 2.447829100000000224e+01 2.053357706511383662e-01
4.712036999999999587e+00 2.458634999999999948e+01 2.079160458144856671e-01
4.716778999999999833e+00 2.457278699999999816e+01 2.100494428513246525e-01
4.721522000000000219e+00 2.477544899999999473e+01 2.131809061053207832e-01
4.726264999999999716e+00 2.440760300000000171e+01 2.139165512556770177e-01
4.731008000000000102e+00 2.470951099999999911e+01 2.176487190303861841e-01
4.735750999999999600e+00 2.471012099999999734e+01 2.201474066189899603e-01
4.740493999999999986e+00 2.453552400000000233e+01 2.219358032539389680e-01
4.745237000000000371e+00 2.481261200000000144e+01 2.258544330733012195e-01
4.749978999999999729e+00 2.488588500000000181e+01 2.289606606732890182e-01
4.754722000000000115e+00 2.495952400000000182e+01 2.321769844248238734e-01
4.759464999999999613e+00 2.453171199999999885e+01 2.331373750704639480e-01
4.764207999999999998e+00 2.479290100000000052e+01 2.374608657378341758e-01
4.768951000000000384e+00 2.468699699999999808e+01 2.401534532013479273e-01
4.773693999999999882e+00 2.509286199999999667e+01 2.454831028343281152e-01
4.778437000000000268e+00 2.518282600000000571e+01 2.494293600821803625e-01
4.783178999999999625e+00 2.512946099999999916e+01 2.528157643641198993e-01
4.787922000000000011e+00 2.505262700000000109e+01 2.562371063809330551e-01
4.792665000000000397e+00 2.414734500000000494e+01 2.554719729860892019e-01
4.797407999999999895e+00 2.458403200000000055e+01 2.619002370069419827e-01
4.802151000000000280e+00 2.475806499999999843e+01 2.671681797361111776e-01
4.806893999999999778e+00 2.488150399999999962e+01 2.724064009355259275e-01
4.811637000000000164e+00 2.532300500000000198e+01 2.796626442276295421e-01
4.816379999999999661e+00 2.510854200000000347e+01 2.835653683729402186e-01
4.821121999999999908e+00 2.472756499999999846e+01 2.867372636885859860e-01
4.825865000000000293e+00 2.551061699999999632e+01 2.969745283895793841e-01
4.830607999999999791e+00 2.504557199999999995e+01 3.002753421906212972e-01
4.835351000000000177e+00 2.484072400000000158e+01 3.054184174253898876e-01
4.840093999999999674e+00 2.481414799999999943e+01 3.120426829844159533e-01
4.844837000000000060e+00 2.475969800000000021e+01 3.189460812872707551e-01
4.849579999999999558e+00 2.474743000000000137e+01 3.266329067186815038e-01
4.854321999999999804e+00 2.497813099999999764e+01 3.365435771302878742e-01
4.859065000000000190e+00 2.483126800000000145e+01 3.445867784827066904e-01
4.863807999999999687e+00 2.463453699999999813e+01 3.529774254665162259e-01
4.868551000000000073e+00 2.502945599999999970e+01 3.665053746659386325e-01
4.873293999999999571e+00 2.505205799999999883e+01 3.783993408197218189e-01
4.878036999999999956e+00 2.446479000000000070e+01 3.867193989624906347e-01
4.882780000000000342e+00 2.505536199999999880e+01 4.056845444243594168e-01
4.887522999999999840e+00 2.519940400000000125e+01 4.229167614436912248e-01
4.892265000000000086e+00 2.537472100000000097e+01 4.425559954769000548e-01
4.897007999999999583e+00 2.460854400000000197e+01 4.562085101169858770e-01
4.901750999999999969e+00 2.538140900000000144e+01 4.871981969273593838e-01
4.906494000000000355e+00 2.503625500000000059e+01 5.116703636716611880e-01
4.911236999999999853e+00 2.550674499999999867e+01 5.499594639725550183e-01
4.915980000000000238e+00 2.539127799999999979e+01 5.895167210297007632e-01
4.920722999999999736e+00 2.582176800000000227e+01 6.464551460452612197e-01
4.925464999999999982e+00 2.487151499999999871e+01 7.015773586399078887e-01
4.930208000000000368e+00 2.523930199999999857e+01 8.015131216392218372e-01
4.934950999999999866e+00 2.625616199999999978e+01 9.675482337217147233e-01
4.939694000000000251e+00 2.414226599999999934e+01 1.198070277349012613e+00
4.944436999999999749e+00 8.772304200000000662e+00 1.251218785413761969e+00