# [19] Sgs_R03_0.2
# Sample c= 1.0 mg/ml
#
# Number of frames collected: 10
# Exposure time per frame: 0.5
# No significant radiation damage detected, merging 10 files
# Merged from: /data/visitor/mx1905/bm29/20170412/Poker/1d/Sxl_10gs_103_00001.dat
# Merged from: /data/visitor/mx1905/bm29/20170412/Poker/1d/Sxl_10gs_103_00002.dat
# Merged from: /data/visitor/mx1905/bm29/20170412/Poker/1d/Sxl_10gs_103_00003.dat
# Merged from: /data/visitor/mx1905/bm29/20170412/Poker/1d/Sxl_10gs_103_00004.dat
# Merged from: /data/visitor/mx1905/bm29/20170412/Poker/1d/Sxl_10gs_103_00005.dat
# Merged from: /data/visitor/mx1905/bm29/20170412/Poker/1d/Sxl_10gs_103_00006.dat
# Merged from: /data/visitor/mx1905/bm29/20170412/Poker/1d/Sxl_10gs_103_00007.dat
# Merged from: /data/visitor/mx1905/bm29/20170412/Poker/1d/Sxl_10gs_103_00008.dat
# Merged from: /data/visitor/mx1905/bm29/20170412/Poker/1d/Sxl_10gs_103_00009.dat
# Merged from: /data/visitor/mx1905/bm29/20170412/Poker/1d/Sxl_10gs_103_00010.dat
#
# Sample Information:
# Storage Temperature (degrees C): 20.0
# Measurement Temperature (degrees C): 20.03
# Concentration: 1.0
# Code: 
3.082862000000000102e-02 6.268771099999999024e+02 8.332318494609888049e+00
3.557148999999999728e-02 1.421720500000000129e+03 5.174096496110697885e+00
4.031434999999999880e-02 1.621600400000000036e+03 3.640105520731641064e+00
4.505722000000000199e-02 1.078412060000000110e+03 2.110788214839013577e+00
4.980007999999999657e-02 7.201452700000000959e+02 1.544538894003624652e+00
5.454294999999999977e-02 5.169112199999999575e+02 1.231062173805161475e+00
5.928581000000000129e-02 3.815660900000000311e+02 1.005516381231290612e+00
6.402868000000000448e-02 3.025170699999999897e+02 8.536424937255935319e-01
6.877154000000000600e-02 2.477213299999999947e+02 7.420143546644970556e-01
7.351441000000000225e-02 2.079666599999999903e+02 6.551211315991569695e-01
7.825727999999999851e-02 1.768390600000000461e+02 5.815366274432419713e-01
8.300014000000000003e-02 1.555917399999999873e+02 5.280446282395739876e-01
8.774300999999999628e-02 1.391296000000000106e+02 4.844882662242812055e-01
9.248586999999999780e-02 1.259608800000000173e+02 4.479893919867523056e-01
9.722873999999999406e-02 1.150569300000000084e+02 4.157314418413646240e-01
1.019715999999999956e-01 1.069278000000000048e+02 3.905835119676584477e-01
1.067145000000000038e-01 1.010894929999999903e+02 3.706963108355275094e-01
1.114572999999999953e-01 9.482510999999999513e+01 3.509001154805025391e-01
1.162002000000000035e-01 8.978331799999999419e+01 3.339839255363047932e-01
1.209430999999999978e-01 8.726354200000000105e+01 3.223541406112228058e-01
1.256858999999999893e-01 8.505017500000001007e+01 3.118849172950827198e-01
1.304288000000000114e-01 8.174248899999999196e+01 2.999048850521358611e-01
1.351717000000000057e-01 7.952653999999999712e+01 2.902748354167043465e-01
1.399144999999999972e-01 7.750453600000000165e+01 2.813626922861465762e-01
1.446573999999999915e-01 7.536484500000001674e+01 2.726334742268924360e-01
1.494003000000000136e-01 7.374685700000000566e+01 2.651823142105979580e-01
1.541431000000000051e-01 7.276833899999999744e+01 2.595621833302800274e-01
1.588859999999999995e-01 7.158388600000000679e+01 2.533679496217947080e-01
1.636287999999999909e-01 7.055738199999998983e+01 2.477153348709147385e-01
1.683717000000000130e-01 6.941478200000001664e+01 2.420839728701022209e-01
1.731146000000000074e-01 6.827633899999999301e+01 2.366481476889265578e-01
1.778573999999999988e-01 6.767976400000000581e+01 2.323032529385268830e-01
1.826002999999999932e-01 6.713664599999999893e+01 2.282286896828396028e-01
1.873431999999999875e-01 6.614095199999999863e+01 2.235449295105201295e-01
1.920860000000000067e-01 6.557429299999999728e+01 2.197128351176954042e-01
1.968289000000000011e-01 6.507740499999999884e+01 2.161115908913591732e-01
2.015717999999999954e-01 6.467458400000001006e+01 2.128042016071416409e-01
2.063145999999999869e-01 6.405298100000000261e+01 2.092402125590260287e-01
2.110575000000000090e-01 6.343030000000000257e+01 2.055710095122172398e-01
2.158004000000000033e-01 6.290450000000000585e+01 2.023701710085218930e-01
2.205431999999999948e-01 6.229243599999999503e+01 1.991527138707451516e-01
2.252860999999999891e-01 6.219558800000000076e+01 1.968489773532870191e-01
2.300290000000000112e-01 6.172921200000000397e+01 1.940285874548204337e-01
2.347718000000000027e-01 6.162790099999999427e+01 1.918419093169636269e-01
2.395146999999999970e-01 6.117977399999999477e+01 1.891875261551440035e-01
2.442575999999999914e-01 6.107734999999998848e+01 1.871309418649099165e-01
2.490004000000000106e-01 6.060829800000000489e+01 1.845696920915779748e-01
2.537433000000000050e-01 6.004356599999999844e+01 1.819188341041795554e-01
2.584861999999999993e-01 5.968381800000000936e+01 1.796612847347753283e-01
2.632289999999999908e-01 5.957107700000000250e+01 1.778404194393291005e-01
2.679718999999999851e-01 5.915233800000000031e+01 1.756093981346704413e-01
2.727146999999999766e-01 5.895165400000000488e+01 1.737417595131631187e-01
2.774576000000000264e-01 5.863818399999998832e+01 1.718055923350142455e-01
2.822005000000000208e-01 5.859746400000000222e+01 1.703475348817950763e-01
2.869433000000000122e-01 5.838850799999998742e+01 1.685982565808997191e-01
2.916862000000000066e-01 5.789266300000000598e+01 1.664684848190389199e-01
2.964291000000000009e-01 5.755503900000000073e+01 1.646157902428837250e-01
3.011718999999999924e-01 5.764389300000000560e+01 1.634111535842046048e-01
3.059147999999999867e-01 5.721149499999999932e+01 1.615022634172747495e-01
3.106576999999999811e-01 5.708887999999999607e+01 1.600572868292609308e-01
3.154004999999999725e-01 5.681956100000000021e+01 1.584494436082219404e-01
3.201434000000000224e-01 5.640817700000000201e+01 1.566836627534421711e-01
3.248863000000000167e-01 5.644792099999999380e+01 1.555675875705611055e-01
3.296291000000000082e-01 5.607507900000000234e+01 1.539025193719673890e-01
3.343720000000000026e-01 5.584313100000000674e+01 1.524677168209575551e-01
3.391148999999999969e-01 5.584016199999999941e+01 1.529675646446059523e-01
3.438576999999999884e-01 5.613703500000000446e+01 1.553556894088488349e-01
3.486005999999999827e-01 5.556161300000000125e+01 1.584918248701342181e-01
3.533434999999999770e-01 5.514428700000000561e+01 1.607918702232224439e-01
3.580863000000000240e-01 5.521383100000000610e+01 1.628933267240662564e-01
3.628292000000000184e-01 5.476506299999999783e+01 1.638299621490308944e-01
3.675720000000000098e-01 5.459237299999999493e+01 1.649178189831168595e-01
3.723149000000000042e-01 5.443584100000000348e+01 1.658932064127090766e-01
3.770577999999999985e-01 5.437655699999999115e+01 1.669124433545950414e-01
3.818005999999999900e-01 5.417343699999999984e+01 1.674892298618302355e-01
3.865434999999999843e-01 5.360216499999999229e+01 1.674258233087602410e-01
3.912863999999999787e-01 5.377185399999999760e+01 1.683630216217590347e-01
3.960292000000000256e-01 5.362082800000000304e+01 1.688173043070611834e-01
4.007721000000000200e-01 5.361229399999999856e+01 1.695253934647231175e-01
4.055150000000000143e-01 5.322824400000000367e+01 1.747389711514331923e-01
4.102578000000000058e-01 5.315493899999999883e+01 1.791721296546318343e-01
4.150007000000000001e-01 5.292694099999998514e+01 1.827023871408567646e-01
4.197435999999999945e-01 5.246883300000000361e+01 1.847116905695603273e-01
4.244863999999999860e-01 5.222620800000000685e+01 1.872681104090522797e-01
4.292292999999999803e-01 5.221077900000000227e+01 1.901008739565847039e-01
4.339721999999999746e-01 5.216640600000000916e+01 1.929295802045712660e-01
4.387150000000000216e-01 5.179578800000000172e+01 1.950476178753921541e-01
4.434579000000000160e-01 5.163842500000000513e+01 1.976121399811990309e-01
4.482008000000000103e-01 5.164329000000000036e+01 2.009582437610741290e-01
4.529436000000000018e-01 5.152580800000000494e+01 2.040010479009362887e-01
4.576864999999999961e-01 5.138539799999999502e+01 2.058504273414668018e-01
4.624293999999999905e-01 5.116486499999999893e+01 2.071192769036200032e-01
4.671721999999999819e-01 5.095237600000000100e+01 2.056676924602211243e-01
4.719150999999999763e-01 5.046465999999999497e+01 1.966247426271744980e-01
4.766579000000000232e-01 5.033390999999999593e+01 1.926726359057177873e-01
4.814008000000000176e-01 5.036994399999999672e+01 1.902931880092443018e-01
4.861437000000000119e-01 5.010987899999999939e+01 1.879330381858626275e-01
4.908865000000000034e-01 4.996987599999999929e+01 1.861402000425552983e-01
4.956293999999999977e-01 4.971319799999999134e+01 1.843548918543267134e-01
5.003722999999999921e-01 4.956853399999999965e+01 1.829287885909522404e-01
5.051151000000000391e-01 4.948830400000000651e+01 1.817435579509587562e-01
5.098580000000000334e-01 4.923404699999999679e+01 1.803336978257286394e-01
5.146009000000000277e-01 4.883354499999999376e+01 1.787315874132345273e-01
5.193436999999999637e-01 4.865972399999999709e+01 1.775969177350003869e-01
5.240865999999999580e-01 4.800295300000000509e+01 1.756344872919000655e-01
5.288294999999999524e-01 4.827175300000000391e+01 1.754044197398081373e-01
5.335722999999999994e-01 4.799604399999999771e+01 1.738744899910256991e-01
5.383151999999999937e-01 4.774478200000000072e+01 1.721673410484537980e-01
5.430580999999999881e-01 4.749422200000000061e+01 1.705188474040084112e-01
5.478009000000000350e-01 4.759077499999999361e+01 1.695409745691147108e-01
5.525438000000000294e-01 4.718203700000000111e+01 1.677060169602510031e-01
5.572867000000000237e-01 4.724351800000000168e+01 1.667393927642907003e-01
5.620294999999999597e-01 4.701526500000000652e+01 1.652988848133601363e-01
5.667723999999999540e-01 4.667459699999999145e+01 1.636980426728600058e-01
5.715152000000000010e-01 4.647341899999999981e+01 1.623752505854734740e-01
5.762580999999999953e-01 4.644911699999999399e+01 1.613845231136486480e-01
5.810009999999999897e-01 4.648575699999999955e+01 1.605689288952130978e-01
5.857438000000000367e-01 4.616087499999999721e+01 1.595284501493514362e-01
5.904867000000000310e-01 4.564557200000000137e+01 1.582541847995316275e-01
5.952296000000000253e-01 4.554062199999999905e+01 1.576906158600799579e-01
5.999723999999999613e-01 4.552894199999999358e+01 1.574598749430339839e-01
6.047152999999999556e-01 4.525557100000000332e+01 1.565895431708442531e-01
6.094581999999999500e-01 4.509506899999999519e+01 1.558103493345602275e-01
6.142009999999999970e-01 4.501701799999999309e+01 1.554565596314372300e-01
6.189438999999999913e-01 4.500454699999999519e+01 1.549302279659137416e-01
6.236867999999999856e-01 4.475615599999999716e+01 1.541456222100274220e-01
6.284296000000000326e-01 4.447433600000000808e+01 1.533099653190114764e-01
6.331725000000000270e-01 4.420048300000000552e+01 1.524877037766907972e-01
6.379154000000000213e-01 4.400568799999999925e+01 1.518061762317854391e-01
6.426581999999999573e-01 4.390950200000000336e+01 1.513000214888834960e-01
6.474010999999999516e-01 4.361153399999999181e+01 1.504502726095021115e-01
6.521439999999999459e-01 4.359265899999999760e+01 1.500808885972187978e-01
6.568867999999999929e-01 4.359407900000000780e+01 1.497499986712921560e-01
6.616296999999999873e-01 4.345059899999999686e+01 1.491748235997807370e-01
6.663725999999999816e-01 4.314420299999999742e+01 1.483236149617602195e-01
6.711154000000000286e-01 4.296550899999999729e+01 1.476913429582570325e-01
6.758583000000000229e-01 4.295490500000000367e+01 1.473512771697187973e-01
6.806010999999999589e-01 4.292951699999999704e+01 1.469897799500026747e-01
6.853439999999999532e-01 4.269254100000000562e+01 1.462698037980122712e-01
6.900868999999999476e-01 4.252409000000000106e+01 1.456667292128528690e-01
6.948296999999999946e-01 4.212568200000000473e+01 1.446722674495129479e-01
6.995725999999999889e-01 4.205149000000000115e+01 1.442383265594075759e-01
7.043154999999999832e-01 4.200031800000000715e+01 1.438472583722366083e-01
7.090583000000000302e-01 4.169455099999999703e+01 1.430195588793329864e-01
7.138012000000000246e-01 4.161228599999999744e+01 1.425774992694994192e-01
7.185441000000000189e-01 4.147375699999999910e+01 1.420433936680428610e-01
7.232868999999999549e-01 4.144891400000000203e+01 1.417070034247217558e-01
7.280297999999999492e-01 4.103224500000000319e+01 1.406999696764267282e-01
7.327727000000000546e-01 4.081855400000000600e+01 1.400421917643893399e-01
7.375154999999999905e-01 4.075597400000000192e+01 1.396480036664330682e-01
7.422583999999999849e-01 4.077131799999999373e+01 1.393897860633999397e-01
7.470012999999999792e-01 4.041731800000000163e+01 1.384997773044552571e-01
7.517441000000000262e-01 4.044708299999999923e+01 1.382680366712827902e-01
7.564870000000000205e-01 4.035763699999999687e+01 1.378364211714367682e-01
7.612299000000000149e-01 4.002813799999999844e+01 1.369973712036183511e-01
7.659726999999999508e-01 3.986484600000000711e+01 1.364427904910699152e-01
7.707155999999999452e-01 3.978988700000000023e+01 1.360405452787594727e-01
7.754585000000000505e-01 3.961740300000001014e+01 1.354762667729624837e-01
7.802012999999999865e-01 3.963506699999999938e+01 1.353723550223877858e-01
7.849441999999999808e-01 3.940071000000000367e+01 1.346578038919998832e-01
7.896870000000000278e-01 3.924058199999999630e+01 1.340314177636232340e-01
7.944299000000000222e-01 3.917812600000000600e+01 1.336627758142127642e-01
7.991728000000000165e-01 3.888530599999999993e+01 1.329033334786814124e-01
8.039155999999999525e-01 3.851498000000000133e+01 1.320112738014401488e-01
8.086584999999999468e-01 3.880190800000000451e+01 1.322436714740584385e-01
8.134014000000000522e-01 3.875206200000000223e+01 1.319038295673302386e-01
8.181441999999999881e-01 3.878170100000000531e+01 1.318008267480143547e-01
8.228870999999999825e-01 3.844319000000000131e+01 1.308789220513670304e-01
8.276299999999999768e-01 3.813559099999999802e+01 1.300986074385621638e-01
8.323728000000000238e-01 3.812690400000000324e+01 1.298362965637502309e-01
8.371157000000000181e-01 3.792224600000000123e+01 1.292430248981820129e-01
8.418586000000000125e-01 3.756068599999999691e+01 1.283821429810283188e-01
8.466013999999999484e-01 3.760193399999999997e+01 1.282091184108540838e-01
8.513443000000000538e-01 3.775481499999999357e+01 1.282289117570175885e-01
8.560872000000000481e-01 3.749373299999999887e+01 1.275468924138267734e-01
8.608299999999999841e-01 3.721216599999999630e+01 1.268302573324630589e-01
8.655728999999999784e-01 3.704225999999999885e+01 1.263040875391841511e-01
8.703157999999999728e-01 3.686943000000000126e+01 1.257763433270152054e-01
8.750586000000000197e-01 3.711104999999999876e+01 1.259559404381119241e-01
8.798015000000000141e-01 3.682518699999999257e+01 1.252395761761013748e-01
8.845442999999999500e-01 3.648209499999999395e+01 1.244254253888476686e-01
8.892872000000000554e-01 3.657006199999999296e+01 1.243480012947851820e-01
8.940301000000000498e-01 3.635708300000000293e+01 1.237610450008357760e-01
8.987728999999999857e-01 3.625807199999999142e+01 1.233686632759599944e-01
9.035157999999999801e-01 3.601166600000000528e+01 1.227253104597564315e-01
9.082586999999999744e-01 3.603277100000000388e+01 1.225408046968494702e-01
9.130015000000000214e-01 3.599427200000000227e+01 1.222564943612444860e-01
9.177444000000000157e-01 3.575938999999999623e+01 1.216395376299540254e-01
9.224873000000000101e-01 3.560887599999999509e+01 1.211657988146671860e-01
9.272300999999999460e-01 3.577083999999999975e+01 1.212256784090140760e-01
9.319730000000000514e-01 3.552337200000000195e+01 1.205926738776945673e-01
9.367159000000000457e-01 3.557135399999999947e+01 1.204617519903371792e-01
9.414586999999999817e-01 3.541250000000000853e+01 1.199800328106602060e-01
9.462015999999999760e-01 3.516709600000000080e+01 1.193542148663615521e-01
9.509444999999999704e-01 3.522944499999999834e+01 1.192524663737358492e-01
9.556873000000000173e-01 3.500697199999999754e+01 1.186687989513726393e-01
9.604302000000000117e-01 3.476151799999999525e+01 1.180458231826336107e-01
9.651731000000000060e-01 3.480801299999999543e+01 1.179208038821144555e-01
9.699159000000000530e-01 3.479205699999999268e+01 1.176914509384466845e-01
9.746588000000000473e-01 3.469133200000000272e+01 1.173196668299109069e-01
9.794017000000000417e-01 3.453235799999999500e+01 1.168490286449420934e-01
9.841444999999999776e-01 3.443714699999999596e+01 1.164889192648262267e-01
9.888873999999999720e-01 3.430856299999999237e+01 1.160744286096420802e-01
9.936302000000000190e-01 3.427979700000000207e+01 1.158296255120368629e-01
9.983731000000000133e-01 3.420542299999999614e+01 1.155073073361313207e-01
1.003115999999999897e+00 3.405027800000000582e+01 1.150511241166165127e-01
1.007859000000000060e+00 3.389478799999999126e+01 1.145962517953802856e-01
1.012602000000000002e+00 3.368360599999999749e+01 1.140481353732909486e-01
1.017344999999999944e+00 3.382585999999999871e+01 1.140968909013326121e-01
1.022086999999999968e+00 3.368945400000000490e+01 1.136774963834869812e-01
1.026829999999999909e+00 3.336642700000000161e+01 1.129445691133292157e-01
1.031573000000000073e+00 3.352782400000000251e+01 1.130307863461088164e-01
1.036316000000000015e+00 3.342353200000000157e+01 1.126680177480308548e-01
1.041058999999999957e+00 3.336822800000000200e+01 1.123901927359918645e-01
1.045801999999999898e+00 3.340166499999999417e+01 1.122632355315434649e-01
1.050545000000000062e+00 3.313563900000000473e+01 1.116333629503496738e-01
1.055287000000000086e+00 3.306853900000000124e+01 1.113376649273811470e-01
1.060030000000000028e+00 3.295954500000000564e+01 1.109742166997784996e-01
1.064772999999999969e+00 3.298687600000000231e+01 1.108414818667907420e-01
1.069515999999999911e+00 3.280162199999999473e+01 1.103523077601710201e-01
1.074259000000000075e+00 3.276342900000000213e+01 1.101099001263651234e-01
1.079002000000000017e+00 3.269379800000000103e+01 1.098168623965040114e-01
1.083744999999999958e+00 3.270590499999999423e+01 1.096861637818982160e-01
1.088487999999999900e+00 3.268666199999999833e+01 1.095041427830974745e-01
1.093229999999999924e+00 3.253938100000000588e+01 1.090353833459767330e-01
1.097973000000000088e+00 3.235776399999999597e+01 1.085587841553496691e-01
1.102716000000000030e+00 3.227892500000000098e+01 1.082562307392498369e-01
1.107458999999999971e+00 3.225350900000000109e+01 1.080441329636773889e-01
1.112201999999999913e+00 3.214655900000000344e+01 1.076947608239212373e-01
1.116945000000000077e+00 3.195648899999999770e+01 1.072083656926706430e-01
1.121688000000000018e+00 3.199363299999999555e+01 1.071040467829381254e-01
1.126430000000000042e+00 3.196426200000000861e+01 1.068892186855367604e-01
1.131172999999999984e+00 3.185122300000000450e+01 1.065340103263826138e-01
1.135915999999999926e+00 3.187645500000000354e+01 1.064117025853096726e-01
1.140659000000000090e+00 3.168982600000000005e+01 1.059370992561685237e-01
1.145402000000000031e+00 3.152109399999999795e+01 1.054930503623546789e-01
1.150144999999999973e+00 3.177751900000000163e+01 1.057583960656249822e-01
1.154887999999999915e+00 3.140326599999999502e+01 1.049734505930885325e-01
1.159631000000000078e+00 3.142130100000000681e+01 1.048444473589679460e-01
1.164373000000000102e+00 3.124717400000000112e+01 1.043958185981818942e-01
1.169116000000000044e+00 3.124746299999999266e+01 1.043157788338993364e-01
1.173858999999999986e+00 3.120701999999999998e+01 1.040630005543440040e-01
1.178601999999999927e+00 3.124137399999999687e+01 1.039140292087223499e-01
1.183345000000000091e+00 3.106190400000000551e+01 1.034605020556453592e-01
1.188088000000000033e+00 3.096293499999999810e+01 1.031404479930958101e-01
1.192830999999999975e+00 3.087782099999999375e+01 1.028450010325990399e-01
1.197572999999999999e+00 3.106366000000000582e+01 1.030012081445572242e-01
1.202315999999999940e+00 3.089361999999999853e+01 1.025674196025818941e-01
1.207059000000000104e+00 3.098427999999999471e+01 1.028979530803290493e-01
1.211802000000000046e+00 3.084275900000000092e+01 1.060244269880493279e-01
1.216544999999999987e+00 3.085950599999999966e+01 1.082606493392322122e-01
1.221287999999999929e+00 3.072115499999999955e+01 1.096415230973434574e-01
1.226031000000000093e+00 3.051032999999999973e+01 1.106327196057043522e-01
1.230774000000000035e+00 3.067073400000000305e+01 1.121460740613219043e-01
1.235516000000000059e+00 3.061971500000000290e+01 1.131737632003473604e-01
1.240259000000000000e+00 3.056685999999999837e+01 1.141227618456633619e-01
1.245001999999999942e+00 3.036924099999999882e+01 1.147386313072637221e-01
1.249745000000000106e+00 3.030863799999999486e+01 1.155642660681726469e-01
1.254488000000000048e+00 3.020858199999999982e+01 1.162757962194665151e-01
1.259230999999999989e+00 3.004455800000000210e+01 1.165503536233880311e-01
1.263973999999999931e+00 3.004661199999999255e+01 1.168539618418545645e-01
1.268715999999999955e+00 3.003565699999999694e+01 1.171160060317077284e-01
1.273458999999999897e+00 3.022821399999999770e+01 1.155655085024935025e-01
1.278202000000000060e+00 3.028217899999999574e+01 1.113937840107108446e-01
1.282945000000000002e+00 3.007811300000000188e+01 1.089002799191416127e-01
1.287687999999999944e+00 2.998767900000000353e+01 1.072051467062295621e-01
1.292431000000000108e+00 3.003176899999999705e+01 1.060448476045130761e-01
1.297174000000000049e+00 2.986121099999999728e+01 1.046902156476731127e-01
1.301916000000000073e+00 2.975639800000000079e+01 1.035802070836383260e-01
1.306659000000000015e+00 2.984758900000000637e+01 1.029054757052276503e-01
1.311401999999999957e+00 2.962291300000000049e+01 1.017605286758972161e-01
1.316144999999999898e+00 2.981087699999999785e+01 1.013819742836274684e-01
1.320888000000000062e+00 2.959632699999999517e+01 1.005135379806337409e-01
1.325631000000000004e+00 2.965306599999999548e+01 1.003507157754512519e-01
1.330373999999999945e+00 2.956739699999999971e+01 9.996123959141563209e-02
1.335117000000000109e+00 2.944718599999999853e+01 9.952467507313449147e-02
1.339858999999999911e+00 2.948593899999999479e+01 9.936408887181122362e-02
1.344602000000000075e+00 2.941355300000000028e+01 9.902454010014032082e-02
1.349345000000000017e+00 2.937379600000000579e+01 9.874773720081336803e-02
1.354087999999999958e+00 2.922253699999999910e+01 9.828998329976458559e-02
1.358830999999999900e+00 2.910054799999999275e+01 9.788610750507653613e-02
1.363574000000000064e+00 2.921444299999999927e+01 9.788384788721680996e-02
1.368317000000000005e+00 2.922267400000000137e+01 9.770886871919816363e-02
1.373059000000000029e+00 2.938798800000000000e+01 9.780002491407555065e-02
1.377801999999999971e+00 2.920029000000000252e+01 9.730536008004234128e-02
1.382544999999999913e+00 2.907218100000000049e+01 9.691376447611867173e-02
1.387288000000000077e+00 2.915606900000000223e+01 9.687942580431564699e-02
1.392031000000000018e+00 2.915713699999999520e+01 9.670988541642369651e-02
1.396773999999999960e+00 2.894878399999999985e+01 9.619484961137265977e-02
1.401516999999999902e+00 2.882054199999999611e+01 9.581576079080779407e-02
1.406260000000000066e+00 2.880584100000000447e+01 9.562866046086235250e-02
1.411002000000000089e+00 2.893574699999999922e+01 9.568333868774646367e-02
1.415745000000000031e+00 2.865133000000000152e+01 9.505280461729259667e-02
1.420487999999999973e+00 2.869458200000000403e+01 9.496797065237889968e-02
1.425230999999999915e+00 2.883878999999999948e+01 9.505138013657613016e-02
1.429974000000000078e+00 2.876169300000000106e+01 9.477165988675992359e-02
1.434717000000000020e+00 2.853333999999999904e+01 9.424342769257865182e-02
1.439459999999999962e+00 2.864161799999999403e+01 9.427235247076314051e-02
1.444201999999999986e+00 2.858641799999999833e+01 9.403375490305915241e-02
1.448944999999999927e+00 2.845111899999999849e+01 9.366542095755241160e-02
1.453688000000000091e+00 2.846957500000000252e+01 9.355078469621888604e-02
1.458431000000000033e+00 2.852396900000000457e+01 9.349623418027487587e-02
1.463173999999999975e+00 2.843616099999999847e+01 9.323504882335933996e-02
1.467916999999999916e+00 2.842158600000000135e+01 9.307265213817753069e-02
1.472660000000000080e+00 2.824235699999999838e+01 9.261319589520544682e-02
1.477402000000000104e+00 2.834167199999999909e+01 9.263747140701650284e-02
1.482145000000000046e+00 2.819757800000000358e+01 9.226516486757610491e-02
1.486887999999999987e+00 2.825646599999999964e+01 9.222621294481792020e-02
1.491630999999999929e+00 2.828220699999999965e+01 9.213312315180845202e-02
1.496374000000000093e+00 2.825293399999999977e+01 9.195115396629180426e-02
1.501117000000000035e+00 2.833581299999999459e+01 9.199968406668743159e-02
1.505859999999999976e+00 2.847262699999999569e+01 9.387094677347299077e-02
1.510602999999999918e+00 2.833861900000000134e+01 9.628400206842879783e-02
1.515344999999999942e+00 2.827699700000000149e+01 9.777290247163372694e-02
1.520088000000000106e+00 2.820299499999999782e+01 9.893139854101831721e-02
1.524831000000000047e+00 2.807495499999999922e+01 9.982672119149862966e-02
1.529573999999999989e+00 2.814150300000000016e+01 1.007317092040098394e-01
1.534316999999999931e+00 2.826153400000000104e+01 9.814032658004404053e-02
1.539060000000000095e+00 2.821440600000000387e+01 9.653659086608248896e-02
1.543803000000000036e+00 2.807939999999999969e+01 9.528953880959126210e-02
1.548545000000000060e+00 2.795092600000000260e+01 9.407856073674117359e-02
1.553288000000000002e+00 2.793025899999999950e+01 9.320918253154406030e-02
1.558030999999999944e+00 2.797682600000000619e+01 9.250115586793766775e-02
1.562774000000000107e+00 2.787406100000000109e+01 9.140692921626401846e-02
1.567517000000000049e+00 2.780547599999999875e+01 9.045436588166874681e-02
1.572259999999999991e+00 2.785059700000000049e+01 8.999693587228234370e-02
1.577002999999999933e+00 2.782520399999999583e+01 8.960238164982838038e-02
1.581746000000000096e+00 2.776357300000000095e+01 8.933026707777660946e-02
1.586487999999999898e+00 2.764506799999999842e+01 8.916287088819314921e-02
1.591231000000000062e+00 2.768780999999999537e+01 8.934606820374527136e-02
1.595974000000000004e+00 2.753344700000000245e+01 8.920647984058725777e-02
1.600716999999999945e+00 2.765083999999999875e+01 8.947426936662684904e-02
1.605460000000000109e+00 2.750153199999999742e+01 8.911649879633624927e-02
1.610203000000000051e+00 2.747232999999999947e+01 8.892033751060271496e-02
1.614945999999999993e+00 2.756196699999999922e+01 8.891992413098820380e-02
1.619688000000000017e+00 2.750053500000000284e+01 8.867849475782615953e-02
1.624430999999999958e+00 2.759575600000000151e+01 8.869160770828884988e-02
1.629173999999999900e+00 2.747356300000000218e+01 8.835695719737353404e-02
1.633917000000000064e+00 2.741590899999999920e+01 8.812908330216082109e-02
1.638660000000000005e+00 2.747404099999999971e+01 8.808916368129282581e-02
1.643402999999999947e+00 2.742983300000000213e+01 8.788683632187585526e-02
1.648146000000000111e+00 2.740925800000000123e+01 8.772365901783681086e-02
1.652889000000000053e+00 2.732293000000000305e+01 8.745736484699616342e-02
1.657631000000000077e+00 2.734300400000000053e+01 8.736333876008803290e-02
1.662374000000000018e+00 2.737784800000000018e+01 8.729355889294983240e-02
1.667116999999999960e+00 2.731764800000000193e+01 8.707350582735887135e-02
1.671859999999999902e+00 2.709957999999999601e+01 8.660321005437501829e-02
1.676603000000000065e+00 2.712518399999999730e+01 8.652351259869366096e-02
1.681346000000000007e+00 2.719841299999999862e+01 8.652025113182751359e-02
1.686088999999999949e+00 2.710253800000000268e+01 8.624846092474462711e-02
1.690830999999999973e+00 2.712168200000000340e+01 8.616140864043078662e-02
1.695573999999999915e+00 2.706833300000000264e+01 8.596023914704285784e-02
1.700317000000000078e+00 2.713668700000000200e+01 8.595269994554796678e-02
1.705060000000000020e+00 2.700313600000000136e+01 8.562605782659563070e-02
1.709802999999999962e+00 2.711217399999999955e+01 8.568465729227317529e-02
1.714545999999999903e+00 2.711811700000000158e+01 8.558127530020220863e-02
1.719289000000000067e+00 2.706515199999999410e+01 8.538523813324408462e-02
1.724031000000000091e+00 2.707943099999999959e+01 8.529580065953129564e-02
1.728774000000000033e+00 2.694266999999999967e+01 8.496979725857123356e-02
1.733516999999999975e+00 2.694585899999999512e+01 8.486539520270026948e-02
1.738259999999999916e+00 2.688637699999999953e+01 8.466259149934875217e-02
1.743003000000000080e+00 2.683267799999999781e+01 8.446934548714699065e-02
1.747746000000000022e+00 2.692146299999999925e+01 8.450153369231235001e-02
1.752488999999999963e+00 2.699025700000000327e+01 8.450259683920430254e-02
1.757231999999999905e+00 2.685717799999999755e+01 8.418776578353175111e-02
1.761973999999999929e+00 2.685145099999999729e+01 8.407267249938532583e-02
1.766717000000000093e+00 2.670642600000000044e+01 8.374072615750713378e-02
1.771460000000000035e+00 2.678470899999999943e+01 8.375938729430151830e-02
1.776202999999999976e+00 2.676494500000000087e+01 8.366229200713184988e-02
1.780945999999999918e+00 2.681091100000000438e+01 8.363325081389698379e-02
1.785689000000000082e+00 2.673630200000000201e+01 8.337416428741460661e-02
1.790432000000000023e+00 2.665508600000000072e+01 8.314597280698926562e-02
1.795174000000000047e+00 2.674451000000000178e+01 8.318387534059171196e-02
1.799916999999999989e+00 2.665073199999999787e+01 8.293666635903025608e-02
1.804659999999999931e+00 2.666586100000000670e+01 8.286018986431722966e-02
1.809403000000000095e+00 2.669468400000000230e+01 8.280531723986750414e-02
1.814146000000000036e+00 2.658400899999999822e+01 8.253438467132472034e-02
1.818888999999999978e+00 2.658091900000000507e+01 8.243063875910947025e-02
1.823631999999999920e+00 2.653530500000000458e+01 8.226181221786874054e-02
1.828375000000000083e+00 2.664436299999999846e+01 8.233311923052653858e-02
1.833117000000000107e+00 2.661542299999999983e+01 8.219105761993271420e-02
1.837860000000000049e+00 2.663970000000000482e+01 8.213142846459385582e-02
1.842602999999999991e+00 2.640939300000000145e+01 8.167963150552773333e-02
1.847345999999999933e+00 2.652840999999999738e+01 8.176794980752605246e-02
1.852089000000000096e+00 2.648472500000000451e+01 8.167255077839677413e-02
1.856832000000000038e+00 2.643874799999999681e+01 8.144529267333258660e-02
1.861574999999999980e+00 2.654030300000000153e+01 8.150117526782235666e-02
1.866317000000000004e+00 2.640856899999999996e+01 8.120493308539697419e-02
1.871059999999999945e+00 2.653161300000000011e+01 8.130036536093303290e-02
1.875803000000000109e+00 2.645493600000000356e+01 8.108919434428793482e-02
1.880546000000000051e+00 2.644074100000000271e+01 8.097476665162242626e-02
1.885288999999999993e+00 2.640860699999999994e+01 8.083349231944701729e-02
1.890031999999999934e+00 2.642735499999999504e+01 8.077021199090973769e-02
1.894775000000000098e+00 2.630510800000000060e+01 8.049144671896324432e-02
1.899516999999999900e+00 2.630658199999999880e+01 8.040304042284594777e-02
1.904260000000000064e+00 2.641008999999999673e+01 8.047027258727659782e-02
1.909003000000000005e+00 2.630536199999999525e+01 8.022058311904868566e-02
1.913745999999999947e+00 2.615444299999999700e+01 7.990003133861650619e-02
1.918489000000000111e+00 2.626896800000000098e+01 7.998552858057511594e-02
1.923232000000000053e+00 2.625877000000000550e+01 7.988116560420797929e-02
1.927974999999999994e+00 2.619294900000000581e+01 7.969011316663064670e-02
1.932717999999999936e+00 2.626435599999999937e+01 7.964748128505258484e-02
1.937459999999999960e+00 2.626489299999999361e+01 7.946243950397068045e-02
1.942202999999999902e+00 2.616432800000000114e+01 7.909401423684221666e-02
1.946946000000000065e+00 2.611210799999999921e+01 7.882307431065856129e-02
1.951689000000000007e+00 2.616969499999999726e+01 7.875432599321767480e-02
1.956431999999999949e+00 2.619639600000000002e+01 7.870947155165444742e-02
1.961174999999999891e+00 2.616288200000000330e+01 7.857637895271517292e-02
1.965918000000000054e+00 2.606478199999999745e+01 7.834757618408114133e-02
1.970660000000000078e+00 2.607201100000000338e+01 7.832155256455146375e-02
1.975403000000000020e+00 2.603155600000000192e+01 7.823974282468852681e-02
1.980145999999999962e+00 2.600211199999999323e+01 7.821692692426940319e-02
1.984888999999999903e+00 2.596122799999999842e+01 7.817612271792327705e-02
1.989632000000000067e+00 2.606102899999999778e+01 7.834692075990479232e-02
1.994375000000000009e+00 2.603221900000000488e+01 7.827495417810603762e-02
1.999117999999999951e+00 2.609203400000000173e+01 7.825210142753419307e-02
2.003861000000000114e+00 2.597506999999999877e+01 7.799355619568644482e-02
2.008602999999999916e+00 2.601544899999999672e+01 7.797086005355077787e-02
2.013345999999999858e+00 2.604282699999999906e+01 7.862117000637551534e-02
2.018088999999999800e+00 2.597858499999999893e+01 8.081563134800531789e-02
2.022832000000000185e+00 2.599930400000000219e+01 8.218594553454927620e-02
2.027575000000000127e+00 2.599715400000000187e+01 8.322191915423785002e-02
2.032318000000000069e+00 2.597292399999999901e+01 8.407498859682169257e-02
2.037061000000000011e+00 2.597434999999999761e+01 8.487752665803592611e-02
2.041802999999999813e+00 2.592030299999999698e+01 8.550788157187558247e-02
2.046546000000000198e+00 2.573448099999999883e+01 8.559024351004966558e-02
2.051289000000000140e+00 2.576343699999999970e+01 8.590155291227975776e-02
2.056032000000000082e+00 2.586321500000000384e+01 8.631159236254014322e-02
2.060775000000000023e+00 2.588117199999999940e+01 8.656978257952828437e-02
2.065517999999999965e+00 2.572511499999999529e+01 8.652157948778615992e-02
2.070260999999999907e+00 2.570165300000000030e+01 8.668395612125580352e-02
2.075003000000000153e+00 2.568500499999999676e+01 8.684729119034859113e-02
2.079746000000000095e+00 2.590492899999999921e+01 8.512240957002685515e-02
2.084489000000000036e+00 2.591616900000000712e+01 8.297799038824753282e-02
2.089231999999999978e+00 2.599725900000000323e+01 8.191905551531096508e-02
2.093974999999999920e+00 2.583992100000000391e+01 8.077564660573260946e-02
2.098717999999999861e+00 2.583294100000000526e+01 8.002710923580458324e-02
2.103460999999999803e+00 2.580110399999999871e+01 7.934250062871348042e-02
2.108204000000000189e+00 2.579155700000000451e+01 7.888702399673092058e-02
2.112945999999999991e+00 2.578209300000000326e+01 7.866279518637003809e-02
2.117688999999999933e+00 2.573550599999999733e+01 7.840150932351686031e-02
2.122431999999999874e+00 2.568925299999999723e+01 7.815366466107906418e-02
2.127174999999999816e+00 2.571335199999999688e+01 7.802454044637559261e-02
2.131918000000000202e+00 2.567365799999999965e+01 7.780767077522368624e-02
2.136661000000000143e+00 2.567747400000000013e+01 7.766442805114256998e-02
2.141404000000000085e+00 2.575351900000000072e+01 7.763611833155685538e-02
2.146145999999999887e+00 2.561967399999999628e+01 7.729737957154045325e-02
2.150888999999999829e+00 2.574103299999999805e+01 7.734787269182778757e-02
2.155632000000000215e+00 2.561874900000000110e+01 7.703685826961467753e-02
2.160375000000000156e+00 2.547523800000000094e+01 7.669717069551848510e-02
2.165118000000000098e+00 2.556942099999999840e+01 7.671879174370839494e-02
2.169861000000000040e+00 2.554129499999999808e+01 7.655994883436247067e-02
2.174603999999999981e+00 2.560590899999999692e+01 7.654260349201351399e-02
2.179346999999999923e+00 2.568597099999999500e+01 7.655000723512246641e-02
2.184089000000000169e+00 2.551239800000000102e+01 7.618197542598184602e-02
2.188832000000000111e+00 2.559910300000000305e+01 7.620430948050968545e-02
2.193575000000000053e+00 2.548771100000000089e+01 7.593340714230990829e-02
2.198317999999999994e+00 2.551427500000000137e+01 7.586958951405167739e-02
2.203060999999999936e+00 2.558612699999999762e+01 7.587468618615367255e-02
2.207803999999999878e+00 2.549100400000000022e+01 7.563402162501607628e-02
2.212546999999999819e+00 2.552688099999999949e+01 7.558895891604142103e-02
2.217289000000000065e+00 2.552043300000000059e+01 7.548210422077540616e-02
2.222032000000000007e+00 2.558046399999999920e+01 7.547495401445103447e-02
2.226774999999999949e+00 2.549999800000000150e+01 7.526185488570687199e-02
2.231517999999999891e+00 2.536613700000000193e+01 7.497118820301637565e-02
2.236260999999999832e+00 2.545845500000000072e+01 7.501499398728431189e-02
2.241004000000000218e+00 2.549728999999999957e+01 7.498117961601298564e-02
2.245747000000000160e+00 2.544360999999999962e+01 7.481223139515355558e-02
2.250490000000000101e+00 2.549037399999999920e+01 7.479175072342872377e-02
2.255231999999999903e+00 2.554829900000000364e+01 7.478798581431245207e-02
2.259974999999999845e+00 2.550615000000000165e+01 7.463874135287787426e-02
2.264717999999999787e+00 2.544955900000000071e+01 7.446964843110984167e-02
2.269461000000000173e+00 2.541635099999999881e+01 7.433523816982966215e-02
2.274204000000000114e+00 2.538224699999999956e+01 7.420002758162694279e-02
2.278947000000000056e+00 2.529485299999999981e+01 7.398812082861208617e-02
2.283689999999999998e+00 2.537203799999999987e+01 7.401739964238476799e-02
2.288431999999999800e+00 2.539988299999999910e+01 7.397531861385794882e-02
2.293175000000000185e+00 2.548003400000000340e+01 7.400917149334937384e-02
2.297918000000000127e+00 2.541990399999999894e+01 7.384009961767387664e-02
2.302661000000000069e+00 2.538032999999999717e+01 7.370155375217540827e-02
2.307404000000000011e+00 2.525912100000000038e+01 7.344533802962581459e-02
2.312146999999999952e+00 2.534600899999999868e+01 7.349130386544519555e-02
2.316889999999999894e+00 2.533949300000000093e+01 7.340230642930778426e-02
2.321632000000000140e+00 2.527735399999999899e+01 7.323389794653770157e-02
2.326375000000000082e+00 2.526584099999999822e+01 7.313910688750308031e-02
2.331118000000000023e+00 2.529964400000000069e+01 7.310991296480458257e-02
2.335860999999999965e+00 2.537184000000000239e+01 7.313679920612536911e-02
2.340603999999999907e+00 2.541848999999999847e+01 7.312688745167469917e-02
2.345346999999999849e+00 2.533467999999999876e+01 7.293012833984044430e-02
2.350089999999999790e+00 2.534751099999999724e+01 7.287240612664303008e-02
2.354833000000000176e+00 2.529989899999999992e+01 7.272814418057289843e-02
2.359574999999999978e+00 2.531264899999999685e+01 7.267172965508389426e-02
2.364317999999999920e+00 2.517172800000000166e+01 7.239455796120658482e-02
2.369060999999999861e+00 2.537913999999999959e+01 7.261776269446064414e-02
2.373803999999999803e+00 2.542015800000000070e+01 7.260237626081257611e-02
2.378547000000000189e+00 2.523406999999999911e+01 7.226271646894337486e-02
2.383290000000000131e+00 2.520584000000000202e+01 7.214935261747398854e-02
2.388033000000000072e+00 2.516821800000000309e+01 7.202278267108470911e-02
2.392774999999999874e+00 2.520063999999999993e+01 7.199680310237879799e-02
2.397517999999999816e+00 2.520060100000000247e+01 7.192497164377195662e-02
2.402261000000000202e+00 2.513246700000000189e+01 7.175653295836623147e-02
2.407004000000000143e+00 2.521183800000000019e+01 7.179798848275416312e-02
2.411747000000000085e+00 2.524556600000000373e+01 7.177520468070919257e-02
2.416490000000000027e+00 2.528787799999999919e+01 7.176476332736490826e-02
2.421232999999999969e+00 2.520997999999999450e+01 7.158386414901335426e-02
2.425975999999999910e+00 2.516239399999999904e+01 7.144611872215314574e-02
2.430718000000000156e+00 2.528080100000000030e+01 7.154424141908277690e-02
2.435461000000000098e+00 2.515212000000000003e+01 7.129299306733585806e-02
2.440204000000000040e+00 2.520600499999999755e+01 7.132544853215785907e-02
2.444946999999999981e+00 2.512389699999999593e+01 7.111528827305278744e-02
2.449689999999999923e+00 2.519450799999999546e+01 7.114645625352325475e-02
2.454432999999999865e+00 2.518805099999999797e+01 7.106927781122515664e-02
2.459175999999999807e+00 2.515808600000000439e+01 7.095935836166360200e-02
2.463918000000000053e+00 2.516021800000000042e+01 7.089431687693027728e-02
2.468660999999999994e+00 2.522273600000000116e+01 7.091517008560158097e-02
2.473403999999999936e+00 2.518616099999999847e+01 7.079666935658060489e-02
2.478146999999999878e+00 2.510153100000000137e+01 7.061099815123703105e-02
2.482889999999999819e+00 2.519828999999999652e+01 7.068038430029580099e-02
2.487633000000000205e+00 2.508411500000000416e+01 7.045385431416864574e-02
2.492376000000000147e+00 2.506133000000000521e+01 7.035610048990492693e-02
2.497117999999999949e+00 2.509441199999999839e+01 7.033684184032221176e-02
2.501860999999999891e+00 2.515079199999999915e+01 7.035017156328547683e-02
2.506603999999999832e+00 2.510132899999999978e+01 7.021577456516661653e-02
2.511347000000000218e+00 2.514326599999999701e+01 7.020785054535709502e-02
2.516090000000000160e+00 2.507403500000000207e+01 6.999255565507878085e-02
2.520833000000000101e+00 2.512455200000000133e+01 6.991958724880746601e-02
2.525576000000000043e+00 2.506753099999999890e+01 6.969820316247973824e-02
2.530318999999999985e+00 2.499917800000000057e+01 6.948922487971355422e-02
2.535060999999999787e+00 2.510562999999999789e+01 6.957330074278494925e-02
2.539804000000000173e+00 2.513590999999999553e+01 6.955212316537144612e-02
2.544547000000000114e+00 2.508165699999999987e+01 6.941496074368405655e-02
2.549290000000000056e+00 2.510745100000000107e+01 6.938836949957824518e-02
2.554032999999999998e+00 2.507768299999999684e+01 6.928546847981617574e-02
2.558775999999999939e+00 2.509884499999999719e+01 6.925280698688321412e-02
2.563518999999999881e+00 2.509266999999999825e+01 6.918515680465284201e-02
2.568261000000000127e+00 2.517701599999999829e+01 6.929546420092227987e-02
2.573004000000000069e+00 2.494970299999999597e+01 6.899781377965971685e-02
2.577747000000000011e+00 2.493982299999999697e+01 6.899936750610834169e-02
2.582489999999999952e+00 2.502990200000000343e+01 6.910487287385889965e-02
2.587232999999999894e+00 2.507044499999999942e+01 6.909995166903953878e-02
2.591975999999999836e+00 2.513314100000000195e+01 6.912499401857695458e-02
2.596719000000000221e+00 2.508490699999999762e+01 6.899738459178507421e-02
2.601462000000000163e+00 2.502423100000000034e+01 6.885314898899977387e-02
2.606203999999999965e+00 2.509280199999999894e+01 6.888700751258250432e-02
2.610946999999999907e+00 2.500970699999999880e+01 6.871228390178427126e-02
2.615689999999999849e+00 2.501127900000000182e+01 6.865444956021568568e-02
2.620432999999999790e+00 2.504740499999999770e+01 6.864390985528577571e-02
2.625176000000000176e+00 2.511865599999999787e+01 6.868168842030021592e-02
2.629919000000000118e+00 2.504391899999999893e+01 6.851985114152905898e-02
2.634662000000000059e+00 2.498291800000000507e+01 6.839158291489604025e-02
2.639403999999999861e+00 2.508685700000000196e+01 6.848624027105372492e-02
2.644146999999999803e+00 2.492185699999999926e+01 6.817921331860907208e-02
2.648890000000000189e+00 2.495668099999999967e+01 6.816410323293191353e-02
2.653633000000000131e+00 2.503203299999999842e+01 6.821830401607988092e-02
2.658376000000000072e+00 2.499295300000000353e+01 6.810829687317396242e-02
2.663119000000000014e+00 2.492730700000000255e+01 6.794884786957833267e-02
2.667861999999999956e+00 2.493855500000000092e+01 6.790580459985287587e-02
2.672604999999999897e+00 2.501589700000000249e+01 6.795291755953676571e-02
2.677347000000000143e+00 2.501647299999999774e+01 6.789599394970000090e-02
2.682090000000000085e+00 2.502173099999999906e+01 6.784550209157567957e-02
2.686833000000000027e+00 2.510973200000000105e+01 6.790716471135870014e-02
2.691575999999999969e+00 2.499739699999999942e+01 6.769753404293024635e-02
2.696318999999999910e+00 2.493983999999999668e+01 6.756253762798582196e-02
2.701061999999999852e+00 2.497462799999999916e+01 6.755289261557347047e-02
2.705804999999999794e+00 2.510300800000000265e+01 6.766926003704931691e-02
2.710547000000000040e+00 2.501850900000000166e+01 6.749842416494476749e-02
2.715289999999999981e+00 2.500341900000000095e+01 6.742170571245732769e-02
2.720032999999999923e+00 2.501133199999999945e+01 6.737610591528127302e-02
2.724775999999999865e+00 2.490949900000000383e+01 6.718277918494068579e-02
2.729518999999999807e+00 2.495155499999999549e+01 6.718345472389090911e-02
2.734262000000000192e+00 2.495719500000000224e+01 6.713522267612731520e-02
2.739005000000000134e+00 2.494715799999999817e+01 6.706615221728469411e-02
2.743746999999999936e+00 2.488217500000000015e+01 6.692330336943327906e-02
2.748489999999999878e+00 2.486552699999999660e+01 6.684576005000242294e-02
2.753232999999999819e+00 2.497634500000000202e+01 6.693928840585698647e-02
2.757976000000000205e+00 2.493177600000000282e+01 6.682451970308876665e-02
2.762719000000000147e+00 2.496122299999999683e+01 6.680919679259959831e-02
2.767462000000000089e+00 2.500029599999999874e+01 6.680647871011988204e-02
2.772205000000000030e+00 2.497221400000000102e+01 6.671452822558217310e-02
2.776947999999999972e+00 2.486448899999999895e+01 6.651609502842675825e-02
2.781690000000000218e+00 2.489240200000000058e+01 6.649927198097509151e-02
2.786433000000000160e+00 2.482378800000000041e+01 6.635332535457284797e-02
2.791176000000000101e+00 2.493639399999999995e+01 6.644970198547169027e-02
2.795919000000000043e+00 2.487200699999999998e+01 6.631031968649901687e-02
2.800661999999999985e+00 2.489502200000000087e+01 6.630249236164278970e-02
2.805404999999999927e+00 2.492887399999999687e+01 6.628436617364157069e-02
2.810147999999999868e+00 2.497348600000000118e+01 6.632170116547146665e-02
2.814890000000000114e+00 2.505157500000000681e+01 6.638054870497681059e-02
2.819633000000000056e+00 2.505957300000000032e+01 6.762156293896275094e-02
2.824375999999999998e+00 2.507438400000000200e+01 6.906128216124429731e-02
2.829118999999999939e+00 2.498399700000000223e+01 6.982760793435001390e-02
2.833861999999999881e+00 2.491570400000000163e+01 7.046024681648369037e-02
2.838604999999999823e+00 2.482692600000000382e+01 7.095008674747832478e-02
2.843348000000000209e+00 2.486946800000000124e+01 7.131009881871783196e-02
2.848091000000000150e+00 2.475472599999999801e+01 7.136127752656268308e-02
2.852832999999999952e+00 2.488117700000000099e+01 7.175225121482460555e-02
2.857575999999999894e+00 2.487929099999999849e+01 7.194226605296014099e-02
2.862318999999999836e+00 2.494325500000000062e+01 7.221419443142186589e-02
2.867062000000000221e+00 2.497078200000000336e+01 7.242341167270981150e-02
2.871805000000000163e+00 2.488994799999999685e+01 7.246567295370133499e-02
2.876548000000000105e+00 2.492317299999999847e+01 7.266545182631015121e-02
2.881291000000000047e+00 2.483135300000000001e+01 7.233533836407415873e-02
2.886032999999999848e+00 2.500503199999999282e+01 7.051840804495376758e-02
2.890775999999999790e+00 2.497353799999999779e+01 6.936622373168441213e-02
2.895519000000000176e+00 2.500836899999999829e+01 6.866457511321394369e-02
2.900262000000000118e+00 2.490425499999999914e+01 6.792897771259039097e-02
2.905005000000000059e+00 2.486166000000000054e+01 6.750514381792102614e-02
2.909748000000000001e+00 2.488921800000000317e+01 6.736554118586743356e-02
2.914490999999999943e+00 2.488990199999999575e+01 6.720896844192596198e-02
2.919233000000000189e+00 2.488810900000000004e+01 6.706326908195872627e-02
2.923976000000000131e+00 2.487061400000000333e+01 6.690799765712542035e-02
2.928719000000000072e+00 2.497122499999999690e+01 6.692076513569611418e-02
2.933462000000000014e+00 2.499363399999999658e+01 6.683530475516963332e-02
2.938204999999999956e+00 2.498174699999999859e+01 6.671019983707889012e-02
2.942947999999999897e+00 2.491473899999999730e+01 6.651733925596543806e-02
2.947690999999999839e+00 2.484798899999999833e+01 6.632932318078331446e-02
2.952433999999999781e+00 2.489832900000000038e+01 6.630907540106859011e-02
2.957176000000000027e+00 2.497504599999999897e+01 6.632561112971745165e-02
2.961918999999999969e+00 2.483439100000000010e+01 6.603665980775375033e-02
2.966661999999999910e+00 2.485946799999999968e+01 6.598477118236070749e-02
2.971404999999999852e+00 2.486990499999999571e+01 6.591522373897550080e-02
2.976147999999999794e+00 2.485229700000000008e+01 6.581082859894335502e-02
2.980891000000000179e+00 2.479163099999999886e+01 6.565173508634482291e-02
2.985634000000000121e+00 2.480667299999999642e+01 6.559453000121198696e-02
2.990375999999999923e+00 2.478716100000000466e+01 6.551032885160248953e-02
2.995118999999999865e+00 2.483866700000000449e+01 6.549023326704753178e-02
2.999861999999999806e+00 2.486264199999999747e+01 6.544620197081568724e-02
3.004605000000000192e+00 2.481557099999999849e+01 6.531308434951070552e-02
3.009348000000000134e+00 2.476790300000000045e+01 6.518032011638098810e-02
3.014091000000000076e+00 2.478048999999999680e+01 6.514779331334638601e-02
3.018834000000000017e+00 2.480209899999999834e+01 6.508843290062528431e-02
3.023576999999999959e+00 2.476049499999999881e+01 6.496707763004890002e-02
3.028319000000000205e+00 2.492965699999999885e+01 6.512234116528137218e-02
3.033062000000000147e+00 2.482149499999999875e+01 6.491568087467002035e-02
3.037805000000000089e+00 2.476574699999999751e+01 6.477853522108770190e-02
3.042548000000000030e+00 2.480148899999999657e+01 6.476173695828656152e-02
3.047290999999999972e+00 2.481330299999999767e+01 6.471420295308596971e-02
3.052033999999999914e+00 2.484181099999999986e+01 6.468888183456567020e-02
3.056776999999999855e+00 2.485165200000000141e+01 6.464035804518489248e-02
3.061519000000000101e+00 2.483190199999999592e+01 6.455338432882198885e-02
3.066262000000000043e+00 2.481944499999999820e+01 6.447710289589086985e-02
3.071004999999999985e+00 2.478829700000000003e+01 6.438994559332769652e-02
3.075747999999999927e+00 2.486290699999999987e+01 6.443021055015805965e-02
3.080490999999999868e+00 2.481185999999999936e+01 6.429855467417755488e-02
3.085233999999999810e+00 2.487695200000000284e+01 6.431514000309725143e-02
3.089977000000000196e+00 2.478908900000000060e+01 6.416175750606586958e-02
3.094720000000000137e+00 2.477617099999999795e+01 6.407044633591840732e-02
3.099461999999999939e+00 2.481877799999999823e+01 6.406796714347974542e-02
3.104204999999999881e+00 2.477093900000000204e+01 6.394953366619181290e-02
3.108947999999999823e+00 2.485117199999999826e+01 6.399648470709620729e-02
3.113691000000000209e+00 2.489618600000000370e+01 6.399885731070203976e-02
3.118434000000000150e+00 2.480017600000000044e+01 6.382014925095834401e-02
3.123177000000000092e+00 2.474402699999999911e+01 6.369268979155535970e-02
3.127920000000000034e+00 2.477905099999999905e+01 6.368297869797392985e-02
3.132661999999999836e+00 2.480710700000000202e+01 6.366460131231091446e-02
3.137405000000000221e+00 2.479979300000000109e+01 6.360142570064290790e-02
3.142148000000000163e+00 2.481705499999999986e+01 6.356955779160886055e-02
3.146891000000000105e+00 2.475943999999999789e+01 6.345037867239011753e-02
3.151634000000000047e+00 2.484276899999999699e+01 6.350617264924332539e-02
3.156376999999999988e+00 2.486150499999999752e+01 6.346732921293757324e-02
3.161119999999999930e+00 2.486680700000000144e+01 6.342184627043508105e-02
3.165862000000000176e+00 2.472944599999999937e+01 6.323815428910539715e-02
3.170605000000000118e+00 2.483216399999999879e+01 6.330078434993914593e-02
3.175348000000000059e+00 2.488524500000000117e+01 6.328876524868058684e-02
3.180091000000000001e+00 2.483830300000000335e+01 6.317736819556747652e-02
3.184833999999999943e+00 2.474776200000000159e+01 6.301093817680783471e-02
3.189576999999999884e+00 2.489295100000000005e+01 6.314434109488671620e-02
3.194319999999999826e+00 2.475254700000000341e+01 6.289710653818662844e-02
3.199063000000000212e+00 2.477847899999999726e+01 6.281462840525285640e-02
3.203805000000000014e+00 2.482184900000000383e+01 6.275316696223307011e-02
3.208547999999999956e+00 2.477145799999999909e+01 6.261229688628025536e-02
3.213290999999999897e+00 2.477855100000000022e+01 6.257182511411266135e-02
3.218033999999999839e+00 2.477906700000000129e+01 6.252343083140031454e-02
3.222776999999999781e+00 2.471616200000000063e+01 6.239500834195632617e-02
3.227520000000000167e+00 2.477851799999999827e+01 6.242487573677499985e-02
3.232263000000000108e+00 2.479304899999999989e+01 6.239465200676096168e-02
3.237004999999999910e+00 2.484833400000000125e+01 6.241581141022761736e-02
3.241747999999999852e+00 2.473639299999999963e+01 6.222691000979078263e-02
3.246490999999999794e+00 2.469295000000000329e+01 6.212435868497397096e-02
3.251234000000000179e+00 2.486788800000000066e+01 6.231372351400051024e-02
3.255977000000000121e+00 2.481347799999999992e+01 6.226149134192097284e-02
3.260720000000000063e+00 2.474898100000000056e+01 6.219816763597300902e-02
3.265463000000000005e+00 2.480014999999999858e+01 6.224007232555968383e-02
3.270205999999999946e+00 2.488362299999999649e+01 6.229733505838432051e-02
3.274948000000000192e+00 2.480015399999999914e+01 6.214531027829935800e-02
3.279691000000000134e+00 2.485336799999999968e+01 6.216440432043888326e-02
3.284434000000000076e+00 2.475243400000000094e+01 6.199134508416719036e-02
3.289177000000000017e+00 2.479717199999999622e+01 6.200031769404653476e-02
3.293919999999999959e+00 2.482830200000000076e+01 6.199238085062953874e-02
3.298662999999999901e+00 2.476836700000000135e+01 6.187109093907428026e-02
3.303405999999999842e+00 2.471412300000000073e+01 6.175716906277359947e-02
3.308148000000000089e+00 2.472570599999999885e+01 6.172558201011716511e-02
3.312891000000000030e+00 2.477395399999999981e+01 6.173940001877326056e-02
3.317633999999999972e+00 2.470610400000000340e+01 6.160915751398569201e-02
3.322376999999999914e+00 2.484932600000000136e+01 6.174243912305134308e-02
3.327119999999999855e+00 2.479067300000000174e+01 6.163939793144641854e-02
3.331862999999999797e+00 2.470725899999999697e+01 6.147397261494005200e-02
3.336606000000000183e+00 2.477458899999999886e+01 6.151231387188828281e-02
3.341347999999999985e+00 2.475763599999999798e+01 6.144619467413746372e-02
3.346090999999999926e+00 2.472024599999999595e+01 6.135494727358177525e-02
3.350833999999999868e+00 2.474187500000000028e+01 6.133658543208286851e-02
3.355576999999999810e+00 2.483724399999999832e+01 6.140978668702244680e-02
3.360320000000000196e+00 2.475344199999999972e+01 6.126174138389881701e-02
3.365063000000000137e+00 2.484112699999999663e+01 6.132562118650327493e-02
3.369806000000000079e+00 2.479102800000000428e+01 6.121912547267806259e-02
3.374549000000000021e+00 2.483171600000000367e+01 6.122499495293241834e-02
3.379290999999999823e+00 2.483605100000000476e+01 6.186706153740130498e-02
3.384034000000000209e+00 2.483951899999999924e+01 6.332317399951221948e-02
3.388777000000000150e+00 2.476015599999999850e+01 6.405771166160480201e-02
3.393520000000000092e+00 2.476713000000000164e+01 6.472701832711051650e-02
3.398263000000000034e+00 2.475373700000000099e+01 6.510078185593165534e-02
3.403005999999999975e+00 2.469849800000000428e+01 6.520339313869025211e-02
3.407748999999999917e+00 2.473262400000000127e+01 6.521467026842427128e-02
3.412491000000000163e+00 2.482807299999999984e+01 6.537636110751346430e-02
3.417234000000000105e+00 2.481396799999999558e+01 6.553197528148300977e-02
3.421977000000000046e+00 2.472319399999999945e+01 6.557011121288952582e-02
3.426719999999999988e+00 2.474877199999999533e+01 6.573788550377704376e-02
3.431462999999999930e+00 2.475702700000000078e+01 6.588577835544556782e-02
3.436205999999999872e+00 2.479191399999999845e+01 6.607494689071569116e-02
3.440948999999999813e+00 2.473713199999999546e+01 6.612176157123236808e-02
3.445692000000000199e+00 2.474560199999999810e+01 6.626353117308872442e-02
3.450434000000000001e+00 2.476888199999999784e+01 6.638709393481311005e-02
3.455176999999999943e+00 2.474990400000000079e+01 6.647038836877290635e-02
3.459919999999999884e+00 2.473958099999999760e+01 6.656078110408786275e-02
3.464662999999999826e+00 2.478378200000000220e+01 6.672094543353683516e-02
3.469406000000000212e+00 2.476030800000000198e+01 6.678683083370404172e-02
3.474149000000000154e+00 2.468231099999999856e+01 6.677541343622216130e-02
3.478892000000000095e+00 2.475240999999999758e+01 6.696163243931782527e-02
3.483633999999999897e+00 2.485136100000000070e+01 6.718378110792365410e-02
3.488376999999999839e+00 2.489026400000000194e+01 6.732243050688827002e-02
3.493119999999999781e+00 2.470970300000000108e+01 6.716102614752397781e-02
3.497863000000000167e+00 2.467145999999999972e+01 6.719025213495333215e-02
3.502606000000000108e+00 2.474350000000000094e+01 6.736746309930187471e-02
3.507349000000000050e+00 2.469707100000000111e+01 6.738103915277947331e-02
3.512091999999999992e+00 2.470542300000000324e+01 6.746775609803100371e-02
3.516833999999999794e+00 2.468315099999999873e+01 6.751062685147354858e-02
3.521577000000000179e+00 2.472659499999999611e+01 6.764137596148232789e-02
3.526320000000000121e+00 2.476545800000000241e+01 6.776493499568711498e-02
3.531063000000000063e+00 2.457616199999999651e+01 6.757383221851044619e-02
3.535806000000000004e+00 2.463904999999999745e+01 6.772743448685250578e-02
3.540548999999999946e+00 2.473692899999999995e+01 6.792695091490490167e-02
3.545291999999999888e+00 2.472484700000000046e+01 6.797512233311757412e-02
3.550034999999999830e+00 2.482165799999999578e+01 6.817141786080879728e-02
3.554777000000000076e+00 2.473676199999999881e+01 6.811638848457615691e-02
3.559520000000000017e+00 2.466276300000000177e+01 6.807499647279388610e-02
3.564262999999999959e+00 2.472411900000000173e+01 6.821908044872269927e-02
3.569005999999999901e+00 2.467434200000000288e+01 6.822196306465756754e-02
3.573748999999999842e+00 2.459665700000000044e+01 6.819173402007752682e-02
3.578491999999999784e+00 2.478047000000000111e+01 6.846950078816334273e-02
3.583235000000000170e+00 2.472878999999999650e+01 6.845356281072666194e-02
3.587976999999999972e+00 2.463177400000000006e+01 6.835026388194415103e-02
3.592719999999999914e+00 2.467600499999999641e+01 6.835833607891725339e-02
3.597462999999999855e+00 2.472110800000000097e+01 6.835981002074024981e-02
3.602205999999999797e+00 2.480525300000000044e+01 6.841549756453431386e-02
3.606949000000000183e+00 2.460751099999999880e+01 6.808226619294557858e-02
3.611692000000000125e+00 2.484720899999999943e+01 6.840374710100097233e-02
3.616435000000000066e+00 2.476657900000000012e+01 6.836093477241370064e-02
3.621178000000000008e+00 2.488741800000000381e+01 6.935576611781749112e-02
3.625919999999999810e+00 2.484051299999999785e+01 7.176777884074928004e-02
3.630663000000000196e+00 2.481051700000000082e+01 7.312110333310077592e-02
3.635406000000000137e+00 2.477117700000000156e+01 7.410593767641295015e-02
3.640149000000000079e+00 2.468417900000000031e+01 7.474269407982361835e-02
3.644892000000000021e+00 2.458517299999999750e+01 7.510271516595655450e-02
3.649634999999999962e+00 2.476487199999999689e+01 7.586279179672668349e-02
3.654377999999999904e+00 2.467673599999999823e+01 7.614849235481094269e-02
3.659120000000000150e+00 2.465869999999999962e+01 7.654572305621391848e-02
3.663863000000000092e+00 2.464705400000000424e+01 7.693668642313755690e-02
3.668606000000000034e+00 2.458270100000000369e+01 7.723188044097333005e-02
3.673348999999999975e+00 2.468086100000000016e+01 7.777142630995653727e-02
3.678091999999999917e+00 2.466298899999999961e+01 7.811973191275364825e-02
3.682834999999999859e+00 2.465882999999999825e+01 7.848172185298304959e-02
3.687577999999999800e+00 2.467374600000000129e+01 7.886740391777644077e-02
3.692321000000000186e+00 2.466630600000000229e+01 7.921152923319117745e-02
3.697062999999999988e+00 2.469194300000000197e+01 7.960336095260299449e-02
3.701805999999999930e+00 2.477427199999999985e+01 8.008271154622138843e-02
3.706548999999999872e+00 2.481276100000000184e+01 8.048799084864585729e-02
3.711291999999999813e+00 2.469575800000000498e+01 8.063644268023421879e-02
3.716035000000000199e+00 2.457753600000000205e+01 8.077760057170799146e-02
3.720778000000000141e+00 2.468961499999999631e+01 8.129367352734342966e-02
3.725521000000000083e+00 2.475529799999999980e+01 8.173184438198981272e-02
3.730262999999999884e+00 2.467120000000000601e+01 8.192063271482344367e-02
3.735005999999999826e+00 2.470233999999999597e+01 8.229717860594432111e-02
3.739749000000000212e+00 2.472403600000000168e+01 8.265707826714660533e-02
3.744492000000000154e+00 2.468201499999999982e+01 8.290868911513979422e-02
3.749235000000000095e+00 2.462566100000000091e+01 8.313385444814044845e-02
3.753978000000000037e+00 2.472016899999999850e+01 8.361274232961266040e-02
3.758720999999999979e+00 2.471192699999999931e+01 8.391665546481699711e-02
3.763462999999999781e+00 2.470157400000000081e+01 8.421618718890151734e-02
3.768206000000000166e+00 2.462636300000000134e+01 8.440335608984277094e-02
3.772949000000000108e+00 2.474944199999999839e+01 8.492978807994519541e-02
3.777692000000000050e+00 2.462893500000000557e+01 8.503653825344607842e-02
3.782434999999999992e+00 2.447746399999999767e+01 8.508785537925903086e-02
3.787177999999999933e+00 2.467522500000000463e+01 8.574421695747240502e-02
3.791920999999999875e+00 2.480260500000000334e+01 8.627964260989320899e-02
3.796663999999999817e+00 2.475763899999999751e+01 8.651496783231038545e-02
3.801406000000000063e+00 2.482584999999999908e+01 8.694795530774142300e-02
3.806149000000000004e+00 2.476192599999999899e+01 8.714937676110713627e-02
3.810891999999999946e+00 2.469332299999999947e+01 8.734147714998069523e-02
3.815634999999999888e+00 2.468412000000000006e+01 8.763769936540838357e-02
3.820377999999999830e+00 2.469782000000000011e+01 8.797527235615983099e-02
3.825121000000000215e+00 2.473416499999999729e+01 8.835329550206941218e-02
3.829864000000000157e+00 2.472692999999999941e+01 8.865441173884297532e-02
3.834605999999999959e+00 2.475070600000000098e+01 8.901129921338188367e-02
3.839348999999999901e+00 2.478204500000000010e+01 8.938335781873993358e-02
3.844091999999999842e+00 2.461648899999999784e+01 8.939814981630100910e-02
3.848834999999999784e+00 2.466632200000000097e+01 8.980667983606563376e-02
3.853578000000000170e+00 2.467165000000000319e+01 9.017962429958775727e-02
3.858321000000000112e+00 2.461099699999999757e+01 9.033398530397404591e-02
3.863064000000000053e+00 2.463443000000000183e+01 9.069447375721410853e-02
3.867806999999999995e+00 2.461285000000000167e+01 9.097240016494233250e-02
3.872548999999999797e+00 2.478580699999999837e+01 9.161053629374135698e-02
3.877292000000000183e+00 2.478179100000000190e+01 9.192291568390061063e-02
3.882035000000000124e+00 2.461695700000000286e+01 9.193719092571080165e-02
3.886778000000000066e+00 2.471015199999999723e+01 9.243275404849084220e-02
3.891521000000000008e+00 2.469579999999999842e+01 9.272823404370592049e-02
3.896263999999999950e+00 2.474705200000000360e+01 9.314785805974284960e-02
3.901006999999999891e+00 2.474385299999999788e+01 9.346585182552877291e-02
3.905749000000000137e+00 2.474741699999999867e+01 9.379939301638204330e-02
3.910492000000000079e+00 2.480922699999999992e+01 9.424396325597571289e-02
3.915235000000000021e+00 2.466905600000000121e+01 9.430487707776677442e-02
3.919977999999999962e+00 2.459399899999999661e+01 9.444849410204907147e-02
3.924720999999999904e+00 2.479477299999999929e+01 9.491771620211371385e-02
3.929463999999999846e+00 2.472888699999999673e+01 9.486412539984069581e-02
3.934206999999999788e+00 2.479708300000000065e+01 9.511980451674456605e-02
3.938949000000000034e+00 2.465121800000000363e+01 9.494318487200700818e-02
3.943691999999999975e+00 2.460275699999999688e+01 9.495258946162236924e-02
3.948434999999999917e+00 2.470288099999999787e+01 9.524735947634348221e-02
3.953177999999999859e+00 2.469538200000000217e+01 9.536148396908786240e-02
3.957920999999999800e+00 2.453852199999999684e+01 9.522599012986160405e-02
3.962664000000000186e+00 2.469376900000000319e+01 9.553510924419147954e-02
3.967407000000000128e+00 2.480463400000000007e+01 9.599612731696524626e-02
3.972150000000000070e+00 2.463680899999999951e+01 9.599371124528678634e-02
3.976891999999999872e+00 2.469870499999999680e+01 9.643827230555823693e-02
3.981634999999999813e+00 2.475033200000000022e+01 9.686480280979516133e-02
3.986378000000000199e+00 2.471117699999999928e+01 9.711599822091775136e-02
3.991121000000000141e+00 2.462819500000000161e+01 9.728096078489767429e-02
3.995864000000000082e+00 2.469771800000000184e+01 9.774885614404855982e-02
4.000606999999999580e+00 2.479581599999999852e+01 9.827536254327226550e-02
4.005349999999999966e+00 2.471775900000000092e+01 9.845518267264553869e-02
4.010092000000000212e+00 2.484044699999999750e+01 9.903568419063756012e-02
4.014834999999999710e+00 2.478553600000000046e+01 9.926439219969868111e-02
4.019578000000000095e+00 2.459327599999999592e+01 9.921749421070762132e-02
4.024320999999999593e+00 2.473000100000000145e+01 9.983351657220485009e-02
4.029063999999999979e+00 2.464430499999999569e+01 1.000036154441183156e-01
4.033807000000000365e+00 2.457686400000000049e+01 1.002105891909008673e-01
4.038549999999999862e+00 2.456691599999999909e+01 1.005365883330536503e-01
4.043293000000000248e+00 2.470061800000000218e+01 1.011589051718888299e-01
4.048034999999999606e+00 2.466243700000000061e+01 1.014316786813818788e-01
4.052777999999999992e+00 2.471953700000000609e+01 1.019021527647409470e-01
4.057521000000000377e+00 2.461737500000000267e+01 1.020460608805347363e-01
4.062263999999999875e+00 2.462787999999999755e+01 1.024248811678178106e-01
4.067007000000000261e+00 2.470670899999999648e+01 1.029486549456373468e-01
4.071749999999999758e+00 2.468601599999999863e+01 1.032676678989121050e-01
4.076493000000000144e+00 2.468740199999999874e+01 1.036343275768622785e-01
4.081235000000000390e+00 2.468123399999999990e+01 1.039876155611518110e-01
4.085977999999999888e+00 2.475103299999999962e+01 1.045048906148750428e-01
4.090721000000000274e+00 2.465010099999999937e+01 1.046622392763407322e-01
4.095463999999999771e+00 2.466949199999999820e+01 1.050773720831373881e-01
4.100207000000000157e+00 2.499998599999999982e+01 1.061574672219995075e-01
4.104949999999999655e+00 2.476155299999999926e+01 1.060309536531653524e-01
4.109693000000000040e+00 2.468348199999999792e+01 1.062448648427240377e-01
4.114436000000000426e+00 2.475782199999999733e+01 1.067891020316698719e-01
4.119177999999999784e+00 2.478825799999999902e+01 1.072434379684976263e-01
4.123921000000000170e+00 2.478812699999999580e+01 1.076333923435185691e-01
4.128663999999999668e+00 2.468180400000000319e+01 1.077956891554286700e-01
4.133407000000000053e+00 2.486926400000000115e+01 1.086019924930532871e-01
4.138150000000000439e+00 2.463781599999999727e+01 1.084933195796838057e-01
4.142892999999999937e+00 2.471096499999999807e+01 1.090560722451042464e-01
4.147636000000000323e+00 2.472604799999999869e+01 1.094939533494603545e-01
4.152377999999999680e+00 2.464577700000000249e+01 1.097246162414487608e-01
4.157121000000000066e+00 2.475255299999999892e+01 1.103732253360379112e-01
4.161863999999999564e+00 2.467691500000000104e+01 1.106187561620623205e-01
4.166606999999999950e+00 2.485779700000000147e+01 1.114427031483627567e-01
4.171350000000000335e+00 2.468269799999999847e+01 1.114698448010765786e-01
4.176092999999999833e+00 2.476921499999999909e+01 1.120965338089956187e-01
4.180836000000000219e+00 2.461363099999999804e+01 1.123253685652448597e-01
4.185577999999999577e+00 2.472118700000000402e+01 1.128828227512769233e-01
4.190320999999999962e+00 2.472370400000000146e+01 1.132830921561412962e-01
4.195064000000000348e+00 2.478151799999999838e+01 1.138546068644839676e-01
4.199806999999999846e+00 2.467139099999999985e+01 1.140437826087586509e-01
4.204550000000000232e+00 2.466350100000000012e+01 1.144717882496386202e-01
4.209292999999999729e+00 2.464657100000000156e+01 1.148828792612746341e-01
4.214036000000000115e+00 2.482976300000000336e+01 1.157638484982578680e-01
4.218778999999999613e+00 2.467011300000000062e+01 1.158496864727099618e-01
4.223520999999999859e+00 2.479600299999999180e+01 1.166081727037762139e-01
4.228264000000000244e+00 2.470820999999999756e+01 1.168688100529923224e-01
4.233006999999999742e+00 2.465332300000000032e+01 1.172090430019352147e-01
4.237750000000000128e+00 2.482228299999999876e+01 1.180863663062163144e-01
4.242492999999999626e+00 2.483278000000000318e+01 1.185930576033698419e-01
4.247236000000000011e+00 2.481503099999999762e+01 1.190352966101651810e-01
4.251979000000000397e+00 2.491714500000000143e+01 1.197762220254103560e-01
4.256720999999999755e+00 2.479298700000000011e+01 1.201742860504001476e-01
4.261464000000000141e+00 2.463048700000000224e+01 1.201109301314522426e-01
4.266206999999999638e+00 2.472261599999999859e+01 1.207997857564283989e-01
4.270950000000000024e+00 2.481720900000000185e+01 1.215406240326159376e-01
4.275693000000000410e+00 2.455206100000000191e+01 1.214006100220151457e-01
4.280435999999999908e+00 2.487225199999999603e+01 1.227109848216519639e-01
4.285179000000000293e+00 2.476939299999999733e+01 1.229815119661545053e-01
4.289921999999999791e+00 2.468984599999999574e+01 1.233134029069399284e-01
4.294664000000000037e+00 2.472821200000000275e+01 1.239452435433546496e-01
4.299407000000000423e+00 2.480180700000000016e+01 1.246701212972875783e-01
4.304149999999999920e+00 2.483654599999999846e+01 1.253049225139248046e-01
4.308893000000000306e+00 2.474887999999999977e+01 1.256377334378959432e-01
4.313635999999999804e+00 2.475448599999999999e+01 1.262099494226025520e-01
4.318379000000000190e+00 2.480818599999999918e+01 1.269126476092106992e-01
4.323121999999999687e+00 2.469435800000000114e+01 1.272809948992448814e-01
4.327863999999999933e+00 2.474353199999999831e+01 1.279590461854717698e-01
4.332607000000000319e+00 2.489617000000000147e+01 1.288758340741122110e-01
4.337349999999999817e+00 2.480265100000000089e+01 1.292260459602238842e-01
4.342093000000000202e+00 2.464920599999999951e+01 1.294222296663672112e-01
4.346835999999999700e+00 2.461349299999999829e+01 1.299311633069811234e-01
4.351579000000000086e+00 2.481263599999999769e+01 1.310675681876039278e-01
4.356321999999999584e+00 2.476695299999999378e+01 1.315663719671299470e-01
4.361063999999999830e+00 2.480836500000000200e+01 1.323040600766979547e-01
4.365807000000000215e+00 2.482091199999999986e+01 1.329734820918249683e-01
4.370549999999999713e+00 2.480187199999999947e+01 1.335642547171113637e-01
4.375293000000000099e+00 2.479815599999999876e+01 1.342048893136121857e-01
4.380035999999999596e+00 2.484164499999999620e+01 1.350437968725776150e-01
4.384778999999999982e+00 2.477610999999999564e+01 1.355865445439649597e-01
4.389522000000000368e+00 2.474371799999999766e+01 1.360574874665183565e-01
4.394264999999999866e+00 2.489374000000000109e+01 1.371394555889423883e-01
4.399007000000000112e+00 2.483169799999999583e+01 1.372368717683178085e-01
4.403749999999999609e+00 2.467499699999999763e+01 1.368971569846379466e-01
4.408492999999999995e+00 2.496944500000000033e+01 1.378049516903278870e-01
4.413236000000000381e+00 2.467901900000000026e+01 1.370931238334235358e-01
4.417978999999999878e+00 2.478460700000000116e+01 1.374784098140162392e-01
4.422722000000000264e+00 2.474109800000000092e+01 1.374502848250559184e-01
4.427464999999999762e+00 2.468195499999999853e+01 1.373743095711796314e-01
4.432207000000000008e+00 2.467694499999999991e+01 1.374510339838558859e-01
4.436950000000000394e+00 2.481741600000000147e+01 1.380074364800194520e-01
4.441692999999999891e+00 2.466614399999999563e+01 1.382091189350735383e-01
4.446436000000000277e+00 2.487170899999999918e+01 1.394950123441422440e-01
4.451178999999999775e+00 2.492094399999999865e+01 1.403525113343402353e-01
4.455922000000000160e+00 2.484376599999999868e+01 1.408633686804426355e-01
4.460664999999999658e+00 2.474126600000000309e+01 1.413104463921185106e-01
4.465408000000000044e+00 2.475249500000000324e+01 1.420908038028823317e-01
4.470150000000000290e+00 2.478824100000000286e+01 1.429525280789825659e-01
4.474892999999999788e+00 2.484182200000000051e+01 1.438780220924359976e-01
4.479636000000000173e+00 2.477628600000000247e+01 1.444682852158832853e-01
4.484378999999999671e+00 2.462355899999999664e+01 1.448132770769617605e-01
4.489122000000000057e+00 2.479006700000000052e+01 1.461064161609636480e-01
4.493865000000000443e+00 2.489606700000000217e+01 1.472369608162614196e-01
4.498607999999999940e+00 2.490409499999999809e+01 1.480911019151015806e-01
4.503350000000000186e+00 2.500788900000000226e+01 1.492440998295138654e-01
4.508092999999999684e+00 2.479556799999999939e+01 1.494638345513265021e-01
4.512836000000000070e+00 2.470779500000000084e+01 1.500657881700379337e-01
4.517578999999999567e+00 2.476246199999999931e+01 1.511126219110842661e-01
4.522321999999999953e+00 2.479053599999999946e+01 1.520939479649775494e-01
4.527065000000000339e+00 2.523594700000000302e+01 1.543731391936262465e-01
4.531807999999999836e+00 2.483643099999999748e+01 1.540731477452125797e-01
4.536551000000000222e+00 2.470449300000000292e+01 1.546016299398974558e-01
4.541292999999999580e+00 2.488164599999999993e+01 1.561134727763167640e-01
4.546035999999999966e+00 2.480348500000000200e+01 1.568423654817568680e-01
4.550779000000000352e+00 2.493574900000000483e+01 1.582519781064783415e-01
4.555521999999999849e+00 2.499977600000000422e+01 1.594673184714388570e-01
4.560265000000000235e+00 2.467040800000000189e+01 1.594335403356395564e-01
4.565007999999999733e+00 2.470062800000000180e+01 1.605755745792024347e-01
4.569751000000000118e+00 2.492062899999999459e+01 1.623524031996071149e-01
4.574493000000000364e+00 2.489442400000000077e+01 1.633524866001032083e-01
4.579235999999999862e+00 2.481545799999999957e+01 1.641954069442559117e-01
4.583979000000000248e+00 2.503476799999999614e+01 1.660477253466605130e-01
4.588721999999999746e+00 2.496361499999999722e+01 1.669610053691798490e-01
4.593465000000000131e+00 2.494206799999999902e+01 1.680595787317488710e-01
4.598207999999999629e+00 2.495543899999999837e+01 1.692980901978855812e-01
4.602951000000000015e+00 2.503214300000000136e+01 1.707786637762896687e-01
4.607693000000000261e+00 2.520347200000000143e+01 1.726115197398148671e-01
4.612435999999999758e+00 2.492234100000000296e+01 1.729136725879897030e-01
4.617179000000000144e+00 2.482705899999999843e+01 1.738737679237750966e-01
4.621921999999999642e+00 2.500409799999999905e+01 1.758184040306972618e-01
4.626665000000000028e+00 2.486850500000000252e+01 1.766913945812469411e-01
4.631408000000000413e+00 2.487215800000000243e+01 1.780822630516034899e-01
4.636150999999999911e+00 2.472391400000000061e+01 1.789566053833917536e-01
4.640894000000000297e+00 2.498996199999999845e+01 1.813634445027770825e-01
4.645635999999999655e+00 2.500161100000000047e+01 1.828808725197233476e-01
4.650379000000000040e+00 2.505669200000000529e+01 1.845973005379379639e-01
4.655122000000000426e+00 2.479779599999999817e+01 1.851849475822357483e-01
4.659864999999999924e+00 2.468161200000000477e+01 1.863267633990994820e-01
4.664608000000000310e+00 2.484189699999999590e+01 1.885525834702789227e-01
4.669350999999999807e+00 2.491988700000000279e+01 1.905117296769127944e-01
4.674094000000000193e+00 2.474229500000000215e+01 1.915338046971586106e-01
4.678836000000000439e+00 2.511966200000000171e+01 1.947457626159390942e-01
4.683578999999999937e+00 2.474585300000000032e+01 1.950814094924667175e-01
4.688322000000000322e+00 2.476808000000000121e+01 1.970071623556925444e-01
4.693064999999999820e+00 2.513574700000000206e+01 2.003699039570366602e-01
4.697808000000000206e+00 2.474515799999999999e+01 2.007465722304816735e-01
4.702550999999999704e+00 2.507344699999999804e+01 2.040870013894941493e-01
4.707294000000000089e+00 2.478136200000000144e+01 2.049531709891145026e-01
4.712036999999999587e+00 2.489549499999999682e+01 2.075482816233865935e-01
4.716778999999999833e+00 2.517783100000000474e+01 2.109217312408666611e-01
4.721522000000000219e+00 2.498556300000000263e+01 2.123731597530391646e-01
4.726264999999999716e+00 2.471545199999999909e+01 2.135422833283164845e-01
4.731008000000000102e+00 2.508063100000000034e+01 2.175259350223991139e-01
4.735750999999999600e+00 2.476916499999999388e+01 2.186500781009638739e-01
4.740493999999999986e+00 2.486747000000000085e+01 2.216476895571359296e-01
4.745237000000000371e+00 2.501277100000000431e+01 2.249527869070572506e-01
4.749978999999999729e+00 2.503323699999999619e+01 2.278038364076538369e-01
4.754722000000000115e+00 2.480132699999999701e+01 2.295911554700500457e-01
4.759464999999999613e+00 2.490705400000000225e+01 2.330378084986867437e-01
4.764207999999999998e+00 2.536210000000000164e+01 2.382534429668494713e-01
4.768951000000000384e+00 2.517853699999999861e+01 2.405958269923293980e-01
4.773693999999999882e+00 2.473319400000000456e+01 2.417710715899675233e-01
4.778437000000000268e+00 2.514838899999999811e+01 2.472682909192679135e-01
4.783178999999999625e+00 2.518494199999999950e+01 2.510734362601330649e-01
4.787922000000000011e+00 2.533115999999999701e+01 2.556001980059044998e-01
4.792665000000000397e+00 2.526429299999999856e+01 2.592268388405872814e-01
4.797407999999999895e+00 2.491455700000000206e+01 2.615495272303763885e-01
4.802151000000000280e+00 2.522698299999999705e+01 2.675323998846467211e-01
4.806893999999999778e+00 2.505830199999999763e+01 2.711895620879568591e-01
4.811637000000000164e+00 2.492217799999999883e+01 2.752250385466963878e-01
4.816379999999999661e+00 2.508306400000000025e+01 2.811579246143079969e-01
4.821121999999999908e+00 2.520861700000000027e+01 2.872005805053186589e-01
4.825865000000000293e+00 2.514181299999999908e+01 2.924655529090679495e-01
4.830607999999999791e+00 2.493283699999999925e+01 2.972063865858134424e-01
4.835351000000000177e+00 2.478424000000000049e+01 3.026344922144516558e-01
4.840093999999999674e+00 2.462261499999999970e+01 3.083537678289522965e-01
4.844837000000000060e+00 2.498955400000000537e+01 3.178645448492035119e-01
4.849579999999999558e+00 2.538492499999999907e+01 3.281713698577467531e-01
4.854321999999999804e+00 2.522274599999999722e+01 3.354869561578363579e-01
4.859065000000000190e+00 2.504685099999999665e+01 3.433157146514997926e-01
4.863807999999999687e+00 2.509181000000000239e+01 3.533933464423460458e-01
4.868551000000000073e+00 2.532275599999999827e+01 3.657024016838691383e-01
4.873293999999999571e+00 2.562864499999999879e+01 3.796728536277910182e-01
4.878036999999999956e+00 2.507383599999999646e+01 3.883765995130628590e-01
4.882780000000000342e+00 2.498508400000000051e+01 4.018798619166553676e-01
4.887522999999999840e+00 2.509102899999999892e+01 4.186363773582510994e-01
4.892265000000000086e+00 2.495445199999999630e+01 4.353705095357516264e-01
4.897007999999999583e+00 2.506561599999999856e+01 4.567485386324186547e-01
4.901750999999999969e+00 2.501907399999999626e+01 4.798448849338606825e-01
4.906494000000000355e+00 2.487695300000000032e+01 5.059670158316152966e-01
4.911236999999999853e+00 2.508534799999999620e+01 5.410422578904535706e-01
4.915980000000000238e+00 2.513669399999999854e+01 5.818684732744763277e-01
4.920722999999999736e+00 2.575060499999999664e+01 6.404080507627227803e-01
4.925464999999999982e+00 2.586658000000000612e+01 7.097591344705681538e-01
4.930208000000000368e+00 2.591455199999999692e+01 8.056768748680143144e-01
4.934950999999999866e+00 2.578005499999999728e+01 9.510799247642542920e-01
4.939694000000000251e+00 2.382613800000000381e+01 1.180695308943446209e+00
4.944436999999999749e+00 7.979323200000000504e+00 1.183796432135681753e+00