# copyC
# Sample c= 0.0 mg/ml
#
# Number of frames collected: 10
# Exposure time per frame: 0.5
# No significant radiation damage detected, merging 10 files
# Merged from: /data/visitor/mx1905/bm29/20170412/Poker/1d/Sxl_10gs_185_00001.dat
# Merged from: /data/visitor/mx1905/bm29/20170412/Poker/1d/Sxl_10gs_185_00002.dat
# Merged from: /data/visitor/mx1905/bm29/20170412/Poker/1d/Sxl_10gs_185_00003.dat
# Merged from: /data/visitor/mx1905/bm29/20170412/Poker/1d/Sxl_10gs_185_00004.dat
# Merged from: /data/visitor/mx1905/bm29/20170412/Poker/1d/Sxl_10gs_185_00005.dat
# Merged from: /data/visitor/mx1905/bm29/20170412/Poker/1d/Sxl_10gs_185_00006.dat
# Merged from: /data/visitor/mx1905/bm29/20170412/Poker/1d/Sxl_10gs_185_00007.dat
# Merged from: /data/visitor/mx1905/bm29/20170412/Poker/1d/Sxl_10gs_185_00008.dat
# Merged from: /data/visitor/mx1905/bm29/20170412/Poker/1d/Sxl_10gs_185_00009.dat
# Merged from: /data/visitor/mx1905/bm29/20170412/Poker/1d/Sxl_10gs_185_00010.dat
#
# Sample Information:
# Storage Temperature (degrees C): 20.0
# Measurement Temperature (degrees C): 20.03
# Concentration: 0.0
# Code: 
3.082862000000000102e-02 6.237941899999999578e+02 8.420620593576995105e+00
3.557148999999999728e-02 1.195664899999999989e+03 4.807049300838716732e+00
4.031434999999999880e-02 1.161127799999999979e+03 3.120513526852572106e+00
4.505722000000000199e-02 9.096323800000000119e+02 1.963956825727085631e+00
4.980007999999999657e-02 6.175166499999999132e+02 1.448973633717743015e+00
5.454294999999999977e-02 4.420287700000000086e+02 1.153307231725757553e+00
5.928581000000000129e-02 3.219889000000000010e+02 9.357774265590241836e-01
6.402868000000000448e-02 2.497522800000000132e+02 7.857852018476040312e-01
6.877154000000000600e-02 2.014145500000000197e+02 6.778354248365970891e-01
7.351441000000000225e-02 1.642391400000000203e+02 5.898089758388304071e-01
7.825727999999999851e-02 1.347833499999999844e+02 5.143448914755642809e-01
8.300014000000000003e-02 1.152656399999999906e+02 4.604427961183560347e-01
8.774300999999999628e-02 9.952779899999998747e+01 4.151394255987619353e-01
9.248586999999999780e-02 8.735199500000000228e+01 3.779504369635653949e-01
9.722873999999999406e-02 7.761206599999999867e+01 3.459151746423680396e-01
1.019715999999999956e-01 7.021168400000000531e+01 3.206430702075128703e-01
1.067145000000000038e-01 6.440217099999999562e+01 2.997534183647561079e-01
1.114572999999999953e-01 5.925703499999999480e+01 2.810221696845325301e-01
1.162002000000000035e-01 5.482560800000000256e+01 2.644041127859347307e-01
1.209430999999999978e-01 5.179173200000000321e+01 2.515914419722716233e-01
1.256858999999999893e-01 4.943728600000000739e+01 2.408978422195142688e-01
1.304288000000000114e-01 4.668206400000001111e+01 2.296060852239245054e-01
1.351717000000000057e-01 4.472001299999999446e+01 2.205225597035226082e-01
1.399144999999999972e-01 4.238622499999999604e+01 2.107968551105796062e-01
1.446573999999999915e-01 4.048620200000000580e+01 2.024403121766880642e-01
1.494003000000000136e-01 3.909321000000000623e+01 1.956015896267193077e-01
1.541431000000000051e-01 3.848893699999999995e+01 1.912436049731014998e-01
1.588859999999999995e-01 3.746015500000000031e+01 1.856853066010762665e-01
1.636287999999999909e-01 3.622650799999999549e+01 1.798223357008163770e-01
1.683717000000000130e-01 3.566111399999999776e+01 1.757868003397766443e-01
1.731146000000000074e-01 3.443136099999999544e+01 1.702526382296207230e-01
1.778573999999999988e-01 3.386559200000000658e+01 1.664769107945492377e-01
1.826002999999999932e-01 3.342155699999999285e+01 1.631371144753636371e-01
1.873431999999999875e-01 3.261613899999999688e+01 1.590357615737205965e-01
1.920860000000000067e-01 3.230140600000000006e+01 1.562241800898961364e-01
1.968289000000000011e-01 3.169406100000000492e+01 1.527920830493831594e-01
2.015717999999999954e-01 3.160351400000000055e+01 1.507058432707889528e-01
2.063145999999999869e-01 3.113943500000000242e+01 1.478018293535113825e-01
2.110575000000000090e-01 3.076042300000000296e+01 1.450301930410126672e-01
2.158004000000000033e-01 3.051484300000000260e+01 1.427939971305341726e-01
2.205431999999999948e-01 3.005441000000000074e+01 1.401430319147670134e-01
2.252860999999999891e-01 2.992237300000000033e+01 1.383248825268230675e-01
2.300290000000000112e-01 2.987879799999999619e+01 1.367573875635861025e-01
2.347718000000000027e-01 2.939142300000000319e+01 1.342189722535674368e-01
2.395146999999999970e-01 2.920193199999999933e+01 1.324168283924709311e-01
2.442575999999999914e-01 2.886878500000000258e+01 1.303373005547874830e-01
2.490004000000000106e-01 2.883943800000000124e+01 1.289842063319885657e-01
2.537433000000000050e-01 2.865723200000000048e+01 1.273240861704854343e-01
2.584861999999999993e-01 2.852575500000000375e+01 1.258327344129789582e-01
2.632289999999999908e-01 2.835964400000000296e+01 1.243117053769587643e-01
2.679718999999999851e-01 2.823095699999999653e+01 1.229061076950080100e-01
2.727146999999999766e-01 2.808386300000000091e+01 1.214880517443020225e-01
2.774576000000000264e-01 2.799805900000000136e+01 1.202706994164696869e-01
2.822005000000000208e-01 2.787544799999999867e+01 1.190299329575489617e-01
2.869433000000000122e-01 2.763788000000000267e+01 1.175143139895025585e-01
2.916862000000000066e-01 2.756629199999999713e+01 1.163746660845172975e-01
2.964291000000000009e-01 2.755369100000000415e+01 1.153900997832968400e-01
3.011718999999999924e-01 2.741398300000000177e+01 1.141668651447678151e-01
3.059147999999999867e-01 2.748836999999999620e+01 1.134123276283411641e-01
3.106576999999999811e-01 2.728795099999999962e+01 1.121073120706133908e-01
3.154004999999999725e-01 2.726989800000000486e+01 1.112070591126120833e-01
3.201434000000000224e-01 2.715994200000000092e+01 1.101452810416783112e-01
3.248863000000000167e-01 2.713807200000000108e+01 1.092781784759587760e-01
3.296291000000000082e-01 2.708274099999999862e+01 1.083567657239689896e-01
3.343720000000000026e-01 2.697023300000000035e+01 1.073455838200994689e-01
3.391148999999999969e-01 2.713700499999999849e+01 1.080328643538594757e-01
3.438576999999999884e-01 2.701562899999999701e+01 1.091839512859307526e-01
3.486005999999999827e-01 2.696721499999999949e+01 1.118630120472705880e-01
3.533434999999999770e-01 2.698092100000000215e+01 1.139439210069251585e-01
3.580863000000000240e-01 2.685225300000000104e+01 1.150849782042886738e-01
3.628292000000000184e-01 2.674464800000000153e+01 1.159868796888596371e-01
3.675720000000000098e-01 2.675535400000000053e+01 1.169649494729895489e-01
3.723149000000000042e-01 2.671609900000000337e+01 1.177393459619616722e-01
3.770577999999999985e-01 2.663528200000000012e+01 1.183478399440298229e-01
3.818005999999999900e-01 2.644691599999999809e+01 1.185577669838142612e-01
3.865434999999999843e-01 2.659507599999999883e+01 1.194759902035325283e-01
3.912863999999999787e-01 2.651176699999999897e+01 1.197670633141365848e-01
3.960292000000000256e-01 2.654511899999999969e+01 1.203348089795384102e-01
4.007721000000000200e-01 2.657717000000000240e+01 1.209221386637823192e-01
4.055150000000000143e-01 2.668802699999999817e+01 1.253504284691324966e-01
4.102578000000000058e-01 2.648660300000000234e+01 1.281328729022150614e-01
4.150007000000000001e-01 2.642563799999999929e+01 1.307878235289669511e-01
4.197435999999999945e-01 2.642058700000000115e+01 1.327895342582422755e-01
4.244863999999999860e-01 2.625343499999999608e+01 1.345121663580807758e-01
4.292292999999999803e-01 2.660537899999999922e+01 1.374794226757306281e-01
4.339721999999999746e-01 2.658263299999999774e+01 1.395247496793027842e-01
4.387150000000000216e-01 2.644390199999999780e+01 1.411902793536576883e-01
4.434579000000000160e-01 2.652211699999999794e+01 1.434762481994779626e-01
4.482008000000000103e-01 2.646318700000000490e+01 1.457366698571128383e-01
4.529436000000000018e-01 2.646230600000000166e+01 1.481094051944470691e-01
4.576864999999999961e-01 2.623050799999999683e+01 1.489992427867151970e-01
4.624293999999999905e-01 2.672902400000000256e+01 1.516613608816513858e-01
4.671721999999999819e-01 2.639505000000000479e+01 1.499663246140939266e-01
4.719150999999999763e-01 2.646774599999999822e+01 1.442620530590335293e-01
4.766579000000000232e-01 2.659186199999999900e+01 1.418773367909318406e-01
4.814008000000000176e-01 2.627419800000000194e+01 1.392359092780163510e-01
4.861437000000000119e-01 2.635369800000000140e+01 1.380737462769606183e-01
4.908865000000000034e-01 2.638414399999999915e+01 1.370270639330628815e-01
4.956293999999999977e-01 2.623470700000000377e+01 1.356768476628426312e-01
5.003722999999999921e-01 2.632608399999999804e+01 1.350582154262868206e-01
5.051151000000000391e-01 2.628503799999999657e+01 1.341871639852031672e-01
5.098580000000000334e-01 2.631422599999999790e+01 1.335636708860238886e-01
5.146009000000000277e-01 2.606966800000000006e+01 1.322996578109002508e-01
5.193436999999999637e-01 2.644819799999999788e+01 1.326470500836238187e-01
5.240865999999999580e-01 2.625269499999999567e+01 1.315866063008872544e-01
5.288294999999999524e-01 2.614275899999999453e+01 1.307731334482943319e-01
5.335722999999999994e-01 2.610941500000000204e+01 1.299213312179705038e-01
5.383151999999999937e-01 2.635045399999999560e+01 1.295778483222861655e-01
5.430580999999999881e-01 2.614258699999999891e+01 1.281667304957460618e-01
5.478009000000000350e-01 2.614882499999999510e+01 1.273175676193964989e-01
5.525438000000000294e-01 2.611712799999999746e+01 1.264072289893964363e-01
5.572867000000000237e-01 2.625011900000000153e+01 1.259162052907603357e-01
5.620294999999999597e-01 2.614488499999999860e+01 1.248799535419228002e-01
5.667723999999999540e-01 2.604811900000000335e+01 1.238911284378324817e-01
5.715152000000000010e-01 2.607599000000000089e+01 1.232216089357223848e-01
5.762580999999999953e-01 2.602140300000000295e+01 1.223735388783931538e-01
5.810009999999999897e-01 2.629837400000000258e+01 1.223530594615782341e-01
5.857438000000000367e-01 2.622586000000000084e+01 1.218189353978912370e-01
5.904867000000000310e-01 2.594810599999999567e+01 1.208808731329882591e-01
5.952296000000000253e-01 2.614219100000000395e+01 1.210392191365852188e-01
5.999723999999999613e-01 2.592070599999999558e+01 1.203645312930441413e-01
6.047152999999999556e-01 2.609059699999999538e+01 1.204530477915183306e-01
6.094581999999999500e-01 2.622570699999999988e+01 1.203772014472815483e-01
6.142009999999999970e-01 2.595163099999999901e+01 1.195781870751246173e-01
6.189438999999999913e-01 2.586867499999999609e+01 1.189991730528305036e-01
6.236867999999999856e-01 2.610672999999999888e+01 1.192696198203876123e-01
6.284296000000000326e-01 2.612481399999999709e+01 1.190394979619659593e-01
6.331725000000000270e-01 2.600315800000000266e+01 1.184904198097601613e-01
6.379154000000000213e-01 2.592187799999999953e+01 1.180366981366324924e-01
6.426581999999999573e-01 2.610144499999999468e+01 1.181791564587097582e-01
6.474010999999999516e-01 2.580159599999999998e+01 1.172369372234425000e-01
6.521439999999999459e-01 2.599383100000000013e+01 1.174093349210317411e-01
6.568867999999999929e-01 2.613514200000000187e+01 1.174665819502632019e-01
6.616296999999999873e-01 2.608324700000000007e+01 1.170920264775539704e-01
6.663725999999999816e-01 2.606983100000000064e+01 1.168065018569625496e-01
6.711154000000000286e-01 2.593233099999999780e+01 1.162424312508448798e-01
6.758583000000000229e-01 2.595832400000000462e+01 1.160472206188782468e-01
6.806010999999999589e-01 2.603867100000000079e+01 1.159758029270821639e-01
6.853439999999999532e-01 2.585826599999999686e+01 1.153260207063674797e-01
6.900868999999999476e-01 2.595671600000000012e+01 1.152966149995267725e-01
6.948296999999999946e-01 2.596895299999999907e+01 1.150768661487633765e-01
6.995725999999999889e-01 2.590796499999999725e+01 1.146978698824258763e-01
7.043154999999999832e-01 2.594038699999999764e+01 1.145281687568390216e-01
7.090583000000000302e-01 2.597460399999999936e+01 1.143613220692310806e-01
7.138012000000000246e-01 2.586999200000000343e+01 1.138903726134246064e-01
7.185441000000000189e-01 2.596058799999999422e+01 1.138518957718610142e-01
7.232868999999999549e-01 2.615042799999999801e+01 1.140309850406537595e-01
7.280297999999999492e-01 2.611723800000000395e+01 1.137217618273208830e-01
7.327727000000000546e-01 2.606915900000000264e+01 1.133815605451851949e-01
7.375154999999999905e-01 2.595590100000000078e+01 1.129031688656385868e-01
7.422583999999999849e-01 2.598322699999999941e+01 1.127324724091173513e-01
7.470012999999999792e-01 2.598153199999999785e+01 1.124984376975182582e-01
7.517441000000000262e-01 2.580845499999999859e+01 1.118942784562369785e-01
7.564870000000000205e-01 2.587145399999999995e+01 1.118048077946149910e-01
7.612299000000000149e-01 2.590328500000000034e+01 1.116492498171125225e-01
7.659726999999999508e-01 2.585549200000000525e+01 1.113219460439436592e-01
7.707155999999999452e-01 2.584779499999999786e+01 1.110817277540244313e-01
7.754585000000000505e-01 2.598905500000000046e+01 1.111640370965408103e-01
7.802012999999999865e-01 2.581121099999999657e+01 1.106734176125428182e-01
7.849441999999999808e-01 2.585192299999999932e+01 1.105031820677888910e-01
7.896870000000000278e-01 2.581339499999999632e+01 1.101311972744639656e-01
7.944299000000000222e-01 2.595817799999999664e+01 1.102236012205013160e-01
7.991728000000000165e-01 2.587654100000000312e+01 1.098360741893600334e-01
8.039155999999999525e-01 2.579775799999999819e+01 1.094551183361664598e-01
8.086584999999999468e-01 2.588835500000000067e+01 1.094333173826431277e-01
8.134014000000000522e-01 2.598181699999999950e+01 1.094192341125654194e-01
8.181441999999999881e-01 2.588566099999999892e+01 1.090895384669909596e-01
8.228870999999999825e-01 2.583890000000000242e+01 1.087040802417185981e-01
8.276299999999999768e-01 2.579170799999999986e+01 1.083917546572505664e-01
8.323728000000000238e-01 2.585064799999999963e+01 1.083090987651139231e-01
8.371157000000000181e-01 2.571823600000000098e+01 1.078275153726236946e-01
8.418586000000000125e-01 2.602645899999999912e+01 1.082665103251873456e-01
8.466013999999999484e-01 2.588950299999999771e+01 1.077766301956954720e-01
8.513443000000000538e-01 2.587967100000000187e+01 1.075543788009906965e-01
8.560872000000000481e-01 2.577587600000000023e+01 1.071386107896396822e-01
8.608299999999999841e-01 2.592727400000000060e+01 1.072525477547060513e-01
8.655728999999999784e-01 2.600595299999999810e+01 1.072145850825791530e-01
8.703157999999999728e-01 2.582442700000000357e+01 1.066423756971425635e-01
8.750586000000000197e-01 2.573565100000000072e+01 1.062633497259680704e-01
8.798015000000000141e-01 2.576653799999999706e+01 1.061319417282563515e-01
8.845442999999999500e-01 2.584374299999999991e+01 1.060951775449407580e-01
8.892872000000000554e-01 2.587056299999999709e+01 1.059565459053752878e-01
8.940301000000000498e-01 2.575877900000000409e+01 1.055360924480720081e-01
8.987728999999999857e-01 2.577153999999999812e+01 1.053710598671314391e-01
9.035157999999999801e-01 2.569229400000000396e+01 1.050177479050503210e-01
9.082586999999999744e-01 2.553289800000000298e+01 1.045034619925086644e-01
9.130015000000000214e-01 2.579411799999999744e+01 1.048490186354402720e-01
9.177444000000000157e-01 2.585001699999999758e+01 1.047752849732626473e-01
9.224873000000000101e-01 2.581304799999999844e+01 1.045127922837080225e-01
9.272300999999999460e-01 2.578842500000000015e+01 1.042777085063385095e-01
9.319730000000000514e-01 2.563447800000000143e+01 1.037827294404218142e-01
9.367159000000000457e-01 2.576620499999999581e+01 1.038659026861578072e-01
9.414586999999999817e-01 2.574429500000000104e+01 1.036382135799450294e-01
9.462015999999999760e-01 2.568912900000000121e+01 1.033458657220529542e-01
9.509444999999999704e-01 2.582868599999999759e+01 1.034461983103347194e-01
9.556873000000000173e-01 2.569291599999999676e+01 1.029946962475243033e-01
9.604302000000000117e-01 2.581246000000000507e+01 1.030539818300282989e-01
9.651731000000000060e-01 2.589088300000000231e+01 1.030321981635692330e-01
9.699159000000000530e-01 2.574221099999999751e+01 1.025596790568350097e-01
9.746588000000000473e-01 2.570404400000000322e+01 1.023079994824735162e-01
9.794017000000000417e-01 2.574871399999999966e+01 1.022206266769583871e-01
9.841444999999999776e-01 2.568107499999999987e+01 1.019122655303187769e-01
9.888873999999999720e-01 2.568413299999999566e+01 1.017457931960648737e-01
9.936302000000000190e-01 2.565716999999999715e+01 1.015204518933072037e-01
9.983731000000000133e-01 2.556154900000000296e+01 1.011589641354180696e-01
1.003115999999999897e+00 2.549760299999999802e+01 1.008623323696552221e-01
1.007859000000000060e+00 2.572603300000000104e+01 1.011437664799665209e-01
1.012602000000000002e+00 2.580228100000000069e+01 1.011245509886496280e-01
1.017344999999999944e+00 2.566529799999999994e+01 1.006865378715665199e-01
1.022086999999999968e+00 2.570466399999999751e+01 1.005963601825846376e-01
1.026829999999999909e+00 2.562622700000000009e+01 1.002770827191711706e-01
1.031573000000000073e+00 2.562753099999999762e+01 1.001143206722939355e-01
1.036316000000000015e+00 2.567594599999999971e+01 1.000429832284908394e-01
1.041058999999999957e+00 2.563816600000000179e+01 9.980544793390840053e-02
1.045801999999999898e+00 2.574583099999999902e+01 9.985171596498079727e-02
1.050545000000000062e+00 2.572098000000000440e+01 9.964119684565164725e-02
1.055287000000000086e+00 2.560612099999999458e+01 9.925576189232139523e-02
1.060030000000000028e+00 2.563900600000000196e+01 9.915871574553039580e-02
1.064772999999999969e+00 2.554975400000000008e+01 9.882659047320260792e-02
1.069515999999999911e+00 2.554347499999999727e+01 9.865575630515484307e-02
1.074259000000000075e+00 2.560655600000000121e+01 9.861798163046839316e-02
1.079002000000000017e+00 2.552644899999999950e+01 9.830607982205119555e-02
1.083744999999999958e+00 2.567658799999999886e+01 9.845923441454641767e-02
1.088487999999999900e+00 2.554458699999999993e+01 9.807175453360819639e-02
1.093229999999999924e+00 2.558844199999999347e+01 9.795658790516950654e-02
1.097973000000000088e+00 2.569887699999999953e+01 9.801249466977410285e-02
1.102716000000000030e+00 2.559999400000000236e+01 9.767020516691823917e-02
1.107458999999999971e+00 2.550069599999999781e+01 9.732793247113029345e-02
1.112201999999999913e+00 2.557786400000000171e+01 9.732144098565330415e-02
1.116945000000000077e+00 2.570999899999999982e+01 9.742017862341866008e-02
1.121688000000000018e+00 2.566837900000000516e+01 9.719013350872350576e-02
1.126430000000000042e+00 2.577894900000000078e+01 9.724847734823614809e-02
1.131172999999999984e+00 2.550126399999999904e+01 9.657281965205012642e-02
1.135915999999999926e+00 2.545899899999999860e+01 9.634383186191786130e-02
1.140659000000000090e+00 2.546419899999999714e+01 9.620595907623290255e-02
1.145402000000000031e+00 2.548825099999999821e+01 9.610412682410313101e-02
1.150144999999999973e+00 2.567898299999999878e+01 9.631464702041583892e-02
1.154887999999999915e+00 2.552653500000000264e+01 9.588189828635121370e-02
1.159631000000000078e+00 2.557849799999999973e+01 9.583398284142061185e-02
1.164373000000000102e+00 2.554432899999999762e+01 9.562550359726113003e-02
1.169116000000000044e+00 2.551169099999999546e+01 9.549067878087892647e-02
1.173858999999999986e+00 2.552595399999999870e+01 9.534766369090749705e-02
1.178601999999999927e+00 2.547257199999999955e+01 9.505925315724660096e-02
1.183345000000000091e+00 2.546832699999999861e+01 9.490944967750576666e-02
1.188088000000000033e+00 2.539571899999999971e+01 9.463178359453391919e-02
1.192830999999999975e+00 2.561954899999999924e+01 9.490615630104244638e-02
1.197572999999999999e+00 2.555337600000000009e+01 9.464309068883949849e-02
1.202315999999999940e+00 2.558848700000000065e+01 9.456845578871951596e-02
1.207059000000000104e+00 2.558532199999999790e+01 9.472846654076270967e-02
1.211802000000000046e+00 2.562603800000000120e+01 9.790817768988195613e-02
1.216544999999999987e+00 2.557528100000000038e+01 9.984706457775711919e-02
1.221287999999999929e+00 2.556638399999999933e+01 1.013303509149849901e-01
1.226031000000000093e+00 2.547505400000000009e+01 1.024157181960977103e-01
1.230774000000000035e+00 2.546774699999999925e+01 1.035299925952991584e-01
1.235516000000000059e+00 2.565382000000000318e+01 1.049469926379431872e-01
1.240259000000000000e+00 2.557834100000000177e+01 1.057624898855113738e-01
1.245001999999999942e+00 2.551699099999999731e+01 1.065507551232993400e-01
1.249745000000000106e+00 2.559997899999999760e+01 1.075991858513218463e-01
1.254488000000000048e+00 2.537424999999999997e+01 1.079616421881151311e-01
1.259230999999999989e+00 2.541769200000000239e+01 1.086044527578353958e-01
1.263973999999999931e+00 2.551082100000000352e+01 1.090829201655488384e-01
1.268715999999999955e+00 2.534259199999999979e+01 1.089862824082645787e-01
1.273458999999999897e+00 2.539494400000000240e+01 1.073110594814010721e-01
1.278202000000000060e+00 2.560668300000000386e+01 1.037750604059554382e-01
1.282945000000000002e+00 2.551860899999999788e+01 1.016204460628573336e-01
1.287687999999999944e+00 2.542376699999999801e+01 1.000029396796524167e-01
1.292431000000000108e+00 2.551300099999999560e+01 9.902131892566418125e-02
1.297174000000000049e+00 2.550779899999999856e+01 9.802521862224536364e-02
1.301916000000000073e+00 2.548487100000000183e+01 9.711277836995911572e-02
1.306659000000000015e+00 2.544938700000000154e+01 9.626562609591857167e-02
1.311401999999999957e+00 2.553419500000000042e+01 9.571398543406653414e-02
1.316144999999999898e+00 2.561160800000000037e+01 9.520080464112631868e-02
1.320888000000000062e+00 2.537348199999999920e+01 9.428541272963808506e-02
1.325631000000000004e+00 2.545108899999999963e+01 9.418632303509941184e-02
1.330373999999999945e+00 2.540956000000000259e+01 9.387982688772544826e-02
1.335117000000000109e+00 2.554419700000000404e+01 9.390823604443329642e-02
1.339858999999999911e+00 2.557209599999999838e+01 9.374629937222803133e-02
1.344602000000000075e+00 2.563771200000000050e+01 9.366075677222558682e-02
1.349345000000000017e+00 2.555497699999999739e+01 9.331116360576852120e-02
1.354087999999999958e+00 2.542054399999999958e+01 9.287336219763556167e-02
1.358830999999999900e+00 2.544644600000000167e+01 9.273268293268990825e-02
1.363574000000000064e+00 2.553122400000000169e+01 9.270360675287558916e-02
1.368317000000000005e+00 2.541341600000000156e+01 9.231115416373635030e-02
1.373059000000000029e+00 2.541599300000000383e+01 9.214176992555546397e-02
1.377801999999999971e+00 2.550891999999999626e+01 9.213782066586281849e-02
1.382544999999999913e+00 2.541551399999999461e+01 9.180051960683774381e-02
1.387288000000000077e+00 2.547936699999999988e+01 9.175084216449133634e-02
1.392031000000000018e+00 2.538653799999999805e+01 9.142160793419026876e-02
1.396773999999999960e+00 2.544771300000000025e+01 9.137129859751200178e-02
1.401516999999999902e+00 2.549566800000000200e+01 9.129944269400389056e-02
1.406260000000000066e+00 2.559961299999999795e+01 9.132989298230344277e-02
1.411002000000000089e+00 2.553512999999999877e+01 9.106184891486060473e-02
1.415745000000000031e+00 2.541807899999999876e+01 9.070118626799705819e-02
1.420487999999999973e+00 2.549292500000000317e+01 9.068511899396172748e-02
1.425230999999999915e+00 2.555315700000000234e+01 9.064437651794897410e-02
1.429974000000000078e+00 2.545265099999999947e+01 9.032057139949181690e-02
1.434717000000000020e+00 2.550419200000000330e+01 9.026712798384914360e-02
1.439459999999999962e+00 2.557913100000000028e+01 9.025633895625170822e-02
1.444201999999999986e+00 2.551435599999999582e+01 9.000051614889939544e-02
1.448944999999999927e+00 2.551465699999999970e+01 8.986138193448117706e-02
1.453688000000000091e+00 2.538248200000000310e+01 8.948966880034366078e-02
1.458431000000000033e+00 2.550202600000000075e+01 8.956229165245103985e-02
1.463173999999999975e+00 2.528680100000000053e+01 8.907165586539973756e-02
1.467916999999999916e+00 2.539265100000000075e+01 8.912533517829765439e-02
1.472660000000000080e+00 2.531721200000000138e+01 8.883400857343318191e-02
1.477402000000000104e+00 2.545926399999999745e+01 8.894989354680025995e-02
1.482145000000000046e+00 2.538435999999999737e+01 8.868773032013785307e-02
1.486887999999999987e+00 2.538804100000000119e+01 8.856434692575901324e-02
1.491630999999999929e+00 2.534624600000000072e+01 8.836178958407928108e-02
1.496374000000000093e+00 2.548576600000000170e+01 8.847548555444213758e-02
1.501117000000000035e+00 2.548576800000000020e+01 8.839265744984138584e-02
1.505859999999999976e+00 2.570215699999999970e+01 9.035482494222155103e-02
1.510602999999999918e+00 2.549427999999999983e+01 9.251981616982493661e-02
1.515344999999999942e+00 2.541680500000000364e+01 9.390989711193278855e-02
1.520088000000000106e+00 2.539598799999999912e+01 9.510831994281836177e-02
1.524831000000000047e+00 2.551137799999999700e+01 9.640583712394648619e-02
1.529573999999999989e+00 2.550688699999999898e+01 9.715612169532858444e-02
1.534316999999999931e+00 2.570040700000000200e+01 9.481305690200428349e-02
1.539060000000000095e+00 2.561452500000000398e+01 9.318553441455598718e-02
1.543803000000000036e+00 2.558355399999999946e+01 9.214693987159963684e-02
1.548545000000000060e+00 2.549832400000000376e+01 9.103269459043436540e-02
1.553288000000000002e+00 2.563185399999999703e+01 9.046072778651573221e-02
1.558030999999999944e+00 2.547358100000000292e+01 8.942148626379232967e-02
1.562774000000000107e+00 2.556395799999999596e+01 8.868331814236372901e-02
1.567517000000000049e+00 2.539798499999999848e+01 8.758149043157237301e-02
1.572259999999999991e+00 2.539056199999999919e+01 8.705527742664255497e-02
1.577002999999999933e+00 2.530963699999999861e+01 8.657493466353295697e-02
1.581746000000000096e+00 2.532487699999999720e+01 8.643382777239071169e-02
1.586487999999999898e+00 2.547390700000000052e+01 8.671055113350335797e-02
1.591231000000000062e+00 2.529379200000000338e+01 8.651414170772950274e-02
1.595974000000000004e+00 2.533978600000000014e+01 8.669947476708148026e-02
1.600716999999999945e+00 2.535615200000000158e+01 8.680298518416115772e-02
1.605460000000000109e+00 2.549642099999999800e+01 8.692966420807916872e-02
1.610203000000000051e+00 2.529376500000000050e+01 8.643885774522706844e-02
1.614945999999999993e+00 2.535912300000000030e+01 8.640914269990415675e-02
1.619688000000000017e+00 2.544907199999999747e+01 8.642358918698701820e-02
1.624430999999999958e+00 2.536753600000000120e+01 8.614876927918123373e-02
1.629173999999999900e+00 2.529669400000000223e+01 8.589430444668436082e-02
1.633917000000000064e+00 2.538775899999999908e+01 8.591695057518802803e-02
1.638660000000000005e+00 2.540504899999999822e+01 8.581627813898420887e-02
1.643402999999999947e+00 2.547796699999999959e+01 8.581103390257223407e-02
1.648146000000000111e+00 2.546520800000000051e+01 8.566246131949804832e-02
1.652889000000000053e+00 2.556151900000000410e+01 8.569888038864743873e-02
1.657631000000000077e+00 2.543682199999999938e+01 8.536626841298675106e-02
1.662374000000000018e+00 2.523404199999999875e+01 8.490339288154566399e-02
1.667116999999999960e+00 2.529082700000000017e+01 8.487786070904473901e-02
1.671859999999999902e+00 2.535069500000000176e+01 8.485879599464041245e-02
1.676603000000000065e+00 2.545097399999999510e+01 8.490809857948651562e-02
1.681346000000000007e+00 2.535682200000000108e+01 8.463342888854144541e-02
1.686088999999999949e+00 2.524081100000000077e+01 8.432313864274622317e-02
1.690830999999999973e+00 2.539884800000000098e+01 8.447149576560072926e-02
1.695573999999999915e+00 2.545088999999999757e+01 8.444367364762205008e-02
1.700317000000000078e+00 2.538150800000000018e+01 8.421479536048104286e-02
1.705060000000000020e+00 2.532645999999999731e+01 8.401071762870437887e-02
1.709802999999999962e+00 2.541818800000000422e+01 8.405074897196336547e-02
1.714545999999999903e+00 2.523839800000000011e+01 8.364284309551356378e-02
1.719289000000000067e+00 2.522833199999999820e+01 8.351623242441674755e-02
1.724031000000000091e+00 2.519063799999999986e+01 8.334443531798928217e-02
1.728774000000000033e+00 2.510947900000000033e+01 8.310206935240180282e-02
1.733516999999999975e+00 2.519611799999999846e+01 8.313817816850510578e-02
1.738259999999999916e+00 2.529011999999999460e+01 8.318593691209288932e-02
1.743003000000000080e+00 2.536410799999999810e+01 8.320055144911600586e-02
1.747746000000000022e+00 2.525054799999999844e+01 8.290858812189302873e-02
1.752488999999999963e+00 2.525311999999999912e+01 8.280807184965424672e-02
1.757231999999999905e+00 2.528390900000000130e+01 8.275417764259759834e-02
1.761973999999999929e+00 2.518939800000000417e+01 8.249530977116881214e-02
1.766717000000000093e+00 2.527259400000000156e+01 8.252829369656325409e-02
1.771460000000000035e+00 2.522465299999999644e+01 8.234763731911134976e-02
1.776202999999999976e+00 2.525358899999999807e+01 8.232974518725719171e-02
1.780945999999999918e+00 2.528467799999999599e+01 8.228119239501333060e-02
1.785689000000000082e+00 2.529122600000000176e+01 8.215138504859306745e-02
1.790432000000000023e+00 2.526925899999999814e+01 8.201553728833763102e-02
1.795174000000000047e+00 2.534548600000000107e+01 8.203908384438785006e-02
1.799916999999999989e+00 2.530367600000000294e+01 8.187148500301860699e-02
1.804659999999999931e+00 2.520420200000000222e+01 8.161184063331863858e-02
1.809403000000000095e+00 2.525203400000000187e+01 8.159113800316673826e-02
1.814146000000000036e+00 2.525731700000000046e+01 8.150180240411067367e-02
1.818888999999999978e+00 2.533052799999999749e+01 8.152196881685022656e-02
1.823631999999999920e+00 2.541971900000000062e+01 8.156806386799186903e-02
1.828375000000000083e+00 2.523627100000000212e+01 8.117710046310412653e-02
1.833117000000000107e+00 2.521707900000000180e+01 8.105021050143854100e-02
1.837860000000000049e+00 2.526000900000000371e+01 8.102336638626168874e-02
1.842602999999999991e+00 2.528823399999999921e+01 8.097343687223730602e-02
1.847345999999999933e+00 2.520255500000000026e+01 8.074179575099256490e-02
1.852089000000000096e+00 2.525981200000000015e+01 8.080570256780705840e-02
1.856832000000000038e+00 2.518894799999999989e+01 8.053758702632703159e-02
1.861574999999999980e+00 2.524226399999999870e+01 8.052367561701836984e-02
1.866317000000000004e+00 2.518749199999999888e+01 8.034360125252539009e-02
1.871059999999999945e+00 2.510299799999999948e+01 8.011655481359142295e-02
1.875803000000000109e+00 2.517125300000000010e+01 8.013290431397392111e-02
1.880546000000000051e+00 2.520490000000000208e+01 8.009477911010803863e-02
1.885288999999999993e+00 2.520441600000000193e+01 8.000295404776562591e-02
1.890031999999999934e+00 2.519450700000000154e+01 7.989614524917330873e-02
1.894775000000000098e+00 2.522960799999999892e+01 7.986072689165181482e-02
1.899516999999999900e+00 2.525507400000000047e+01 7.981108814733953172e-02
1.904260000000000064e+00 2.521357799999999827e+01 7.965564942272204685e-02
1.909003000000000005e+00 2.511255000000000592e+01 7.940677232710949274e-02
1.913745999999999947e+00 2.524066600000000093e+01 7.951946074578222778e-02
1.918489000000000111e+00 2.511770100000000028e+01 7.923711171124488140e-02
1.923232000000000053e+00 2.509043700000000143e+01 7.910607650352405318e-02
1.927974999999999994e+00 2.516466100000000239e+01 7.913279846112040994e-02
1.932717999999999936e+00 2.518981000000000137e+01 7.902221960395505729e-02
1.937459999999999960e+00 2.507385099999999767e+01 7.865629725641616610e-02
1.942202999999999902e+00 2.501804399999999973e+01 7.835460036283894980e-02
1.946946000000000065e+00 2.510523599999999789e+01 7.830018610106746768e-02
1.951689000000000007e+00 2.519331499999999835e+01 7.828288686354956116e-02
1.956431999999999949e+00 2.518746399999999852e+01 7.818935416727203214e-02
1.961174999999999891e+00 2.514151000000000380e+01 7.803573776262000272e-02
1.965918000000000054e+00 2.523355100000000206e+01 7.809750861576122971e-02
1.970660000000000078e+00 2.510192200000000184e+01 7.785670883615361526e-02
1.975403000000000020e+00 2.514651999999999887e+01 7.790499280792148595e-02
1.980145999999999962e+00 2.519078700000000381e+01 7.799492161794638334e-02
1.984888999999999903e+00 2.511811600000000411e+01 7.790298860418384819e-02
1.989632000000000067e+00 2.512457399999999552e+01 7.793343043642632362e-02
1.994375000000000009e+00 2.505765900000000101e+01 7.780122051793017524e-02
1.999117999999999951e+00 2.518411599999999950e+01 7.788517800132706281e-02
2.003861000000000114e+00 2.509053200000000317e+01 7.765770400945871954e-02
2.008602999999999916e+00 2.515724099999999552e+01 7.767786619296193629e-02
2.013345999999999858e+00 2.531404699999999863e+01 7.852814695426602043e-02
2.018088999999999800e+00 2.520998800000000273e+01 8.065339052371511830e-02
2.022832000000000185e+00 2.515859900000000238e+01 8.190465875514346683e-02
2.027575000000000127e+00 2.515811299999999662e+01 8.293971064200247878e-02
2.032318000000000069e+00 2.508171900000000321e+01 8.370158719652394386e-02
2.037061000000000011e+00 2.507018500000000216e+01 8.447889957479737255e-02
2.041802999999999813e+00 2.502701699999999718e+01 8.512145049681131559e-02
2.046546000000000198e+00 2.485610100000000244e+01 8.521791524402308471e-02
2.051289000000000140e+00 2.493330700000000277e+01 8.561257291962086347e-02
2.056032000000000082e+00 2.498548199999999753e+01 8.594500235732790983e-02
2.060775000000000023e+00 2.503216100000000210e+01 8.625263494946341924e-02
2.065517999999999965e+00 2.480324499999999688e+01 8.606949616955417159e-02
2.070260999999999907e+00 2.498205600000000004e+01 8.658069246754729331e-02
2.075003000000000153e+00 2.503159700000000143e+01 8.685790091111053601e-02
2.079746000000000095e+00 2.515430500000000080e+01 8.497816227776464060e-02
2.084489000000000036e+00 2.513220899999999958e+01 8.278299169338954044e-02
2.089231999999999978e+00 2.515264499999999970e+01 8.163227880409378023e-02
2.093974999999999920e+00 2.519149999999999778e+01 8.079983168697568718e-02
2.098717999999999861e+00 2.513758600000000243e+01 7.997614126010019198e-02
2.103460999999999803e+00 2.509797100000000469e+01 7.927847653436966013e-02
2.108204000000000189e+00 2.503832700000000244e+01 7.874402359946118535e-02
2.112945999999999991e+00 2.500819600000000165e+01 7.848743102868063759e-02
2.117688999999999933e+00 2.494040799999999791e+01 7.819127213021603851e-02
2.122431999999999874e+00 2.513520600000000371e+01 7.831833975402568981e-02
2.127174999999999816e+00 2.509025399999999806e+01 7.808247019120424792e-02
2.131918000000000202e+00 2.510217399999999799e+01 7.794406485984740895e-02
2.136661000000000143e+00 2.501262399999999886e+01 7.765588367207600096e-02
2.141404000000000085e+00 2.501338300000000103e+01 7.751398333618199354e-02
2.146145999999999887e+00 2.493141100000000421e+01 7.725030434366715604e-02
2.150888999999999829e+00 2.504050199999999649e+01 7.728689529469598418e-02
2.155632000000000215e+00 2.505170700000000039e+01 7.717682995542510249e-02
2.160375000000000156e+00 2.503511199999999803e+01 7.702717241711913576e-02
2.165118000000000098e+00 2.492140299999999797e+01 7.673204318455947859e-02
2.169861000000000040e+00 2.503500799999999771e+01 7.678969900542716165e-02
2.174603999999999981e+00 2.498878699999999853e+01 7.660446509797258496e-02
2.179346999999999923e+00 2.506473600000000346e+01 7.660863896802043438e-02
2.184089000000000169e+00 2.499593999999999738e+01 7.639398470310015954e-02
2.188832000000000111e+00 2.495213999999999643e+01 7.622009974599941451e-02
2.193575000000000053e+00 2.500784600000000069e+01 7.619995148120371764e-02
2.198317999999999994e+00 2.499338800000000305e+01 7.607419893550572410e-02
2.203060999999999936e+00 2.493422299999999581e+01 7.588236677857314316e-02
2.207803999999999878e+00 2.492445800000000133e+01 7.576798522133078306e-02
2.212546999999999819e+00 2.502524899999999874e+01 7.582241512412539464e-02
2.217289000000000065e+00 2.479832999999999998e+01 7.538059626407647706e-02
2.222032000000000007e+00 2.496792599999999851e+01 7.554204396367296404e-02
2.226774999999999949e+00 2.487773700000000332e+01 7.531107565081512911e-02
2.231517999999999891e+00 2.491102099999999808e+01 7.526816289328244758e-02
2.236260999999999832e+00 2.498366899999999902e+01 7.528506881790439365e-02
2.241004000000000218e+00 2.495072599999999952e+01 7.514413536692333972e-02
2.245747000000000160e+00 2.490580099999999675e+01 7.498634470035528410e-02
2.250490000000000101e+00 2.496799599999999586e+01 7.499056093582377736e-02
2.255231999999999903e+00 2.493741100000000444e+01 7.485587767755248756e-02
2.259974999999999845e+00 2.502097900000000053e+01 7.489336818226498271e-02
2.264717999999999787e+00 2.496622500000000144e+01 7.472465388176917356e-02
2.269461000000000173e+00 2.482358800000000087e+01 7.442501502582447859e-02
2.274204000000000114e+00 2.491533899999999591e+01 7.447681560884970853e-02
2.278947000000000056e+00 2.492948099999999556e+01 7.441340935748005925e-02
2.283689999999999998e+00 2.488382399999999706e+01 7.426141141043982041e-02
2.288431999999999800e+00 2.498729099999999903e+01 7.433261224142805046e-02
2.293175000000000185e+00 2.495626899999999893e+01 7.420350646042678244e-02
2.297918000000000127e+00 2.495493200000000300e+01 7.411947139574728838e-02
2.302661000000000069e+00 2.484562199999999876e+01 7.387571580667627591e-02
2.307404000000000011e+00 2.496177000000000135e+01 7.396760077306954728e-02
2.312146999999999952e+00 2.490658799999999928e+01 7.380524290711060198e-02
2.316889999999999894e+00 2.488884200000000035e+01 7.369901602205690405e-02
2.321632000000000140e+00 2.490467300000000250e+01 7.364360975926492747e-02
2.326375000000000082e+00 2.501148199999999733e+01 7.372266709373447025e-02
2.331118000000000023e+00 2.491105200000000153e+01 7.349594764427967719e-02
2.335860999999999965e+00 2.487340999999999980e+01 7.336287669500564379e-02
2.340603999999999907e+00 2.492317099999999996e+01 7.335884453195674892e-02
2.345346999999999849e+00 2.495641900000000035e+01 7.333120779731096273e-02
2.350089999999999790e+00 2.511280400000000057e+01 7.348388721696545722e-02
2.354833000000000176e+00 2.493822600000000378e+01 7.315172665326089008e-02
2.359574999999999978e+00 2.491338100000000466e+01 7.304024372202286286e-02
2.364317999999999920e+00 2.490973199999999821e+01 7.295968807803251965e-02
2.369060999999999861e+00 2.489888800000000302e+01 7.286906958664629563e-02
2.373803999999999803e+00 2.480428200000000061e+01 7.265646810764407604e-02
2.378547000000000189e+00 2.490879999999999939e+01 7.273532450414035844e-02
2.383290000000000131e+00 2.489521099999999976e+01 7.264217689340195239e-02
2.388033000000000072e+00 2.502925400000000167e+01 7.276402657163152932e-02
2.392774999999999874e+00 2.484984399999999738e+01 7.242991751637509190e-02
2.397517999999999816e+00 2.480749999999999744e+01 7.229601189657766658e-02
2.402261000000000202e+00 2.491740700000000075e+01 7.238417202050527466e-02
2.407004000000000143e+00 2.495630099999999985e+01 7.236840953035170165e-02
2.411747000000000085e+00 2.499056399999999911e+01 7.234660947946836007e-02
2.416490000000000027e+00 2.491924800000000317e+01 7.217241013671429894e-02
2.421232999999999969e+00 2.487734199999999873e+01 7.204100752315240053e-02
2.425975999999999910e+00 2.496638399999999791e+01 7.209901266391655072e-02
2.430718000000000156e+00 2.484236299999999886e+01 7.184956922394733492e-02
2.435461000000000098e+00 2.486990899999999627e+01 7.182005339851189885e-02
2.440204000000000040e+00 2.487699100000000385e+01 7.178613665921575182e-02
2.444946999999999981e+00 2.495874099999999629e+01 7.180921012218419164e-02
2.449689999999999923e+00 2.486442200000000113e+01 7.160425049958207833e-02
2.454432999999999865e+00 2.478552599999999728e+01 7.142205148349982380e-02
2.459175999999999807e+00 2.468970300000000151e+01 7.121595865356936117e-02
2.463918000000000053e+00 2.482080500000000001e+01 7.133647769477757805e-02
2.468660999999999994e+00 2.472755199999999931e+01 7.113482160625904382e-02
2.473403999999999936e+00 2.495086400000000282e+01 7.138767324422543026e-02
2.478146999999999878e+00 2.485577899999999829e+01 7.118443025056883644e-02
2.482889999999999819e+00 2.486781899999999723e+01 7.113466392642338321e-02
2.487633000000000205e+00 2.483633999999999986e+01 7.102287718176657216e-02
2.492376000000000147e+00 2.483180600000000382e+01 7.094997979522545128e-02
2.497117999999999949e+00 2.485456800000000044e+01 7.091628696069754434e-02
2.501860999999999891e+00 2.489334500000000006e+01 7.090552652700422842e-02
2.506603999999999832e+00 2.493229299999999782e+01 7.089521290227218664e-02
2.511347000000000218e+00 2.479569199999999896e+01 7.063378000880102259e-02
2.516090000000000160e+00 2.478174199999999772e+01 7.049438172155707283e-02
2.520833000000000101e+00 2.483533500000000416e+01 7.042596955786550872e-02
2.525576000000000043e+00 2.475928099999999787e+01 7.017515830055746917e-02
2.530318999999999985e+00 2.480029199999999889e+01 7.011824599772728539e-02
2.535060999999999787e+00 2.485324599999999862e+01 7.012895751327050120e-02
2.539804000000000173e+00 2.472630399999999895e+01 6.988621964518040852e-02
2.544547000000000114e+00 2.465054699999999954e+01 6.971674156660292998e-02
2.549290000000000056e+00 2.473792600000000164e+01 6.977764616586103197e-02
2.554032999999999998e+00 2.481360400000000155e+01 6.982200474238689503e-02
2.558775999999999939e+00 2.478701300000000174e+01 6.972219530891579642e-02
2.563518999999999881e+00 2.476350399999999752e+01 6.962955139586783637e-02
2.568261000000000127e+00 2.470349100000000320e+01 6.953935539237907082e-02
2.573004000000000069e+00 2.469652299999999912e+01 6.954559652634881295e-02
2.577747000000000011e+00 2.480392400000000208e+01 6.971196163221918263e-02
2.582489999999999952e+00 2.473267099999999985e+01 6.959285259502948073e-02
2.587232999999999894e+00 2.474837400000000187e+01 6.955340051354139130e-02
2.591975999999999836e+00 2.475344400000000533e+01 6.949896518937601075e-02
2.596719000000000221e+00 2.478041599999999889e+01 6.947518236362607014e-02
2.601462000000000163e+00 2.473869200000000035e+01 6.935543470171245950e-02
2.606203999999999965e+00 2.474178699999999864e+01 6.929902097438751796e-02
2.610946999999999907e+00 2.469609900000000025e+01 6.917424402695919461e-02
2.615689999999999849e+00 2.477073299999999989e+01 6.921798008493386389e-02
2.620432999999999790e+00 2.485979900000000242e+01 6.928170868926949999e-02
2.625176000000000176e+00 2.466483500000000006e+01 6.894948626243199707e-02
2.629919000000000118e+00 2.469292099999999479e+01 6.892862498579381547e-02
2.634662000000000059e+00 2.477718200000000337e+01 6.900109842561566453e-02
2.639403999999999861e+00 2.479656200000000155e+01 6.898028182324786317e-02
2.644146999999999803e+00 2.470672900000000283e+01 6.877292603976728480e-02
2.648890000000000189e+00 2.471233799999999547e+01 6.871761510552734653e-02
2.653633000000000131e+00 2.478261799999999937e+01 6.876643108699256879e-02
2.658376000000000072e+00 2.474809700000000134e+01 6.866109165334251252e-02
2.663119000000000014e+00 2.474995700000000198e+01 6.859311101757012419e-02
2.667861999999999956e+00 2.480588099999999940e+01 6.861156566375598009e-02
2.672604999999999897e+00 2.469291999999999732e+01 6.839670132825706461e-02
2.677347000000000143e+00 2.477882600000000224e+01 6.845735896457369463e-02
2.682090000000000085e+00 2.471066699999999727e+01 6.830506333961047782e-02
2.686833000000000027e+00 2.476694400000000229e+01 6.832497378024962598e-02
2.691575999999999969e+00 2.478406300000000329e+01 6.829058303201913926e-02
2.696318999999999910e+00 2.476311799999999863e+01 6.820407796278753210e-02
2.701061999999999852e+00 2.465983200000000153e+01 6.800444518142326200e-02
2.705804999999999794e+00 2.475943899999999687e+01 6.808429090891304769e-02
2.710547000000000040e+00 2.472852799999999718e+01 6.798467629064729179e-02
2.715289999999999981e+00 2.476027100000000303e+01 6.797145773139855185e-02
2.720032999999999923e+00 2.471505900000000011e+01 6.785271239158019441e-02
2.724775999999999865e+00 2.467912799999999862e+01 6.774679521284013295e-02
2.729518999999999807e+00 2.470521399999999801e+01 6.772605082766527951e-02
2.734262000000000192e+00 2.465058099999999897e+01 6.759513179500872826e-02
2.739005000000000134e+00 2.479897899999999922e+01 6.774209132925038124e-02
2.743746999999999936e+00 2.474446499999999816e+01 6.761159616189445221e-02
2.748489999999999878e+00 2.470990400000000164e+01 6.750860691894552956e-02
2.753232999999999819e+00 2.462819900000000217e+01 6.734133260494257200e-02
2.757976000000000205e+00 2.468513599999999641e+01 6.736376757380929670e-02
2.762719000000000147e+00 2.470718000000000103e+01 6.733856451122936793e-02
2.767462000000000089e+00 2.465015000000000001e+01 6.720547244956841249e-02
2.772205000000000030e+00 2.469391599999999798e+01 6.721022453928048035e-02
2.776947999999999972e+00 2.475249700000000175e+01 6.723500579548648270e-02
2.781690000000000218e+00 2.466306199999999649e+01 6.705877180576005903e-02
2.786433000000000160e+00 2.472685000000000244e+01 6.709068074414284433e-02
2.791176000000000101e+00 2.470495100000000122e+01 6.700655391519474979e-02
2.795919000000000043e+00 2.469383300000000503e+01 6.693738691622416748e-02
2.800661999999999985e+00 2.466620699999999999e+01 6.686117146440674619e-02
2.805404999999999927e+00 2.467223000000000255e+01 6.680554821203475713e-02
2.810147999999999868e+00 2.463900800000000046e+01 6.673862492731925944e-02
2.814890000000000114e+00 2.473575400000000357e+01 6.682449784997265829e-02
2.819633000000000056e+00 2.482510999999999868e+01 6.818562535150571313e-02
2.824375999999999998e+00 2.474183600000000283e+01 6.950001905173623651e-02
2.829118999999999939e+00 2.472219999999999729e+01 7.037020194036038012e-02
2.833861999999999881e+00 2.459788500000000155e+01 7.092604359743112652e-02
2.838604999999999823e+00 2.454386900000000082e+01 7.146793146481435210e-02
2.843348000000000209e+00 2.467982299999999896e+01 7.196780987377968120e-02
2.848091000000000150e+00 2.467563500000000332e+01 7.217997927714582540e-02
2.852832999999999952e+00 2.476343100000000064e+01 7.251937862799638645e-02
2.857575999999999894e+00 2.460650600000000310e+01 7.248334746661538874e-02
2.862318999999999836e+00 2.459662600000000410e+01 7.264965210585663802e-02
2.867062000000000221e+00 2.465081500000000148e+01 7.290004922392852305e-02
2.871805000000000163e+00 2.466375599999999935e+01 7.308003440263215189e-02
2.876548000000000105e+00 2.466867300000000185e+01 7.323995221288309709e-02
2.881291000000000047e+00 2.473931899999999828e+01 7.314636884033409725e-02
2.886032999999999848e+00 2.484617700000000085e+01 7.121419924523128553e-02
2.890775999999999790e+00 2.484283900000000145e+01 7.009013090041849026e-02
2.895519000000000176e+00 2.468909600000000282e+01 6.911811390203656535e-02
2.900262000000000118e+00 2.476197200000000009e+01 6.862132332170592375e-02
2.905005000000000059e+00 2.478154500000000127e+01 6.827858844812625949e-02
2.909748000000000001e+00 2.469567899999999838e+01 6.798162879224946276e-02
2.914490999999999943e+00 2.468814100000000167e+01 6.781225801487589244e-02
2.919233000000000189e+00 2.464093199999999939e+01 6.760312286627001566e-02
2.923976000000000131e+00 2.467322300000000013e+01 6.751451753502205055e-02
2.928719000000000072e+00 2.467787500000000378e+01 6.739760946000830644e-02
2.933462000000000014e+00 2.463481099999999913e+01 6.722265600209798020e-02
2.938204999999999956e+00 2.468413300000000277e+01 6.717982797633303971e-02
2.942947999999999897e+00 2.464805100000000238e+01 6.702657009996856874e-02
2.947690999999999839e+00 2.462391500000000377e+01 6.689397717966991119e-02
2.952433999999999781e+00 2.452195499999999839e+01 6.666740511480029330e-02
2.957176000000000027e+00 2.464248100000000008e+01 6.674502971471882318e-02
2.961918999999999969e+00 2.464010600000000295e+01 6.663888805708420571e-02
2.966661999999999910e+00 2.466803100000000271e+01 6.659061644735465857e-02
2.971404999999999852e+00 2.464665199999999956e+01 6.647770087819600271e-02
2.976147999999999794e+00 2.460673899999999747e+01 6.634229567279156803e-02
2.980891000000000179e+00 2.457199100000000058e+01 6.621599934402108700e-02
2.985634000000000121e+00 2.462722000000000122e+01 6.621246882824791125e-02
2.990375999999999923e+00 2.448824099999999859e+01 6.596668593025194205e-02
2.995118999999999865e+00 2.456433300000000131e+01 6.598034496971806606e-02
2.999861999999999806e+00 2.470285099999999545e+01 6.608978967658771242e-02
3.004605000000000192e+00 2.464192200000000099e+01 6.593623092854336565e-02
3.009348000000000134e+00 2.460089199999999821e+01 6.581075018786444741e-02
3.014091000000000076e+00 2.464786600000000050e+01 6.582388921629137024e-02
3.018834000000000017e+00 2.473394599999999599e+01 6.585002467689514416e-02
3.023576999999999959e+00 2.475037999999999982e+01 6.580427997470604529e-02
3.028319000000000205e+00 2.457950699999999955e+01 6.550998287559767208e-02
3.033062000000000147e+00 2.469349799999999817e+01 6.559567289327170037e-02
3.037805000000000089e+00 2.463078999999999752e+01 6.544753543326822798e-02
3.042548000000000030e+00 2.460610600000000048e+01 6.535065234106082754e-02
3.047290999999999972e+00 2.464222899999999683e+01 6.533516881497666851e-02
3.052033999999999914e+00 2.464319300000000013e+01 6.527339814764740455e-02
3.056776999999999855e+00 2.461786400000000086e+01 6.517786645460711681e-02
3.061519000000000101e+00 2.465692299999999904e+01 6.516775998301613249e-02
3.066262000000000043e+00 2.468706300000000198e+01 6.514682550624857627e-02
3.071004999999999985e+00 2.455328599999999639e+01 6.492288875311003071e-02
3.075747999999999927e+00 2.450534400000000090e+01 6.480268753949793015e-02
3.080490999999999868e+00 2.463680499999999896e+01 6.491006442894044215e-02
3.085233999999999810e+00 2.465217400000000580e+01 6.486210105283206351e-02
3.089977000000000196e+00 2.456759799999999672e+01 6.471083503935101677e-02
3.094720000000000137e+00 2.472339400000000253e+01 6.484010067567445856e-02
3.099461999999999939e+00 2.457305200000000056e+01 6.458448012783102321e-02
3.104204999999999881e+00 2.454239500000000263e+01 6.448714351469368722e-02
3.108947999999999823e+00 2.456704099999999968e+01 6.446265754145108495e-02
3.113691000000000209e+00 2.449407900000000282e+01 6.431083809198803736e-02
3.118434000000000150e+00 2.455425999999999931e+01 6.433413889069940217e-02
3.123177000000000092e+00 2.464224700000000112e+01 6.439353257584802537e-02
3.127920000000000034e+00 2.465178500000000028e+01 6.435082113316348273e-02
3.132661999999999836e+00 2.455893599999999921e+01 6.417466057129558865e-02
3.137405000000000221e+00 2.458141999999999783e+01 6.414973235308468746e-02
3.142148000000000163e+00 2.458349600000000379e+01 6.409797056918885294e-02
3.146891000000000105e+00 2.448362499999999642e+01 6.392207327240254089e-02
3.151634000000000047e+00 2.454390300000000025e+01 6.394957846766231857e-02
3.156376999999999988e+00 2.451414500000000274e+01 6.384740975637069604e-02
3.161119999999999930e+00 2.456517099999999942e+01 6.386120297257248668e-02
3.165862000000000176e+00 2.461036400000000057e+01 6.391159227662303322e-02
3.170605000000000118e+00 2.464396499999999790e+01 6.388610412411685480e-02
3.175348000000000059e+00 2.453243799999999908e+01 6.366121198049798369e-02
3.180091000000000001e+00 2.456661300000000026e+01 6.365354686179866550e-02
3.184833999999999943e+00 2.469038000000000110e+01 6.376176300599835367e-02
3.189576999999999884e+00 2.460708699999999993e+01 6.360250841809542144e-02
3.194319999999999826e+00 2.458767800000000037e+01 6.350800872352399540e-02
3.199063000000000212e+00 2.454963699999999704e+01 6.334247325689454367e-02
3.203805000000000014e+00 2.458927099999999655e+01 6.327615503198104341e-02
3.208547999999999956e+00 2.457732500000000186e+01 6.318301919260743693e-02
3.213290999999999897e+00 2.449500300000000053e+01 6.302714433694500684e-02
3.218033999999999839e+00 2.450087900000000118e+01 6.298536886672412294e-02
3.222776999999999781e+00 2.463009600000000177e+01 6.310169213073528460e-02
3.227520000000000167e+00 2.458407800000000165e+01 6.299337990329856307e-02
3.232263000000000108e+00 2.454832499999999840e+01 6.289875234806410753e-02
3.237004999999999910e+00 2.459319400000000400e+01 6.290748234441830011e-02
3.241747999999999852e+00 2.467743500000000267e+01 6.296641073412156953e-02
3.246490999999999794e+00 2.451762299999999684e+01 6.271376845498283226e-02
3.251234000000000179e+00 2.455011599999999561e+01 6.272492698814882695e-02
3.255977000000000121e+00 2.454479399999999600e+01 6.273409684733255443e-02
3.260720000000000063e+00 2.456943399999999755e+01 6.278331534487645305e-02
3.265463000000000005e+00 2.447093599999999824e+01 6.263483441773994020e-02
3.270205999999999946e+00 2.453747300000000209e+01 6.267238894982941899e-02
3.274948000000000192e+00 2.462189700000000059e+01 6.273202785706435969e-02
3.279691000000000134e+00 2.453781000000000034e+01 6.257731039536854056e-02
3.284434000000000076e+00 2.458868600000000271e+01 6.259477791422460302e-02
3.289177000000000017e+00 2.451510799999999790e+01 6.245385924075789325e-02
3.293919999999999959e+00 2.458976700000000193e+01 6.250168927129171048e-02
3.298662999999999901e+00 2.461131799999999714e+01 6.248210007724051829e-02
3.303405999999999842e+00 2.468865200000000115e+01 6.253350620272622729e-02
3.308148000000000089e+00 2.467672699999999963e+01 6.247174503247847344e-02
3.312891000000000030e+00 2.454217399999999927e+01 6.225450983618696643e-02
3.317633999999999972e+00 2.448581499999999878e+01 6.213683476474159834e-02
3.322376999999999914e+00 2.465559799999999768e+01 6.230649905292625496e-02
3.327119999999999855e+00 2.460680600000000240e+01 6.221429470306803766e-02
3.331862999999999797e+00 2.463363899999999873e+01 6.218570851578279074e-02
3.336606000000000183e+00 2.460830700000000348e+01 6.210813756835492638e-02
3.341347999999999985e+00 2.456588900000000208e+01 6.200914992425795441e-02
3.346090999999999926e+00 2.457499499999999415e+01 6.197515495010238323e-02
3.350833999999999868e+00 2.458985199999999693e+01 6.194832830863072903e-02
3.355576999999999810e+00 2.457837299999999914e+01 6.188886989472015820e-02
3.360320000000000196e+00 2.468212600000000378e+01 6.197432076304588977e-02
3.365063000000000137e+00 2.454176000000000002e+01 6.175294395091378286e-02
3.369806000000000079e+00 2.465094900000000067e+01 6.184517952001270663e-02
3.374549000000000021e+00 2.460026699999999877e+01 6.173678192951346372e-02
3.379290999999999823e+00 2.475891200000000225e+01 6.257965735676331021e-02
3.384034000000000209e+00 2.464928499999999900e+01 6.390606104083321193e-02
3.388777000000000150e+00 2.449968100000000248e+01 6.455418458134143389e-02
3.393520000000000092e+00 2.461764000000000152e+01 6.537612415376121977e-02
3.398263000000000034e+00 2.453622599999999920e+01 6.566267700260476625e-02
3.403005999999999975e+00 2.446462800000000115e+01 6.574352147705962712e-02
3.407748999999999917e+00 2.456778600000000523e+01 6.584796323363084625e-02
3.412491000000000163e+00 2.452425699999999864e+01 6.582606374780280989e-02
3.417234000000000105e+00 2.452416900000000055e+01 6.600115381592658315e-02
3.421977000000000046e+00 2.448012699999999953e+01 6.610122948049151903e-02
3.426719999999999988e+00 2.452331900000000076e+01 6.629432438440036046e-02
3.431462999999999930e+00 2.447008799999999695e+01 6.636031028645586471e-02
3.436205999999999872e+00 2.453316099999999977e+01 6.658980968769170894e-02
3.440948999999999813e+00 2.461110100000000145e+01 6.681649898268840482e-02
3.445692000000000199e+00 2.458300699999999850e+01 6.691008609684791220e-02
3.450434000000000001e+00 2.456914300000000395e+01 6.698443914999886728e-02
3.455176999999999943e+00 2.447712699999999586e+01 6.696840804673126479e-02
3.459919999999999884e+00 2.455845400000000112e+01 6.718482891115151734e-02
3.464662999999999826e+00 2.463442799999999977e+01 6.739036558691161027e-02
3.469406000000000212e+00 2.445213299999999990e+01 6.723878237385325085e-02
3.474149000000000154e+00 2.450357699999999994e+01 6.740426281486060212e-02
3.478892000000000095e+00 2.452738799999999841e+01 6.752920804872214466e-02
3.483633999999999897e+00 2.451857500000000201e+01 6.760597807138211957e-02
3.488376999999999839e+00 2.456086499999999972e+01 6.775096326370644295e-02
3.493119999999999781e+00 2.445378200000000035e+01 6.768708129726233591e-02
3.497863000000000167e+00 2.451432199999999995e+01 6.785272765540233120e-02
3.502606000000000108e+00 2.454254600000000508e+01 6.797176602367119291e-02
3.507349000000000050e+00 2.458487599999999773e+01 6.810797017197399439e-02
3.512091999999999992e+00 2.458945499999999740e+01 6.819038363667490055e-02
3.516833999999999794e+00 2.449351399999999757e+01 6.813119464941298775e-02
3.521577000000000179e+00 2.460329500000000280e+01 6.835598178155953553e-02
3.526320000000000121e+00 2.449961300000000364e+01 6.828245492045156850e-02
3.531063000000000063e+00 2.449668000000000134e+01 6.834755810584311475e-02
3.535806000000000004e+00 2.465735400000000155e+01 6.863959507629688317e-02
3.540548999999999946e+00 2.451647099999999924e+01 6.850892254389714942e-02
3.545291999999999888e+00 2.456989800000000201e+01 6.864872487337547735e-02
3.550034999999999830e+00 2.451721099999999964e+01 6.863891563091377435e-02
3.554777000000000076e+00 2.449067400000000205e+01 6.866405975171946396e-02
3.559520000000000017e+00 2.450043500000000307e+01 6.873896502929907615e-02
3.564262999999999959e+00 2.453407699999999991e+01 6.884634108698224619e-02
3.569005999999999901e+00 2.455153500000000122e+01 6.894318941154811697e-02
3.573748999999999842e+00 2.459876399999999919e+01 6.908742735482267805e-02
3.578491999999999784e+00 2.453544900000000339e+01 6.902215293606828173e-02
3.583235000000000170e+00 2.452406699999999518e+01 6.906220371926022339e-02
3.587976999999999972e+00 2.426150700000000171e+01 6.872274699322779290e-02
3.592719999999999914e+00 2.450055899999999909e+01 6.900672008817547443e-02
3.597462999999999855e+00 2.452193700000000121e+01 6.897525940340493156e-02
3.602205999999999797e+00 2.446967000000000070e+01 6.884083882527725073e-02
3.606949000000000183e+00 2.454107399999999828e+01 6.888023927117631340e-02
3.611692000000000125e+00 2.462683900000000392e+01 6.899132475445952928e-02
3.616435000000000066e+00 2.458944299999999927e+01 6.900767339847649340e-02
3.621178000000000008e+00 2.478539400000000370e+01 7.011952385386041597e-02
3.625919999999999810e+00 2.454798299999999855e+01 7.227798240559983600e-02
3.630663000000000196e+00 2.456543199999999771e+01 7.371157534164698988e-02
3.635406000000000137e+00 2.447982599999999564e+01 7.463331697272337917e-02
3.640149000000000079e+00 2.457772999999999897e+01 7.555766223435317341e-02
3.644892000000000021e+00 2.455099300000000184e+01 7.603312160028614930e-02
3.649634999999999962e+00 2.444349100000000163e+01 7.635584693455307881e-02
3.654377999999999904e+00 2.446996600000000299e+01 7.682179546362347122e-02
3.659120000000000150e+00 2.440033700000000039e+01 7.714021956369776500e-02
3.663863000000000092e+00 2.444245799999999846e+01 7.761975137418697379e-02
3.668606000000000034e+00 2.442235000000000156e+01 7.798725430066119624e-02
3.673348999999999975e+00 2.442376099999999894e+01 7.837843996903931520e-02
3.678091999999999917e+00 2.452663899999999941e+01 7.892348425382904320e-02
3.682834999999999859e+00 2.441473299999999824e+01 7.911479286889715190e-02
3.687577999999999800e+00 2.462559100000000001e+01 7.982187728948499095e-02
3.692321000000000186e+00 2.449703100000000333e+01 7.997287977693813554e-02
3.697062999999999988e+00 2.442836999999999748e+01 8.021408223799235404e-02
3.701805999999999930e+00 2.446095100000000144e+01 8.061643101006829570e-02
3.706548999999999872e+00 2.436217500000000058e+01 8.079814519012983032e-02
3.711291999999999813e+00 2.443670900000000046e+01 8.126241800133995885e-02
3.716035000000000199e+00 2.443708800000000281e+01 8.160106218621421270e-02
3.720778000000000141e+00 2.440865499999999955e+01 8.188813855721169266e-02
3.725521000000000083e+00 2.438360800000000239e+01 8.217783978493167774e-02
3.730262999999999884e+00 2.438080699999999723e+01 8.250305345108689681e-02
3.735005999999999826e+00 2.455520800000000037e+01 8.312614008460514348e-02
3.739749000000000212e+00 2.452019899999999808e+01 8.339341142507301907e-02
3.744492000000000154e+00 2.445670999999999751e+01 8.360998356604192050e-02
3.749235000000000095e+00 2.443541900000000311e+01 8.389623376414998002e-02
3.753978000000000037e+00 2.441075300000000325e+01 8.417555857259043095e-02
3.758720999999999979e+00 2.439189500000000166e+01 8.446314355676917685e-02
3.763462999999999781e+00 2.437231899999999740e+01 8.474831129841584043e-02
3.768206000000000166e+00 2.441845700000000008e+01 8.514676870178340684e-02
3.772949000000000108e+00 2.449534000000000233e+01 8.559880319060775289e-02
3.777692000000000050e+00 2.463721400000000017e+01 8.616449070703893764e-02
3.782434999999999992e+00 2.449925900000000212e+01 8.623994576600450823e-02
3.787177999999999933e+00 2.447768500000000103e+01 8.651824776492991753e-02
3.791920999999999875e+00 2.442478300000000146e+01 8.674075193723825017e-02
3.796663999999999817e+00 2.445635199999999898e+01 8.711249726572933838e-02
3.801406000000000063e+00 2.453200199999999853e+01 8.756362501191290726e-02
3.806149000000000004e+00 2.443846700000000283e+01 8.771167536794061137e-02
3.810891999999999946e+00 2.460801699999999670e+01 8.833182449247778401e-02
3.815634999999999888e+00 2.449703599999999781e+01 8.844783146488838232e-02
3.820377999999999830e+00 2.440911399999999887e+01 8.860464999206871251e-02
3.825121000000000215e+00 2.441580200000000289e+01 8.893215016412456264e-02
3.829864000000000157e+00 2.440243100000000354e+01 8.922387067233464308e-02
3.834605999999999959e+00 2.439951500000000095e+01 8.953450512231360403e-02
3.839348999999999901e+00 2.436602400000000301e+01 8.979026779576447514e-02
3.844091999999999842e+00 2.443780100000000033e+01 9.023917461790915973e-02
3.848834999999999784e+00 2.436838699999999491e+01 9.043124256763478142e-02
3.853578000000000170e+00 2.439172199999999791e+01 9.084059721231142748e-02
3.858321000000000112e+00 2.444328599999999696e+01 9.120423965323706805e-02
3.863064000000000053e+00 2.444515700000000180e+01 9.152787505019004122e-02
3.867806999999999995e+00 2.445626800000000145e+01 9.186981607803676453e-02
3.872548999999999797e+00 2.452109199999999944e+01 9.231276044529920788e-02
3.877292000000000183e+00 2.443349100000000007e+01 9.246969743921140683e-02
3.882035000000000124e+00 2.444388800000000472e+01 9.281288332191980905e-02
3.886778000000000066e+00 2.449878000000000355e+01 9.324152351850166498e-02
3.891521000000000008e+00 2.454176899999999506e+01 9.364860158121368627e-02
3.896263999999999950e+00 2.456456399999999718e+01 9.401867306330216612e-02
3.901006999999999891e+00 2.439768400000000170e+01 9.402505083131729169e-02
3.905749000000000137e+00 2.451507699999999801e+01 9.458023598558740197e-02
3.910492000000000079e+00 2.440785399999999683e+01 9.470225371697496564e-02
3.915235000000000021e+00 2.441634300000000124e+01 9.504888585702990500e-02
3.919977999999999962e+00 2.453228999999999971e+01 9.556478155516236195e-02
3.924720999999999904e+00 2.437905500000000103e+01 9.535061986653468880e-02
3.929463999999999846e+00 2.457751299999999972e+01 9.581112266155010493e-02
3.934206999999999788e+00 2.438087499999999963e+01 9.555280649191680298e-02
3.938949000000000034e+00 2.442219300000000004e+01 9.573815159378416817e-02
3.943691999999999975e+00 2.434706700000000268e+01 9.569408731462775153e-02
3.948434999999999917e+00 2.432678000000000296e+01 9.575699801729323224e-02
3.953177999999999859e+00 2.453693999999999420e+01 9.629959650572114671e-02
3.957920999999999800e+00 2.444352400000000358e+01 9.628577359077716835e-02
3.962664000000000186e+00 2.440201699999999718e+01 9.621243009383922962e-02
3.967407000000000128e+00 2.447413599999999789e+01 9.660264379123896517e-02
3.972150000000000070e+00 2.434277300000000110e+01 9.666835566898818177e-02
3.976891999999999872e+00 2.435176200000000080e+01 9.701216504561629983e-02
3.981634999999999813e+00 2.446206799999999859e+01 9.755982753253564232e-02
3.986378000000000199e+00 2.451273600000000030e+01 9.799160327809011695e-02
3.991121000000000141e+00 2.456757600000000252e+01 9.843303392041767574e-02
3.995864000000000082e+00 2.465017900000000139e+01 9.893329380436194365e-02
4.000606999999999580e+00 2.444646900000000045e+01 9.885843207721939363e-02
4.005349999999999966e+00 2.444779799999999881e+01 9.919776564113579054e-02
4.010092000000000212e+00 2.445934399999999798e+01 9.955929330830698420e-02
4.014834999999999710e+00 2.440645099999999701e+01 9.979168039382289856e-02
4.019578000000000095e+00 2.429469399999999979e+01 9.990437541000694865e-02
4.024320999999999593e+00 2.439370299999999858e+01 1.004504548580831547e-01
4.029063999999999979e+00 2.447008300000000247e+01 1.009541361225512190e-01
4.033807000000000365e+00 2.438799399999999906e+01 1.011314597588959946e-01
4.038549999999999862e+00 2.438715900000000403e+01 1.014795615338980606e-01
4.043293000000000248e+00 2.454373700000000014e+01 1.021570415544523353e-01
4.048034999999999606e+00 2.433743899999999627e+01 1.020801400361240618e-01
4.052777999999999992e+00 2.450998500000000391e+01 1.027976150816004991e-01
4.057521000000000377e+00 2.450122599999999906e+01 1.031377475333439681e-01
4.062263999999999875e+00 2.445705199999999735e+01 1.034055217930822251e-01
4.067007000000000261e+00 2.428399299999999883e+01 1.034004351220868950e-01
4.071749999999999758e+00 2.444550100000000015e+01 1.041087056604547145e-01
4.076493000000000144e+00 2.445433700000000243e+01 1.044945263979558947e-01
4.081235000000000390e+00 2.454681800000000180e+01 1.050618428171526952e-01
4.085977999999999888e+00 2.462506300000000081e+01 1.056030503044424335e-01
4.090721000000000274e+00 2.462723400000000140e+01 1.059835221254021159e-01
4.095463999999999771e+00 2.439281799999999834e+01 1.058542077019572342e-01
4.100207000000000157e+00 2.447241599999999906e+01 1.064064263772949853e-01
4.104949999999999655e+00 2.446697100000000091e+01 1.067780887936827516e-01
4.109693000000000040e+00 2.446997500000000159e+01 1.071691333052740419e-01
4.114436000000000426e+00 2.443783900000000031e+01 1.074860147412066702e-01
4.119177999999999784e+00 2.449746299999999977e+01 1.080081477597718137e-01
4.123921000000000170e+00 2.445271100000000075e+01 1.083022530136852624e-01
4.128663999999999668e+00 2.450577800000000295e+01 1.088168048966128287e-01
4.133407000000000053e+00 2.441060400000000286e+01 1.090046766839377346e-01
4.138150000000000439e+00 2.443697999999999837e+01 1.094648124338963024e-01
4.142892999999999937e+00 2.443732100000000429e+01 1.098704879020244440e-01
4.147636000000000323e+00 2.440540100000000123e+01 1.102063041749667682e-01
4.152377999999999680e+00 2.444921699999999731e+01 1.107168961259355350e-01
4.157121000000000066e+00 2.445084400000000002e+01 1.111346323326207752e-01
4.161863999999999564e+00 2.440165800000000473e+01 1.114402559949177612e-01
4.166606999999999950e+00 2.441071900000000028e+01 1.118818017690182687e-01
4.171350000000000335e+00 2.449888700000000341e+01 1.125080680637606523e-01
4.176092999999999833e+00 2.443644899999999964e+01 1.127988168494275661e-01
4.180836000000000219e+00 2.456804900000000202e+01 1.136906821997022837e-01
4.185577999999999577e+00 2.461382700000000057e+01 1.141117074929325625e-01
4.190320999999999962e+00 2.473385999999999996e+01 1.147896552545925319e-01
4.195064000000000348e+00 2.461120000000000019e+01 1.149485425053258236e-01
4.199806999999999846e+00 2.442709500000000133e+01 1.149632605133570629e-01
4.204550000000000232e+00 2.448402300000000054e+01 1.155475728456322876e-01
4.209292999999999729e+00 2.458775900000000192e+01 1.162480983130726314e-01
4.214036000000000115e+00 2.440857199999999949e+01 1.162804101015734448e-01
4.218778999999999613e+00 2.442198099999999883e+01 1.167746943514569730e-01
4.223520999999999859e+00 2.462634900000000471e+01 1.177300073160776755e-01
4.228264000000000244e+00 2.458511700000000033e+01 1.181035395974892044e-01
4.233006999999999742e+00 2.454350699999999819e+01 1.184789224262066815e-01
4.237750000000000128e+00 2.444892300000000063e+01 1.187293000556379069e-01
4.242492999999999626e+00 2.457281099999999441e+01 1.195148426390630486e-01
4.247236000000000011e+00 2.469143499999999847e+01 1.202929147443231594e-01
4.251979000000000397e+00 2.451873399999999847e+01 1.203700665619874960e-01
4.256720999999999755e+00 2.439875000000000327e+01 1.207758394024578824e-01
4.261464000000000141e+00 2.463102099999999695e+01 1.216849105511998153e-01
4.266206999999999638e+00 2.457331699999999586e+01 1.220109322328999379e-01
4.270950000000000024e+00 2.451212299999999900e+01 1.223724994387288822e-01
4.275693000000000410e+00 2.464577900000000099e+01 1.232244813623822877e-01
4.280435999999999908e+00 2.449941899999999961e+01 1.233824307720698121e-01
4.285179000000000293e+00 2.454891500000000093e+01 1.240361347983485879e-01
4.289921999999999791e+00 2.450565199999999777e+01 1.244606665203111528e-01
4.294664000000000037e+00 2.442504899999999779e+01 1.247957062957780472e-01
4.299407000000000423e+00 2.457131000000000043e+01 1.257143633393491833e-01
4.304149999999999920e+00 2.450649299999999897e+01 1.260992004354147267e-01
4.308893000000000306e+00 2.464278800000000302e+01 1.270096371884244235e-01
4.313635999999999804e+00 2.465221799999999774e+01 1.275980017936938493e-01
4.318379000000000190e+00 2.454981400000000136e+01 1.279029054237232621e-01
4.323121999999999687e+00 2.453035899999999714e+01 1.285185651358090875e-01
4.327863999999999933e+00 2.454749699999999635e+01 1.291194612261954977e-01
4.332607000000000319e+00 2.476544000000000167e+01 1.302196863772943636e-01
4.337349999999999817e+00 2.476367700000000127e+01 1.308146310207623508e-01
4.342093000000000202e+00 2.450496000000000407e+01 1.307321502235991584e-01
4.346835999999999700e+00 2.458632999999999669e+01 1.315593471344552456e-01
4.351579000000000086e+00 2.448899899999999974e+01 1.319146513767743001e-01
4.356321999999999584e+00 2.459615400000000207e+01 1.328286616312774615e-01
4.361063999999999830e+00 2.456311200000000028e+01 1.333718435709621564e-01
4.365807000000000215e+00 2.455206099999999836e+01 1.339824989452816362e-01
4.370549999999999713e+00 2.460280399999999901e+01 1.347686971035741144e-01
4.375293000000000099e+00 2.446217599999999948e+01 1.350376574845835453e-01
4.380035999999999596e+00 2.473288099999999901e+01 1.365121469026664980e-01
4.384778999999999982e+00 2.448044399999999854e+01 1.365396150620507565e-01
4.389522000000000368e+00 2.456282000000000210e+01 1.373338805469134782e-01
4.394264999999999866e+00 2.473099099999999950e+01 1.384798946231495242e-01
4.399007000000000112e+00 2.467209899999999934e+01 1.385861769193868775e-01
4.403749999999999609e+00 2.450778899999999538e+01 1.382186539527939240e-01
4.408492999999999995e+00 2.459131999999999962e+01 1.385479340775274681e-01
4.413236000000000381e+00 2.431056600000000145e+01 1.378471071642430323e-01
4.417978999999999878e+00 2.446226899999999915e+01 1.383692002445710556e-01
4.422722000000000264e+00 2.466094799999999765e+01 1.390239599498924450e-01
4.427464999999999762e+00 2.458610400000000240e+01 1.389020013217034388e-01
4.432207000000000008e+00 2.464610300000000009e+01 1.391635048812277509e-01
4.436950000000000394e+00 2.482450000000000045e+01 1.398340213096623263e-01
4.441692999999999891e+00 2.449777600000000177e+01 1.395396720691309267e-01
4.446436000000000277e+00 2.453632400000000402e+01 1.403651222834212398e-01
4.451178999999999775e+00 2.478302500000000208e+01 1.417959575314878262e-01
4.455922000000000160e+00 2.464295200000000108e+01 1.421295454207600617e-01
4.460664999999999658e+00 2.468301299999999543e+01 1.429918125304616983e-01
4.465408000000000044e+00 2.451129099999999994e+01 1.432478640728593877e-01
4.470150000000000290e+00 2.447445899999999952e+01 1.439045509648061993e-01
4.474892999999999788e+00 2.438581900000000502e+01 1.444174838841575381e-01
4.479636000000000173e+00 2.464098299999999853e+01 1.459594437719118898e-01
4.484378999999999671e+00 2.476349000000000089e+01 1.471254318869134325e-01
4.489122000000000057e+00 2.470518000000000214e+01 1.477657204629476972e-01
4.493865000000000443e+00 2.433620900000000375e+01 1.474777057387630930e-01
4.498607999999999940e+00 2.465521100000000132e+01 1.492786072665658048e-01
4.503350000000000186e+00 2.468956399999999718e+01 1.502327317649296279e-01
4.508092999999999684e+00 2.455304200000000137e+01 1.506784671409199805e-01
4.512836000000000070e+00 2.446882400000000146e+01 1.512936209290688949e-01
4.517578999999999567e+00 2.474761199999999661e+01 1.530450914011308727e-01
4.522321999999999953e+00 2.496349800000000130e+01 1.546219024894785188e-01
4.527065000000000339e+00 2.491951599999999800e+01 1.554104046537801709e-01
4.531807999999999836e+00 2.462985400000000169e+01 1.554397063469250828e-01
4.536551000000000222e+00 2.451401399999999953e+01 1.560205209391585246e-01
4.541292999999999580e+00 2.428665900000000022e+01 1.562548073665005754e-01
4.546035999999999966e+00 2.447739299999999929e+01 1.578478096339312742e-01
4.550779000000000352e+00 2.460687899999999928e+01 1.592628834323500109e-01
4.555521999999999849e+00 2.431109000000000009e+01 1.593144036103038563e-01
4.560265000000000235e+00 2.467846499999999921e+01 1.615471695872957858e-01
4.565007999999999733e+00 2.434199800000000025e+01 1.614922050291301148e-01
4.569751000000000118e+00 2.452942000000000178e+01 1.631817622725511563e-01
4.574493000000000364e+00 2.460417599999999894e+01 1.645235717239192375e-01
4.579235999999999862e+00 2.474442599999999715e+01 1.661069593437665137e-01
4.583979000000000248e+00 2.473896500000000032e+01 1.672248028323379543e-01
4.588721999999999746e+00 2.475245999999999924e+01 1.684298212193506006e-01
4.593465000000000131e+00 2.468897100000000222e+01 1.693939751808455074e-01
4.598207999999999629e+00 2.468984100000000126e+01 1.705994788249108329e-01
4.602951000000000015e+00 2.449045699999999925e+01 1.711323708359336337e-01
4.607693000000000261e+00 2.445176599999999922e+01 1.722438513777769242e-01
4.612435999999999758e+00 2.457529900000000112e+01 1.739534538286768295e-01
4.617179000000000144e+00 2.461305499999999924e+01 1.753893580474861769e-01
4.621921999999999642e+00 2.469638499999999937e+01 1.770208104439692787e-01
4.626665000000000028e+00 2.468339800000000395e+01 1.783372913620020206e-01
4.631408000000000413e+00 2.485200800000000143e+01 1.803406117613919613e-01
4.636150999999999911e+00 2.490054200000000151e+01 1.819457057043141757e-01
4.640894000000000297e+00 2.467871500000000395e+01 1.825900386694610800e-01
4.645635999999999655e+00 2.457770899999999514e+01 1.836976901393376216e-01
4.650379000000000040e+00 2.507193300000000136e+01 1.870709738936730260e-01
4.655122000000000426e+00 2.474500099999999847e+01 1.874097677629416037e-01
4.659864999999999924e+00 2.489974500000000290e+01 1.895985918878568266e-01
4.664608000000000310e+00 2.448691500000000332e+01 1.896517323009610789e-01
4.669350999999999807e+00 2.446210800000000063e+01 1.912250441434057979e-01
4.674094000000000193e+00 2.486155900000000329e+01 1.945084719212659130e-01
4.678836000000000439e+00 2.473185899999999648e+01 1.957666153744424542e-01
4.683578999999999937e+00 2.474187200000000075e+01 1.976196432726174956e-01
4.688322000000000322e+00 2.462527599999999950e+01 1.990104968083339643e-01
4.693064999999999820e+00 2.451913300000000362e+01 2.004877488992758694e-01
4.697808000000000206e+00 2.458640600000000376e+01 2.027213031339476501e-01
4.702550999999999704e+00 2.465760900000000078e+01 2.050372923160508898e-01
4.707294000000000089e+00 2.470135100000000250e+01 2.073011075277266801e-01
4.712036999999999587e+00 2.499574100000000243e+01 2.106883845425658319e-01
4.716778999999999833e+00 2.482250499999999960e+01 2.121698674332146983e-01
4.721522000000000219e+00 2.476749199999999718e+01 2.142124676604975075e-01
4.726264999999999716e+00 2.505286600000000163e+01 2.178095399626485684e-01
4.731008000000000102e+00 2.490815699999999566e+01 2.196146320592152479e-01
4.735750999999999600e+00 2.484907299999999708e+01 2.218696862478452547e-01
4.740493999999999986e+00 2.470478999999999559e+01 2.238138369740668987e-01
4.745237000000000371e+00 2.474660099999999829e+01 2.266819291368932510e-01
4.749978999999999729e+00 2.486222199999999916e+01 2.299964574732669687e-01
4.754722000000000115e+00 2.509016199999999941e+01 2.339479019561278295e-01
4.759464999999999613e+00 2.465903400000000190e+01 2.349104005052871091e-01
4.764207999999999998e+00 2.469579699999999889e+01 2.381807597815434607e-01
4.768951000000000384e+00 2.445447099999999807e+01 2.402152715583844578e-01
4.773693999999999882e+00 2.481955099999999703e+01 2.453634499312460915e-01
4.778437000000000268e+00 2.483299000000000234e+01 2.489300248343136457e-01
4.783178999999999625e+00 2.496151199999999903e+01 2.532296969310556811e-01
4.787922000000000011e+00 2.487046300000000087e+01 2.565806628879397921e-01
4.792665000000000397e+00 2.473640499999999776e+01 2.598621470176379900e-01
4.797407999999999895e+00 2.494195100000000309e+01 2.651194608668692165e-01
4.802151000000000280e+00 2.473746799999999979e+01 2.683929764623929071e-01
4.806893999999999778e+00 2.448812000000000211e+01 2.715962468382560613e-01
4.811637000000000164e+00 2.498818400000000040e+01 2.791971108176414806e-01
4.816379999999999661e+00 2.500683200000000284e+01 2.844055180640135960e-01
4.821121999999999908e+00 2.457642699999999891e+01 2.872888576945893391e-01
4.825865000000000293e+00 2.460681100000000043e+01 2.931250081351783332e-01
4.830607999999999791e+00 2.481100999999999956e+01 3.003605549909972861e-01
4.835351000000000177e+00 2.503124000000000038e+01 3.081204656629760175e-01
4.840093999999999674e+00 2.500081699999999785e+01 3.147807545611964741e-01
4.844837000000000060e+00 2.512382699999999858e+01 3.228899759211643627e-01
4.849579999999999558e+00 2.501733700000000482e+01 3.300519345192207687e-01
4.854321999999999804e+00 2.515234099999999984e+01 3.394040775961449929e-01
4.859065000000000190e+00 2.430675800000000208e+01 3.426334199297260685e-01
4.863807999999999687e+00 2.484120399999999762e+01 3.562277311409233760e-01
4.868551000000000073e+00 2.442894000000000432e+01 3.638927353521776431e-01
4.873293999999999571e+00 2.474622999999999706e+01 3.779637288569367426e-01
4.878036999999999956e+00 2.509849399999999875e+01 3.936547169642579669e-01
4.882780000000000342e+00 2.480870200000000381e+01 4.057018837935313371e-01
4.887522999999999840e+00 2.509445799999999949e+01 4.241458974173391572e-01
4.892265000000000086e+00 2.503932599999999908e+01 4.418200813056712972e-01
4.897007999999999583e+00 2.446612999999999971e+01 4.571609319234748448e-01
4.901750999999999969e+00 2.453437899999999772e+01 4.813953857201894726e-01
4.906494000000000355e+00 2.546599900000000360e+01 5.186237878507887755e-01
4.911236999999999853e+00 2.537857600000000247e+01 5.513195541926931842e-01
4.915980000000000238e+00 2.526067700000000471e+01 5.909384857895447762e-01
4.920722999999999736e+00 2.592982600000000204e+01 6.510460823275184827e-01
4.925464999999999982e+00 2.584331500000000048e+01 7.187287772656942852e-01
4.930208000000000368e+00 2.463995800000000003e+01 7.958995765303498171e-01
4.934950999999999866e+00 2.477501099999999923e+01 9.445617201534688423e-01
4.939694000000000251e+00 2.527976699999999965e+01 1.232102444602830138e+00
4.944436999999999749e+00 8.764085099999999073e+00 1.256887657485166843e+00