# [30] Sgs_R04_0.8
# Sample c= 1.0 mg/ml
#
# Number of frames collected: 10
# Exposure time per frame: 0.5
# No significant radiation damage detected, merging 10 files
# Merged from: /data/visitor/mx1905/bm29/20170412/Poker/1d/Sxl_10gs_125_00001.dat
# Merged from: /data/visitor/mx1905/bm29/20170412/Poker/1d/Sxl_10gs_125_00002.dat
# Merged from: /data/visitor/mx1905/bm29/20170412/Poker/1d/Sxl_10gs_125_00003.dat
# Merged from: /data/visitor/mx1905/bm29/20170412/Poker/1d/Sxl_10gs_125_00004.dat
# Merged from: /data/visitor/mx1905/bm29/20170412/Poker/1d/Sxl_10gs_125_00005.dat
# Merged from: /data/visitor/mx1905/bm29/20170412/Poker/1d/Sxl_10gs_125_00006.dat
# Merged from: /data/visitor/mx1905/bm29/20170412/Poker/1d/Sxl_10gs_125_00007.dat
# Merged from: /data/visitor/mx1905/bm29/20170412/Poker/1d/Sxl_10gs_125_00008.dat
# Merged from: /data/visitor/mx1905/bm29/20170412/Poker/1d/Sxl_10gs_125_00009.dat
# Merged from: /data/visitor/mx1905/bm29/20170412/Poker/1d/Sxl_10gs_125_00010.dat
#
# Sample Information:
# Storage Temperature (degrees C): 20.0
# Measurement Temperature (degrees C): 20.03
# Concentration: 1.0
# Code: 
3.082862000000000102e-02 6.189717799999999670e+02 8.282569299462092971e+00
3.557148999999999728e-02 1.346216200000000299e+03 5.036584371233048252e+00
4.031434999999999880e-02 1.562456500000000005e+03 3.574302610708556038e+00
4.505722000000000199e-02 1.068185400000000072e+03 2.101487414597865477e+00
4.980007999999999657e-02 7.258301199999999653e+02 1.551167665681424612e+00
5.454294999999999977e-02 5.253040199999999231e+02 1.241453539060044742e+00
5.928581000000000129e-02 3.920355600000000322e+02 1.019578100621276517e+00
6.402868000000000448e-02 3.148340400000000159e+02 8.711556830744319191e-01
6.877154000000000600e-02 2.598616600000000290e+02 7.602488896056474044e-01
7.351441000000000225e-02 2.199189700000000300e+02 6.739229941872662000e-01
7.825727999999999851e-02 1.898644099999999924e+02 6.027875099730086728e-01
8.300014000000000003e-02 1.685173800000000313e+02 5.497361909581539585e-01
8.774300999999999628e-02 1.515142699999999536e+02 5.057722221381972805e-01
9.248586999999999780e-02 1.388396600000000092e+02 4.705018936923847095e-01
9.722873999999999406e-02 1.273834499999999963e+02 4.375904857188738784e-01
1.019715999999999956e-01 1.202292200000000122e+02 4.143128203457865366e-01
1.067145000000000038e-01 1.138123399999999918e+02 3.934728054488137450e-01
1.114572999999999953e-01 1.085012499999999989e+02 3.754864142576265773e-01
1.162002000000000035e-01 1.033801699999999926e+02 3.585100204702233451e-01
1.209430999999999978e-01 1.005173650000000123e+02 3.460926470753171169e-01
1.256858999999999893e-01 9.735384499999999264e+01 3.338016810284963332e-01
1.304288000000000114e-01 9.462830099999999334e+01 3.227939084300848749e-01
1.351717000000000057e-01 9.240740800000000377e+01 3.130126345620708461e-01
1.399144999999999972e-01 8.991242299999998977e+01 3.031571633490510176e-01
1.446573999999999915e-01 8.838726699999999425e+01 2.953552338705590086e-01
1.494003000000000136e-01 8.722350199999999631e+01 2.884993056164033565e-01
1.541431000000000051e-01 8.554891800000000046e+01 2.815351661372287873e-01
1.588859999999999995e-01 8.393188300000001334e+01 2.744496607804652877e-01
1.636287999999999909e-01 8.290449499999999716e+01 2.686123240105112719e-01
1.683717000000000130e-01 8.182729400000000908e+01 2.629325430205523562e-01
1.731146000000000074e-01 8.109084499999998741e+01 2.579936816512389264e-01
1.778573999999999988e-01 7.980774000000000967e+01 2.523501997335143576e-01
1.826002999999999932e-01 7.916373899999999253e+01 2.479184387176772975e-01
1.873431999999999875e-01 7.838923799999999176e+01 2.434518722153999060e-01
1.920860000000000067e-01 7.780073499999998887e+01 2.394063459268970517e-01
1.968289000000000011e-01 7.710754599999999925e+01 2.353241677045532776e-01
2.015717999999999954e-01 7.644790399999999408e+01 2.314469237614285024e-01
2.063145999999999869e-01 7.598547899999999800e+01 2.279796444713233505e-01
2.110575000000000090e-01 7.525491300000000194e+01 2.239939221498317978e-01
2.158004000000000033e-01 7.472395600000000115e+01 2.206433748123147187e-01
2.205431999999999948e-01 7.460061299999998141e+01 2.180193334502102953e-01
2.252860999999999891e-01 7.376141700000000867e+01 2.144485946654183794e-01
2.300290000000000112e-01 7.335165000000000646e+01 2.115829692385700900e-01
2.347718000000000027e-01 7.284239700000000539e+01 2.086422304752923174e-01
2.395146999999999970e-01 7.245312400000000252e+01 2.059550014038817045e-01
2.442575999999999914e-01 7.216625600000000418e+01 2.034828684365246887e-01
2.490004000000000106e-01 7.170236400000000287e+01 2.008243549710843623e-01
2.537433000000000050e-01 7.106450300000000198e+01 1.979822229258841881e-01
2.584861999999999993e-01 7.064688500000001170e+01 1.955365620816291172e-01
2.632289999999999908e-01 7.027798099999998271e+01 1.932313579283595484e-01
2.679718999999999851e-01 7.017403699999999844e+01 1.913398014351794241e-01
2.727146999999999766e-01 6.958351199999999892e+01 1.888273146985906537e-01
2.774576000000000264e-01 6.954386999999999830e+01 1.871680672875341289e-01
2.822005000000000208e-01 6.889966499999999883e+01 1.847822932529161466e-01
2.869433000000000122e-01 6.849745399999999051e+01 1.826761943747685080e-01
2.916862000000000066e-01 6.807659699999999248e+01 1.805820099803333023e-01
2.964291000000000009e-01 6.790033200000000591e+01 1.788632229476579683e-01
3.011718999999999924e-01 6.768491300000000876e+01 1.771357857280925208e-01
3.059147999999999867e-01 6.738183399999999779e+01 1.753330059648636197e-01
3.106576999999999811e-01 6.650364499999997747e+01 1.728135208239612863e-01
3.154004999999999725e-01 6.650775699999999802e+01 1.714877711038384767e-01
3.201434000000000224e-01 6.624566799999999489e+01 1.698582804138815128e-01
3.248863000000000167e-01 6.566241399999999828e+01 1.678452054980814900e-01
3.296291000000000082e-01 6.555467899999999304e+01 1.664631568512047743e-01
3.343720000000000026e-01 6.530450100000000191e+01 1.649376857311221078e-01
3.391148999999999969e-01 6.518073100000000863e+01 1.653259277205738342e-01
3.438576999999999884e-01 6.501678200000000629e+01 1.672516872229706242e-01
3.486005999999999827e-01 6.486558399999999835e+01 1.713097005029966258e-01
3.533434999999999770e-01 6.437776900000000069e+01 1.737949371779707319e-01
3.580863000000000240e-01 6.405786899999999662e+01 1.755177292077919893e-01
3.628292000000000184e-01 6.374287400000000758e+01 1.768124173228848850e-01
3.675720000000000098e-01 6.343768699999999683e+01 1.778404797763130096e-01
3.723149000000000042e-01 6.307390399999999175e+01 1.786349242573976315e-01
3.770577999999999985e-01 6.277832799999998770e+01 1.794085136394990010e-01
3.818005999999999900e-01 6.231625099999998696e+01 1.797007089846898720e-01
3.865434999999999843e-01 6.186787999999999954e+01 1.799364496843585681e-01
3.912863999999999787e-01 6.159677900000000506e+01 1.802617142862837640e-01
3.960292000000000256e-01 6.133071200000000545e+01 1.806110822095003399e-01
4.007721000000000200e-01 6.142801400000000456e+01 1.815269430327900446e-01
4.055150000000000143e-01 6.116345699999999397e+01 1.873786437663404192e-01
4.102578000000000058e-01 6.074147799999999364e+01 1.916004914915926949e-01
4.150007000000000001e-01 6.042353999999998848e+01 1.952828910088165171e-01
4.197435999999999945e-01 5.979673300000000324e+01 1.972594262218842487e-01
4.244863999999999860e-01 5.967640800000000212e+01 2.002517321255269100e-01
4.292292999999999803e-01 5.938302500000001061e+01 2.028105666812192731e-01
4.339721999999999746e-01 5.965621199999999646e+01 2.063889974838561958e-01
4.387150000000000216e-01 5.897104500000000371e+01 2.081939363264991572e-01
4.434579000000000160e-01 5.887672700000000248e+01 2.110834965832343035e-01
4.482008000000000103e-01 5.833185799999999688e+01 2.136520189489224397e-01
4.529436000000000018e-01 5.793687300000000562e+01 2.163977852928885837e-01
4.576864999999999961e-01 5.762268499999998994e+01 2.180639743865148417e-01
4.624293999999999905e-01 5.755801999999998486e+01 2.197570715042228284e-01
4.671721999999999819e-01 5.758526900000000381e+01 2.187232057073519587e-01
4.719150999999999763e-01 5.753616600000000147e+01 2.100246960970490184e-01
4.766579000000000232e-01 5.712474699999999928e+01 2.053322462658055125e-01
4.814008000000000176e-01 5.688814899999999852e+01 2.023036374050938835e-01
4.861437000000000119e-01 5.629691800000000512e+01 1.992686438456309217e-01
4.908865000000000034e-01 5.594231100000000367e+01 1.970205155652720308e-01
4.956293999999999977e-01 5.587816400000000527e+01 1.955217396682537578e-01
5.003722999999999921e-01 5.545720700000000392e+01 1.935589918951847732e-01
5.051151000000000391e-01 5.500380599999999731e+01 1.916723588928711253e-01
5.098580000000000334e-01 5.480946899999999999e+01 1.903387705711463984e-01
5.146009000000000277e-01 5.463515499999999747e+01 1.891183090938090561e-01
5.193436999999999637e-01 5.432031499999999369e+01 1.877099026651622982e-01
5.240865999999999580e-01 5.426045799999999275e+01 1.867982601459537151e-01
5.288294999999999524e-01 5.361171000000000220e+01 1.849179812198254169e-01
5.335722999999999994e-01 5.315845999999999094e+01 1.830520992145910908e-01
5.383151999999999937e-01 5.322582099999999627e+01 1.818462366777242323e-01
5.430580999999999881e-01 5.299000900000000058e+01 1.801790441930742337e-01
5.478009000000000350e-01 5.279560300000000694e+01 1.786354174410682283e-01
5.525438000000000294e-01 5.237670299999999912e+01 1.767603032960540221e-01
5.572867000000000237e-01 5.184931300000000931e+01 1.747406503148340173e-01
5.620294999999999597e-01 5.168028199999999828e+01 1.733676972628052648e-01
5.667723999999999540e-01 5.164124999999999943e+01 1.722490731504346950e-01
5.715152000000000010e-01 5.171375700000000109e+01 1.713467942503471286e-01
5.762580999999999953e-01 5.095286900000000685e+01 1.690880313785786682e-01
5.810009999999999897e-01 5.077596899999999636e+01 1.678750008970275320e-01
5.857438000000000367e-01 5.037490200000000584e+01 1.667107395995785779e-01
5.904867000000000310e-01 5.005885900000000532e+01 1.657874174085627039e-01
5.952296000000000253e-01 4.971914900000000159e+01 1.648251026640714656e-01
5.999723999999999613e-01 4.955381999999999465e+01 1.643312250927132789e-01
6.047152999999999556e-01 4.954128100000000501e+01 1.638950084715779520e-01
6.094581999999999500e-01 4.936713899999999455e+01 1.630820025070890411e-01
6.142009999999999970e-01 4.909645900000000296e+01 1.624056467720140506e-01
6.189438999999999913e-01 4.897650999999999755e+01 1.616803560972414622e-01
6.236867999999999856e-01 4.850336100000000528e+01 1.605262327141420697e-01
6.284296000000000326e-01 4.840875799999999174e+01 1.600047406982099407e-01
6.331725000000000270e-01 4.799675000000000580e+01 1.589580521649054390e-01
6.379154000000000213e-01 4.787731200000000342e+01 1.583999777745445370e-01
6.426581999999999573e-01 4.777264399999999256e+01 1.578718576590055211e-01
6.474010999999999516e-01 4.738036199999999809e+01 1.568724715946137604e-01
6.521439999999999459e-01 4.700535999999999603e+01 1.559005815188359012e-01
6.568867999999999929e-01 4.678623800000001154e+01 1.551913508314248791e-01
6.616296999999999873e-01 4.641624500000000353e+01 1.542368197758242909e-01
6.663725999999999816e-01 4.630716599999999517e+01 1.537192988210598632e-01
6.711154000000000286e-01 4.618011800000000733e+01 1.531714474730894449e-01
6.758583000000000229e-01 4.612253600000000375e+01 1.527423091217721407e-01
6.806010999999999589e-01 4.585824399999999912e+01 1.519753627944180896e-01
6.853439999999999532e-01 4.549776399999999654e+01 1.510529081671385665e-01
6.900868999999999476e-01 4.532020299999999935e+01 1.504333351563685306e-01
6.948296999999999946e-01 4.501735299999999995e+01 1.496087593305061303e-01
6.995725999999999889e-01 4.483053100000000057e+01 1.489814535989916477e-01
7.043154999999999832e-01 4.461812400000000878e+01 1.483154067468787918e-01
7.090583000000000302e-01 4.444836300000000051e+01 1.477199164454894853e-01
7.138012000000000246e-01 4.402324199999999621e+01 1.467021381610588704e-01
7.185441000000000189e-01 4.422139800000000065e+01 1.467255718899122541e-01
7.232868999999999549e-01 4.400166300000000774e+01 1.460577311725048677e-01
7.280297999999999492e-01 4.372928699999999935e+01 1.453023988138702483e-01
7.327727000000000546e-01 4.340610900000000072e+01 1.444643700592620206e-01
7.375154999999999905e-01 4.297676899999999733e+01 1.434535469489099102e-01
7.422583999999999849e-01 4.288230799999999476e+01 1.430039632148969453e-01
7.470012999999999792e-01 4.260953399999999647e+01 1.422571089925804000e-01
7.517441000000000262e-01 4.262375399999999814e+01 1.419904733763180937e-01
7.564870000000000205e-01 4.234573199999999105e+01 1.412411775801780955e-01
7.612299000000000149e-01 4.236226200000000119e+01 1.409854502344511373e-01
7.659726999999999508e-01 4.206202900000000966e+01 1.402024911743443014e-01
7.707155999999999452e-01 4.197710800000000120e+01 1.397795576530202200e-01
7.754585000000000505e-01 4.159227800000000030e+01 1.388615063670003980e-01
7.802012999999999865e-01 4.170062699999999722e+01 1.389046706216846561e-01
7.849441999999999808e-01 4.143856400000000662e+01 1.381456185170995554e-01
7.896870000000000278e-01 4.099721499999999708e+01 1.370475129217611776e-01
7.944299000000000222e-01 4.112960299999998881e+01 1.370001744435316582e-01
7.991728000000000165e-01 4.069225600000000043e+01 1.360048035388982113e-01
8.039155999999999525e-01 4.059821999999999775e+01 1.355829098334428717e-01
8.086584999999999468e-01 4.050534400000000090e+01 1.351636250738300349e-01
8.134014000000000522e-01 4.030837599999999554e+01 1.345745870358575624e-01
8.181441999999999881e-01 4.020591699999999946e+01 1.342471073857224861e-01
8.228870999999999825e-01 4.007646799999999843e+01 1.336780135863624430e-01
8.276299999999999768e-01 3.971862299999999379e+01 1.328188171911149074e-01
8.323728000000000238e-01 3.947819099999999537e+01 1.321643561878383388e-01
8.371157000000000181e-01 3.937616799999999273e+01 1.317443730177285388e-01
8.418586000000000125e-01 3.924392400000000691e+01 1.312741726333127579e-01
8.466013999999999484e-01 3.899405999999999750e+01 1.306075827046856430e-01
8.513443000000000538e-01 3.896052199999999033e+01 1.303069128094254403e-01
8.560872000000000481e-01 3.874918900000000122e+01 1.297111004648218435e-01
8.608299999999999841e-01 3.858514399999999966e+01 1.291950143701373899e-01
8.655728999999999784e-01 3.833995599999999371e+01 1.285433948567591689e-01
8.703157999999999728e-01 3.829975300000000260e+01 1.282386792202913905e-01
8.750586000000000197e-01 3.828412000000000859e+01 1.279769469886084532e-01
8.798015000000000141e-01 3.818309900000000567e+01 1.275733409046952982e-01
8.845442999999999500e-01 3.764899499999999932e+01 1.264448759726529981e-01
8.892872000000000554e-01 3.763514699999999635e+01 1.261909313624239859e-01
8.940301000000000498e-01 3.728563199999999966e+01 1.253763030529581324e-01
8.987728999999999857e-01 3.728466299999999478e+01 1.251476597107684663e-01
9.035157999999999801e-01 3.708603399999999795e+01 1.245871109800279208e-01
9.082586999999999744e-01 3.699499300000000090e+01 1.242106128196640846e-01
9.130015000000000214e-01 3.672014700000000431e+01 1.235272130643065847e-01
9.177444000000000157e-01 3.673345600000000388e+01 1.233291949066225718e-01
9.224873000000000101e-01 3.654905399999999815e+01 1.227988599283665883e-01
9.272300999999999460e-01 3.649435499999999877e+01 1.224892981205444042e-01
9.319730000000000514e-01 3.640718199999999882e+01 1.221272881121557435e-01
9.367159000000000457e-01 3.607038799999999412e+01 1.213472039190846008e-01
9.414586999999999817e-01 3.598747499999999633e+01 1.209933870695440172e-01
9.462015999999999760e-01 3.575096200000000124e+01 1.203839961527183311e-01
9.509444999999999704e-01 3.562516200000000310e+01 1.199632316695899148e-01
9.556873000000000173e-01 3.570628599999999864e+01 1.198910419814157857e-01
9.604302000000000117e-01 3.582504100000000591e+01 1.198808634539616502e-01
9.651731000000000060e-01 3.555911199999999894e+01 1.192288689323454109e-01
9.699159000000000530e-01 3.534968899999999792e+01 1.186733164796876377e-01
9.746588000000000473e-01 3.519237499999999130e+01 1.182061017372233735e-01
9.794017000000000417e-01 3.481149200000000121e+01 1.173623026351988397e-01
9.841444999999999776e-01 3.502781900000000093e+01 1.175256592785775406e-01
9.888873999999999720e-01 3.492691500000000815e+01 1.171576803340203393e-01
9.936302000000000190e-01 3.470154799999999540e+01 1.165816386200700105e-01
9.983731000000000133e-01 3.443062400000000167e+01 1.159283824439593380e-01
1.003115999999999897e+00 3.435386799999999141e+01 1.156042529544315800e-01
1.007859000000000060e+00 3.434233499999999850e+01 1.153915458137020622e-01
1.012602000000000002e+00 3.428105300000000000e+01 1.150962448160342821e-01
1.017344999999999944e+00 3.416353099999999898e+01 1.147059997788432983e-01
1.022086999999999968e+00 3.406041900000000311e+01 1.143425384835123487e-01
1.026829999999999909e+00 3.392432700000000523e+01 1.139256364960095358e-01
1.031573000000000073e+00 3.384285099999999602e+01 1.136011756098355557e-01
1.036316000000000015e+00 3.380173299999999870e+01 1.133441798612429829e-01
1.041058999999999957e+00 3.355570000000000874e+01 1.127457600987473996e-01
1.045801999999999898e+00 3.359100899999999967e+01 1.126211421788054085e-01
1.050545000000000062e+00 3.354353599999999602e+01 1.123584940083552225e-01
1.055287000000000086e+00 3.317761099999999885e+01 1.115610600759386895e-01
1.060030000000000028e+00 3.308640799999999871e+01 1.112273279836048234e-01
1.064772999999999969e+00 3.309376999999999924e+01 1.110606079519858291e-01
1.069515999999999911e+00 3.298845799999999429e+01 1.107057223779367161e-01
1.074259000000000075e+00 3.301907700000000290e+01 1.105782042354147565e-01
1.079002000000000017e+00 3.289505000000000479e+01 1.101937075915521563e-01
1.083744999999999958e+00 3.267438400000000343e+01 1.096725447910291695e-01
1.088487999999999900e+00 3.269775399999999621e+01 1.095619381992975622e-01
1.093229999999999924e+00 3.255617200000000366e+01 1.091025676422484603e-01
1.097973000000000088e+00 3.246764799999999696e+01 1.087818239283061539e-01
1.102716000000000030e+00 3.235035500000000042e+01 1.084146900696607851e-01
1.107458999999999971e+00 3.223028399999999749e+01 1.080437950860099194e-01
1.112201999999999913e+00 3.233755200000000229e+01 1.080528357545173374e-01
1.116945000000000077e+00 3.217226899999999290e+01 1.076081445806208459e-01
1.121688000000000018e+00 3.197469800000000006e+01 1.071106320950249990e-01
1.126430000000000042e+00 3.183599899999999749e+01 1.067127072414550681e-01
1.131172999999999984e+00 3.174387600000000020e+01 1.063923680571788044e-01
1.135915999999999926e+00 3.164035499999999956e+01 1.060548064642937299e-01
1.140659000000000090e+00 3.137573699999999732e+01 1.054484785192408430e-01
1.145402000000000031e+00 3.153392000000000195e+01 1.055522178101834241e-01
1.150144999999999973e+00 3.154661100000000218e+01 1.054111142300488135e-01
1.154887999999999915e+00 3.147210700000000116e+01 1.051259511085754494e-01
1.159631000000000078e+00 3.134793600000000424e+01 1.047593725408528798e-01
1.164373000000000102e+00 3.134418600000000055e+01 1.045951705853238600e-01
1.169116000000000044e+00 3.114084799999999831e+01 1.041749886165503902e-01
1.173858999999999986e+00 3.106537000000000148e+01 1.038637479026214561e-01
1.178601999999999927e+00 3.095937299999999937e+01 1.034809798511707041e-01
1.183345000000000091e+00 3.096130999999999744e+01 1.033297513697865322e-01
1.188088000000000033e+00 3.073803600000000102e+01 1.028018996210137981e-01
1.192830999999999975e+00 3.068785900000000311e+01 1.025647683896078466e-01
1.197572999999999999e+00 3.068905199999999667e+01 1.024148802437668121e-01
1.202315999999999940e+00 3.072895899999999614e+01 1.023302825622747908e-01
1.207059000000000104e+00 3.069329000000000107e+01 1.024502881097471702e-01
1.211802000000000046e+00 3.052257899999999680e+01 1.055103937946783449e-01
1.216544999999999987e+00 3.042838499999999868e+01 1.075402094533528530e-01
1.221287999999999929e+00 3.052320399999999978e+01 1.093267772841663155e-01
1.226031000000000093e+00 3.032797699999999708e+01 1.103411023770235894e-01
1.230774000000000035e+00 3.041493099999999572e+01 1.117174080183558627e-01
1.235516000000000059e+00 3.023722199999999560e+01 1.125049220163802516e-01
1.240259000000000000e+00 3.009135199999999344e+01 1.132720303403660089e-01
1.245001999999999942e+00 3.013101400000000041e+01 1.143285825477268897e-01
1.249745000000000106e+00 2.994103400000000192e+01 1.149023959632591713e-01
1.254488000000000048e+00 2.998216000000000392e+01 1.158806140445247240e-01
1.259230999999999989e+00 2.975861899999999949e+01 1.160359074437305321e-01
1.263973999999999931e+00 2.983545099999999906e+01 1.164842578221610969e-01
1.268715999999999955e+00 2.955292700000000039e+01 1.162125256541733515e-01
1.273458999999999897e+00 2.973941300000000254e+01 1.146683141119812649e-01
1.278202000000000060e+00 2.982149899999999576e+01 1.105828022206188227e-01
1.282945000000000002e+00 2.973623600000000167e+01 1.083183396622178496e-01
1.287687999999999944e+00 2.953497400000000539e+01 1.064309163194487179e-01
1.292431000000000108e+00 2.963449200000000161e+01 1.053787733805385401e-01
1.297174000000000049e+00 2.953134899999999874e+01 1.041475689214035327e-01
1.301916000000000073e+00 2.954214099999999377e+01 1.032434850092387169e-01
1.306659000000000015e+00 2.939104199999999878e+01 1.021518568976991226e-01
1.311401999999999957e+00 2.924672699999999992e+01 1.011484451871500767e-01
1.316144999999999898e+00 2.923516599999999954e+01 1.004341089105663248e-01
1.320888000000000062e+00 2.931145399999999768e+01 1.000643565044172095e-01
1.325631000000000004e+00 2.923629999999999995e+01 9.967870253028277006e-02
1.330373999999999945e+00 2.895750700000000322e+01 9.896025617364630211e-02
1.335117000000000109e+00 2.895588899999999555e+01 9.872623544780029237e-02
1.339858999999999911e+00 2.912420399999999887e+01 9.878800779760112116e-02
1.344602000000000075e+00 2.881365599999999816e+01 9.804453658049336329e-02
1.349345000000000017e+00 2.897531000000000745e+01 9.811070881652828035e-02
1.354087999999999958e+00 2.892490299999999337e+01 9.782311811478000552e-02
1.358830999999999900e+00 2.879428100000000157e+01 9.740448945236919454e-02
1.363574000000000064e+00 2.877744600000000474e+01 9.718366528701673224e-02
1.368317000000000005e+00 2.877560199999999924e+01 9.699320639695029056e-02
1.373059000000000029e+00 2.853645499999999657e+01 9.640716473994917490e-02
1.377801999999999971e+00 2.859134099999999989e+01 9.631978957215334147e-02
1.382544999999999913e+00 2.857018900000000627e+01 9.610782133108002057e-02
1.387288000000000077e+00 2.874259999999999948e+01 9.622438118948700714e-02
1.392031000000000018e+00 2.850501299999999816e+01 9.565643679468255334e-02
1.396773999999999960e+00 2.837314399999999637e+01 9.526765356044096522e-02
1.401516999999999902e+00 2.852922200000000430e+01 9.536442366003110294e-02
1.406260000000000066e+00 2.828313100000000446e+01 9.479085229183616124e-02
1.411002000000000089e+00 2.836453999999999809e+01 9.476802389486498057e-02
1.415745000000000031e+00 2.820293300000000158e+01 9.433979627931417256e-02
1.420487999999999973e+00 2.811876000000000175e+01 9.404382342182288079e-02
1.425230999999999915e+00 2.808499500000000282e+01 9.383442985489227894e-02
1.429974000000000078e+00 2.814243200000000300e+01 9.377935645436739909e-02
1.434717000000000020e+00 2.799639799999999923e+01 9.338588028782295047e-02
1.439459999999999962e+00 2.800421000000000049e+01 9.325086337773177969e-02
1.444201999999999986e+00 2.803424899999999909e+01 9.315446370865435033e-02
1.448944999999999927e+00 2.809295600000000448e+01 9.310722451743044803e-02
1.453688000000000091e+00 2.789454799999999679e+01 9.263431819050647886e-02
1.458431000000000033e+00 2.802312099999999617e+01 9.270487095143867262e-02
1.463173999999999975e+00 2.785047399999999840e+01 9.230284724114527772e-02
1.467916999999999916e+00 2.797228000000000137e+01 9.236706906619804314e-02
1.472660000000000080e+00 2.780973599999999735e+01 9.193400991985609116e-02
1.477402000000000104e+00 2.781240800000000490e+01 9.180124707536549411e-02
1.482145000000000046e+00 2.786326399999999737e+01 9.174932136276757466e-02
1.486887999999999987e+00 2.791289500000000245e+01 9.169662183126868482e-02
1.491630999999999929e+00 2.774284600000000367e+01 9.128299675864394447e-02
1.496374000000000093e+00 2.777556500000000028e+01 9.120366801480683794e-02
1.501117000000000035e+00 2.775232300000000052e+01 9.108011355490230887e-02
1.505859999999999976e+00 2.771871300000000105e+01 9.265299096065059137e-02
1.510602999999999918e+00 2.765600300000000544e+01 9.515127081697595524e-02
1.515344999999999942e+00 2.740393999999999863e+01 9.628609456855750925e-02
1.520088000000000106e+00 2.741575999999999880e+01 9.757579593498327819e-02
1.524831000000000047e+00 2.749084200000000422e+01 9.881815389482742629e-02
1.529573999999999989e+00 2.749103999999999814e+01 9.959639637514852706e-02
1.534316999999999931e+00 2.762577099999999675e+01 9.706474108496812581e-02
1.539060000000000095e+00 2.748122199999999538e+01 9.530801020073967345e-02
1.543803000000000036e+00 2.738875399999999871e+01 9.414397947256798738e-02
1.548545000000000060e+00 2.727956600000000620e+01 9.297504805014461526e-02
1.553288000000000002e+00 2.732332899999999398e+01 9.222383855155076582e-02
1.558030999999999944e+00 2.740564500000000336e+01 9.158478629077483613e-02
1.562774000000000107e+00 2.719373599999999414e+01 9.031680421462109920e-02
1.567517000000000049e+00 2.716434299999999524e+01 8.943730296485466469e-02
1.572259999999999991e+00 2.730498000000000047e+01 8.914282436396045450e-02
1.577002999999999933e+00 2.720890699999999995e+01 8.863614849488497816e-02
1.581746000000000096e+00 2.701744700000000421e+01 8.815331372457418935e-02
1.586487999999999898e+00 2.705316100000000645e+01 8.823466930312824641e-02
1.591231000000000062e+00 2.699116900000000285e+01 8.824643040712412678e-02
1.595974000000000004e+00 2.703171399999999380e+01 8.842156798521332017e-02
1.600716999999999945e+00 2.694970500000000158e+01 8.836418886908881110e-02
1.605460000000000109e+00 2.693332199999999688e+01 8.822256795473196189e-02
1.610203000000000051e+00 2.698631899999999817e+01 8.816178629663760924e-02
1.614945999999999993e+00 2.697574999999999790e+01 8.800062854068826934e-02
1.619688000000000017e+00 2.673598800000000253e+01 8.746838216213559392e-02
1.624430999999999958e+00 2.688638999999999868e+01 8.757557898595361157e-02
1.629173999999999900e+00 2.694462899999999905e+01 8.753359279408105820e-02
1.633917000000000064e+00 2.692173999999999978e+01 8.736242465105063804e-02
1.638660000000000005e+00 2.680217599999999578e+01 8.703652449368540212e-02
1.643402999999999947e+00 2.675770300000000290e+01 8.683447899114844770e-02
1.648146000000000111e+00 2.675730899999999934e+01 8.670505181204553324e-02
1.652889000000000053e+00 2.674617900000000148e+01 8.656032217249019778e-02
1.657631000000000077e+00 2.673091400000000206e+01 8.641087284275689173e-02
1.662374000000000018e+00 2.670187199999999805e+01 8.623996522701118939e-02
1.667116999999999960e+00 2.668407300000000149e+01 8.608851378819476485e-02
1.671859999999999902e+00 2.656204699999999974e+01 8.577073642233405681e-02
1.676603000000000065e+00 2.668509500000000045e+01 8.584950356137419081e-02
1.681346000000000007e+00 2.660995000000000488e+01 8.560976075023163379e-02
1.686088999999999949e+00 2.657927500000000265e+01 8.544232648124230889e-02
1.690830999999999973e+00 2.652711400000000097e+01 8.524221697174000356e-02
1.695573999999999915e+00 2.654047300000000220e+01 8.514842817791999641e-02
1.700317000000000078e+00 2.650466000000000122e+01 8.497625827045870994e-02
1.705060000000000020e+00 2.653817799999999849e+01 8.491600818640851478e-02
1.709802999999999962e+00 2.641309000000000040e+01 8.460303821474084163e-02
1.714545999999999903e+00 2.630480100000000476e+01 8.431834197667906206e-02
1.719289000000000067e+00 2.648392499999999927e+01 8.449365460197647004e-02
1.724031000000000091e+00 2.632668600000000225e+01 8.413199797999035279e-02
1.728774000000000033e+00 2.626749099999999970e+01 8.392830772609202739e-02
1.733516999999999975e+00 2.631246800000000263e+01 8.389206635647436516e-02
1.738259999999999916e+00 2.634978100000000012e+01 8.384353164448465900e-02
1.743003000000000080e+00 2.634770199999999818e+01 8.373247338282024943e-02
1.747746000000000022e+00 2.625044700000000120e+01 8.347164623069021350e-02
1.752488999999999963e+00 2.635353900000000138e+01 8.352976441231173277e-02
1.757231999999999905e+00 2.622202200000000261e+01 8.321605373687099294e-02
1.761973999999999929e+00 2.618396100000000004e+01 8.305080760248753635e-02
1.766717000000000093e+00 2.619869500000000428e+01 8.297058506788053400e-02
1.771460000000000035e+00 2.613464500000000612e+01 8.276628981462863521e-02
1.776202999999999976e+00 2.609439100000000167e+01 8.263716744519623847e-02
1.780945999999999918e+00 2.621489400000000458e+01 8.272791512106721090e-02
1.785689000000000082e+00 2.616476500000000627e+01 8.250767668729012960e-02
1.790432000000000023e+00 2.615400200000000197e+01 8.239012627238775921e-02
1.795174000000000047e+00 2.604602399999999918e+01 8.211983399622224677e-02
1.799916999999999989e+00 2.607804399999999845e+01 8.207010648022457222e-02
1.804659999999999931e+00 2.614532300000000120e+01 8.207680240248214909e-02
1.809403000000000095e+00 2.603022100000000094e+01 8.179750862548931800e-02
1.814146000000000036e+00 2.593326499999999868e+01 8.154706157693666913e-02
1.818888999999999978e+00 2.593543000000000376e+01 8.145272645752564544e-02
1.823631999999999920e+00 2.607744000000000284e+01 8.157817479136622585e-02
1.828375000000000083e+00 2.587240899999999755e+01 8.116056649724175120e-02
1.833117000000000107e+00 2.599797399999999925e+01 8.126115907097990199e-02
1.837860000000000049e+00 2.595037699999999603e+01 8.109087363914327384e-02
1.842602999999999991e+00 2.584879999999999356e+01 8.083697187252687766e-02
1.847345999999999933e+00 2.590856099999999884e+01 8.083597475801786170e-02
1.852089000000000096e+00 2.585820000000000363e+01 8.072956352753246634e-02
1.856832000000000038e+00 2.593531500000000278e+01 8.069498924430748565e-02
1.861574999999999980e+00 2.592074200000000062e+01 8.057303076099595063e-02
1.866317000000000004e+00 2.582066599999999923e+01 8.032463872628373136e-02
1.871059999999999945e+00 2.578078899999999862e+01 8.017039097704214967e-02
1.875803000000000109e+00 2.583646200000000093e+01 8.016435123227406978e-02
1.880546000000000051e+00 2.575989999999999824e+01 7.995399065309186093e-02
1.885288999999999993e+00 2.579578899999999564e+01 7.991866240330101900e-02
1.890031999999999934e+00 2.581075399999999576e+01 7.985101394941143682e-02
1.894775000000000098e+00 2.571756599999999793e+01 7.961588916268787230e-02
1.899516999999999900e+00 2.584545399999999660e+01 7.972368631930601413e-02
1.904260000000000064e+00 2.572939600000000127e+01 7.945486819135880174e-02
1.909003000000000005e+00 2.573880900000000338e+01 7.938042863982279485e-02
1.913745999999999947e+00 2.576468400000000614e+01 7.933075813821396927e-02
1.918489000000000111e+00 2.567998099999999795e+01 7.911200702970884457e-02
1.923232000000000053e+00 2.576975800000000305e+01 7.916211303714865144e-02
1.927974999999999994e+00 2.564568200000000076e+01 7.888145596453896569e-02
1.932717999999999936e+00 2.557762900000000172e+01 7.862737684437018371e-02
1.937459999999999960e+00 2.551768699999999512e+01 7.835197711243795105e-02
1.942202999999999902e+00 2.565540900000000235e+01 7.834906206213192170e-02
1.946946000000000065e+00 2.553450799999999887e+01 7.797422113943557054e-02
1.951689000000000007e+00 2.558879400000000004e+01 7.790321310499458141e-02
1.956431999999999949e+00 2.555088099999999685e+01 7.776151562849195620e-02
1.961174999999999891e+00 2.561981999999999715e+01 7.778438812256929791e-02
1.965918000000000054e+00 2.550325300000000084e+01 7.752676047233561518e-02
1.970660000000000078e+00 2.555571400000000182e+01 7.756986513201309663e-02
1.975403000000000020e+00 2.566369100000000003e+01 7.771268212688324517e-02
1.980145999999999962e+00 2.559382100000000193e+01 7.762819978389748354e-02
1.984888999999999903e+00 2.550034399999999835e+01 7.750686102949080891e-02
1.989632000000000067e+00 2.543846500000000077e+01 7.743311723634790922e-02
1.994375000000000009e+00 2.535519899999999893e+01 7.727804427685006083e-02
1.999117999999999951e+00 2.533555000000000135e+01 7.713699814013247336e-02
2.003861000000000114e+00 2.550020500000000112e+01 7.730505286044243862e-02
2.008602999999999916e+00 2.546779699999999735e+01 7.717342016106712443e-02
2.013345999999999858e+00 2.569943799999999712e+01 7.812912042127186096e-02
2.018088999999999800e+00 2.548677999999999955e+01 8.007563459101714465e-02
2.022832000000000185e+00 2.538889500000000510e+01 8.124449274497810847e-02
2.027575000000000127e+00 2.531649200000000022e+01 8.215461898480450054e-02
2.032318000000000069e+00 2.541032799999999980e+01 8.318922561147326644e-02
2.037061000000000011e+00 2.529939800000000361e+01 8.379747796126384152e-02
2.041802999999999813e+00 2.534707600000000127e+01 8.458722071609695026e-02
2.046546000000000198e+00 2.526599600000000123e+01 8.483788507265076217e-02
2.051289000000000140e+00 2.531747000000000369e+01 8.518522651458468320e-02
2.056032000000000082e+00 2.531510600000000011e+01 8.542259228914736435e-02
2.060775000000000023e+00 2.524440100000000342e+01 8.552869533897848597e-02
2.065517999999999965e+00 2.528750199999999992e+01 8.581328386277092823e-02
2.070260999999999907e+00 2.513511099999999843e+01 8.575397724255476306e-02
2.075003000000000153e+00 2.505703700000000111e+01 8.580972829122815448e-02
2.079746000000000095e+00 2.553888300000000200e+01 8.454898058788586079e-02
2.084489000000000036e+00 2.529335199999999872e+01 8.200402094072460624e-02
2.089231999999999978e+00 2.532770799999999767e+01 8.088616986521612873e-02
2.093974999999999920e+00 2.538905700000000110e+01 8.009638534234300722e-02
2.098717999999999861e+00 2.526508100000000212e+01 7.917090840677780406e-02
2.103460999999999803e+00 2.542676900000000018e+01 7.879304816687385249e-02
2.108204000000000189e+00 2.529027200000000519e+01 7.814445705475213388e-02
2.112945999999999991e+00 2.508529699999999707e+01 7.762025566107470798e-02
2.117688999999999933e+00 2.524915000000000020e+01 7.768489427068109299e-02
2.122431999999999874e+00 2.530523699999999820e+01 7.759518834999307169e-02
2.127174999999999816e+00 2.521780700000000053e+01 7.729679471571250515e-02
2.131918000000000202e+00 2.520938000000000301e+01 7.712850869658573194e-02
2.136661000000000143e+00 2.521826000000000079e+01 7.699424144124870917e-02
2.141404000000000085e+00 2.510015200000000135e+01 7.667230347312842254e-02
2.146145999999999887e+00 2.503595299999999924e+01 7.643898050546724110e-02
2.150888999999999829e+00 2.510289099999999962e+01 7.641040928283986122e-02
2.155632000000000215e+00 2.515046800000000005e+01 7.635689293285904955e-02
2.160375000000000156e+00 2.511902500000000060e+01 7.618635722673318400e-02
2.165118000000000098e+00 2.508046300000000173e+01 7.600894698935710403e-02
2.169861000000000040e+00 2.511867500000000319e+01 7.595099694798351786e-02
2.174603999999999981e+00 2.519716500000000181e+01 7.595623508425690396e-02
2.179346999999999923e+00 2.507130999999999688e+01 7.565550878774725263e-02
2.184089000000000169e+00 2.491627399999999781e+01 7.531352985340415696e-02
2.188832000000000111e+00 2.490929399999999916e+01 7.519741424492068504e-02
2.193575000000000053e+00 2.504388600000000054e+01 7.529633381403573467e-02
2.198317999999999994e+00 2.511057400000000328e+01 7.529387149742866603e-02
2.203060999999999936e+00 2.505780699999999683e+01 7.511406776285385611e-02
2.207803999999999878e+00 2.501826500000000308e+01 7.495619989875419720e-02
2.212546999999999819e+00 2.504142099999999971e+01 7.489353742795903934e-02
2.217289000000000065e+00 2.507214600000000004e+01 7.484294026816223910e-02
2.222032000000000007e+00 2.501084900000000033e+01 7.465658428525243084e-02
2.226774999999999949e+00 2.509216600000000241e+01 7.468428093269492696e-02
2.231517999999999891e+00 2.501639700000000133e+01 7.447913361033343949e-02
2.236260999999999832e+00 2.499034299999999931e+01 7.434871342882873324e-02
2.241004000000000218e+00 2.498757200000000012e+01 7.425438039717723038e-02
2.245747000000000160e+00 2.497205499999999745e+01 7.414217971816110253e-02
2.250490000000000101e+00 2.496177099999999882e+01 7.403865831556107058e-02
2.255231999999999903e+00 2.504265900000000400e+01 7.407068603790571693e-02
2.259974999999999845e+00 2.499117500000000192e+01 7.390783469236059111e-02
2.264717999999999787e+00 2.504532900000000240e+01 7.390227853124760327e-02
2.269461000000000173e+00 2.493302600000000169e+01 7.365136920450901514e-02
2.274204000000000114e+00 2.503789899999999946e+01 7.372134983105571582e-02
2.278947000000000056e+00 2.503898300000000177e+01 7.363928695666124846e-02
2.283689999999999998e+00 2.489092400000000183e+01 7.333844636051134458e-02
2.288431999999999800e+00 2.494246299999999650e+01 7.333237349564175611e-02
2.293175000000000185e+00 2.483008900000000452e+01 7.308521888039332115e-02
2.297918000000000127e+00 2.487578400000000300e+01 7.307166954170338236e-02
2.302661000000000069e+00 2.498022299999999873e+01 7.314440355541837469e-02
2.307404000000000011e+00 2.491506199999999893e+01 7.296939165504465197e-02
2.312146999999999952e+00 2.479838199999999659e+01 7.271894551211122160e-02
2.316889999999999894e+00 2.477384400000000397e+01 7.260432710178160720e-02
2.321632000000000140e+00 2.488076499999999669e+01 7.268298859278007895e-02
2.326375000000000082e+00 2.483655200000000107e+01 7.254098312730673792e-02
2.331118000000000023e+00 2.497942899999999966e+01 7.267173277867812475e-02
2.335860999999999965e+00 2.480376999999999654e+01 7.233932808290108318e-02
2.340603999999999907e+00 2.476119299999999868e+01 7.220102438323226790e-02
2.345346999999999849e+00 2.490242599999999840e+01 7.233111887165855070e-02
2.350089999999999790e+00 2.483560500000000104e+01 7.215866531974243769e-02
2.354833000000000176e+00 2.481590299999999871e+01 7.205488787784282423e-02
2.359574999999999978e+00 2.487154400000000010e+01 7.206149837621404763e-02
2.364317999999999920e+00 2.481427099999999797e+01 7.190445918327457997e-02
2.369060999999999861e+00 2.480362799999999623e+01 7.181532789296793395e-02
2.373803999999999803e+00 2.488916199999999890e+01 7.186575878027240405e-02
2.378547000000000189e+00 2.482092700000000107e+01 7.169422366233210719e-02
2.383290000000000131e+00 2.478410799999999981e+01 7.156874363074287870e-02
2.388033000000000072e+00 2.482300299999999993e+01 7.155266691921413624e-02
2.392774999999999874e+00 2.488289199999999823e+01 7.156705712305697076e-02
2.397517999999999816e+00 2.474506699999999881e+01 7.129735539541562361e-02
2.402261000000000202e+00 2.480044599999999733e+01 7.130650180945634353e-02
2.407004000000000143e+00 2.476269500000000079e+01 7.118103679055678978e-02
2.411747000000000085e+00 2.488588999999999629e+01 7.128747124837295224e-02
2.416490000000000027e+00 2.481836100000000300e+01 7.112081050770371893e-02
2.421232999999999969e+00 2.477319199999999810e+01 7.098635139240147551e-02
2.425975999999999910e+00 2.481488599999999778e+01 7.097641459314847634e-02
2.430718000000000156e+00 2.471456500000000034e+01 7.076367708395175926e-02
2.435461000000000098e+00 2.473378299999999541e+01 7.072285025113878021e-02
2.440204000000000040e+00 2.468765599999999694e+01 7.061347664235773092e-02
2.444946999999999981e+00 2.465878699999999668e+01 7.047906935307106380e-02
2.449689999999999923e+00 2.468720599999999976e+01 7.045159658112228052e-02
2.454432999999999865e+00 2.467602399999999818e+01 7.036839825408845728e-02
2.459175999999999807e+00 2.469601399999999813e+01 7.032989484769189281e-02
2.463918000000000053e+00 2.474234799999999979e+01 7.032837581245282577e-02
2.468660999999999994e+00 2.472930500000000009e+01 7.024319516151440734e-02
2.473403999999999936e+00 2.470009800000000055e+01 7.013520353169085120e-02
2.478146999999999878e+00 2.466661500000000018e+01 7.002158128359642353e-02
2.482889999999999819e+00 2.461934199999999606e+01 6.988868136891410177e-02
2.487633000000000205e+00 2.465033000000000030e+01 6.986701609385145839e-02
2.492376000000000147e+00 2.462649399999999744e+01 6.976791690877190422e-02
2.497117999999999949e+00 2.469657199999999975e+01 6.980197005662376608e-02
2.501860999999999891e+00 2.467678400000000138e+01 6.970901442695628947e-02
2.506603999999999832e+00 2.467957100000000281e+01 6.964827763790143456e-02
2.511347000000000218e+00 2.467577799999999755e+01 6.957698740943876747e-02
2.516090000000000160e+00 2.462333600000000189e+01 6.938549050258634165e-02
2.520833000000000101e+00 2.460019099999999881e+01 6.921085869149219694e-02
2.525576000000000043e+00 2.468068999999999846e+01 6.918290318515261939e-02
2.530318999999999985e+00 2.472668900000000036e+01 6.913420906171198477e-02
2.535060999999999787e+00 2.468230199999999996e+01 6.900894556291524429e-02
2.539804000000000173e+00 2.463288200000000217e+01 6.887725438431761826e-02
2.544547000000000114e+00 2.460320000000000462e+01 6.877430224502825706e-02
2.549290000000000056e+00 2.470034099999999810e+01 6.884803942773751184e-02
2.554032999999999998e+00 2.457467700000000121e+01 6.861157924568053734e-02
2.558775999999999939e+00 2.456228899999999982e+01 6.853297089825816091e-02
2.563518999999999881e+00 2.453220599999999862e+01 6.843256111102009875e-02
2.568261000000000127e+00 2.467125399999999757e+01 6.862053832511444407e-02
2.573004000000000069e+00 2.464564800000000133e+01 6.860067767581964904e-02
2.577747000000000011e+00 2.462400999999999840e+01 6.858561878370493525e-02
2.582489999999999952e+00 2.464336799999999883e+01 6.859382277928020855e-02
2.587232999999999894e+00 2.468144200000000055e+01 6.858620380521435189e-02
2.591975999999999836e+00 2.461986800000000031e+01 6.844006368127150686e-02
2.596719000000000221e+00 2.465571500000000071e+01 6.842909535533622800e-02
2.601462000000000163e+00 2.469450499999999948e+01 6.842248862843341994e-02
2.606203999999999965e+00 2.452039599999999808e+01 6.812101516945412438e-02
2.610946999999999907e+00 2.450421700000000413e+01 6.803894172112762151e-02
2.615689999999999849e+00 2.461218699999999870e+01 6.812891545329706477e-02
2.620432999999999790e+00 2.447388800000000231e+01 6.787772681111602091e-02
2.625176000000000176e+00 2.449164200000000235e+01 6.784327798763412076e-02
2.629919000000000118e+00 2.457976200000000233e+01 6.790622243452068552e-02
2.634662000000000059e+00 2.449230499999999822e+01 6.774101093542080065e-02
2.639403999999999861e+00 2.453457299999999464e+01 6.775239796591925323e-02
2.644146999999999803e+00 2.454316500000000190e+01 6.768342260001632138e-02
2.648890000000000189e+00 2.457309400000000466e+01 6.766240862135711187e-02
2.653633000000000131e+00 2.454968300000000170e+01 6.758211770431732379e-02
2.658376000000000072e+00 2.461095300000000208e+01 6.761007049187126028e-02
2.663119000000000014e+00 2.460089100000000073e+01 6.752668654198501486e-02
2.667861999999999956e+00 2.460849499999999779e+01 6.747899311546001755e-02
2.672604999999999897e+00 2.460525099999999910e+01 6.741691194873880577e-02
2.677347000000000143e+00 2.459528600000000509e+01 6.734606487906030781e-02
2.682090000000000085e+00 2.462014599999999831e+01 6.732275863221962031e-02
2.686833000000000027e+00 2.459452699999999936e+01 6.723096617343157777e-02
2.691575999999999969e+00 2.454263500000000064e+01 6.710285272986983574e-02
2.696318999999999910e+00 2.450636899999999940e+01 6.699678733456104762e-02
2.701061999999999852e+00 2.452161899999999761e+01 6.696129960750014931e-02
2.705804999999999794e+00 2.453464199999999806e+01 6.692274613901913471e-02
2.710547000000000040e+00 2.448073499999999925e+01 6.679296246093371914e-02
2.715289999999999981e+00 2.451730599999999782e+01 6.678705441923007968e-02
2.720032999999999923e+00 2.446455999999999875e+01 6.665943702963669781e-02
2.724775999999999865e+00 2.454934300000000036e+01 6.671916668889982249e-02
2.729518999999999807e+00 2.451229599999999920e+01 6.661319880195290533e-02
2.734262000000000192e+00 2.461457399999999751e+01 6.669663572054515543e-02
2.739005000000000134e+00 2.453807799999999872e+01 6.653781076331787003e-02
2.743746999999999936e+00 2.455309999999999704e+01 6.650294731613479171e-02
2.748489999999999878e+00 2.465354300000000265e+01 6.658392422298267666e-02
2.753232999999999819e+00 2.453300799999999882e+01 6.636624601685334190e-02
2.757976000000000205e+00 2.449243499999999685e+01 6.625682129702797907e-02
2.762719000000000147e+00 2.453963499999999698e+01 6.626621558066372875e-02
2.767462000000000089e+00 2.446676699999999727e+01 6.611356227219720993e-02
2.772205000000000030e+00 2.452491399999999899e+01 6.613805379157221276e-02
2.776947999999999972e+00 2.450559000000000154e+01 6.605801700689024891e-02
2.781690000000000218e+00 2.452555899999999767e+01 6.603094329072166369e-02
2.786433000000000160e+00 2.449193199999999493e+01 6.593184950383539078e-02
2.791176000000000101e+00 2.449819999999999709e+01 6.588683592391882116e-02
2.795919000000000043e+00 2.447416199999999975e+01 6.580133285060493775e-02
2.800661999999999985e+00 2.461864699999999928e+01 6.595698903032869154e-02
2.805404999999999927e+00 2.446172200000000174e+01 6.568384655735076683e-02
2.810147999999999868e+00 2.459612200000000115e+01 6.584243130600357652e-02
2.814890000000000114e+00 2.459671399999999863e+01 6.579867038324482831e-02
2.819633000000000056e+00 2.471085699999999719e+01 6.717337760194436180e-02
2.824375999999999998e+00 2.470488100000000031e+01 6.857519130224355719e-02
2.829118999999999939e+00 2.460232799999999997e+01 6.931709953281153802e-02
2.833861999999999881e+00 2.457783099999999621e+01 7.000599929685169531e-02
2.838604999999999823e+00 2.447752300000000503e+01 7.047421673749981741e-02
2.843348000000000209e+00 2.435528699999999702e+01 7.059437600335170815e-02
2.848091000000000150e+00 2.440199499999999944e+01 7.087651768834089816e-02
2.852832999999999952e+00 2.440113799999999955e+01 7.108206861311508473e-02
2.857575999999999894e+00 2.456249000000000038e+01 7.150823771762243597e-02
2.862318999999999836e+00 2.444923200000000207e+01 7.152115033475552053e-02
2.867062000000000221e+00 2.443477100000000135e+01 7.166760166233554497e-02
2.871805000000000163e+00 2.444438500000000047e+01 7.183982429454083274e-02
2.876548000000000105e+00 2.435805099999999968e+01 7.186246489565466244e-02
2.881291000000000047e+00 2.441175899999999643e+01 7.174731416658047811e-02
2.886032999999999848e+00 2.471416500000000127e+01 7.013196621815190324e-02
2.890775999999999790e+00 2.459266099999999966e+01 6.885975938926014450e-02
2.895519000000000176e+00 2.442646599999999779e+01 6.788539107847210707e-02
2.900262000000000118e+00 2.447052899999999909e+01 6.735903141733853849e-02
2.905005000000000059e+00 2.455488300000000024e+01 6.711136987400420639e-02
2.909748000000000001e+00 2.451365499999999997e+01 6.687926154055082173e-02
2.914490999999999943e+00 2.445934600000000003e+01 6.664887353934799419e-02
2.919233000000000189e+00 2.455317400000000205e+01 6.663437346444400777e-02
2.923976000000000131e+00 2.445025599999999955e+01 6.636386380834377596e-02
2.928719000000000072e+00 2.442164500000000160e+01 6.620394056614455069e-02
2.933462000000000014e+00 2.451548800000000128e+01 6.621659147761835285e-02
2.938204999999999956e+00 2.440106699999999762e+01 6.595386850001977441e-02
2.942947999999999897e+00 2.445769699999999958e+01 6.592802976704217888e-02
2.947690999999999839e+00 2.442225800000000291e+01 6.578226803832473712e-02
2.952433999999999781e+00 2.439203400000000244e+01 6.565479350640210376e-02
2.957176000000000027e+00 2.446317200000000014e+01 6.566578133044104204e-02
2.961918999999999969e+00 2.437228300000000303e+01 6.544289563304866997e-02
2.966661999999999910e+00 2.443883300000000247e+01 6.544754204694779032e-02
2.971404999999999852e+00 2.455546999999999969e+01 6.552071747196606954e-02
2.976147999999999794e+00 2.438541300000000334e+01 6.521312952186392176e-02
2.980891000000000179e+00 2.441767300000000063e+01 6.517805238771176568e-02
2.985634000000000121e+00 2.446184600000000131e+01 6.516038279148919643e-02
2.990375999999999923e+00 2.435290400000000233e+01 6.495726661237755106e-02
2.995118999999999865e+00 2.438183599999999984e+01 6.490843593119387245e-02
2.999861999999999806e+00 2.444791099999999773e+01 6.492130708999935274e-02
3.004605000000000192e+00 2.444956700000000183e+01 6.485290852248648541e-02
3.009348000000000134e+00 2.451556399999999769e+01 6.487070151533047557e-02
3.014091000000000076e+00 2.440269499999999780e+01 6.467228553447913753e-02
3.018834000000000017e+00 2.431642099999999829e+01 6.447097086079749129e-02
3.023576999999999959e+00 2.444437900000000141e+01 6.457415007367808824e-02
3.028319000000000205e+00 2.441605799999999959e+01 6.447110321901743102e-02
3.033062000000000147e+00 2.445402999999999949e+01 6.445621174961882471e-02
3.037805000000000089e+00 2.440709600000000279e+01 6.433061766248712732e-02
3.042548000000000030e+00 2.440793700000000044e+01 6.426887725091359749e-02
3.047290999999999972e+00 2.448095400000000410e+01 6.430233830601653211e-02
3.052033999999999914e+00 2.433589699999999922e+01 6.404978607619465913e-02
3.056776999999999855e+00 2.442997799999999842e+01 6.411246791501477860e-02
3.061519000000000101e+00 2.439994300000000038e+01 6.401248461270660217e-02
3.066262000000000043e+00 2.438186300000000273e+01 6.392903207249894804e-02
3.071004999999999985e+00 2.442265799999999842e+01 6.393605312656311379e-02
3.075747999999999927e+00 2.443053699999999751e+01 6.389038334841325162e-02
3.080490999999999868e+00 2.435028600000000054e+01 6.372036933649082024e-02
3.085233999999999810e+00 2.442545999999999751e+01 6.375165564497833892e-02
3.089977000000000196e+00 2.439223499999999945e+01 6.366897275208230345e-02
3.094720000000000137e+00 2.438788999999999874e+01 6.358916171603852530e-02
3.099461999999999939e+00 2.441008699999999720e+01 6.356089433451750370e-02
3.104204999999999881e+00 2.439850000000000207e+01 6.348949182370418332e-02
3.108947999999999823e+00 2.442374100000000325e+01 6.346635990014946882e-02
3.113691000000000209e+00 2.440684599999999804e+01 6.338942527706967200e-02
3.118434000000000150e+00 2.441765199999999680e+01 6.334861897593821456e-02
3.123177000000000092e+00 2.434589599999999976e+01 6.320074167689727906e-02
3.127920000000000034e+00 2.440550299999999950e+01 6.322355857670461377e-02
3.132661999999999836e+00 2.432558099999999968e+01 6.306624601585938961e-02
3.137405000000000221e+00 2.437517599999999973e+01 6.307726731323971825e-02
3.142148000000000163e+00 2.444421099999999925e+01 6.311280059241469731e-02
3.146891000000000105e+00 2.442446299999999582e+01 6.304226710081815843e-02
3.151634000000000047e+00 2.440909100000000009e+01 6.297205771366534699e-02
3.156376999999999988e+00 2.442212500000000119e+01 6.292636508426734110e-02
3.161119999999999930e+00 2.436036200000000207e+01 6.279502354700730593e-02
3.165862000000000176e+00 2.443577000000000155e+01 6.288394789315632227e-02
3.170605000000000118e+00 2.439739300000000100e+01 6.276678114774805750e-02
3.175348000000000059e+00 2.446197200000000294e+01 6.277065347151486452e-02
3.180091000000000001e+00 2.446516800000000202e+01 6.272345457133718383e-02
3.184833999999999943e+00 2.445729299999999995e+01 6.266233348834450434e-02
3.189576999999999884e+00 2.431035800000000080e+01 6.242323927960483770e-02
3.194319999999999826e+00 2.431138100000000080e+01 6.235631540560346991e-02
3.199063000000000212e+00 2.434643900000000016e+01 6.228701745878029161e-02
3.203805000000000014e+00 2.435388599999999926e+01 6.218094223437756890e-02
3.208547999999999956e+00 2.432428399999999868e+01 6.206668739485216024e-02
3.213290999999999897e+00 2.445546700000000229e+01 6.218470466408117930e-02
3.218033999999999839e+00 2.444365600000000072e+01 6.212091856005028806e-02
3.222776999999999781e+00 2.444556000000000395e+01 6.207454905528915490e-02
3.227520000000000167e+00 2.437531900000000107e+01 6.193696030509891759e-02
3.232263000000000108e+00 2.438107799999999514e+01 6.189622368099123584e-02
3.237004999999999910e+00 2.440731000000000250e+01 6.188145596195439302e-02
3.241747999999999852e+00 2.445124099999999956e+01 6.188931937481700896e-02
3.246490999999999794e+00 2.437479699999999738e+01 6.174501950846885551e-02
3.251234000000000179e+00 2.452689900000000378e+01 6.190724353758371434e-02
3.255977000000000121e+00 2.452322500000000005e+01 6.191842461958476512e-02
3.260720000000000063e+00 2.431564999999999799e+01 6.167339150094471034e-02
3.265463000000000005e+00 2.435969000000000051e+01 6.170687999348047070e-02
3.270205999999999946e+00 2.431572599999999795e+01 6.160438802150623033e-02
3.274948000000000192e+00 2.431196299999999866e+01 6.155242810873588766e-02
3.279691000000000134e+00 2.442552900000000093e+01 6.164906656701624188e-02
3.284434000000000076e+00 2.432208899999999829e+01 6.147204725209744203e-02
3.289177000000000017e+00 2.436040299999999803e+01 6.147391213494631662e-02
3.293919999999999959e+00 2.429422399999999627e+01 6.134400810695450623e-02
3.298662999999999901e+00 2.437528299999999604e+01 6.140023045720186673e-02
3.303405999999999842e+00 2.442031999999999670e+01 6.141099760766551702e-02
3.308148000000000089e+00 2.435442099999999854e+01 6.128232623094361647e-02
3.312891000000000030e+00 2.441063100000000219e+01 6.130707236870963639e-02
3.317633999999999972e+00 2.437396000000000029e+01 6.121550877158826731e-02
3.322376999999999914e+00 2.439511800000000363e+01 6.119750827175155644e-02
3.327119999999999855e+00 2.436977200000000110e+01 6.113561555335563641e-02
3.331862999999999797e+00 2.433347099999999585e+01 6.102904011580224941e-02
3.336606000000000183e+00 2.439208599999999905e+01 6.105743837440774646e-02
3.341347999999999985e+00 2.441046099999999797e+01 6.103576853682355502e-02
3.346090999999999926e+00 2.434484899999999996e+01 6.090889157547278721e-02
3.350833999999999868e+00 2.435756500000000102e+01 6.087991682215079109e-02
3.355576999999999810e+00 2.438243599999999844e+01 6.086677381159363159e-02
3.360320000000000196e+00 2.435461199999999948e+01 6.078788891714614895e-02
3.365063000000000137e+00 2.435883499999999557e+01 6.074908062713377938e-02
3.369806000000000079e+00 2.448470499999999817e+01 6.086156812435907643e-02
3.374549000000000021e+00 2.457581000000000060e+01 6.093050070311092220e-02
3.379290999999999823e+00 2.451312199999999919e+01 6.148551269010530534e-02
3.384034000000000209e+00 2.435125800000000496e+01 6.272024128553875533e-02
3.388777000000000150e+00 2.435584199999999910e+01 6.355537881604357564e-02
3.393520000000000092e+00 2.446104199999999906e+01 6.434864988083044413e-02
3.398263000000000034e+00 2.435379800000000117e+01 6.459585035647567863e-02
3.403005999999999975e+00 2.433993900000000110e+01 6.475160811412099260e-02
3.407748999999999917e+00 2.435071199999999791e+01 6.473245542064118285e-02
3.412491000000000163e+00 2.431376500000000007e+01 6.471897790906157300e-02
3.417234000000000105e+00 2.437917400000000256e+01 6.497861384333310231e-02
3.421977000000000046e+00 2.437685700000000466e+01 6.513264504514461317e-02
3.426719999999999988e+00 2.437154199999999804e+01 6.525831322912276078e-02
3.431462999999999930e+00 2.436708599999999691e+01 6.538813237088286767e-02
3.436205999999999872e+00 2.437855100000000164e+01 6.554531817024843166e-02
3.440948999999999813e+00 2.437438300000000169e+01 6.565847563074778126e-02
3.445692000000000199e+00 2.435747699999999938e+01 6.576519952558419757e-02
3.450434000000000001e+00 2.431718899999999906e+01 6.580233213468958398e-02
3.455176999999999943e+00 2.433840200000000209e+01 6.593908879625498543e-02
3.459919999999999884e+00 2.438918299999999917e+01 6.611150422729542009e-02
3.464662999999999826e+00 2.435010700000000128e+01 6.615828360761409621e-02
3.469406000000000212e+00 2.443256299999999470e+01 6.636709420009663518e-02
3.474149000000000154e+00 2.430307600000000079e+01 6.628412973417316389e-02
3.478892000000000095e+00 2.436080300000000065e+01 6.645358323720398919e-02
3.483633999999999897e+00 2.434914999999999807e+01 6.652518640232209235e-02
3.488376999999999839e+00 2.439953500000000375e+01 6.667922633190415116e-02
3.493119999999999781e+00 2.437642699999999962e+01 6.673037348807887847e-02
3.497863000000000167e+00 2.438147000000000020e+01 6.681804253402444382e-02
3.502606000000000108e+00 2.440203000000000344e+01 6.692494731578427225e-02
3.507349000000000050e+00 2.440961899999999929e+01 6.701169203287289655e-02
3.512091999999999992e+00 2.431685799999999631e+01 6.695900183438967257e-02
3.516833999999999794e+00 2.438711799999999741e+01 6.712872222450536053e-02
3.521577000000000179e+00 2.438707600000000042e+01 6.719956469869056703e-02
3.526320000000000121e+00 2.438683999999999941e+01 6.726891641210894224e-02
3.531063000000000063e+00 2.435484199999999788e+01 6.729301265351997352e-02
3.535806000000000004e+00 2.429119599999999934e+01 6.727164067302951467e-02
3.540548999999999946e+00 2.433640399999999815e+01 6.739869705875552175e-02
3.545291999999999888e+00 2.433104900000000015e+01 6.745549420045635070e-02
3.550034999999999830e+00 2.439833700000000150e+01 6.761162634009923456e-02
3.554777000000000076e+00 2.436828200000000066e+01 6.763128338760916736e-02
3.559520000000000017e+00 2.432800700000000305e+01 6.763572266232838193e-02
3.564262999999999959e+00 2.429138700000000028e+01 6.764360703218967596e-02
3.569005999999999901e+00 2.445816800000000057e+01 6.794669730646883676e-02
3.573748999999999842e+00 2.431210100000000551e+01 6.782049805783499363e-02
3.578491999999999784e+00 2.437128200000000078e+01 6.792612512795426216e-02
3.583235000000000170e+00 2.427303500000000014e+01 6.784425707291812102e-02
3.587976999999999972e+00 2.436015700000000095e+01 6.799689215707362122e-02
3.592719999999999914e+00 2.428891899999999993e+01 6.784435713940031865e-02
3.597462999999999855e+00 2.433222100000000054e+01 6.784445268864507106e-02
3.602205999999999797e+00 2.427678099999999972e+01 6.770723134392589437e-02
3.606949000000000183e+00 2.433354199999999778e+01 6.772641975737533904e-02
3.611692000000000125e+00 2.421545599999999965e+01 6.755262002179411585e-02
3.616435000000000066e+00 2.434560600000000363e+01 6.780155302084532598e-02
3.621178000000000008e+00 2.457415799999999706e+01 6.894258352703429293e-02
3.625919999999999810e+00 2.453149799999999914e+01 7.134542521729406173e-02
3.630663000000000196e+00 2.449270599999999831e+01 7.267711126165718460e-02
3.635406000000000137e+00 2.445925399999999783e+01 7.366409317180520888e-02
3.640149000000000079e+00 2.431062400000000068e+01 7.420139998990450680e-02
3.644892000000000021e+00 2.438967000000000240e+01 7.483018040481395627e-02
3.649634999999999962e+00 2.431101299999999554e+01 7.519124170298160936e-02
3.654377999999999904e+00 2.426802800000000104e+01 7.554234941572839090e-02
3.659120000000000150e+00 2.423203399999999874e+01 7.590760349157520126e-02
3.663863000000000092e+00 2.434236800000000045e+01 7.648695677019709538e-02
3.668606000000000034e+00 2.426226000000000127e+01 7.675431936610407901e-02
3.673348999999999975e+00 2.423250900000000030e+01 7.708955558148977705e-02
3.678091999999999917e+00 2.443243400000000065e+01 7.778156856137193043e-02
3.682834999999999859e+00 2.435613000000000028e+01 7.802646468869775531e-02
3.687577999999999800e+00 2.430318600000000018e+01 7.830088371884444398e-02
3.692321000000000186e+00 2.427616700000000449e+01 7.861072128679585935e-02
3.697062999999999988e+00 2.429766100000000151e+01 7.899334557780673949e-02
3.701805999999999930e+00 2.427275200000000410e+01 7.929637961362423493e-02
3.706548999999999872e+00 2.432545400000000058e+01 7.972237271277868298e-02
3.711291999999999813e+00 2.430776300000000134e+01 8.002921033207624490e-02
3.716035000000000199e+00 2.431821799999999811e+01 8.037898985288070841e-02
3.720778000000000141e+00 2.416957599999999928e+01 8.046186192870383169e-02
3.725521000000000083e+00 2.426595500000000172e+01 8.094886391986177987e-02
3.730262999999999884e+00 2.434553599999999918e+01 8.140716186354858552e-02
3.735005999999999826e+00 2.439936300000000102e+01 8.182021961373117658e-02
3.739749000000000212e+00 2.416423300000000296e+01 8.174519435011087798e-02
3.744492000000000154e+00 2.417485800000000040e+01 8.208193385794952668e-02
3.749235000000000095e+00 2.427903600000000139e+01 8.257612234600628098e-02
3.753978000000000037e+00 2.434091499999999897e+01 8.299831225177292660e-02
3.758720999999999979e+00 2.432005099999999942e+01 8.327833847255600164e-02
3.763462999999999781e+00 2.435398300000000305e+01 8.365144029446117124e-02
3.768206000000000166e+00 2.421536700000000408e+01 8.372618319216994232e-02
3.772949000000000108e+00 2.428779399999999811e+01 8.416408017546676834e-02
3.777692000000000050e+00 2.429356499999999741e+01 8.448601526299130693e-02
3.782434999999999992e+00 2.430219500000000110e+01 8.481284314336832997e-02
3.787177999999999933e+00 2.422358299999999787e+01 8.498652316192373268e-02
3.791920999999999875e+00 2.428090200000000110e+01 8.539811308515955768e-02
3.796663999999999817e+00 2.443447700000000467e+01 8.597870995210440959e-02
3.801406000000000063e+00 2.435740499999999642e+01 8.615458561381453273e-02
3.806149000000000004e+00 2.428521400000000341e+01 8.633732501815828686e-02
3.810891999999999946e+00 2.431625400000000070e+01 8.670288736024250875e-02
3.815634999999999888e+00 2.432594099999999315e+01 8.703078481496187568e-02
3.820377999999999830e+00 2.426896299999999584e+01 8.723949649852869026e-02
3.825121000000000215e+00 2.434183700000000172e+01 8.768109428947840067e-02
3.829864000000000157e+00 2.414903200000000183e+01 8.764364370208030386e-02
3.834605999999999959e+00 2.419724899999999934e+01 8.804198623699603654e-02
3.839348999999999901e+00 2.412767099999999942e+01 8.822658573784661340e-02
3.844091999999999842e+00 2.425348199999999821e+01 8.876815658783897278e-02
3.848834999999999784e+00 2.439244700000000066e+01 8.933852282689590252e-02
3.853578000000000170e+00 2.439919200000000288e+01 8.971264262098402331e-02
3.858321000000000112e+00 2.432165300000000130e+01 8.983366944698685519e-02
3.863064000000000053e+00 2.428327200000000019e+01 9.007764296441209129e-02
3.867806999999999995e+00 2.429280400000000384e+01 9.041134608371285963e-02
3.872548999999999797e+00 2.432875399999999999e+01 9.079438570027223432e-02
3.877292000000000183e+00 2.426359700000000075e+01 9.098957944235207262e-02
3.882035000000000124e+00 2.431577399999999756e+01 9.140564644044316123e-02
3.886778000000000066e+00 2.428868399999999994e+01 9.167385298120724058e-02
3.891521000000000008e+00 2.435414399999999802e+01 9.211729198439075339e-02
3.896263999999999950e+00 2.423541400000000223e+01 9.221273829334751537e-02
3.901006999999999891e+00 2.422379000000000460e+01 9.251153728365182904e-02
3.905749000000000137e+00 2.429112500000000097e+01 9.296383645538784657e-02
3.910492000000000079e+00 2.433945399999999992e+01 9.338091095993387991e-02
3.915235000000000021e+00 2.448858299999999844e+01 9.399292199981230944e-02
3.919977999999999962e+00 2.431789399999999546e+01 9.395025165600515149e-02
3.924720999999999904e+00 2.428093399999999846e+01 9.396254616651625313e-02
3.929463999999999846e+00 2.430054100000000261e+01 9.407247658602488349e-02
3.934206999999999788e+00 2.432676499999999820e+01 9.424688452491519763e-02
3.938949000000000034e+00 2.427770999999999901e+01 9.425445903071960618e-02
3.943691999999999975e+00 2.427972200000000313e+01 9.436073605384390217e-02
3.948434999999999917e+00 2.425186399999999765e+01 9.440776437700501567e-02
3.953177999999999859e+00 2.436672099999999830e+01 9.475857729518420702e-02
3.957920999999999800e+00 2.422651599999999661e+01 9.465238717045124095e-02
3.962664000000000186e+00 2.417611899999999991e+01 9.456231509478657538e-02
3.967407000000000128e+00 2.425086100000000044e+01 9.495238482599055452e-02
3.972150000000000070e+00 2.427145600000000059e+01 9.531321461704983511e-02
3.976891999999999872e+00 2.419781300000000002e+01 9.548930284286036296e-02
3.981634999999999813e+00 2.424164100000000133e+01 9.589856267445825977e-02
3.986378000000000199e+00 2.424511099999999786e+01 9.623018886071720013e-02
3.991121000000000141e+00 2.437927200000000383e+01 9.682267969187745293e-02
3.995864000000000082e+00 2.425401199999999946e+01 9.690157424303538769e-02
4.000606999999999580e+00 2.426621499999999543e+01 9.725494261068945434e-02
4.005349999999999966e+00 2.435630999999999702e+01 9.776746026561905500e-02
4.010092000000000212e+00 2.429810599999999710e+01 9.798359237820890300e-02
4.014834999999999710e+00 2.435205399999999898e+01 9.842750118989204711e-02
4.019578000000000095e+00 2.433958700000000164e+01 9.873953378382237245e-02
4.024320999999999593e+00 2.424032599999999960e+01 9.887559742633415805e-02
4.029063999999999979e+00 2.429282600000000159e+01 9.932320208506520420e-02
4.033807000000000365e+00 2.426970000000000383e+01 9.961800525286981789e-02
4.038549999999999862e+00 2.453251999999999811e+01 1.005021058914662840e-01
4.043293000000000248e+00 2.445528699999999844e+01 1.006909170193990288e-01
4.048034999999999606e+00 2.423207899999999526e+01 1.005787103624201373e-01
4.052777999999999992e+00 2.423977500000000163e+01 1.009446590976996461e-01
4.057521000000000377e+00 2.428616799999999643e+01 1.013934932604977357e-01
4.062263999999999875e+00 2.433052999999999955e+01 1.018410289178482281e-01
4.067007000000000261e+00 2.428304699999999983e+01 1.020987589560558711e-01
4.071749999999999758e+00 2.439771999999999963e+01 1.026995953888529128e-01
4.076493000000000144e+00 2.426743300000000048e+01 1.027858384170971251e-01
4.081235000000000390e+00 2.421717399999999998e+01 1.030421303298272306e-01
4.085977999999999888e+00 2.437673600000000107e+01 1.037483965818537246e-01
4.090721000000000274e+00 2.428849400000000003e+01 1.039290727851489987e-01
4.095463999999999771e+00 2.428319900000000331e+01 1.042886933478088113e-01
4.100207000000000157e+00 2.432975700000000430e+01 1.047623981664752846e-01
4.104949999999999655e+00 2.435838799999999793e+01 1.052016111268962578e-01
4.109693000000000040e+00 2.442496700000000232e+01 1.057247113551841311e-01
4.114436000000000426e+00 2.427152600000000149e+01 1.057728500916657738e-01
4.119177999999999784e+00 2.424669399999999797e+01 1.061030935889236970e-01
4.123921000000000170e+00 2.418413500000000482e+01 1.063521912207007619e-01
4.128663999999999668e+00 2.427064000000000377e+01 1.069323117877356150e-01
4.133407000000000053e+00 2.430797300000000050e+01 1.074075155582094182e-01
4.138150000000000439e+00 2.442994200000000049e+01 1.080732254632543049e-01
4.142892999999999937e+00 2.435744600000000304e+01 1.083119261235419017e-01
4.147636000000000323e+00 2.431421000000000276e+01 1.086172418310882015e-01
4.152377999999999680e+00 2.422657699999999892e+01 1.088263401673629643e-01
4.157121000000000066e+00 2.445125600000000077e+01 1.097388695093648170e-01
4.161863999999999564e+00 2.427662300000000073e+01 1.097572498705616378e-01
4.166606999999999950e+00 2.432296699999999845e+01 1.102766835642194909e-01
4.171350000000000335e+00 2.415847799999999523e+01 1.103192445402115807e-01
4.176092999999999833e+00 2.436388900000000035e+01 1.112154402355455540e-01
4.180836000000000219e+00 2.438878700000000066e+01 1.118511072300721609e-01
4.185577999999999577e+00 2.425367199999999812e+01 1.118499566475485985e-01
4.190320999999999962e+00 2.433539099999999777e+01 1.124303429433887169e-01
4.195064000000000348e+00 2.430698999999999899e+01 1.128000998027479385e-01
4.199806999999999846e+00 2.424363300000000265e+01 1.130911282064884088e-01
4.204550000000000232e+00 2.429186399999999679e+01 1.136466446549338205e-01
4.209292999999999729e+00 2.437088999999999572e+01 1.142794175656850209e-01
4.214036000000000115e+00 2.436260099999999795e+01 1.147104892053067565e-01
4.218778999999999613e+00 2.426753400000000127e+01 1.149413468436510932e-01
4.223520999999999859e+00 2.425162300000000215e+01 1.153624477715907287e-01
4.228264000000000244e+00 2.427246800000000349e+01 1.158752454389776060e-01
4.233006999999999742e+00 2.421789400000000114e+01 1.162108364670145499e-01
4.237750000000000128e+00 2.416380999999999801e+01 1.165512686825321553e-01
4.242492999999999626e+00 2.436934899999999971e+01 1.175229955970149842e-01
4.247236000000000011e+00 2.438263099999999994e+01 1.180358399255861668e-01
4.251979000000000397e+00 2.449602600000000052e+01 1.188022306025084546e-01
4.256720999999999755e+00 2.437331700000000012e+01 1.191953668224914747e-01
4.261464000000000141e+00 2.429813000000000045e+01 1.193402483461573071e-01
4.266206999999999638e+00 2.435459799999999930e+01 1.199401373536757298e-01
4.270950000000000024e+00 2.434345300000000378e+01 1.204178696471877447e-01
4.275693000000000410e+00 2.435259199999999780e+01 1.209497917507541542e-01
4.280435999999999908e+00 2.441283200000000164e+01 1.216158387851977024e-01
4.285179000000000293e+00 2.419471599999999611e+01 1.215901157728846715e-01
4.289921999999999791e+00 2.428573000000000093e+01 1.223436798895970873e-01
4.294664000000000037e+00 2.431152799999999914e+01 1.229405948591452830e-01
4.299407000000000423e+00 2.424181800000000209e+01 1.232989093271651820e-01
4.304149999999999920e+00 2.427835899999999825e+01 1.239331295898772056e-01
4.308893000000000306e+00 2.435028600000000409e+01 1.246666380745049263e-01
4.313635999999999804e+00 2.435194599999999809e+01 1.252245002023581466e-01
4.318379000000000190e+00 2.444467500000000015e+01 1.260246052588069321e-01
4.323121999999999687e+00 2.466519000000000261e+01 1.272513945855321404e-01
4.327863999999999933e+00 2.432030900000000173e+01 1.269052945350594985e-01
4.332607000000000319e+00 2.439825000000000088e+01 1.276258772271991193e-01
4.337349999999999817e+00 2.443711499999999859e+01 1.283157131730085498e-01
4.342093000000000202e+00 2.436683299999999974e+01 1.287248132690387847e-01
4.346835999999999700e+00 2.433463000000000065e+01 1.292393230404655091e-01
4.351579000000000086e+00 2.420163600000000059e+01 1.294899119325694792e-01
4.356321999999999584e+00 2.451992699999999914e+01 1.309556687794236063e-01
4.361063999999999830e+00 2.439774900000000457e+01 1.312517217627319488e-01
4.365807000000000215e+00 2.453274800000000155e+01 1.322464358146865082e-01
4.370549999999999713e+00 2.452901299999999907e+01 1.328749500900414104e-01
4.375293000000000099e+00 2.440050400000000153e+01 1.331721813370243535e-01
4.380035999999999596e+00 2.433225200000000044e+01 1.336999236885556275e-01
4.384778999999999982e+00 2.427633900000000011e+01 1.342603084449544293e-01
4.389522000000000368e+00 2.446207600000000326e+01 1.353294154234252200e-01
4.394264999999999866e+00 2.443816299999999586e+01 1.359273116673830883e-01
4.399007000000000112e+00 2.417255099999999857e+01 1.354516943593763456e-01
4.403749999999999609e+00 2.420722699999999961e+01 1.356418601064166285e-01
4.408492999999999995e+00 2.446475600000000128e+01 1.364539685746435083e-01
4.413236000000000381e+00 2.430126299999999873e+01 1.360884450866229889e-01
4.417978999999999878e+00 2.439133600000000257e+01 1.364317841777468732e-01
4.422722000000000264e+00 2.419927700000000215e+01 1.359856016880930940e-01
4.427464999999999762e+00 2.452611700000000283e+01 1.369889488007967060e-01
4.432207000000000008e+00 2.430218499999999793e+01 1.364523210838155809e-01
4.436950000000000394e+00 2.444417899999999833e+01 1.370146335864326770e-01
4.441692999999999891e+00 2.463850099999999799e+01 1.381808953440926968e-01
4.446436000000000277e+00 2.431038099999999957e+01 1.379611732490199638e-01
4.451178999999999775e+00 2.446796099999999896e+01 1.391208456638813595e-01
4.455922000000000160e+00 2.432567399999999935e+01 1.394367505224849146e-01
4.460664999999999658e+00 2.453811999999999927e+01 1.407794966832496553e-01
4.465408000000000044e+00 2.474549999999999983e+01 1.421217352930574940e-01
4.470150000000000290e+00 2.453684999999999761e+01 1.422764423311670412e-01
4.474892999999999788e+00 2.459256699999999540e+01 1.432054071411442975e-01
4.479636000000000173e+00 2.425478799999999779e+01 1.429906917323557902e-01
4.484378999999999671e+00 2.445350499999999982e+01 1.443637119615410747e-01
4.489122000000000057e+00 2.431336999999999904e+01 1.447467510443736782e-01
4.493865000000000443e+00 2.437421900000000008e+01 1.457377369431424874e-01
4.498607999999999940e+00 2.446003300000000280e+01 1.468172983456612068e-01
4.503350000000000186e+00 2.437081099999999623e+01 1.473833751556155036e-01
4.508092999999999684e+00 2.444921499999999881e+01 1.484694974499637943e-01
4.512836000000000070e+00 2.462097200000000186e+01 1.498552367816373687e-01
4.517578999999999567e+00 2.446032399999999640e+01 1.502414140889741512e-01
4.522321999999999953e+00 2.447933800000000204e+01 1.511903914972294038e-01
4.527065000000000339e+00 2.477098900000000370e+01 1.529989365972652671e-01
4.531807999999999836e+00 2.472290299999999874e+01 1.537754580417538541e-01
4.536551000000000222e+00 2.453991199999999751e+01 1.541408067300327200e-01
4.541292999999999580e+00 2.452426499999999976e+01 1.550436147805377973e-01
4.546035999999999966e+00 2.449445199999999900e+01 1.559183054144775427e-01
4.550779000000000352e+00 2.453219200000000200e+01 1.570222596634668066e-01
4.555521999999999849e+00 2.452074299999999951e+01 1.579884258009706388e-01
4.560265000000000235e+00 2.442001300000000086e+01 1.586790857761973539e-01
4.565007999999999733e+00 2.442573699999999803e+01 1.597364504318043721e-01
4.569751000000000118e+00 2.424016800000000060e+01 1.601775980496495388e-01
4.574493000000000364e+00 2.447480200000000039e+01 1.620278170304540744e-01
4.579235999999999862e+00 2.460032400000000052e+01 1.635407007565245208e-01
4.583979000000000248e+00 2.457903699999999603e+01 1.645882385073602350e-01
4.588721999999999746e+00 2.454750600000000205e+01 1.656229674050652134e-01
4.593465000000000131e+00 2.472249400000000108e+01 1.673782299453193401e-01
4.598207999999999629e+00 2.458566300000000027e+01 1.680995007103093797e-01
4.602951000000000015e+00 2.467356400000000249e+01 1.696119672605010953e-01
4.607693000000000261e+00 2.478216300000000061e+01 1.712241006155976186e-01
4.612435999999999758e+00 2.441086800000000068e+01 1.711913823386288225e-01
4.617179000000000144e+00 2.446860399999999913e+01 1.726758458165310317e-01
4.621921999999999642e+00 2.440122600000000119e+01 1.737481746736146415e-01
4.626665000000000028e+00 2.439567299999999861e+01 1.750662548648688199e-01
4.631408000000000413e+00 2.406216900000000081e+01 1.752210769495445297e-01
4.636150999999999911e+00 2.430161500000000174e+01 1.774851190881317209e-01
4.640894000000000297e+00 2.434812699999999808e+01 1.790830171074811739e-01
4.645635999999999655e+00 2.444854199999999622e+01 1.809113650573962728e-01
4.650379000000000040e+00 2.476027599999999751e+01 1.835676265174600308e-01
4.655122000000000426e+00 2.467022000000000048e+01 1.847741398304091898e-01
4.659864999999999924e+00 2.464948600000000312e+01 1.862717740348631135e-01
4.664608000000000310e+00 2.462407300000000276e+01 1.877913982463919884e-01
4.669350999999999807e+00 2.468666400000000039e+01 1.896857956693078218e-01
4.674094000000000193e+00 2.474461099999999902e+01 1.916112725430419439e-01
4.678836000000000439e+00 2.438061599999999984e+01 1.919282604661640135e-01
4.683578999999999937e+00 2.464629199999999898e+01 1.947583871573989600e-01
4.688322000000000322e+00 2.472944299999999984e+01 1.969239507669260092e-01
4.693064999999999820e+00 2.468650999999999840e+01 1.986419566673702786e-01
4.697808000000000206e+00 2.470260699999999687e+01 2.006457035810781941e-01
4.702550999999999704e+00 2.446669400000000394e+01 2.016747694021391590e-01
4.707294000000000089e+00 2.451618500000000012e+01 2.039262898320618744e-01
4.712036999999999587e+00 2.437771799999999800e+01 2.054520565043350955e-01
4.716778999999999833e+00 2.416952100000000314e+01 2.067289085097432921e-01
4.721522000000000219e+00 2.451626399999999961e+01 2.104443397964525508e-01
4.726264999999999716e+00 2.476089599999999891e+01 2.138149180623230006e-01
4.731008000000000102e+00 2.460038399999999825e+01 2.155103373243088816e-01
4.735750999999999600e+00 2.427242800000000145e+01 2.165237547638559357e-01
4.740493999999999986e+00 2.460072899999999763e+01 2.205343869650352728e-01
4.745237000000000371e+00 2.448903100000000421e+01 2.226643901551698668e-01
4.749978999999999729e+00 2.440606899999999868e+01 2.250122943757176253e-01
4.754722000000000115e+00 2.447976899999999745e+01 2.281796109247239135e-01
4.759464999999999613e+00 2.455866400000000027e+01 2.314850051912082096e-01
4.764207999999999998e+00 2.419916600000000173e+01 2.328099450772829204e-01
4.768951000000000384e+00 2.476424300000000045e+01 2.386933006872943019e-01
4.773693999999999882e+00 2.456140200000000107e+01 2.410158363017200212e-01
4.778437000000000268e+00 2.437243700000000146e+01 2.435106944057812972e-01
4.783178999999999625e+00 2.439194499999999977e+01 2.471773845298471106e-01
4.787922000000000011e+00 2.459665400000000091e+01 2.519573454446214500e-01
4.792665000000000397e+00 2.421780000000000399e+01 2.538921293929512490e-01
4.797407999999999895e+00 2.453931700000000049e+01 2.596652967035363857e-01
4.802151000000000280e+00 2.410205600000000103e+01 2.615932700853244031e-01
4.806893999999999778e+00 2.467144300000000356e+01 2.691843058174668291e-01
4.811637000000000164e+00 2.452944199999999597e+01 2.731456344918880563e-01
4.816379999999999661e+00 2.449269899999999467e+01 2.779287291181187225e-01
4.821121999999999908e+00 2.441376899999999850e+01 2.827373100800543160e-01
4.825865000000000293e+00 2.462465900000000119e+01 2.895452831303622077e-01
4.830607999999999791e+00 2.522760899999999751e+01 2.990647908745004413e-01
4.835351000000000177e+00 2.503883800000000193e+01 3.042936777295327522e-01
4.840093999999999674e+00 2.472169000000000239e+01 3.090840141114851169e-01
4.844837000000000060e+00 2.490826599999999758e+01 3.174603634723416890e-01
4.849579999999999558e+00 2.512473800000000068e+01 3.266020124295470617e-01
4.854321999999999804e+00 2.487674899999999667e+01 3.332970216157504217e-01
4.859065000000000190e+00 2.519667599999999652e+01 3.444639288008252143e-01
4.863807999999999687e+00 2.446514599999999717e+01 3.490770205944241367e-01
4.868551000000000073e+00 2.512569400000000286e+01 3.644066594917277357e-01
4.873293999999999571e+00 2.475252099999999800e+01 3.732596750956765352e-01
4.878036999999999956e+00 2.498479699999999681e+01 3.878249721014365159e-01
4.882780000000000342e+00 2.479180899999999710e+01 4.004651976078070774e-01
4.887522999999999840e+00 2.505728899999999726e+01 4.185040640323579586e-01
4.892265000000000086e+00 2.467362899999999826e+01 4.330683194315764761e-01
4.897007999999999583e+00 2.526571299999999809e+01 4.587316656335923559e-01
4.901750999999999969e+00 2.422446799999999456e+01 4.723328791282055406e-01
4.906494000000000355e+00 2.432343900000000048e+01 5.004853361984344939e-01
4.911236999999999853e+00 2.473672099999999574e+01 5.374620093398416731e-01
4.915980000000000238e+00 2.579286400000000157e+01 5.896257346599875770e-01
4.920722999999999736e+00 2.497270699999999977e+01 6.308865216668287923e-01
4.925464999999999982e+00 2.480946100000000243e+01 6.953537355215688720e-01
4.930208000000000368e+00 2.619673899999999733e+01 8.103418778866423589e-01
4.934950999999999866e+00 2.635251400000000288e+01 9.619245989724765078e-01
4.939694000000000251e+00 2.296882000000000090e+01 1.159672657218346448e+00
4.944436999999999749e+00 7.402703600000000606e+00 1.140624636190662011e+00