# [91] Sgs_R12_0.2
# Sample c= 1.0 mg/ml
#
# Number of frames collected: 10
# Exposure time per frame: 0.5
# No significant radiation damage detected, merging 10 files
# Merged from: /data/visitor/mx1905/bm29/20170412/Poker/1d/Sxl_10gs_248_00001.dat
# Merged from: /data/visitor/mx1905/bm29/20170412/Poker/1d/Sxl_10gs_248_00002.dat
# Merged from: /data/visitor/mx1905/bm29/20170412/Poker/1d/Sxl_10gs_248_00003.dat
# Merged from: /data/visitor/mx1905/bm29/20170412/Poker/1d/Sxl_10gs_248_00004.dat
# Merged from: /data/visitor/mx1905/bm29/20170412/Poker/1d/Sxl_10gs_248_00005.dat
# Merged from: /data/visitor/mx1905/bm29/20170412/Poker/1d/Sxl_10gs_248_00006.dat
# Merged from: /data/visitor/mx1905/bm29/20170412/Poker/1d/Sxl_10gs_248_00007.dat
# Merged from: /data/visitor/mx1905/bm29/20170412/Poker/1d/Sxl_10gs_248_00008.dat
# Merged from: /data/visitor/mx1905/bm29/20170412/Poker/1d/Sxl_10gs_248_00009.dat
# Merged from: /data/visitor/mx1905/bm29/20170412/Poker/1d/Sxl_10gs_248_00010.dat
#
# Sample Information:
# Storage Temperature (degrees C): 20.0
# Measurement Temperature (degrees C): 20.03
# Concentration: 1.0
# Code: 
3.082862000000000102e-02 6.140785600000000386e+02 8.435464133673914233e+00
3.557148999999999728e-02 1.598528700000000299e+03 5.611746058254239777e+00
4.031434999999999880e-02 2.509400899999999638e+03 4.631558380850444578e+00
4.505722000000000199e-02 1.281099320000000034e+03 2.353175102935606056e+00
4.980007999999999657e-02 8.066962899999999763e+02 1.672080697182313003e+00
5.454294999999999977e-02 5.617588600000000270e+02 1.312689800948559915e+00
5.928581000000000129e-02 4.101866199999999480e+02 1.066378203656690449e+00
6.402868000000000448e-02 3.200166300000000206e+02 8.980589149128915816e-01
6.877154000000000600e-02 2.601240899999999669e+02 7.777481614044228220e-01
7.351441000000000225e-02 2.168074300000000108e+02 6.841955752552043579e-01
7.825727999999999851e-02 1.849054300000000239e+02 6.082494017438160316e-01
8.300014000000000003e-02 1.625435900000000231e+02 5.520539472483916299e-01
8.774300999999999628e-02 1.444458899999999915e+02 5.049466464539298372e-01
9.248586999999999780e-02 1.313358699999999999e+02 4.679089783265758529e-01
9.722873999999999406e-02 1.206057199999999909e+02 4.353719475020180196e-01
1.019715999999999956e-01 1.113479899999999816e+02 4.076897520289171628e-01
1.067145000000000038e-01 1.064536000000000087e+02 3.891040046012504972e-01
1.114572999999999953e-01 1.003850510000000043e+02 3.692980085929925549e-01
1.162002000000000035e-01 9.576522100000001103e+01 3.528193327081014519e-01
1.209430999999999978e-01 9.213068699999999467e+01 3.387972823452838900e-01
1.256858999999999893e-01 8.979664899999998795e+01 3.277991027040342287e-01
1.304288000000000114e-01 8.659198200000000156e+01 3.157326594176603218e-01
1.351717000000000057e-01 8.420244700000000648e+01 3.055181444428712312e-01
1.399144999999999972e-01 8.233540100000000450e+01 2.966316311379588733e-01
1.446573999999999915e-01 7.980906400000000644e+01 2.869737876884632666e-01
1.494003000000000136e-01 7.864158799999998450e+01 2.801045356732200231e-01
1.541431000000000051e-01 7.779054499999999450e+01 2.745078317540782242e-01
1.588859999999999995e-01 7.616413300000000675e+01 2.673256644794341219e-01
1.636287999999999909e-01 7.504853599999998437e+01 2.613209664455596326e-01
1.683717000000000130e-01 7.449177000000000248e+01 2.565166943508417896e-01
1.731146000000000074e-01 7.320033200000001727e+01 2.506374269220337236e-01
1.778573999999999988e-01 7.216689699999999164e+01 2.453670947036981909e-01
1.826002999999999932e-01 7.127391700000001151e+01 2.405343484863076697e-01
1.873431999999999875e-01 7.107152400000001080e+01 2.370276772595704406e-01
1.920860000000000067e-01 6.982680999999999472e+01 2.319109452309373043e-01
1.968289000000000011e-01 6.919396799999999814e+01 2.279389128214432125e-01
2.015717999999999954e-01 6.883514199999999050e+01 2.245639862805603459e-01
2.063145999999999869e-01 6.844480499999998813e+01 2.212419124896344846e-01
2.110575000000000090e-01 6.777294799999999952e+01 2.173518368504418485e-01
2.158004000000000033e-01 6.733970800000000168e+01 2.141720999419380322e-01
2.205431999999999948e-01 6.680286600000000874e+01 2.109539521279219509e-01
2.252860999999999891e-01 6.685278900000000135e+01 2.087539677703161567e-01
2.300290000000000112e-01 6.633700699999999983e+01 2.057406043682998842e-01
2.347718000000000027e-01 6.622644800000000487e+01 2.034193645978540910e-01
2.395146999999999970e-01 6.587253699999999412e+01 2.007993913257515306e-01
2.442575999999999914e-01 6.528883299999999679e+01 1.979004391913876115e-01
2.490004000000000106e-01 6.497840800000001593e+01 1.954792754719013592e-01
2.537433000000000050e-01 6.442862299999998754e+01 1.927549656091811225e-01
2.584861999999999993e-01 6.429279899999998804e+01 1.907343798201535656e-01
2.632289999999999908e-01 6.389963000000000193e+01 1.884011009419459259e-01
2.679718999999999851e-01 6.344675300000000107e+01 1.860321508936092494e-01
2.727146999999999766e-01 6.310984900000001119e+01 1.838766369110847454e-01
2.774576000000000264e-01 6.290548199999999213e+01 1.820174282780558372e-01
2.822005000000000208e-01 6.274228899999999243e+01 1.803011190298221822e-01
2.869433000000000122e-01 6.244528899999998828e+01 1.783451270937168043e-01
2.916862000000000066e-01 6.234221399999999846e+01 1.766985734912192296e-01
2.964291000000000009e-01 6.208163299999999651e+01 1.748771582834979799e-01
3.011718999999999924e-01 6.161856800000000334e+01 1.728154543796251441e-01
3.059147999999999867e-01 6.169432100000000219e+01 1.715462626555288583e-01
3.106576999999999811e-01 6.146618399999999838e+01 1.698789532042501160e-01
3.154004999999999725e-01 6.116753500000000798e+01 1.681604801869610033e-01
3.201434000000000224e-01 6.100682699999998704e+01 1.666723641755594176e-01
3.248863000000000167e-01 6.049547500000001321e+01 1.647321073927305313e-01
3.296291000000000082e-01 6.012396200000000590e+01 1.630070307856179568e-01
3.343720000000000026e-01 6.015054699999999599e+01 1.618581623647519507e-01
3.391148999999999969e-01 6.015378100000000217e+01 1.623974919010146012e-01
3.438576999999999884e-01 6.008280799999998578e+01 1.643989891332163777e-01
3.486005999999999827e-01 5.985382600000000508e+01 1.682624148647941520e-01
3.533434999999999770e-01 5.937496799999998842e+01 1.706622182872676863e-01
3.580863000000000240e-01 5.933500000000000085e+01 1.727255858576742520e-01
3.628292000000000184e-01 5.878573299999999335e+01 1.736197902408547489e-01
3.675720000000000098e-01 5.841968599999999867e+01 1.745030243604482612e-01
3.723149000000000042e-01 5.830782800000000776e+01 1.756189487606038546e-01
3.770577999999999985e-01 5.832590400000000130e+01 1.768216747827624225e-01
3.818005999999999900e-01 5.822218299999999402e+01 1.776068194222372720e-01
3.865434999999999843e-01 5.775279999999999347e+01 1.777622106936297131e-01
3.912863999999999787e-01 5.751827800000000934e+01 1.781123014659442283e-01
3.960292000000000256e-01 5.722791800000000251e+01 1.783922071906399176e-01
4.007721000000000200e-01 5.752888699999998323e+01 1.796251626971725190e-01
4.055150000000000143e-01 5.720512099999999833e+01 1.852924871241348748e-01
4.102578000000000058e-01 5.719652899999999818e+01 1.901101373544606399e-01
4.150007000000000001e-01 5.679404399999999953e+01 1.935881527848044570e-01
4.197435999999999945e-01 5.663336199999999110e+01 1.962915645962979294e-01
4.244863999999999860e-01 5.626512399999999303e+01 1.988203406069964929e-01
4.292292999999999803e-01 5.577466199999999930e+01 2.009760288915023452e-01
4.339721999999999746e-01 5.588618999999999915e+01 2.042572052971307062e-01
4.387150000000000216e-01 5.566495899999999608e+01 2.068262594336014448e-01
4.434579000000000160e-01 5.560141499999999581e+01 2.097450501294423619e-01
4.482008000000000103e-01 5.524989399999999762e+01 2.126112237988768694e-01
4.529436000000000018e-01 5.521302300000000685e+01 2.160043489016153784e-01
4.576864999999999961e-01 5.495128400000000113e+01 2.177421931267538857e-01
4.624293999999999905e-01 5.479542899999999861e+01 2.192443711932527406e-01
4.671721999999999819e-01 5.467302700000000470e+01 2.179175714103651629e-01
4.719150999999999763e-01 5.472854699999999184e+01 2.094465448741996139e-01
4.766579000000000232e-01 5.426181899999998848e+01 2.046249484896033033e-01
4.814008000000000176e-01 5.403317499999999285e+01 2.015995250397497607e-01
4.861437000000000119e-01 5.371234899999999612e+01 1.990215238572506651e-01
4.908865000000000034e-01 5.350719099999999884e+01 1.970216385822801120e-01
4.956293999999999977e-01 5.328485600000001199e+01 1.952280915784831428e-01
5.003722999999999921e-01 5.318228200000000783e+01 1.938136772861123458e-01
5.051151000000000391e-01 5.297444499999998868e+01 1.923369680107682722e-01
5.098580000000000334e-01 5.253787599999999713e+01 1.905470787552944745e-01
5.146009000000000277e-01 5.240760500000000377e+01 1.893916814329671128e-01
5.193436999999999637e-01 5.206850899999999172e+01 1.879143631425535810e-01
5.240865999999999580e-01 5.183937100000000697e+01 1.866927390862641312e-01
5.288294999999999524e-01 5.168407600000000457e+01 1.856497046641900905e-01
5.335722999999999994e-01 5.150838599999999445e+01 1.842441690624650186e-01
5.383151999999999937e-01 5.112960499999999797e+01 1.822408721019708744e-01
5.430580999999999881e-01 5.140212599999999554e+01 1.814530986513908928e-01
5.478009000000000350e-01 5.099471200000000692e+01 1.795136804623558568e-01
5.525438000000000294e-01 5.058131899999999348e+01 1.776139690619884526e-01
5.572867000000000237e-01 5.066122099999999762e+01 1.766146236919159951e-01
5.620294999999999597e-01 5.045384500000000116e+01 1.751536998502637998e-01
5.667723999999999540e-01 5.010406300000000357e+01 1.734848265475450735e-01
5.715152000000000010e-01 4.998967900000000242e+01 1.722580682375319250e-01
5.762580999999999953e-01 4.963626599999999200e+01 1.706453044589613111e-01
5.810009999999999897e-01 4.960237300000000005e+01 1.696579394909993321e-01
5.857438000000000367e-01 4.926677699999999049e+01 1.685775667847768389e-01
5.904867000000000310e-01 4.916269899999999637e+01 1.679945808588854672e-01
5.952296000000000253e-01 4.892403199999999686e+01 1.671818671965407677e-01
5.999723999999999613e-01 4.857916900000000027e+01 1.663691344259222993e-01
6.047152999999999556e-01 4.858289399999999603e+01 1.659550277607668711e-01
6.094581999999999500e-01 4.814240500000001077e+01 1.646710424850401644e-01
6.142009999999999970e-01 4.788499299999999437e+01 1.639992968609182700e-01
6.189438999999999913e-01 4.768336000000000752e+01 1.631221249491882908e-01
6.236867999999999856e-01 4.777674599999999572e+01 1.629051026559060755e-01
6.284296000000000326e-01 4.757953299999999786e+01 1.621986402920939929e-01
6.331725000000000270e-01 4.739248800000000017e+01 1.615094074590566753e-01
6.379154000000000213e-01 4.692537199999999586e+01 1.603469504093975595e-01
6.426581999999999573e-01 4.697884300000001190e+01 1.600783232514268462e-01
6.474010999999999516e-01 4.712306899999999388e+01 1.599671897243415963e-01
6.521439999999999459e-01 4.683246700000000118e+01 1.591160627566245989e-01
6.568867999999999929e-01 4.642352999999999241e+01 1.580679514194952284e-01
6.616296999999999873e-01 4.635108100000000064e+01 1.575974835076223435e-01
6.663725999999999816e-01 4.605518500000000159e+01 1.567508997646574753e-01
6.711154000000000286e-01 4.578144800000000458e+01 1.559414391811182743e-01
6.758583000000000229e-01 4.588047999999999860e+01 1.557697502078949914e-01
6.806010999999999589e-01 4.559269999999999357e+01 1.549452909664259526e-01
6.853439999999999532e-01 4.532382199999999273e+01 1.541571548628710153e-01
6.900868999999999476e-01 4.526183799999999735e+01 1.537201604296414281e-01
6.948296999999999946e-01 4.514493699999999166e+01 1.531926430174677112e-01
6.995725999999999889e-01 4.481772299999999376e+01 1.523128038071386026e-01
7.043154999999999832e-01 4.469564799999999849e+01 1.517852454424770403e-01
7.090583000000000302e-01 4.434118899999999996e+01 1.508624533479178687e-01
7.138012000000000246e-01 4.458258200000000215e+01 1.509539489705370441e-01
7.185441000000000189e-01 4.429190599999999733e+01 1.501475258240784483e-01
7.232868999999999549e-01 4.393637999999999977e+01 1.492342062291939775e-01
7.280297999999999492e-01 4.396867400000000714e+01 1.489788193611930878e-01
7.327727000000000546e-01 4.361983600000000649e+01 1.480790492042233508e-01
7.375154999999999905e-01 4.328797300000000803e+01 1.472123878302077638e-01
7.422583999999999849e-01 4.332496300000000389e+01 1.469752953464097955e-01
7.470012999999999792e-01 4.337614800000000770e+01 1.467615345777485980e-01
7.517441000000000262e-01 4.302405500000000416e+01 1.458664839705790528e-01
7.564870000000000205e-01 4.291462800000000755e+01 1.453870198049770912e-01
7.612299000000000149e-01 4.252820299999999776e+01 1.444406720151221735e-01
7.659726999999999508e-01 4.263831600000000321e+01 1.443368285317953859e-01
7.707155999999999452e-01 4.239976399999999757e+01 1.436433017316466887e-01
7.754585000000000505e-01 4.215456299999999601e+01 1.429433928720551528e-01
7.802012999999999865e-01 4.204858500000000276e+01 1.426223292167222434e-01
7.849441999999999808e-01 4.199461399999999855e+01 1.421994289692845581e-01
7.896870000000000278e-01 4.188045300000000282e+01 1.416335963103447504e-01
7.944299000000000222e-01 4.168178899999999487e+01 1.410209114879410197e-01
7.991728000000000165e-01 4.155169800000000180e+01 1.405267723234544242e-01
8.039155999999999525e-01 4.120861999999999625e+01 1.396728330656871186e-01
8.086584999999999468e-01 4.117603100000000182e+01 1.393453558916794566e-01
8.134014000000000522e-01 4.092683699999999902e+01 1.386551162150329586e-01
8.181441999999999881e-01 4.072257199999999955e+01 1.381478095513421489e-01
8.228870999999999825e-01 4.056402800000000042e+01 1.375156867837291630e-01
8.276299999999999768e-01 4.052536599999999822e+01 1.371805546047423774e-01
8.323728000000000238e-01 4.037397899999999851e+01 1.366635089020068194e-01
8.371157000000000181e-01 4.032985499999999490e+01 1.363311156317426887e-01
8.418586000000000125e-01 4.030892899999999202e+01 1.360379110226204724e-01
8.466013999999999484e-01 3.993557500000000005e+01 1.351497989429725211e-01
8.513443000000000538e-01 4.001602400000000159e+01 1.350325341971852500e-01
8.560872000000000481e-01 3.972331499999999949e+01 1.342871994277790582e-01
8.608299999999999841e-01 3.940052999999999628e+01 1.334913305289792962e-01
8.655728999999999784e-01 3.938891800000000387e+01 1.332224299244001153e-01
8.703157999999999728e-01 3.905660400000000010e+01 1.324142167900312639e-01
8.750586000000000197e-01 3.916447699999999799e+01 1.323533131804338070e-01
8.798015000000000141e-01 3.914017600000000385e+01 1.320693838375011087e-01
8.845442999999999500e-01 3.896033100000000360e+01 1.315231297947536127e-01
8.892872000000000554e-01 3.871784399999999948e+01 1.308739033412387454e-01
8.940301000000000498e-01 3.865357000000000198e+01 1.305285832823792069e-01
8.987728999999999857e-01 3.840877199999999192e+01 1.298790244831112273e-01
9.035157999999999801e-01 3.821517499999999501e+01 1.293159236800685008e-01
9.082586999999999744e-01 3.830308300000000088e+01 1.292321450033802610e-01
9.130015000000000214e-01 3.814273100000000483e+01 1.287309408616424955e-01
9.177444000000000157e-01 3.796745100000000406e+01 1.282056337069658603e-01
9.224873000000000101e-01 3.790932399999999802e+01 1.278779797552362096e-01
9.272300999999999460e-01 3.785716500000000195e+01 1.275632226780677447e-01
9.319730000000000514e-01 3.760950300000000368e+01 1.269212493779284245e-01
9.367159000000000457e-01 3.735686700000000116e+01 1.262716058218881776e-01
9.414586999999999817e-01 3.729103700000000288e+01 1.259372804299958015e-01
9.462015999999999760e-01 3.728619799999999884e+01 1.257086675774737317e-01
9.509444999999999704e-01 3.725115100000000723e+01 1.254312586957246345e-01
9.556873000000000173e-01 3.705019500000000221e+01 1.248751101744514924e-01
9.604302000000000117e-01 3.687790700000000754e+01 1.243671931487464188e-01
9.651731000000000060e-01 3.678772700000000384e+01 1.240006893205049809e-01
9.699159000000000530e-01 3.673073399999999822e+01 1.236919045209964318e-01
9.746588000000000473e-01 3.659017200000000969e+01 1.232434529131000156e-01
9.794017000000000417e-01 3.642931500000000256e+01 1.227605665104360699e-01
9.841444999999999776e-01 3.640240200000000215e+01 1.225059364584667881e-01
9.888873999999999720e-01 3.618695699999999960e+01 1.219362372944445827e-01
9.936302000000000190e-01 3.608835400000000249e+01 1.215641800725756616e-01
9.983731000000000133e-01 3.600286499999999990e+01 1.212138354077305913e-01
1.003115999999999897e+00 3.584472200000000441e+01 1.207437783605482540e-01
1.007859000000000060e+00 3.586295499999999947e+01 1.205726141091541387e-01
1.012602000000000002e+00 3.567772599999999272e+01 1.200601976837477880e-01
1.017344999999999944e+00 3.570912200000000070e+01 1.199114303676242638e-01
1.022086999999999968e+00 3.553783400000000370e+01 1.194247893566972307e-01
1.026829999999999909e+00 3.540934400000000437e+01 1.190120995197820192e-01
1.031573000000000073e+00 3.523834200000000294e+01 1.185286101506083656e-01
1.036316000000000015e+00 3.543448700000000429e+01 1.186613519214596846e-01
1.041058999999999957e+00 3.506302600000000069e+01 1.178441048334379071e-01
1.045801999999999898e+00 3.510973900000000469e+01 1.177304223130130473e-01
1.050545000000000062e+00 3.498413599999999946e+01 1.173285008411882047e-01
1.055287000000000086e+00 3.462833899999999687e+01 1.165392494889936070e-01
1.060030000000000028e+00 3.445531400000000133e+01 1.160596307316846404e-01
1.064772999999999969e+00 3.482518199999999808e+01 1.164929798807546185e-01
1.069515999999999911e+00 3.441288500000000283e+01 1.156153495355564803e-01
1.074259000000000075e+00 3.459359000000000606e+01 1.157313360162570692e-01
1.079002000000000017e+00 3.454211099999999846e+01 1.154601649702892141e-01
1.083744999999999958e+00 3.438058699999999845e+01 1.150316165499190024e-01
1.088487999999999900e+00 3.425494099999999520e+01 1.146643960242803573e-01
1.093229999999999924e+00 3.409984899999999897e+01 1.141722571121710772e-01
1.097973000000000088e+00 3.404946999999999946e+01 1.139074960421578159e-01
1.102716000000000030e+00 3.402201300000000117e+01 1.136828115012155360e-01
1.107458999999999971e+00 3.369178800000000251e+01 1.129525363130248622e-01
1.112201999999999913e+00 3.362325700000000239e+01 1.126597336274074435e-01
1.116945000000000077e+00 3.367571699999999879e+01 1.125716881181463014e-01
1.121688000000000018e+00 3.355817299999999648e+01 1.122004512465907961e-01
1.126430000000000042e+00 3.352198099999999670e+01 1.119663605754938340e-01
1.131172999999999984e+00 3.332439800000000218e+01 1.114622062492408305e-01
1.135915999999999926e+00 3.340349899999999650e+01 1.114222644166842358e-01
1.140659000000000090e+00 3.317173299999999614e+01 1.108648321476431997e-01
1.145402000000000031e+00 3.330998799999998994e+01 1.109256559953805399e-01
1.150144999999999973e+00 3.318974999999999653e+01 1.105550162319575563e-01
1.154887999999999915e+00 3.294640700000000066e+01 1.099809389580289898e-01
1.159631000000000078e+00 3.289411499999999933e+01 1.097270529126413707e-01
1.164373000000000102e+00 3.305980499999999722e+01 1.098371975787537924e-01
1.169116000000000044e+00 3.284540099999999541e+01 1.093959993392409347e-01
1.173858999999999986e+00 3.267275300000000016e+01 1.089142620474095741e-01
1.178601999999999927e+00 3.264593599999999896e+01 1.086538773628806104e-01
1.183345000000000091e+00 3.272150900000000462e+01 1.086172185493363418e-01
1.188088000000000033e+00 3.262036799999999914e+01 1.082863153104790949e-01
1.192830999999999975e+00 3.249827200000000005e+01 1.079223323878139712e-01
1.197572999999999999e+00 3.252518600000000504e+01 1.078071029692542898e-01
1.202315999999999940e+00 3.246929300000000751e+01 1.075555504245062216e-01
1.207059000000000104e+00 3.233002700000000829e+01 1.075128541938632498e-01
1.211802000000000046e+00 3.217326399999999609e+01 1.107639278840295560e-01
1.216544999999999987e+00 3.209036400000000100e+01 1.129236342781633901e-01
1.221287999999999929e+00 3.179507999999999512e+01 1.140925610815525515e-01
1.226031000000000093e+00 3.202788500000000482e+01 1.159432945183795222e-01
1.230774000000000035e+00 3.194820699999999647e+01 1.170756397356264716e-01
1.235516000000000059e+00 3.188173499999999905e+01 1.181238427261736279e-01
1.240259000000000000e+00 3.197016800000000813e+01 1.193825487118573836e-01
1.245001999999999942e+00 3.187990300000000232e+01 1.202466017837976187e-01
1.249745000000000106e+00 3.159398500000000354e+01 1.206879931005793993e-01
1.254488000000000048e+00 3.151936600000000155e+01 1.214882049910838147e-01
1.259230999999999989e+00 3.130994500000000613e+01 1.217007148083683321e-01
1.263973999999999931e+00 3.142887400000000042e+01 1.222451603618204541e-01
1.268715999999999955e+00 3.130481600000000597e+01 1.222995140187192326e-01
1.273458999999999897e+00 3.138039299999999798e+01 1.204405828916719490e-01
1.278202000000000060e+00 3.162461100000000513e+01 1.164398113106359378e-01
1.282945000000000002e+00 3.141818600000000217e+01 1.138454504778320109e-01
1.287687999999999944e+00 3.138106599999999702e+01 1.121759028444981876e-01
1.292431000000000108e+00 3.130220299999999867e+01 1.107408907536646947e-01
1.297174000000000049e+00 3.128627799999999937e+01 1.096101880436212150e-01
1.301916000000000073e+00 3.117769600000000452e+01 1.084501650878752776e-01
1.306659000000000015e+00 3.106772800000000601e+01 1.073890323333244190e-01
1.311401999999999957e+00 3.095287400000000133e+01 1.063989483202461006e-01
1.316144999999999898e+00 3.109961199999999693e+01 1.059186057470405118e-01
1.320888000000000062e+00 3.096412199999999615e+01 1.051614086971000006e-01
1.325631000000000004e+00 3.098530800000000340e+01 1.049264718580706635e-01
1.330373999999999945e+00 3.075268600000000063e+01 1.042768791960226454e-01
1.335117000000000109e+00 3.063722800000000035e+01 1.038376622676883132e-01
1.339858999999999911e+00 3.062904599999999888e+01 1.035881574578513264e-01
1.344602000000000075e+00 3.064507500000000206e+01 1.033882220139644287e-01
1.349345000000000017e+00 3.053939000000000448e+01 1.029908193173629388e-01
1.354087999999999958e+00 3.030701599999999729e+01 1.023865527195197550e-01
1.358830999999999900e+00 3.050611600000000934e+01 1.025144919036820729e-01
1.363574000000000064e+00 3.034053499999999559e+01 1.020340331770032555e-01
1.368317000000000005e+00 3.016618900000000281e+01 1.015443389385469325e-01
1.373059000000000029e+00 3.039932699999999954e+01 1.017436751900421543e-01
1.377801999999999971e+00 3.016768899999999576e+01 1.011662475564503866e-01
1.382544999999999913e+00 3.015854200000000063e+01 1.009655222176986528e-01
1.387288000000000077e+00 3.025158499999999862e+01 1.009397593407602711e-01
1.392031000000000018e+00 3.014627300000000076e+01 1.005858152766213875e-01
1.396773999999999960e+00 3.014892599999999945e+01 1.004139359468340931e-01
1.401516999999999902e+00 3.004183699999999746e+01 1.000623579562534698e-01
1.406260000000000066e+00 3.018921000000000276e+01 1.001369876731834918e-01
1.411002000000000089e+00 3.007691200000000009e+01 9.978300572909697130e-02
1.415745000000000031e+00 2.990733700000000539e+01 9.933518565525863153e-02
1.420487999999999973e+00 2.992499200000000315e+01 9.920093218918459022e-02
1.425230999999999915e+00 2.987391599999999769e+01 9.895489955038355712e-02
1.429974000000000078e+00 2.984108900000000020e+01 9.874157447073243776e-02
1.434717000000000020e+00 2.958619099999999591e+01 9.816139400205051158e-02
1.439459999999999962e+00 2.977073299999999634e+01 9.831099137160452528e-02
1.444201999999999986e+00 2.960196599999999734e+01 9.787808581897891602e-02
1.448944999999999927e+00 2.964895800000000037e+01 9.780382847560058213e-02
1.453688000000000091e+00 2.954817799999999650e+01 9.748631935177110019e-02
1.458431000000000033e+00 2.954824599999999890e+01 9.733662104173587681e-02
1.463173999999999975e+00 2.950084800000000840e+01 9.713650237634510742e-02
1.467916999999999916e+00 2.940273799999999937e+01 9.683081185008209080e-02
1.472660000000000080e+00 2.944298200000000065e+01 9.672410025644126441e-02
1.477402000000000104e+00 2.949586700000000405e+01 9.666650529521692015e-02
1.482145000000000046e+00 2.927434699999999879e+01 9.616053554059014741e-02
1.486887999999999987e+00 2.925933100000000309e+01 9.599510996656548945e-02
1.491630999999999929e+00 2.928604199999999835e+01 9.589831217821249976e-02
1.496374000000000093e+00 2.940457200000000171e+01 9.595202386980902776e-02
1.501117000000000035e+00 2.945130199999999832e+01 9.593829774680390221e-02
1.505859999999999976e+00 2.940364900000000858e+01 9.757523361476978796e-02
1.510602999999999918e+00 2.929132100000000349e+01 1.001280086655182699e-01
1.515344999999999942e+00 2.916594699999999918e+01 1.015691054605350752e-01
1.520088000000000106e+00 2.923177300000000400e+01 1.030233451434459935e-01
1.524831000000000047e+00 2.911645800000000150e+01 1.039867955431097030e-01
1.529573999999999989e+00 2.909550499999999573e+01 1.047676173406391770e-01
1.534316999999999931e+00 2.926763399999999749e+01 1.021562123508129999e-01
1.539060000000000095e+00 2.917383600000000143e+01 1.004094270099192415e-01
1.543803000000000036e+00 2.919858299999999574e+01 9.939253192137273429e-02
1.548545000000000060e+00 2.893090700000000126e+01 9.790283440031805062e-02
1.553288000000000002e+00 2.899551500000000459e+01 9.714230362876259683e-02
1.558030999999999944e+00 2.886272299999999902e+01 9.610328038709761711e-02
1.562774000000000107e+00 2.882609299999999664e+01 9.508095127920627998e-02
1.567517000000000049e+00 2.868032799999999582e+01 9.396744742437988795e-02
1.572259999999999991e+00 2.868476400000000126e+01 9.342381234316279870e-02
1.577002999999999933e+00 2.864236199999999855e+01 9.298781996597081656e-02
1.581746000000000096e+00 2.867795099999999664e+01 9.286600304054384858e-02
1.586487999999999898e+00 2.866805599999999998e+01 9.287433239054587730e-02
1.591231000000000062e+00 2.849263399999999891e+01 9.270836670801185786e-02
1.595974000000000004e+00 2.852172299999999794e+01 9.286998381289457427e-02
1.600716999999999945e+00 2.858944999999999936e+01 9.306117345167587429e-02
1.605460000000000109e+00 2.851686700000000130e+01 9.282220848065564356e-02
1.610203000000000051e+00 2.843106199999999717e+01 9.252760356750736048e-02
1.614945999999999993e+00 2.856150500000000036e+01 9.258828392397280838e-02
1.619688000000000017e+00 2.854750000000000298e+01 9.241731514319814766e-02
1.624430999999999958e+00 2.843891300000000300e+01 9.209564432600274297e-02
1.629173999999999900e+00 2.813825499999999735e+01 9.146462893875915989e-02
1.633917000000000064e+00 2.819551900000000089e+01 9.141750909631699007e-02
1.638660000000000005e+00 2.835420199999999724e+01 9.153581196129631503e-02
1.643402999999999947e+00 2.816163400000000294e+01 9.108832130048724607e-02
1.648146000000000111e+00 2.813777599999999524e+01 9.091479948975084158e-02
1.652889000000000053e+00 2.815528800000000231e+01 9.081012558725816419e-02
1.657631000000000077e+00 2.814725700000000330e+01 9.066629221215402601e-02
1.662374000000000018e+00 2.808877999999999631e+01 9.044205513101580274e-02
1.667116999999999960e+00 2.806897099999999767e+01 9.028148262427407311e-02
1.671859999999999902e+00 2.790705899999999673e+01 8.989418860394758626e-02
1.676603000000000065e+00 2.797310399999999930e+01 8.987520802188889157e-02
1.681346000000000007e+00 2.797655400000000014e+01 8.975621496027058610e-02
1.686088999999999949e+00 2.789198199999999517e+01 8.949679546202980729e-02
1.690830999999999973e+00 2.789767699999999806e+01 8.938398310202952390e-02
1.695573999999999915e+00 2.787493999999999872e+01 8.922676334456999814e-02
1.700317000000000078e+00 2.786609199999999831e+01 8.909235293109223075e-02
1.705060000000000020e+00 2.793322500000000019e+01 8.908008926142754746e-02
1.709802999999999962e+00 2.784892699999999621e+01 8.882735690440192455e-02
1.714545999999999903e+00 2.777570499999999853e+01 8.859373047825676306e-02
1.719289000000000067e+00 2.769700399999999973e+01 8.835181894111178436e-02
1.724031000000000091e+00 2.782537599999999856e+01 8.844033709242746233e-02
1.728774000000000033e+00 2.772448200000000185e+01 8.816522580796751218e-02
1.733516999999999975e+00 2.760488300000000095e+01 8.786163761037237008e-02
1.738259999999999916e+00 2.766501500000000036e+01 8.784402418222994613e-02
1.743003000000000080e+00 2.765665999999999869e+01 8.771796898967622325e-02
1.747746000000000022e+00 2.769827800000000551e+01 8.767243448100719982e-02
1.752488999999999963e+00 2.772475499999999826e+01 8.760352775710404660e-02
1.757231999999999905e+00 2.763432700000000253e+01 8.735036554707713286e-02
1.761973999999999929e+00 2.745783700000000138e+01 8.696127745650300556e-02
1.766717000000000093e+00 2.750742699999999985e+01 8.693125732667508765e-02
1.771460000000000035e+00 2.748085500000000181e+01 8.678137167352736880e-02
1.776202999999999976e+00 2.745342800000000238e+01 8.666958922558362644e-02
1.780945999999999918e+00 2.741566500000000062e+01 8.650559297675727843e-02
1.785689000000000082e+00 2.750071999999999406e+01 8.649167288867523617e-02
1.790432000000000023e+00 2.751066100000000603e+01 8.640180897122178016e-02
1.795174000000000047e+00 2.740907000000000338e+01 8.613701104894747052e-02
1.799916999999999989e+00 2.735405400000000142e+01 8.594565541979302947e-02
1.804659999999999931e+00 2.730446099999999632e+01 8.576424642938279552e-02
1.809403000000000095e+00 2.730493599999999788e+01 8.566191742177034496e-02
1.814146000000000036e+00 2.739736300000000213e+01 8.570390981380021644e-02
1.818888999999999978e+00 2.731134700000000137e+01 8.546664989417333824e-02
1.823631999999999920e+00 2.730696599999999918e+01 8.535803591319682249e-02
1.828375000000000083e+00 2.732972899999999683e+01 8.529254854577274225e-02
1.833117000000000107e+00 2.723522399999999877e+01 8.504428653194581744e-02
1.837860000000000049e+00 2.727732599999999863e+01 8.500939814796595884e-02
1.842602999999999991e+00 2.723245600000000266e+01 8.483970911332794351e-02
1.847345999999999933e+00 2.722399100000000161e+01 8.472753064850527260e-02
1.852089000000000096e+00 2.711336599999999564e+01 8.452625943049887902e-02
1.856832000000000038e+00 2.720724200000000081e+01 8.451023733607899990e-02
1.861574999999999980e+00 2.714204600000000056e+01 8.430504623163728728e-02
1.866317000000000004e+00 2.705278399999999550e+01 8.406929295746694286e-02
1.871059999999999945e+00 2.714498699999999687e+01 8.411574688858859672e-02
1.875803000000000109e+00 2.694307400000000285e+01 8.370566218235778178e-02
1.880546000000000051e+00 2.693948400000000376e+01 8.360436336780574518e-02
1.885288999999999993e+00 2.692363999999999535e+01 8.348473686401185201e-02
1.890031999999999934e+00 2.707963399999999865e+01 8.363102522864107602e-02
1.894775000000000098e+00 2.695625600000000333e+01 8.334526465345466761e-02
1.899516999999999900e+00 2.699834800000000001e+01 8.331628364536790288e-02
1.904260000000000064e+00 2.692156100000000407e+01 8.310395753248156492e-02
1.909003000000000005e+00 2.695377899999999727e+01 8.306060798839663695e-02
1.913745999999999947e+00 2.701453700000000069e+01 8.306047316365167132e-02
1.918489000000000111e+00 2.690572999999999837e+01 8.280063974883286604e-02
1.923232000000000053e+00 2.678854299999999711e+01 8.252835108070256942e-02
1.927974999999999994e+00 2.679694200000000137e+01 8.244728909899887159e-02
1.932717999999999936e+00 2.684185500000000246e+01 8.235994309214704490e-02
1.937459999999999960e+00 2.685335199999999389e+01 8.218541679059855609e-02
1.942202999999999902e+00 2.680233099999999880e+01 8.188346325908120449e-02
1.946946000000000065e+00 2.676594800000000163e+01 8.162913207475931687e-02
1.951689000000000007e+00 2.674347300000000160e+01 8.143394814213909816e-02
1.956431999999999949e+00 2.660710599999999815e+01 8.113839998271840659e-02
1.961174999999999891e+00 2.671501900000000518e+01 8.121726736976195293e-02
1.965918000000000054e+00 2.672794999999999987e+01 8.115265127145077084e-02
1.970660000000000078e+00 2.677601999999999904e+01 8.118731644967827621e-02
1.975403000000000020e+00 2.673185300000000097e+01 8.109856446929254725e-02
1.980145999999999962e+00 2.659162600000000154e+01 8.090785248132531526e-02
1.984888999999999903e+00 2.667602800000000229e+01 8.105762842261485246e-02
1.989632000000000067e+00 2.664359499999999770e+01 8.102951915901389357e-02
1.994375000000000009e+00 2.657809500000000114e+01 8.090037498034047259e-02
1.999117999999999951e+00 2.660408600000000234e+01 8.082353578579633269e-02
2.003861000000000114e+00 2.666707900000000109e+01 8.083324344345647894e-02
2.008602999999999916e+00 2.668333499999999958e+01 8.077148787898054405e-02
2.013345999999999858e+00 2.674894199999999955e+01 8.150235514803422232e-02
2.018088999999999800e+00 2.653803700000000276e+01 8.354935107362893021e-02
2.022832000000000185e+00 2.656252900000000139e+01 8.497139511158387226e-02
2.027575000000000127e+00 2.651583899999999971e+01 8.597042319554323853e-02
2.032318000000000069e+00 2.643283299999999869e+01 8.675609004789346101e-02
2.037061000000000011e+00 2.652082500000000209e+01 8.772747933650892893e-02
2.041802999999999813e+00 2.632585600000000525e+01 8.814522147674598573e-02
2.046546000000000198e+00 2.644494100000000003e+01 8.874821340212769860e-02
2.051289000000000140e+00 2.646986400000000117e+01 8.906281539635270417e-02
2.056032000000000082e+00 2.648359800000000064e+01 8.933836987659837803e-02
2.060775000000000023e+00 2.634869400000000184e+01 8.934604600458376233e-02
2.065517999999999965e+00 2.616387999999999892e+01 8.925217765132904824e-02
2.070260999999999907e+00 2.623046599999999628e+01 8.957421992229684660e-02
2.075003000000000153e+00 2.635621400000000136e+01 8.998684524298258824e-02
2.079746000000000095e+00 2.647204400000000035e+01 8.801720724746611713e-02
2.084489000000000036e+00 2.645573499999999711e+01 8.575476486037378332e-02
2.089231999999999978e+00 2.643632699999999502e+01 8.449747776809080069e-02
2.093974999999999920e+00 2.641891100000000137e+01 8.354366842468373411e-02
2.098717999999999861e+00 2.631750400000000312e+01 8.262163712927927950e-02
2.103460999999999803e+00 2.634976700000000349e+01 8.201563615597211310e-02
2.108204000000000189e+00 2.636775899999999950e+01 8.158773408193047139e-02
2.112945999999999991e+00 2.625936500000000251e+01 8.120337494181877058e-02
2.117688999999999933e+00 2.614803299999999808e+01 8.083492860058205665e-02
2.122431999999999874e+00 2.615925100000000469e+01 8.066921418038977554e-02
2.127174999999999816e+00 2.608684000000000225e+01 8.038675505128253795e-02
2.131918000000000202e+00 2.625241799999999870e+01 8.047932820553299615e-02
2.136661000000000143e+00 2.614797500000000241e+01 8.016528397303099296e-02
2.141404000000000085e+00 2.610761099999999857e+01 7.995583821516287493e-02
2.146145999999999887e+00 2.608012099999999833e+01 7.977264566758207609e-02
2.150888999999999829e+00 2.605153999999999925e+01 7.959274570275107208e-02
2.155632000000000215e+00 2.616959100000000404e+01 7.964147384959360809e-02
2.160375000000000156e+00 2.624327999999999861e+01 7.962527708143626870e-02
2.165118000000000098e+00 2.612622299999999953e+01 7.932340205676821632e-02
2.169861000000000040e+00 2.605763299999999916e+01 7.909864057965282358e-02
2.174603999999999981e+00 2.606076300000000145e+01 7.898558281077566745e-02
2.179346999999999923e+00 2.612331000000000358e+01 7.896456094082965338e-02
2.184089000000000169e+00 2.603726999999999947e+01 7.872192367844234318e-02
2.188832000000000111e+00 2.612110200000000049e+01 7.873795915142327295e-02
2.193575000000000053e+00 2.595940600000000131e+01 7.838572425327458570e-02
2.198317999999999994e+00 2.595454799999999906e+01 7.827165897880981882e-02
2.203060999999999936e+00 2.610231299999999877e+01 7.838900240712659562e-02
2.207803999999999878e+00 2.599157500000000098e+01 7.811987771621317633e-02
2.212546999999999819e+00 2.601674499999999668e+01 7.805620126436271788e-02
2.217289000000000065e+00 2.587742300000000029e+01 7.774666820261624811e-02
2.222032000000000007e+00 2.588627999999999929e+01 7.766138715538178916e-02
2.226774999999999949e+00 2.597268900000000258e+01 7.769352403498312742e-02
2.231517999999999891e+00 2.587327999999999406e+01 7.744863819586952913e-02
2.236260999999999832e+00 2.590254999999999797e+01 7.739708851509596865e-02
2.241004000000000218e+00 2.590726099999999832e+01 7.731027925205224971e-02
2.245747000000000160e+00 2.605481800000000092e+01 7.743706276415188161e-02
2.250490000000000101e+00 2.605073699999999803e+01 7.733880311890080350e-02
2.255231999999999903e+00 2.595924100000000223e+01 7.711142509124506439e-02
2.259974999999999845e+00 2.593366599999999877e+01 7.698312629179786259e-02
2.264717999999999787e+00 2.585684599999999733e+01 7.677991222950114603e-02
2.269461000000000173e+00 2.604048400000000285e+01 7.696337786634238620e-02
2.274204000000000114e+00 2.598261699999999763e+01 7.678952169202644951e-02
2.278947000000000056e+00 2.591688899999999762e+01 7.660523744665244383e-02
2.283689999999999998e+00 2.594286999999999921e+01 7.655728254828472745e-02
2.288431999999999800e+00 2.588676699999999897e+01 7.638899682971495020e-02
2.293175000000000185e+00 2.585012800000000155e+01 7.624962188845660349e-02
2.297918000000000127e+00 2.571417699999999940e+01 7.596490582655322787e-02
2.302661000000000069e+00 2.576731399999999894e+01 7.595974877015392035e-02
2.307404000000000011e+00 2.579376599999999797e+01 7.591609933626333739e-02
2.312146999999999952e+00 2.579289699999999996e+01 7.583200950443882982e-02
2.316889999999999894e+00 2.567443899999999957e+01 7.557582249866288959e-02
2.321632000000000140e+00 2.579773899999999998e+01 7.567600171808100407e-02
2.326375000000000082e+00 2.566200400000000315e+01 7.539618097189140777e-02
2.331118000000000023e+00 2.567760700000000185e+01 7.533861077172182563e-02
2.335860999999999965e+00 2.561699400000000537e+01 7.517015577710214891e-02
2.340603999999999907e+00 2.571949099999999788e+01 7.524098448988889021e-02
2.345346999999999849e+00 2.572702199999999806e+01 7.517354056900539538e-02
2.350089999999999790e+00 2.576204500000000053e+01 7.514628483258570246e-02
2.354833000000000176e+00 2.576744800000000168e+01 7.507594649138962795e-02
2.359574999999999978e+00 2.573344400000000221e+01 7.494921146142899393e-02
2.364317999999999920e+00 2.569749799999999595e+01 7.481980983872854596e-02
2.369060999999999861e+00 2.555266299999999902e+01 7.453213819102334770e-02
2.373803999999999803e+00 2.570794000000000068e+01 7.468211570906986563e-02
2.378547000000000189e+00 2.573053800000000280e+01 7.463902071388998916e-02
2.383290000000000131e+00 2.568782399999999910e+01 7.450186366465405552e-02
2.388033000000000072e+00 2.570650999999999797e+01 7.445375263515466302e-02
2.392774999999999874e+00 2.569665900000000036e+01 7.436476552697857123e-02
2.397517999999999816e+00 2.561442899999999412e+01 7.417168532237486400e-02
2.402261000000000202e+00 2.559838200000000086e+01 7.407489229870199698e-02
2.407004000000000143e+00 2.560580099999999604e+01 7.401183221821021341e-02
2.411747000000000085e+00 2.562506200000000334e+01 7.396643812168597620e-02
2.416490000000000027e+00 2.552824599999999933e+01 7.375415382964609079e-02
2.421232999999999969e+00 2.558825599999999767e+01 7.376852546482612349e-02
2.425975999999999910e+00 2.557896200000000064e+01 7.368272733503897221e-02
2.430718000000000156e+00 2.568275600000000125e+01 7.376003912226389292e-02
2.435461000000000098e+00 2.561888800000000543e+01 7.359719471887091191e-02
2.440204000000000040e+00 2.560709299999999899e+01 7.353502923825691595e-02
2.444946999999999981e+00 2.551930999999999727e+01 7.331200792613104533e-02
2.449689999999999923e+00 2.562904899999999841e+01 7.339858979677947592e-02
2.454432999999999865e+00 2.557357200000000219e+01 7.324901684300341720e-02
2.459175999999999807e+00 2.553722300000000089e+01 7.312727313356146008e-02
2.463918000000000053e+00 2.547554000000000229e+01 7.296892006660370134e-02
2.468660999999999994e+00 2.565111900000000134e+01 7.315060546109854178e-02
2.473403999999999936e+00 2.558909100000000336e+01 7.299288630067796158e-02
2.478146999999999878e+00 2.545887199999999950e+01 7.273840749847497456e-02
2.482889999999999819e+00 2.550928400000000096e+01 7.274170317690190068e-02
2.487633000000000205e+00 2.549605600000000294e+01 7.265465933836590118e-02
2.492376000000000147e+00 2.553393300000000110e+01 7.264057185055194932e-02
2.497117999999999949e+00 2.554062599999999605e+01 7.258236518823563133e-02
2.501860999999999891e+00 2.561973900000000270e+01 7.262704186573827603e-02
2.506603999999999832e+00 2.556673799999999730e+01 7.248462070277736369e-02
2.511347000000000218e+00 2.552332399999999879e+01 7.235438569858290703e-02
2.516090000000000160e+00 2.545246399999999909e+01 7.213173747365024535e-02
2.520833000000000101e+00 2.554733699999999885e+01 7.211806271742329799e-02
2.525576000000000043e+00 2.548499300000000289e+01 7.188357661498556705e-02
2.530318999999999985e+00 2.549217800000000267e+01 7.177597068013988335e-02
2.535060999999999787e+00 2.554656999999999911e+01 7.178687840126146691e-02
2.539804000000000173e+00 2.550887100000000274e+01 7.166884301902674836e-02
2.544547000000000114e+00 2.557177800000000190e+01 7.169305591179733761e-02
2.549290000000000056e+00 2.541828699999999941e+01 7.141343186679449673e-02
2.554032999999999998e+00 2.542575599999999980e+01 7.136037608595122150e-02
2.558775999999999939e+00 2.540919899999999387e+01 7.127331001547142220e-02
2.563518999999999881e+00 2.566987100000000055e+01 7.157681526309339626e-02
2.568261000000000127e+00 2.552476000000000411e+01 7.136815799650078618e-02
2.573004000000000069e+00 2.544500799999999430e+01 7.127308061693629626e-02
2.577747000000000011e+00 2.550911700000000337e+01 7.137853815672187685e-02
2.582489999999999952e+00 2.548443199999999820e+01 7.132439337478727048e-02
2.587232999999999894e+00 2.540982100000000088e+01 7.115694835786663675e-02
2.591975999999999836e+00 2.535048499999999905e+01 7.101102454072043269e-02
2.596719000000000221e+00 2.550054199999999938e+01 7.115774508610921145e-02
2.601462000000000163e+00 2.539504500000000320e+01 7.094788830021793447e-02
2.606203999999999965e+00 2.545853799999999723e+01 7.097422767309130576e-02
2.610946999999999907e+00 2.546516600000000352e+01 7.092118327581470316e-02
2.615689999999999849e+00 2.542409399999999664e+01 7.080194270856485228e-02
2.620432999999999790e+00 2.538283299999999798e+01 7.068246898393971966e-02
2.625176000000000176e+00 2.536754599999999726e+01 7.059971109692518565e-02
2.629919000000000118e+00 2.541564900000000193e+01 7.060516067653058170e-02
2.634662000000000059e+00 2.550563800000000114e+01 7.068383862884004831e-02
2.639403999999999861e+00 2.544501400000000046e+01 7.055097895788406404e-02
2.644146999999999803e+00 2.537681400000000309e+01 7.037219080157729179e-02
2.648890000000000189e+00 2.538768699999999967e+01 7.032264879396395163e-02
2.653633000000000131e+00 2.541123800000000088e+01 7.030538379720645270e-02
2.658376000000000072e+00 2.544348899999999958e+01 7.029120419097897865e-02
2.663119000000000014e+00 2.535379199999999855e+01 7.009508921527385361e-02
2.667861999999999956e+00 2.539970600000000189e+01 7.009814914887196879e-02
2.672604999999999897e+00 2.551329199999999986e+01 7.019463698542716124e-02
2.677347000000000143e+00 2.545894200000000041e+01 7.006031013595001578e-02
2.682090000000000085e+00 2.534973500000000257e+01 6.985052661127688634e-02
2.686833000000000027e+00 2.542362100000000069e+01 6.989325579605087935e-02
2.691575999999999969e+00 2.551624800000000093e+01 6.996098540537361299e-02
2.696318999999999910e+00 2.541013499999999681e+01 6.975640055991565169e-02
2.701061999999999852e+00 2.537380900000000139e+01 6.964785977416607099e-02
2.705804999999999794e+00 2.543060300000000140e+01 6.966724815829027084e-02
2.710547000000000040e+00 2.529747799999999813e+01 6.942616164621014108e-02
2.715289999999999981e+00 2.530504399999999876e+01 6.937846171600592360e-02
2.720032999999999923e+00 2.532530900000000074e+01 6.934836691764990901e-02
2.724775999999999865e+00 2.541645400000000166e+01 6.941515245203888629e-02
2.729518999999999807e+00 2.533847699999999392e+01 6.925083631564819819e-02
2.734262000000000192e+00 2.531619300000000194e+01 6.916287686871476492e-02
2.739005000000000134e+00 2.531284799999999535e+01 6.910107230346719531e-02
2.743746999999999936e+00 2.523528199999999799e+01 6.893801971630385272e-02
2.748489999999999878e+00 2.527151800000000392e+01 6.893048887638474065e-02
2.753232999999999819e+00 2.525664500000000245e+01 6.885341659883915943e-02
2.757976000000000205e+00 2.530809799999999754e+01 6.886690008219188697e-02
2.762719000000000147e+00 2.536649100000000345e+01 6.888965213817457856e-02
2.767462000000000089e+00 2.536558800000000247e+01 6.883188800728118339e-02
2.772205000000000030e+00 2.529676599999999809e+01 6.868243938525844805e-02
2.776947999999999972e+00 2.535485600000000161e+01 6.870507231040805241e-02
2.781690000000000218e+00 2.533701899999999796e+01 6.862503404348882508e-02
2.786433000000000160e+00 2.543751200000000168e+01 6.870490813737545333e-02
2.791176000000000101e+00 2.530324300000000193e+01 6.846773785005824675e-02
2.795919000000000043e+00 2.524369100000000188e+01 6.833191073985638020e-02
2.800661999999999985e+00 2.524279299999999893e+01 6.829100309863078699e-02
2.805404999999999927e+00 2.525735200000000447e+01 6.824560237616925096e-02
2.810147999999999868e+00 2.529864399999999947e+01 6.827887495419501795e-02
2.814890000000000114e+00 2.542365600000000114e+01 6.840126767215867765e-02
2.819633000000000056e+00 2.534845900000000540e+01 6.956581625708060934e-02
2.824375999999999998e+00 2.534867000000000203e+01 7.102623426487145175e-02
2.829118999999999939e+00 2.530525300000000044e+01 7.188251726798665364e-02
2.833861999999999881e+00 2.526412099999999938e+01 7.257401635948571017e-02
2.838604999999999823e+00 2.528636499999999998e+01 7.324125815749275847e-02
2.843348000000000209e+00 2.529183199999999587e+01 7.355799725585790427e-02
2.848091000000000150e+00 2.527394400000000019e+01 7.375500689882144578e-02
2.852832999999999952e+00 2.530621900000000224e+01 7.401751526369350354e-02
2.857575999999999894e+00 2.512481499999999812e+01 7.394985755210756184e-02
2.862318999999999836e+00 2.525400899999999638e+01 7.432460150804712229e-02
2.867062000000000221e+00 2.524610600000000105e+01 7.448717653478549583e-02
2.871805000000000163e+00 2.534745600000000110e+01 7.480126568505909845e-02
2.876548000000000105e+00 2.532028599999999940e+01 7.491740219931480871e-02
2.881291000000000047e+00 2.518443800000000010e+01 7.451412043406605012e-02
2.886032999999999848e+00 2.530898400000000237e+01 7.256841188678445076e-02
2.890775999999999790e+00 2.527378500000000017e+01 7.137797087368973059e-02
2.895519000000000176e+00 2.521977899999999906e+01 7.053135128246232344e-02
2.900262000000000118e+00 2.528637599999999708e+01 7.001367591331925100e-02
2.905005000000000059e+00 2.532941800000000043e+01 6.969569496678758302e-02
2.909748000000000001e+00 2.529187300000000249e+01 6.946150511707689656e-02
2.914490999999999943e+00 2.531727300000000014e+01 6.933377835595143368e-02
2.919233000000000189e+00 2.538898599999999917e+01 6.928396893782788613e-02
2.923976000000000131e+00 2.526153500000000207e+01 6.897414743868821030e-02
2.928719000000000072e+00 2.527890199999999510e+01 6.887172685635811753e-02
2.933462000000000014e+00 2.526385400000000203e+01 6.873270555689045547e-02
2.938204999999999956e+00 2.518093299999999957e+01 6.850757008322000408e-02
2.942947999999999897e+00 2.523128200000000021e+01 6.846958865418573126e-02
2.947690999999999839e+00 2.519524699999999484e+01 6.831884499410247058e-02
2.952433999999999781e+00 2.513253200000000120e+01 6.814398775234392636e-02
2.957176000000000027e+00 2.527778499999999795e+01 6.825249870308193467e-02
2.961918999999999969e+00 2.527660299999999793e+01 6.814590456390610951e-02
2.966661999999999910e+00 2.524752699999999805e+01 6.801866017384125551e-02
2.971404999999999852e+00 2.520968599999999782e+01 6.788193763451363938e-02
2.976147999999999794e+00 2.517007600000000167e+01 6.774514841523339437e-02
2.980891000000000179e+00 2.531551699999999983e+01 6.785903075872364021e-02
2.985634000000000121e+00 2.522537100000000265e+01 6.765878412938264308e-02
2.990375999999999923e+00 2.530021400000000398e+01 6.769862346598268243e-02
2.995118999999999865e+00 2.520400700000000427e+01 6.747906460870436995e-02
2.999861999999999806e+00 2.532977699999999999e+01 6.756921905199511635e-02
3.004605000000000192e+00 2.530301899999999904e+01 6.745996993461753077e-02
3.009348000000000134e+00 2.520545699999999911e+01 6.725763014111335591e-02
3.014091000000000076e+00 2.520006499999999861e+01 6.719969886304774653e-02
3.018834000000000017e+00 2.524566299999999686e+01 6.716978786371220755e-02
3.023576999999999959e+00 2.521249999999999858e+01 6.705677850367924853e-02
3.028319000000000205e+00 2.515240899999999868e+01 6.690885997593441770e-02
3.033062000000000147e+00 2.521967899999999574e+01 6.693089188913591003e-02
3.037805000000000089e+00 2.525012199999999751e+01 6.690495890495487541e-02
3.042548000000000030e+00 2.527157199999999904e+01 6.686796433961630926e-02
3.047290999999999972e+00 2.519383599999999745e+01 6.670000986703825130e-02
3.052033999999999914e+00 2.519404400000000166e+01 6.663601695458620799e-02
3.056776999999999855e+00 2.518411299999999642e+01 6.655962398087221510e-02
3.061519000000000101e+00 2.511630599999999802e+01 6.640706621031303158e-02
3.066262000000000043e+00 2.525369699999999895e+01 6.652631405860390257e-02
3.071004999999999985e+00 2.524186199999999758e+01 6.646238028177595125e-02
3.075747999999999927e+00 2.529624699999999748e+01 6.647568039579436483e-02
3.080490999999999868e+00 2.519291700000000134e+01 6.627233672895577188e-02
3.085233999999999810e+00 2.522100999999999971e+01 6.623951464177255111e-02
3.089977000000000196e+00 2.523262399999999772e+01 6.621390041581148855e-02
3.094720000000000137e+00 2.519894699999999688e+01 6.609262056035680732e-02
3.099461999999999939e+00 2.524129400000000345e+01 6.608868998126760097e-02
3.104204999999999881e+00 2.512498600000000337e+01 6.587799508980672625e-02
3.108947999999999823e+00 2.516902999999999935e+01 6.587749471332830786e-02
3.113691000000000209e+00 2.515771400000000213e+01 6.580564845822811648e-02
3.118434000000000150e+00 2.518129400000000118e+01 6.577941565583947381e-02
3.123177000000000092e+00 2.519512200000000135e+01 6.574049218381315673e-02
3.127920000000000034e+00 2.519198299999999691e+01 6.567988654923134773e-02
3.132661999999999836e+00 2.512413599999999647e+01 6.553572537933413655e-02
3.137405000000000221e+00 2.523719900000000038e+01 6.562753126759530986e-02
3.142148000000000163e+00 2.511339699999999908e+01 6.541063542761528515e-02
3.146891000000000105e+00 2.515926299999999927e+01 6.542371316650102964e-02
3.151634000000000047e+00 2.514838199999999802e+01 6.535707554629796578e-02
3.156376999999999988e+00 2.523581300000000027e+01 6.540579396591864048e-02
3.161119999999999930e+00 2.529552399999999324e+01 6.542929919100387570e-02
3.165862000000000176e+00 2.516999200000000059e+01 6.525811643379694771e-02
3.170605000000000118e+00 2.527910099999999716e+01 6.532886015171013305e-02
3.175348000000000059e+00 2.519477800000000300e+01 6.513777535689946330e-02
3.180091000000000001e+00 2.520819399999999888e+01 6.510171784754990865e-02
3.184833999999999943e+00 2.514142700000000019e+01 6.496263624475764886e-02
3.189576999999999884e+00 2.516132600000000252e+01 6.493577829255300915e-02
3.194319999999999826e+00 2.511887599999999665e+01 6.481003592128460611e-02
3.199063000000000212e+00 2.514765299999999826e+01 6.472817617321299788e-02
3.203805000000000014e+00 2.510943600000000231e+01 6.455919390136929947e-02
3.208547999999999956e+00 2.520121799999999723e+01 6.459744164815429956e-02
3.213290999999999897e+00 2.518613700000000222e+01 6.452715258506454277e-02
3.218033999999999839e+00 2.509704000000000335e+01 6.436243244808341479e-02
3.222776999999999781e+00 2.515714600000000090e+01 6.438885853604721377e-02
3.227520000000000167e+00 2.511359200000000058e+01 6.428293857750981555e-02
3.232263000000000108e+00 2.510600499999999968e+01 6.422327601116670226e-02
3.237004999999999910e+00 2.516245499999999780e+01 6.424560314531882477e-02
3.241747999999999852e+00 2.513131399999999971e+01 6.415634448929895262e-02
3.246490999999999794e+00 2.514767499999999956e+01 6.412786750573964967e-02
3.251234000000000179e+00 2.512881900000000002e+01 6.407245871325292774e-02
3.255977000000000121e+00 2.511254199999999770e+01 6.406808201149617743e-02
3.260720000000000063e+00 2.521312000000000353e+01 6.421461364647380876e-02
3.265463000000000005e+00 2.508035900000000140e+01 6.402228308999999284e-02
3.270205999999999946e+00 2.511469900000000166e+01 6.401738556790569079e-02
3.274948000000000192e+00 2.514091599999999715e+01 6.400172067764194062e-02
3.279691000000000134e+00 2.522175399999999712e+01 6.405569994390039601e-02
3.284434000000000076e+00 2.508759599999999779e+01 6.383702126156341750e-02
3.289177000000000017e+00 2.524634900000000215e+01 6.399043805264345575e-02
3.293919999999999959e+00 2.512464100000000045e+01 6.378770148257185968e-02
3.298662999999999901e+00 2.507343699999999842e+01 6.367491303374979428e-02
3.303405999999999842e+00 2.500196100000000143e+01 6.353648608954307053e-02
3.308148000000000089e+00 2.500945999999999714e+01 6.349853608371534841e-02
3.312891000000000030e+00 2.500121400000000094e+01 6.344067456928323412e-02
3.317633999999999972e+00 2.511037400000000019e+01 6.353168586681452734e-02
3.322376999999999914e+00 2.517722900000000053e+01 6.356990658833863717e-02
3.327119999999999855e+00 2.506793500000000208e+01 6.340068245797911284e-02
3.331862999999999797e+00 2.519230599999999853e+01 6.349412183501004781e-02
3.336606000000000183e+00 2.515379000000000076e+01 6.339895055280567182e-02
3.341347999999999985e+00 2.516072600000000037e+01 6.336139833177927005e-02
3.346090999999999926e+00 2.513281500000000079e+01 6.327970735987090145e-02
3.350833999999999868e+00 2.513235599999999437e+01 6.323243432988642776e-02
3.355576999999999810e+00 2.506611300000000497e+01 6.310319069002137682e-02
3.360320000000000196e+00 2.509303799999999995e+01 6.309138492330787495e-02
3.365063000000000137e+00 2.506792000000000442e+01 6.301391467830022575e-02
3.369806000000000079e+00 2.509280400000000100e+01 6.299932477385453145e-02
3.374549000000000021e+00 2.515866700000000122e+01 6.303632398051142727e-02
3.379290999999999823e+00 2.523037900000000278e+01 6.378244387197781751e-02
3.384034000000000209e+00 2.517925599999999875e+01 6.521296013163947747e-02
3.388777000000000150e+00 2.518689700000000187e+01 6.608522896176724504e-02
3.393520000000000092e+00 2.514965100000000220e+01 6.671683742538535300e-02
3.398263000000000034e+00 2.501785199999999776e+01 6.694406744526358588e-02
3.403005999999999975e+00 2.508393500000000031e+01 6.721318447755394998e-02
3.407748999999999917e+00 2.507420400000000171e+01 6.716549780088285071e-02
3.412491000000000163e+00 2.503950999999999993e+01 6.715605177730819830e-02
3.417234000000000105e+00 2.521503100000000330e+01 6.757039577670607977e-02
3.421977000000000046e+00 2.518502300000000105e+01 6.769349948433601993e-02
3.426719999999999988e+00 2.512858500000000461e+01 6.775550002497361668e-02
3.431462999999999930e+00 2.512779900000000310e+01 6.789562391453590751e-02
3.436205999999999872e+00 2.506119999999999948e+01 6.795235349070037623e-02
3.440948999999999813e+00 2.498488300000000351e+01 6.797206550131458525e-02
3.445692000000000199e+00 2.506608300000000256e+01 6.821669601703969632e-02
3.450434000000000001e+00 2.508017699999999905e+01 6.833084144964482465e-02
3.455176999999999943e+00 2.521595900000000157e+01 6.862787136316556014e-02
3.459919999999999884e+00 2.517011099999999857e+01 6.867300051015537421e-02
3.464662999999999826e+00 2.514367800000000130e+01 6.874069016807148047e-02
3.469406000000000212e+00 2.517458900000000099e+01 6.888349996187694002e-02
3.474149000000000154e+00 2.511833899999999886e+01 6.890337644342546530e-02
3.478892000000000095e+00 2.516147000000000133e+01 6.905673538957948776e-02
3.483633999999999897e+00 2.499795699999999599e+01 6.892260753080153846e-02
3.488376999999999839e+00 2.508327300000000193e+01 6.912872498003705402e-02
3.493119999999999781e+00 2.506276500000000240e+01 6.918629536243792177e-02
3.497863000000000167e+00 2.501238699999999682e+01 6.920027384666840864e-02
3.502606000000000108e+00 2.503505100000000283e+01 6.931320885871754267e-02
3.507349000000000050e+00 2.513967500000000044e+01 6.953717878568485555e-02
3.512091999999999992e+00 2.514525600000000338e+01 6.962248400151850591e-02
3.516833999999999794e+00 2.510234600000000071e+01 6.963874315194953923e-02
3.521577000000000179e+00 2.510753100000000160e+01 6.971961994592340561e-02
3.526320000000000121e+00 2.504365400000000008e+01 6.970305018476379011e-02
3.531063000000000063e+00 2.504179500000000047e+01 6.977109047890464599e-02
3.535806000000000004e+00 2.507336899999999602e+01 6.988437632962105073e-02
3.540548999999999946e+00 2.506583099999999931e+01 6.994105046248091928e-02
3.545291999999999888e+00 2.509822199999999981e+01 7.005266942034900357e-02
3.550034999999999830e+00 2.507913699999999935e+01 7.009124266437427586e-02
3.554777000000000076e+00 2.501901200000000003e+01 7.007070182630396882e-02
3.559520000000000017e+00 2.505319199999999924e+01 7.018113640300005507e-02
3.564262999999999959e+00 2.508117499999999822e+01 7.028158287841701490e-02
3.569005999999999901e+00 2.509903999999999868e+01 7.038059731651685746e-02
3.573748999999999842e+00 2.504744799999999572e+01 7.038759887155619788e-02
3.578491999999999784e+00 2.506809299999999752e+01 7.044071628953028907e-02
3.583235000000000170e+00 2.503736099999999709e+01 7.045477336443359273e-02
3.587976999999999972e+00 2.497007100000000079e+01 7.039208367478974604e-02
3.592719999999999914e+00 2.506354900000000185e+01 7.046876607888277744e-02
3.597462999999999855e+00 2.509772800000000004e+01 7.045391427827626951e-02
3.602205999999999797e+00 2.510431200000000018e+01 7.040091488318458990e-02
3.606949000000000183e+00 2.518821000000000154e+01 7.045635958800242071e-02
3.611692000000000125e+00 2.505765900000000101e+01 7.026408045086976473e-02
3.616435000000000066e+00 2.515778600000000154e+01 7.047465004168022851e-02
3.621178000000000008e+00 2.537784899999999766e+01 7.163765358243737169e-02
3.625919999999999810e+00 2.518011699999999564e+01 7.390954171218015734e-02
3.630663000000000196e+00 2.516714300000000293e+01 7.532932907338482642e-02
3.635406000000000137e+00 2.509039700000000295e+01 7.628780731303004548e-02
3.640149000000000079e+00 2.510429599999999795e+01 7.709977891341712741e-02
3.644892000000000021e+00 2.503804000000000229e+01 7.752476225963482459e-02
3.649634999999999962e+00 2.507882399999999734e+01 7.808827632497658544e-02
3.654377999999999904e+00 2.516220200000000062e+01 7.865286705515127375e-02
3.659120000000000150e+00 2.502392299999999992e+01 7.887422674191234273e-02
3.663863000000000092e+00 2.490024799999999772e+01 7.909951509860158048e-02
3.668606000000000034e+00 2.498212299999999786e+01 7.963733863565945759e-02
3.673348999999999975e+00 2.497212000000000032e+01 8.001840186218792117e-02
3.678091999999999917e+00 2.497389199999999931e+01 8.040863897168885888e-02
3.682834999999999859e+00 2.491862199999999916e+01 8.069873346211636767e-02
3.687577999999999800e+00 2.491541600000000045e+01 8.106530421099830686e-02
3.692321000000000186e+00 2.489513600000000082e+01 8.139828843430124694e-02
3.697062999999999988e+00 2.490721500000000077e+01 8.177834242624267003e-02
3.701805999999999930e+00 2.495416299999999765e+01 8.221128043875061686e-02
3.706548999999999872e+00 2.523219600000000185e+01 8.302196970812363019e-02
3.711291999999999813e+00 2.513554500000000047e+01 8.321210320216824996e-02
3.716035000000000199e+00 2.501693600000000473e+01 8.336047792439592319e-02
3.720778000000000141e+00 2.507987999999999573e+01 8.380791393547269708e-02
3.725521000000000083e+00 2.504644799999999805e+01 8.409149031151250120e-02
3.730262999999999884e+00 2.506033899999999903e+01 8.445263098366326271e-02
3.735005999999999826e+00 2.505523200000000017e+01 8.477865748817506319e-02
3.739749000000000212e+00 2.505794200000000060e+01 8.511669881012010053e-02
3.744492000000000154e+00 2.509191799999999972e+01 8.550627451710078597e-02
3.749235000000000095e+00 2.502935400000000143e+01 8.572942999056390456e-02
3.753978000000000037e+00 2.496292100000000147e+01 8.594389850042932766e-02
3.758720999999999979e+00 2.496443099999999760e+01 8.627338791876669466e-02
3.763462999999999781e+00 2.500918000000000418e+01 8.667713694267825675e-02
3.768206000000000166e+00 2.501792200000000221e+01 8.701765705589355193e-02
3.772949000000000108e+00 2.497889699999999635e+01 8.727435635502733824e-02
3.777692000000000050e+00 2.511857099999999932e+01 8.784214972965256885e-02
3.782434999999999992e+00 2.497656700000000285e+01 8.791696992915076780e-02
3.787177999999999933e+00 2.498621800000000093e+01 8.825655583705381557e-02
3.791920999999999875e+00 2.510967300000000080e+01 8.879784357750079848e-02
3.796663999999999817e+00 2.494262300000000110e+01 8.882331735647852611e-02
3.801406000000000063e+00 2.496936800000000289e+01 8.919340224976621267e-02
3.806149000000000004e+00 2.510375199999999651e+01 8.975616262269404955e-02
3.810891999999999946e+00 2.499152699999999783e+01 8.987707940066977375e-02
3.815634999999999888e+00 2.499860699999999980e+01 9.021167458603016054e-02
3.820377999999999830e+00 2.502777899999999889e+01 9.058666491926392617e-02
3.825121000000000215e+00 2.488347200000000115e+01 9.064648276262241011e-02
3.829864000000000157e+00 2.496254799999999818e+01 9.111309658403833611e-02
3.834605999999999959e+00 2.487758399999999881e+01 9.128017161873820673e-02
3.839348999999999901e+00 2.504548199999999980e+01 9.191228343817817170e-02
3.844091999999999842e+00 2.518197300000000283e+01 9.248729625837162627e-02
3.848834999999999784e+00 2.520882800000000401e+01 9.286536749398076329e-02
3.853578000000000170e+00 2.497860800000000125e+01 9.281445408324932866e-02
3.858321000000000112e+00 2.508484100000000083e+01 9.328551786470876128e-02
3.863064000000000053e+00 2.505756799999999984e+01 9.356218168602524476e-02
3.867806999999999995e+00 2.492111900000000091e+01 9.363417338017034075e-02
3.872548999999999797e+00 2.491836200000000190e+01 9.395618645098842425e-02
3.877292000000000183e+00 2.510570900000000094e+01 9.463815167389628968e-02
3.882035000000000124e+00 2.499992900000000162e+01 9.476880870762278974e-02
3.886778000000000066e+00 2.510884599999999978e+01 9.530666851968175313e-02
3.891521000000000008e+00 2.512712199999999640e+01 9.567364138620312874e-02
3.896263999999999950e+00 2.511218200000000067e+01 9.597861043944322379e-02
3.901006999999999891e+00 2.504797399999999996e+01 9.618963785293768720e-02
3.905749000000000137e+00 2.492552699999999888e+01 9.628953678416520001e-02
3.910492000000000079e+00 2.517352600000000251e+01 9.710485399040306997e-02
3.915235000000000021e+00 2.494645699999999877e+01 9.700290353552207256e-02
3.919977999999999962e+00 2.512734299999999976e+01 9.765062513279318401e-02
3.924720999999999904e+00 2.515879500000000135e+01 9.779858674219428505e-02
3.929463999999999846e+00 2.510023100000000085e+01 9.775967189258974455e-02
3.934206999999999788e+00 2.497170499999999649e+01 9.763726669308087081e-02
3.938949000000000034e+00 2.492625699999999966e+01 9.765501791678346533e-02
3.943691999999999975e+00 2.495118000000000080e+01 9.780949342038940120e-02
3.948434999999999917e+00 2.509209700000000254e+01 9.819055571444232355e-02
3.953177999999999859e+00 2.501861699999999900e+01 9.817916044477717485e-02
3.957920999999999800e+00 2.499606100000000453e+01 9.830779045089763080e-02
3.962664000000000186e+00 2.505203800000000314e+01 9.842641618429881500e-02
3.967407000000000128e+00 2.491041799999999995e+01 9.840085110252096146e-02
3.972150000000000070e+00 2.486528000000000205e+01 9.864325036206886277e-02
3.976891999999999872e+00 2.497002499999999969e+01 9.918413685234146737e-02
3.981634999999999813e+00 2.490115700000000132e+01 9.938183673993000733e-02
3.986378000000000199e+00 2.492589600000000161e+01 9.976773995902232794e-02
3.991121000000000141e+00 2.510332499999999456e+01 1.004608813134485745e-01
3.995864000000000082e+00 2.502508999999999872e+01 1.006451119094767532e-01
4.000606999999999580e+00 2.496059299999999581e+01 1.008567142091710139e-01
4.005349999999999966e+00 2.499969500000000266e+01 1.012796033316447214e-01
4.010092000000000212e+00 2.500906199999999657e+01 1.016439254834434341e-01
4.014834999999999710e+00 2.497634200000000249e+01 1.019247691196075306e-01
4.019578000000000095e+00 2.508466899999999811e+01 1.024955468019269622e-01
4.024320999999999593e+00 2.500380700000000189e+01 1.026807133599971500e-01
4.029063999999999979e+00 2.510139699999999863e+01 1.032350272434937599e-01
4.033807000000000365e+00 2.496708300000000236e+01 1.033130312162885006e-01
4.038549999999999862e+00 2.472878399999999743e+01 1.031745070596220282e-01
4.043293000000000248e+00 2.487578800000000001e+01 1.038386091456881821e-01
4.048034999999999606e+00 2.506737899999999897e+01 1.045997487898269185e-01
4.052777999999999992e+00 2.508351499999999845e+01 1.049973740719476190e-01
4.057521000000000377e+00 2.505705300000000335e+01 1.053083233163162741e-01
4.062263999999999875e+00 2.505426100000000034e+01 1.056708496494312144e-01
4.067007000000000261e+00 2.501257900000000234e+01 1.059533785769061626e-01
4.071749999999999758e+00 2.515777200000000136e+01 1.066337709957544400e-01
4.076493000000000144e+00 2.499623000000000062e+01 1.066656002752011945e-01
4.081235000000000390e+00 2.487470499999999873e+01 1.067819996696475204e-01
4.085977999999999888e+00 2.496254300000000370e+01 1.073507324558961723e-01
4.090721000000000274e+00 2.494839400000000040e+01 1.077020139043077529e-01
4.095463999999999771e+00 2.511690600000000373e+01 1.084509558118604139e-01
4.100207000000000157e+00 2.516231500000000310e+01 1.089373625954309643e-01
4.104949999999999655e+00 2.511872999999999578e+01 1.092353358723920503e-01
4.109693000000000040e+00 2.508429500000000090e+01 1.095537201564629609e-01
4.114436000000000426e+00 2.513529100000000227e+01 1.100615218929794914e-01
4.119177999999999784e+00 2.520711400000000069e+01 1.106190767328117663e-01
4.123921000000000170e+00 2.503163500000000141e+01 1.106347689162448383e-01
4.128663999999999668e+00 2.495084800000000058e+01 1.108605209811982517e-01
4.133407000000000053e+00 2.509559500000000298e+01 1.115904434524269684e-01
4.138150000000000439e+00 2.513710500000000181e+01 1.120936032721568665e-01
4.142892999999999937e+00 2.513723900000000100e+01 1.125087229787917337e-01
4.147636000000000323e+00 2.513742200000000082e+01 1.129260465048431417e-01
4.152377999999999680e+00 2.508645300000000233e+01 1.132332699176059332e-01
4.157121000000000066e+00 2.516825499999999849e+01 1.138418387032654328e-01
4.161863999999999564e+00 2.510190800000000166e+01 1.141190757089506069e-01
4.166606999999999950e+00 2.503523500000000013e+01 1.143977584379632928e-01
4.171350000000000335e+00 2.492259500000000116e+01 1.145723335504112983e-01
4.176092999999999833e+00 2.512708199999999437e+01 1.154861420174191355e-01
4.180836000000000219e+00 2.521520500000000453e+01 1.162899431220920377e-01
4.185577999999999577e+00 2.506191700000000111e+01 1.162573646838719610e-01
4.190320999999999962e+00 2.509714500000000115e+01 1.167458980158275345e-01
4.195064000000000348e+00 2.509200099999999978e+01 1.171864852822905589e-01
4.199806999999999846e+00 2.512566199999999839e+01 1.177211950419031206e-01
4.204550000000000232e+00 2.497733400000000259e+01 1.178324678779333612e-01
4.209292999999999729e+00 2.501829499999999840e+01 1.183933388755106508e-01
4.214036000000000115e+00 2.504318200000000161e+01 1.189192519955561966e-01
4.218778999999999613e+00 2.497155599999999964e+01 1.192210501264768380e-01
4.223520999999999859e+00 2.518487900000000224e+01 1.202069739688783612e-01
4.228264000000000244e+00 2.516036700000000081e+01 1.206309820630500490e-01
4.233006999999999742e+00 2.513999999999999346e+01 1.210676506810473285e-01
4.237750000000000128e+00 2.510810699999999684e+01 1.214808657830450250e-01
4.242492999999999626e+00 2.486498399999999975e+01 1.213841669148678637e-01
4.247236000000000011e+00 2.489641400000000004e+01 1.219574830506472002e-01
4.251979000000000397e+00 2.518397699999999872e+01 1.231697966448580955e-01
4.256720999999999755e+00 2.517921799999999877e+01 1.238765858246428236e-01
4.261464000000000141e+00 2.511797599999999875e+01 1.240682174808367122e-01
4.266206999999999638e+00 2.539637799999999856e+01 1.252348501896656530e-01
4.270950000000000024e+00 2.510919099999999915e+01 1.250496100443627967e-01
4.275693000000000410e+00 2.498873200000000239e+01 1.252769655639686952e-01
4.280435999999999908e+00 2.501566199999999895e+01 1.258790945381980664e-01
4.285179000000000293e+00 2.513493799999999823e+01 1.267195323259749373e-01
4.289921999999999791e+00 2.485118700000000302e+01 1.265453683640582749e-01
4.294664000000000037e+00 2.491084299999999629e+01 1.272473603198883696e-01
4.299407000000000423e+00 2.487490899999999883e+01 1.277095383701976894e-01
4.304149999999999920e+00 2.513923399999999830e+01 1.289496892490726299e-01
4.308893000000000306e+00 2.510606299999999891e+01 1.294351572822704799e-01
4.313635999999999804e+00 2.485759600000000091e+01 1.293649998661109968e-01
4.318379000000000190e+00 2.510767399999999938e+01 1.305966219486564550e-01
4.323121999999999687e+00 2.514275900000000163e+01 1.313689552108484038e-01
4.327863999999999933e+00 2.529406400000000232e+01 1.323336799160202415e-01
4.332607000000000319e+00 2.512678699999999665e+01 1.324326789126003545e-01
4.337349999999999817e+00 2.505406299999999931e+01 1.328496707680786870e-01
4.342093000000000202e+00 2.495972999999999686e+01 1.332135205390822807e-01
4.346835999999999700e+00 2.501885199999999543e+01 1.339928980788329116e-01
4.351579000000000086e+00 2.514371999999999829e+01 1.349569918855370032e-01
4.356321999999999584e+00 2.514301499999999834e+01 1.355938697976553087e-01
4.361063999999999830e+00 2.518519500000000022e+01 1.363542825330829045e-01
4.365807000000000215e+00 2.513987000000000194e+01 1.368860545132860040e-01
4.370549999999999713e+00 2.528142700000000076e+01 1.379335105254368421e-01
4.375293000000000099e+00 2.515901900000000069e+01 1.382696121856407667e-01
4.380035999999999596e+00 2.515356600000000142e+01 1.389971513659996050e-01
4.384778999999999982e+00 2.496922500000000156e+01 1.392273579632063718e-01
4.389522000000000368e+00 2.518293800000000005e+01 1.403993155004257809e-01
4.394264999999999866e+00 2.495862200000000186e+01 1.404589511463213980e-01
4.399007000000000112e+00 2.518388300000000157e+01 1.413676204461138397e-01
4.403749999999999609e+00 2.500822900000000004e+01 1.409707715841556908e-01
4.408492999999999995e+00 2.492777400000000299e+01 1.408393137948442120e-01
4.413236000000000381e+00 2.513182700000000125e+01 1.415092341305987100e-01
4.417978999999999878e+00 2.501815699999999865e+01 1.412834358882707197e-01
4.422722000000000264e+00 2.533984799999999993e+01 1.422852638706450790e-01
4.427464999999999762e+00 2.519117600000000223e+01 1.419586525347021622e-01
4.432207000000000008e+00 2.509215700000000382e+01 1.417728855262941345e-01
4.436950000000000394e+00 2.515430199999999417e+01 1.421191155867732037e-01
4.441692999999999891e+00 2.513274699999999839e+01 1.427013046726251788e-01
4.446436000000000277e+00 2.505352200000000451e+01 1.432062434949353258e-01
4.451178999999999775e+00 2.508009899999999703e+01 1.440204548680290575e-01
4.455922000000000160e+00 2.499179199999999668e+01 1.445139592738642620e-01
4.460664999999999658e+00 2.517190900000000298e+01 1.457952167718361558e-01
4.465408000000000044e+00 2.512876999999999938e+01 1.464412005360844482e-01
4.470150000000000290e+00 2.533463299999999663e+01 1.478247681965458304e-01
4.474892999999999788e+00 2.523247300000000592e+01 1.483215788784427169e-01
4.479636000000000173e+00 2.523626999999999754e+01 1.491376201682087510e-01
4.484378999999999671e+00 2.512352000000000274e+01 1.496215883499075749e-01
4.489122000000000057e+00 2.515221700000000027e+01 1.505360173654281819e-01
4.493865000000000443e+00 2.520577700000000121e+01 1.515384034707997762e-01
4.498607999999999940e+00 2.487814700000000201e+01 1.513994326540839541e-01
4.503350000000000186e+00 2.519594800000000490e+01 1.532306253402599128e-01
4.508092999999999684e+00 2.526764200000000216e+01 1.543311726576053755e-01
4.512836000000000070e+00 2.507505600000000356e+01 1.546347363613133907e-01
4.517578999999999567e+00 2.512424599999999941e+01 1.556938820524300660e-01
4.522321999999999953e+00 2.519028499999999582e+01 1.568216420596283689e-01
4.527065000000000339e+00 2.497896899999999931e+01 1.570978301028349566e-01
4.531807999999999836e+00 2.509720999999999691e+01 1.584223098694230725e-01
4.536551000000000222e+00 2.494766600000000167e+01 1.589138800655097161e-01
4.541292999999999580e+00 2.508288699999999594e+01 1.603285553743072078e-01
4.546035999999999966e+00 2.516480599999999868e+01 1.615938844010298692e-01
4.550779000000000352e+00 2.532138000000000133e+01 1.631183767328105438e-01
4.555521999999999849e+00 2.526368599999999986e+01 1.639733581962944942e-01
4.560265000000000235e+00 2.489686199999999872e+01 1.638271144381762690e-01
4.565007999999999733e+00 2.506880600000000214e+01 1.654675106022360509e-01
4.569751000000000118e+00 2.490167800000000042e+01 1.660025246353741546e-01
4.574493000000000364e+00 2.523058200000000539e+01 1.682131447925684642e-01
4.579235999999999862e+00 2.499305100000000124e+01 1.685508223453430765e-01
4.583979000000000248e+00 2.503845100000000201e+01 1.698578455804270471e-01
4.588721999999999746e+00 2.512579299999999805e+01 1.713336986334775269e-01
4.593465000000000131e+00 2.509100600000000014e+01 1.724160722976831317e-01
4.598207999999999629e+00 2.541359100000000382e+01 1.747526050814181553e-01
4.602951000000000015e+00 2.505852399999999847e+01 1.747768753136907383e-01
4.607693000000000261e+00 2.508046800000000331e+01 1.761283571603107778e-01
4.612435999999999758e+00 2.521338999999999686e+01 1.778986383694715068e-01
4.617179000000000144e+00 2.540409400000000062e+01 1.799058438338707877e-01
4.621921999999999642e+00 2.523911100000000118e+01 1.806830405637421810e-01
4.626665000000000028e+00 2.497491400000000183e+01 1.811191096150466806e-01
4.631408000000000413e+00 2.520681899999999942e+01 1.833767173041392362e-01
4.636150999999999911e+00 2.499195200000000128e+01 1.840391400455737292e-01
4.640894000000000297e+00 2.511085699999999932e+01 1.859594259000911520e-01
4.645635999999999655e+00 2.500930999999999926e+01 1.870927111386114228e-01
4.650379000000000040e+00 2.541655800000000198e+01 1.901705263507179056e-01
4.655122000000000426e+00 2.514370699999999914e+01 1.907372503014104770e-01
4.659864999999999924e+00 2.527007700000000057e+01 1.928469945595450707e-01
4.664608000000000310e+00 2.521551799999999943e+01 1.943103440764162859e-01
4.669350999999999807e+00 2.532913300000000234e+01 1.964628015240869885e-01
4.674094000000000193e+00 2.525545400000000384e+01 1.979355902598294858e-01
4.678836000000000439e+00 2.548066700000000395e+01 2.006267372278582872e-01
4.683578999999999937e+00 2.529682000000000031e+01 2.017526063980855100e-01
4.688322000000000322e+00 2.518911299999999898e+01 2.032188153162551303e-01
4.693064999999999820e+00 2.507518800000000070e+01 2.047056176389803195e-01
4.697808000000000206e+00 2.511712999999999951e+01 2.068758580943595715e-01
4.702550999999999704e+00 2.534077199999999763e+01 2.098649336642994245e-01
4.707294000000000089e+00 2.522512599999999949e+01 2.115097631464911976e-01
4.712036999999999587e+00 2.524553199999999720e+01 2.137823108837096642e-01
4.716778999999999833e+00 2.497887400000000113e+01 2.148918864688215691e-01
4.721522000000000219e+00 2.578573899999999597e+01 2.206817685720109667e-01
4.726264999999999716e+00 2.509653299999999732e+01 2.201042934425446462e-01
4.731008000000000102e+00 2.509111800000000159e+01 2.225478977308718576e-01
4.735750999999999600e+00 2.492242600000000152e+01 2.243420057086779607e-01
4.740493999999999986e+00 2.520685300000000240e+01 2.282591198788186948e-01
4.745237000000000371e+00 2.498810500000000090e+01 2.299844162310213935e-01
4.749978999999999729e+00 2.565635600000000593e+01 2.358962792143525777e-01
4.754722000000000115e+00 2.570132499999999709e+01 2.390656934031637759e-01
4.759464999999999613e+00 2.543578399999999817e+01 2.408850529240346705e-01
4.764207999999999998e+00 2.526791599999999960e+01 2.432497038096153585e-01
4.768951000000000384e+00 2.506811900000000293e+01 2.455581094237512807e-01
4.773693999999999882e+00 2.541381500000000315e+01 2.506806396789074132e-01
4.778437000000000268e+00 2.525483099999999936e+01 2.534582938701844812e-01
4.783178999999999625e+00 2.518717900000000043e+01 2.568271158881791361e-01
4.787922000000000011e+00 2.527204100000000153e+01 2.611409473467786180e-01
4.792665000000000397e+00 2.519869899999999774e+01 2.648113136511217602e-01
4.797407999999999895e+00 2.518481000000000236e+01 2.689784001645655898e-01
4.802151000000000280e+00 2.494411200000000051e+01 2.721136751559427025e-01
4.806893999999999778e+00 2.486456799999999845e+01 2.763185437117738896e-01
4.811637000000000164e+00 2.521104799999999813e+01 2.831471973986897650e-01
4.816379999999999661e+00 2.561528299999999803e+01 2.906239076558475576e-01
4.821121999999999908e+00 2.556449800000000039e+01 2.958361523976307805e-01
4.825865000000000293e+00 2.559946700000000064e+01 3.018654357350040729e-01
4.830607999999999791e+00 2.513082299999999947e+01 3.052085060757424584e-01
4.835351000000000177e+00 2.554528300000000129e+01 3.142732344164141378e-01
4.840093999999999674e+00 2.594152100000000161e+01 3.237436812239987138e-01
4.844837000000000060e+00 2.566999700000000217e+01 3.295312008421660832e-01
4.849579999999999558e+00 2.535094399999999837e+01 3.354521349039233380e-01
4.854321999999999804e+00 2.558281899999999709e+01 3.456010550751834609e-01
4.859065000000000190e+00 2.478021600000000291e+01 3.492939401928409904e-01
4.863807999999999687e+00 2.498926800000000270e+01 3.607367560189840283e-01
4.868551000000000073e+00 2.554348700000000250e+01 3.756938056498136946e-01
4.873293999999999571e+00 2.528280000000000172e+01 3.857278553890294281e-01
4.878036999999999956e+00 2.548310599999999937e+01 4.004892199541206788e-01
4.882780000000000342e+00 2.589160100000000142e+01 4.184629676848120039e-01
4.887522999999999840e+00 2.495187800000000067e+01 4.270231801553635020e-01
4.892265000000000086e+00 2.579146099999999819e+01 4.527357186482529050e-01
4.897007999999999583e+00 2.575878799999999913e+01 4.736117397374878801e-01
4.901750999999999969e+00 2.510569999999999879e+01 4.916697687009543571e-01
4.906494000000000355e+00 2.544736000000000331e+01 5.234389207867141680e-01
4.911236999999999853e+00 2.607277700000000209e+01 5.642044194914286326e-01
4.915980000000000238e+00 2.505173599999999823e+01 5.941712445490272554e-01
4.920722999999999736e+00 2.628870200000000068e+01 6.618668237145597377e-01
4.925464999999999982e+00 2.639528399999999664e+01 7.333763790768010882e-01
4.930208000000000368e+00 2.685409100000000038e+01 8.389081767686438207e-01
4.934950999999999866e+00 2.552262500000000145e+01 9.679647825931582128e-01
4.939694000000000251e+00 2.476126099999999752e+01 1.231176878085691317e+00
4.944436999999999749e+00 9.882304200000001870e+00 1.347552480308329192e+00