# [70] Sgs_R09_0.8
# Sample c= 1.0 mg/ml
#
# Number of frames collected: 10
# Exposure time per frame: 0.5
# No significant radiation damage detected, merging 10 files
# Merged from: /data/visitor/mx1905/bm29/20170412/Poker/1d/Sxl_10gs_206_00001.dat
# Merged from: /data/visitor/mx1905/bm29/20170412/Poker/1d/Sxl_10gs_206_00002.dat
# Merged from: /data/visitor/mx1905/bm29/20170412/Poker/1d/Sxl_10gs_206_00003.dat
# Merged from: /data/visitor/mx1905/bm29/20170412/Poker/1d/Sxl_10gs_206_00004.dat
# Merged from: /data/visitor/mx1905/bm29/20170412/Poker/1d/Sxl_10gs_206_00005.dat
# Merged from: /data/visitor/mx1905/bm29/20170412/Poker/1d/Sxl_10gs_206_00006.dat
# Merged from: /data/visitor/mx1905/bm29/20170412/Poker/1d/Sxl_10gs_206_00007.dat
# Merged from: /data/visitor/mx1905/bm29/20170412/Poker/1d/Sxl_10gs_206_00008.dat
# Merged from: /data/visitor/mx1905/bm29/20170412/Poker/1d/Sxl_10gs_206_00009.dat
# Merged from: /data/visitor/mx1905/bm29/20170412/Poker/1d/Sxl_10gs_206_00010.dat
#
# Sample Information:
# Storage Temperature (degrees C): 20.0
# Measurement Temperature (degrees C): 20.03
# Concentration: 1.0
# Code: 
3.082862000000000102e-02 6.139452299999999241e+02 8.357624451686255895e+00
3.557148999999999728e-02 1.818666699999999764e+03 5.931140120764303525e+00
4.031434999999999880e-02 2.404192399999999907e+03 4.492162510313539414e+00
4.505722000000000199e-02 1.307191769999999906e+03 2.355362731004010168e+00
4.980007999999999657e-02 8.379381900000000769e+02 1.688621933133610087e+00
5.454294999999999977e-02 5.899111100000000079e+02 1.332919841716174059e+00
5.928581000000000129e-02 4.326659899999999652e+02 1.085225905282471537e+00
6.402868000000000448e-02 3.390083099999999945e+02 9.158967615195940937e-01
6.877154000000000600e-02 2.787115400000000136e+02 7.977166910164160685e-01
7.351441000000000225e-02 2.338573399999999651e+02 7.041112032339209570e-01
7.825727999999999851e-02 2.002874899999999911e+02 6.272725068084603617e-01
8.300014000000000003e-02 1.763036899999999889e+02 5.697044053366359107e-01
8.774300999999999628e-02 1.581856400000000065e+02 5.235989094561026569e-01
9.248586999999999780e-02 1.450250499999999931e+02 4.872069002842427388e-01
9.722873999999999406e-02 1.335141299999999944e+02 4.539022428220199634e-01
1.019715999999999956e-01 1.237661999999999836e+02 4.259042193648825969e-01
1.067145000000000038e-01 1.176014199999999903e+02 4.052416297943487455e-01
1.114572999999999953e-01 1.116251699999999971e+02 3.858741209168865538e-01
1.162002000000000035e-01 1.071721900000000005e+02 3.698379793707103902e-01
1.209430999999999978e-01 1.034462800000000016e+02 3.557271445544323285e-01
1.256858999999999893e-01 1.002206900000000047e+02 3.431454782797523917e-01
1.304288000000000114e-01 9.725603000000000975e+01 3.315591189435905251e-01
1.351717000000000057e-01 9.500017099999998038e+01 3.215574149798757220e-01
1.399144999999999972e-01 9.280105900000000929e+01 3.120487273521322935e-01
1.446573999999999915e-01 9.123078600000000904e+01 3.040244922198627742e-01
1.494003000000000136e-01 8.920928700000000333e+01 2.956112158029118309e-01
1.541431000000000051e-01 8.785209700000000055e+01 2.890608606749628939e-01
1.588859999999999995e-01 8.704155499999998824e+01 2.831721230164049863e-01
1.636287999999999909e-01 8.544298299999999813e+01 2.762886754429967340e-01
1.683717000000000130e-01 8.424108900000001654e+01 2.702995634122155044e-01
1.731146000000000074e-01 8.312445499999999754e+01 2.646522257825087987e-01
1.778573999999999988e-01 8.257324500000001422e+01 2.600690721428301488e-01
1.826002999999999932e-01 8.193502299999998684e+01 2.555456556867400364e-01
1.873431999999999875e-01 8.099138100000001828e+01 2.507219990116216213e-01
1.920860000000000067e-01 7.980257499999999027e+01 2.456633945679302933e-01
1.968289000000000011e-01 7.942120400000001723e+01 2.419772210054264572e-01
2.015717999999999954e-01 7.927785000000000082e+01 2.387990664977949484e-01
2.063145999999999869e-01 7.816991499999998894e+01 2.342818588034035199e-01
2.110575000000000090e-01 7.752099899999998911e+01 2.303384651385898818e-01
2.158004000000000033e-01 7.681552800000000047e+01 2.266592542321511083e-01
2.205431999999999948e-01 7.652963899999998887e+01 2.237313048921424630e-01
2.252860999999999891e-01 7.624974600000000180e+01 2.209103120563630784e-01
2.300290000000000112e-01 7.594034299999998439e+01 2.181223132103008999e-01
2.347718000000000027e-01 7.503641700000000014e+01 2.145528843580775669e-01
2.395146999999999970e-01 7.482879400000000203e+01 2.120637062729351374e-01
2.442575999999999914e-01 7.441995999999998901e+01 2.093600014657432118e-01
2.490004000000000106e-01 7.412569799999999987e+01 2.068817901699557260e-01
2.537433000000000050e-01 7.382002500000001532e+01 2.044442525959392076e-01
2.584861999999999993e-01 7.359973800000000210e+01 2.022123286190315450e-01
2.632289999999999908e-01 7.300903600000000893e+01 1.995466293741009478e-01
2.679718999999999851e-01 7.253642600000000584e+01 1.970984801629010463e-01
2.727146999999999766e-01 7.208100000000000307e+01 1.947197751937147225e-01
2.774576000000000264e-01 7.196423599999999965e+01 1.929073529372379858e-01
2.822005000000000208e-01 7.186467600000000289e+01 1.912042733742065070e-01
2.869433000000000122e-01 7.122889899999999841e+01 1.887386798018893252e-01
2.916862000000000066e-01 7.081355200000000139e+01 1.866044068957298241e-01
2.964291000000000009e-01 7.052244699999999966e+01 1.846872241530954084e-01
3.011718999999999924e-01 7.036170500000000061e+01 1.829854665560008420e-01
3.059147999999999867e-01 6.996791799999998318e+01 1.810213159591383403e-01
3.106576999999999811e-01 6.961710999999999672e+01 1.791435023291004236e-01
3.154004999999999725e-01 6.921381300000000181e+01 1.772480856588064813e-01
3.201434000000000224e-01 6.907068699999999239e+01 1.757288106008064177e-01
3.248863000000000167e-01 6.880965600000000393e+01 1.740858006745343300e-01
3.296291000000000082e-01 6.874794899999999132e+01 1.727166392288577434e-01
3.343720000000000026e-01 6.828962900000000502e+01 1.708888735898168587e-01
3.391148999999999969e-01 6.806559400000000437e+01 1.711722410452655996e-01
3.438576999999999884e-01 6.803427999999999543e+01 1.733443455833708347e-01
3.486005999999999827e-01 6.748017699999999763e+01 1.770316762093617491e-01
3.533434999999999770e-01 6.697898000000000707e+01 1.796083574080026002e-01
3.580863000000000240e-01 6.663224599999999498e+01 1.813698311290676268e-01
3.628292000000000184e-01 6.638019400000000303e+01 1.828118226581093020e-01
3.675720000000000098e-01 6.658718400000000770e+01 1.846036885741514644e-01
3.723149000000000042e-01 6.596426600000000917e+01 1.850904190107672542e-01
3.770577999999999985e-01 6.564492200000000821e+01 1.858775319384639579e-01
3.818005999999999900e-01 6.545710699999999349e+01 1.866016930349221059e-01
3.865434999999999843e-01 6.525960000000000605e+01 1.872391926795015371e-01
3.912863999999999787e-01 6.480406700000000342e+01 1.873328298972406492e-01
3.960292000000000256e-01 6.451186300000000529e+01 1.876779918430048488e-01
4.007721000000000200e-01 6.457265800000000411e+01 1.885690222652652293e-01
4.055150000000000143e-01 6.422178300000000206e+01 1.945374752881379732e-01
4.102578000000000058e-01 6.405462700000001064e+01 1.993504843352631450e-01
4.150007000000000001e-01 6.327029800000000392e+01 2.024646076440371478e-01
4.197435999999999945e-01 6.323963299999999066e+01 2.055331086536123508e-01
4.244863999999999860e-01 6.294885300000000683e+01 2.083804359201047729e-01
4.292292999999999803e-01 6.249401300000000958e+01 2.107980818029224768e-01
4.339721999999999746e-01 6.263292500000000018e+01 2.142634795470793885e-01
4.387150000000000216e-01 6.208866299999999683e+01 2.164426535023956377e-01
4.434579000000000160e-01 6.173135399999998896e+01 2.189896118532559388e-01
4.482008000000000103e-01 6.157958299999999241e+01 2.224132277035860139e-01
4.529436000000000018e-01 6.122260400000000402e+01 2.253820041391375317e-01
4.576864999999999961e-01 6.060379199999999855e+01 2.265818370955055561e-01
4.624293999999999905e-01 6.074756699999998943e+01 2.287402531965430086e-01
4.671721999999999819e-01 6.094746500000000111e+01 2.279843480344198592e-01
4.719150999999999763e-01 6.076625200000000859e+01 2.186851084519334520e-01
4.766579000000000232e-01 6.011100999999998606e+01 2.134077442698882054e-01
4.814008000000000176e-01 5.991458399999999074e+01 2.103522310127979300e-01
4.861437000000000119e-01 5.993420300000000367e+01 2.083158139594337432e-01
4.908865000000000034e-01 5.910306500000000085e+01 2.051796605955699682e-01
4.956293999999999977e-01 5.894867599999999896e+01 2.034694451093119194e-01
5.003722999999999921e-01 5.842716799999999466e+01 2.012935216598805699e-01
5.051151000000000391e-01 5.842215499999999651e+01 2.001427928957670299e-01
5.098580000000000334e-01 5.849652099999999422e+01 1.992290035651435864e-01
5.146009000000000277e-01 5.784776499999999544e+01 1.971644953118314447e-01
5.193436999999999637e-01 5.756505399999999639e+01 1.957823401003706276e-01
5.240865999999999580e-01 5.743648099999999346e+01 1.947212104104686370e-01
5.288294999999999524e-01 5.710412100000000635e+01 1.933619835330895598e-01
5.335722999999999994e-01 5.648947199999999924e+01 1.911878543849331591e-01
5.383151999999999937e-01 5.640599699999999928e+01 1.896679288866462421e-01
5.430580999999999881e-01 5.613527300000000508e+01 1.878941880441614420e-01
5.478009000000000350e-01 5.577300900000000183e+01 1.860239254549803933e-01
5.525438000000000294e-01 5.580886400000000691e+01 1.848652671563806582e-01
5.572867000000000237e-01 5.543662799999999891e+01 1.830665197350209161e-01
5.620294999999999597e-01 5.499451699999999477e+01 1.811980605521549270e-01
5.667723999999999540e-01 5.487894999999999612e+01 1.799076107915904554e-01
5.715152000000000010e-01 5.448593099999999367e+01 1.781981433282389671e-01
5.762580999999999953e-01 5.424404399999999526e+01 1.767634719655840070e-01
5.810009999999999897e-01 5.378496700000000885e+01 1.750552835734899837e-01
5.857438000000000367e-01 5.371059099999998665e+01 1.744112591618433850e-01
5.904867000000000310e-01 5.371055800000000602e+01 1.739919137790687798e-01
5.952296000000000253e-01 5.325570199999999943e+01 1.728354099195445470e-01
5.999723999999999613e-01 5.311447700000000083e+01 1.723756685862851135e-01
6.047152999999999556e-01 5.275580699999999013e+01 1.713583214929671750e-01
6.094581999999999500e-01 5.240440900000000113e+01 1.702390119239180211e-01
6.142009999999999970e-01 5.199322999999999695e+01 1.693313884961234472e-01
6.189438999999999913e-01 5.217528800000000189e+01 1.690767499463450840e-01
6.236867999999999856e-01 5.188463000000000136e+01 1.682160612464639327e-01
6.284296000000000326e-01 5.165526700000000204e+01 1.674620010552104188e-01
6.331725000000000270e-01 5.110472399999999737e+01 1.661863012155995745e-01
6.379154000000000213e-01 5.099658300000000111e+01 1.656337507249153462e-01
6.426581999999999573e-01 5.092726000000000397e+01 1.651499006825726257e-01
6.474010999999999516e-01 5.054040200000000027e+01 1.641553258105407920e-01
6.521439999999999459e-01 5.030423000000000400e+01 1.634046600372070224e-01
6.568867999999999929e-01 5.005142099999999772e+01 1.626315034076316335e-01
6.616296999999999873e-01 4.987239100000000036e+01 1.619836203634107963e-01
6.663725999999999816e-01 4.960454899999999867e+01 1.611955841877521778e-01
6.711154000000000286e-01 4.962735700000000350e+01 1.608788425189704718e-01
6.758583000000000229e-01 4.942051100000000474e+01 1.601933734194126990e-01
6.806010999999999589e-01 4.906978900000000010e+01 1.592793908441738626e-01
6.853439999999999532e-01 4.894897600000000182e+01 1.587427030854199617e-01
6.900868999999999476e-01 4.844878599999999835e+01 1.575895929051836231e-01
6.948296999999999946e-01 4.825502900000000039e+01 1.569374173642506531e-01
6.995725999999999889e-01 4.797512400000000099e+01 1.561498142902555675e-01
7.043154999999999832e-01 4.793923900000000060e+01 1.557629631532794767e-01
7.090583000000000302e-01 4.772661700000000451e+01 1.550884705796410912e-01
7.138012000000000246e-01 4.740539199999999198e+01 1.542400843505811747e-01
7.185441000000000189e-01 4.720180599999999771e+01 1.535878700444117118e-01
7.232868999999999549e-01 4.704986799999999647e+01 1.530232039582830883e-01
7.280297999999999492e-01 4.663476299999999952e+01 1.520301026008388789e-01
7.327727000000000546e-01 4.630583500000000186e+01 1.511789247997047947e-01
7.375154999999999905e-01 4.645199600000000117e+01 1.511070647002766831e-01
7.422583999999999849e-01 4.625026400000000137e+01 1.504714462482915627e-01
7.470012999999999792e-01 4.588182799999999872e+01 1.495646769080804794e-01
7.517441000000000262e-01 4.575958700000000334e+01 1.490604618425274974e-01
7.564870000000000205e-01 4.537451499999999527e+01 1.481325586951052486e-01
7.612299000000000149e-01 4.536068400000000622e+01 1.478129918921909369e-01
7.659726999999999508e-01 4.512260500000000008e+01 1.471282001300383002e-01
7.707155999999999452e-01 4.476128300000000593e+01 1.462435077539440687e-01
7.754585000000000505e-01 4.444330499999999518e+01 1.454342702972593604e-01
7.802012999999999865e-01 4.445202899999999602e+01 1.453045854791103764e-01
7.849441999999999808e-01 4.443646000000000384e+01 1.449414274139401992e-01
7.896870000000000278e-01 4.412419699999999523e+01 1.440524646711815182e-01
7.944299000000000222e-01 4.386570899999999540e+01 1.433489478726819866e-01
7.991728000000000165e-01 4.362080400000000679e+01 1.426701781660424662e-01
8.039155999999999525e-01 4.350128600000000034e+01 1.421970381642518599e-01
8.086584999999999468e-01 4.330711800000000267e+01 1.416026319660037003e-01
8.134014000000000522e-01 4.308097500000000935e+01 1.409600506544432252e-01
8.181441999999999881e-01 4.293913500000000028e+01 1.405642022509646649e-01
8.228870999999999825e-01 4.306816400000000300e+01 1.404046425388039143e-01
8.276299999999999768e-01 4.273773099999998948e+01 1.395906598220815753e-01
8.323728000000000238e-01 4.224125499999999533e+01 1.385134315633949620e-01
8.371157000000000181e-01 4.221198900000000265e+01 1.382042458107213823e-01
8.418586000000000125e-01 4.207463700000000273e+01 1.377182069385384511e-01
8.466013999999999484e-01 4.192466700000000657e+01 1.372119470127907692e-01
8.513443000000000538e-01 4.163698000000000121e+01 1.364842782607421923e-01
8.560872000000000481e-01 4.146404499999999871e+01 1.359469984504365625e-01
8.608299999999999841e-01 4.149533300000000224e+01 1.357449096502159613e-01
8.655728999999999784e-01 4.137938300000000424e+01 1.353020096670489170e-01
8.703157999999999728e-01 4.115296899999999880e+01 1.346820387238346628e-01
8.750586000000000197e-01 4.084830100000000641e+01 1.339360155659570784e-01
8.798015000000000141e-01 4.090417599999999965e+01 1.337815867677039361e-01
8.845442999999999500e-01 4.047351600000000360e+01 1.328305636607343410e-01
8.892872000000000554e-01 4.041178299999999979e+01 1.324870237608076207e-01
8.940301000000000498e-01 4.019163799999999753e+01 1.318866386054167450e-01
8.987728999999999857e-01 3.982313299999999856e+01 1.310429367011419766e-01
9.035157999999999801e-01 3.982229499999999689e+01 1.308034306089381482e-01
9.082586999999999744e-01 3.972413999999999845e+01 1.304074924846758965e-01
9.130015000000000214e-01 3.935345199999999011e+01 1.295656960207596797e-01
9.177444000000000157e-01 3.917170000000000130e+01 1.290355287870077194e-01
9.224873000000000101e-01 3.950733499999999765e+01 1.293550311528573749e-01
9.272300999999999460e-01 3.944207999999999714e+01 1.290189058131629152e-01
9.319730000000000514e-01 3.894036799999999943e+01 1.279697267607163291e-01
9.367159000000000457e-01 3.887246599999999574e+01 1.276331173635812388e-01
9.414586999999999817e-01 3.848623899999999765e+01 1.267729565017271243e-01
9.462015999999999760e-01 3.850282199999999477e+01 1.265782887433622994e-01
9.509444999999999704e-01 3.817781100000000549e+01 1.258239375101625757e-01
9.556873000000000173e-01 3.823357599999999934e+01 1.256970492675241746e-01
9.604302000000000117e-01 3.825861399999999435e+01 1.255189348390520765e-01
9.651731000000000060e-01 3.806914100000000190e+01 1.249915965627681758e-01
9.699159000000000530e-01 3.777310899999999094e+01 1.242909396169415148e-01
9.746588000000000473e-01 3.769299299999998709e+01 1.239463659322337791e-01
9.794017000000000417e-01 3.758587400000000400e+01 1.235570352837344482e-01
9.841444999999999776e-01 3.726707299999999634e+01 1.228222213768900978e-01
9.888873999999999720e-01 3.708009100000000302e+01 1.223063616388587460e-01
9.936302000000000190e-01 3.723396300000000281e+01 1.223526748380667772e-01
9.983731000000000133e-01 3.716247899999999760e+01 1.220274567304748120e-01
1.003115999999999897e+00 3.678775900000000121e+01 1.212063956126045311e-01
1.007859000000000060e+00 3.674720099999999690e+01 1.209370331838667961e-01
1.012602000000000002e+00 3.664909000000000106e+01 1.205739976581916284e-01
1.017344999999999944e+00 3.654928200000000516e+01 1.202076581958795021e-01
1.022086999999999968e+00 3.630675100000000555e+01 1.196091738646350572e-01
1.026829999999999909e+00 3.624007199999999784e+01 1.193021248094861264e-01
1.031573000000000073e+00 3.609501300000000157e+01 1.188668869605867123e-01
1.036316000000000015e+00 3.605735800000000069e+01 1.186082513305545677e-01
1.041058999999999957e+00 3.588092500000000484e+01 1.181236572805151458e-01
1.045801999999999898e+00 3.600429900000000316e+01 1.181336732060152273e-01
1.050545000000000062e+00 3.586494900000000285e+01 1.177131341787440444e-01
1.055287000000000086e+00 3.563567799999999863e+01 1.171441593811035908e-01
1.060030000000000028e+00 3.561570999999999287e+01 1.169218344714767210e-01
1.064772999999999969e+00 3.525004099999999596e+01 1.161327374927621364e-01
1.069515999999999911e+00 3.513019200000000808e+01 1.157490128871810214e-01
1.074259000000000075e+00 3.508597499999999769e+01 1.154893068771827985e-01
1.079002000000000017e+00 3.496598999999999791e+01 1.151072213226937285e-01
1.083744999999999958e+00 3.478747700000000265e+01 1.146552038571664600e-01
1.088487999999999900e+00 3.478477499999999623e+01 1.144941934939964490e-01
1.093229999999999924e+00 3.483516399999999891e+01 1.143444527348581180e-01
1.097973000000000088e+00 3.451588699999999932e+01 1.136392767064715176e-01
1.102716000000000030e+00 3.444888600000000167e+01 1.133507100876884610e-01
1.107458999999999971e+00 3.444889799999999980e+01 1.131731727652149910e-01
1.112201999999999913e+00 3.411983499999999481e+01 1.124537788293270280e-01
1.116945000000000077e+00 3.425225999999999971e+01 1.124960029148471541e-01
1.121688000000000018e+00 3.392700900000000530e+01 1.117867124209729057e-01
1.126430000000000042e+00 3.398574699999999638e+01 1.117103011038641930e-01
1.131172999999999984e+00 3.389359600000000228e+01 1.113851297513815258e-01
1.135915999999999926e+00 3.381191900000000317e+01 1.110791510857275927e-01
1.140659000000000090e+00 3.358640299999999712e+01 1.105384055206732191e-01
1.145402000000000031e+00 3.349643799999999771e+01 1.102213763509923838e-01
1.150144999999999973e+00 3.375314799999999593e+01 1.104727539787005580e-01
1.154887999999999915e+00 3.346986199999999911e+01 1.098404312165224550e-01
1.159631000000000078e+00 3.339658500000000174e+01 1.095538335590211104e-01
1.164373000000000102e+00 3.314129000000000502e+01 1.089696975205033808e-01
1.169116000000000044e+00 3.307167300000000409e+01 1.087712576794467312e-01
1.173858999999999986e+00 3.291401200000000671e+01 1.083188092681400122e-01
1.178601999999999927e+00 3.292567999999999273e+01 1.081234480005100335e-01
1.183345000000000091e+00 3.284827299999999894e+01 1.078350173148875379e-01
1.188088000000000033e+00 3.283196700000000590e+01 1.076464318884518406e-01
1.192830999999999975e+00 3.267326600000000525e+01 1.072257867197727865e-01
1.197572999999999999e+00 3.261125899999999689e+01 1.069653565269181039e-01
1.202315999999999940e+00 3.255205000000000126e+01 1.067105902237055481e-01
1.207059000000000104e+00 3.257192799999999266e+01 1.069303971673162684e-01
1.211802000000000046e+00 3.255131599999999992e+01 1.103968795868533609e-01
1.216544999999999987e+00 3.235181299999999283e+01 1.123488457850884970e-01
1.221287999999999929e+00 3.231719700000000728e+01 1.139767580714116518e-01
1.226031000000000093e+00 3.227775200000000666e+01 1.153333747444702101e-01
1.230774000000000035e+00 3.200453700000000623e+01 1.161103768090789440e-01
1.235516000000000059e+00 3.199016700000000313e+01 1.172456175470392575e-01
1.240259000000000000e+00 3.187617700000000198e+01 1.181199597407309454e-01
1.245001999999999942e+00 3.180851400000000240e+01 1.190166908925319733e-01
1.249745000000000106e+00 3.194328300000000098e+01 1.202467742904781700e-01
1.254488000000000048e+00 3.180541200000000757e+01 1.209254582072786660e-01
1.259230999999999989e+00 3.171134999999999948e+01 1.213616417550467397e-01
1.263973999999999931e+00 3.150089900000000398e+01 1.212692148736776304e-01
1.268715999999999955e+00 3.142532999999999532e+01 1.214173569070921693e-01
1.273458999999999897e+00 3.147202500000000214e+01 1.195164315710178782e-01
1.278202000000000060e+00 3.174927000000000277e+01 1.156052152636670438e-01
1.282945000000000002e+00 3.123758899999999628e+01 1.124826219052841025e-01
1.287687999999999944e+00 3.122843599999999498e+01 1.108823689607698615e-01
1.292431000000000108e+00 3.134216500000000138e+01 1.098010967849761405e-01
1.297174000000000049e+00 3.121461699999999695e+01 1.084862493788074644e-01
1.301916000000000073e+00 3.119765999999999551e+01 1.074956114979992855e-01
1.306659000000000015e+00 3.118064300000000344e+01 1.066029875128811782e-01
1.311401999999999957e+00 3.098583299999999596e+01 1.054848625873020529e-01
1.316144999999999898e+00 3.087889499999999288e+01 1.045796819603516531e-01
1.320888000000000062e+00 3.088744200000000006e+01 1.040733791899259020e-01
1.325631000000000004e+00 3.071123700000000056e+01 1.035089284294021528e-01
1.330373999999999945e+00 3.089365799999999851e+01 1.035625971848461307e-01
1.335117000000000109e+00 3.077344499999999883e+01 1.031193151422205717e-01
1.339858999999999911e+00 3.054099499999999878e+01 1.024958877631346743e-01
1.344602000000000075e+00 3.050060599999999766e+01 1.022036984215987099e-01
1.349345000000000017e+00 3.058336200000000460e+01 1.021251633792152197e-01
1.354087999999999958e+00 3.045031000000000887e+01 1.016926229589427966e-01
1.358830999999999900e+00 3.036502000000000479e+01 1.013445350720984794e-01
1.363574000000000064e+00 3.024819299999999700e+01 1.009497208282033875e-01
1.368317000000000005e+00 3.027613900000000058e+01 1.008015609678118985e-01
1.373059000000000029e+00 3.036095100000000002e+01 1.007523308062885370e-01
1.377801999999999971e+00 3.022345599999999877e+01 1.003363886937765070e-01
1.382544999999999913e+00 3.009414499999999748e+01 9.993807746193840436e-02
1.387288000000000077e+00 3.001057799999999887e+01 9.962015843931038006e-02
1.392031000000000018e+00 2.994462299999999999e+01 9.933468286066050867e-02
1.396773999999999960e+00 2.982093400000000116e+01 9.895570039024532971e-02
1.401516999999999902e+00 2.982993800000000562e+01 9.879969911536572169e-02
1.406260000000000066e+00 2.977146300000000423e+01 9.853506984447567285e-02
1.411002000000000089e+00 2.987884999999999991e+01 9.854710821973874935e-02
1.415745000000000031e+00 2.972722800000000376e+01 9.813255409501069060e-02
1.420487999999999973e+00 2.958245000000000147e+01 9.773216451792009207e-02
1.425230999999999915e+00 2.969249200000000499e+01 9.775441722675246026e-02
1.429974000000000078e+00 2.963562099999999688e+01 9.750378128212515427e-02
1.434717000000000020e+00 2.930949600000000288e+01 9.681047805495229808e-02
1.439459999999999962e+00 2.942699299999999951e+01 9.685053035268005595e-02
1.444201999999999986e+00 2.940320900000000393e+01 9.665948194842863272e-02
1.448944999999999927e+00 2.941639900000000196e+01 9.653113881488864512e-02
1.453688000000000091e+00 2.911120399999999719e+01 9.588045689031837737e-02
1.458431000000000033e+00 2.912426000000000315e+01 9.575463914365246743e-02
1.463173999999999975e+00 2.923343200000000408e+01 9.581357594492391494e-02
1.467916999999999916e+00 2.909807900000000203e+01 9.544948742745294756e-02
1.472660000000000080e+00 2.915201399999999765e+01 9.536739512130915086e-02
1.477402000000000104e+00 2.904259899999999561e+01 9.504621054142559089e-02
1.482145000000000046e+00 2.885883200000000670e+01 9.460507437356729943e-02
1.486887999999999987e+00 2.888078000000000500e+01 9.450249882740086038e-02
1.491630999999999929e+00 2.885357400000000183e+01 9.431963878246035771e-02
1.496374000000000093e+00 2.875162700000000271e+01 9.401551799790233699e-02
1.501117000000000035e+00 2.886915300000000073e+01 9.411934414109088265e-02
1.505859999999999976e+00 2.900662299999999760e+01 9.603051398270134875e-02
1.510602999999999918e+00 2.888824600000000231e+01 9.853004886134686391e-02
1.515344999999999942e+00 2.885646600000000106e+01 1.001075704372051955e-01
1.520088000000000106e+00 2.877879800000000188e+01 1.012900024637599650e-01
1.524831000000000047e+00 2.875430800000000175e+01 1.023957313428792426e-01
1.529573999999999989e+00 2.883080000000000354e+01 1.033390121234734893e-01
1.534316999999999931e+00 2.876401700000000261e+01 1.003500095471639708e-01
1.539060000000000095e+00 2.877402899999999519e+01 9.880978886239460968e-02
1.543803000000000036e+00 2.868795899999999932e+01 9.762128986229848260e-02
1.548545000000000060e+00 2.851959299999999686e+01 9.631806080162640116e-02
1.553288000000000002e+00 2.843820099999999940e+01 9.532695625972906206e-02
1.558030999999999944e+00 2.837149600000000049e+01 9.441307519617025967e-02
1.562774000000000107e+00 2.828173800000000071e+01 9.332009754434732185e-02
1.567517000000000049e+00 2.832655299999999698e+01 9.253458711017789606e-02
1.572259999999999991e+00 2.830751300000000725e+01 9.196118471290862240e-02
1.577002999999999933e+00 2.821352600000000166e+01 9.144760451632071019e-02
1.581746000000000096e+00 2.805561000000000149e+01 9.101528302239850210e-02
1.586487999999999898e+00 2.810341399999999723e+01 9.111668974032090251e-02
1.591231000000000062e+00 2.803137600000000162e+01 9.111641609762753669e-02
1.595974000000000004e+00 2.807764999999999844e+01 9.130399824115426055e-02
1.600716999999999945e+00 2.793765300000000096e+01 9.115539749506772205e-02
1.605460000000000109e+00 2.790232699999999610e+01 9.097943049958985562e-02
1.610203000000000051e+00 2.795311300000000188e+01 9.090999105259993385e-02
1.614945999999999993e+00 2.790733600000000436e+01 9.068723804407928524e-02
1.619688000000000017e+00 2.800237699999999563e+01 9.069597692038108838e-02
1.624430999999999958e+00 2.794195799999999963e+01 9.045501849195708433e-02
1.629173999999999900e+00 2.783022500000000221e+01 9.013318261085370708e-02
1.633917000000000064e+00 2.787130399999999852e+01 9.006168257693111800e-02
1.638660000000000005e+00 2.781660400000000166e+01 8.983729228833592373e-02
1.643402999999999947e+00 2.770116099999999548e+01 8.951678873650741053e-02
1.648146000000000111e+00 2.779185300000000325e+01 8.953028532088122549e-02
1.652889000000000053e+00 2.778228300000000672e+01 8.938405697616605416e-02
1.657631000000000077e+00 2.768988699999999881e+01 8.910672706612055016e-02
1.662374000000000018e+00 2.760411000000000215e+01 8.884082629522252472e-02
1.667116999999999960e+00 2.759546999999999528e+01 8.870064811260287840e-02
1.671859999999999902e+00 2.745297599999999960e+01 8.834682460179256458e-02
1.676603000000000065e+00 2.748068600000000217e+01 8.826838217906567141e-02
1.681346000000000007e+00 2.750096099999999666e+01 8.817852512896548478e-02
1.686088999999999949e+00 2.751035800000000364e+01 8.807198635213185633e-02
1.690830999999999973e+00 2.733239699999999672e+01 8.766707501329790153e-02
1.695573999999999915e+00 2.736540899999999255e+01 8.760139329910056338e-02
1.700317000000000078e+00 2.733653500000000491e+01 8.743714452069155374e-02
1.705060000000000020e+00 2.733045500000000061e+01 8.731029929571482162e-02
1.709802999999999962e+00 2.738814300000000301e+01 8.728621736033242984e-02
1.714545999999999903e+00 2.724326799999999338e+01 8.694049549988255854e-02
1.719289000000000067e+00 2.714837799999999746e+01 8.667480855761205971e-02
1.724031000000000091e+00 2.730437900000000084e+01 8.680953713435696217e-02
1.728774000000000033e+00 2.726559499999999758e+01 8.663530451545201072e-02
1.733516999999999975e+00 2.732736299999999829e+01 8.662170651826998913e-02
1.738259999999999916e+00 2.715131699999999881e+01 8.623115327128763608e-02
1.743003000000000080e+00 2.716872700000000052e+01 8.614803909811702409e-02
1.747746000000000022e+00 2.704678000000000182e+01 8.584527605565782371e-02
1.752488999999999963e+00 2.709207699999999619e+01 8.580860069483128849e-02
1.757231999999999905e+00 2.681170399999999887e+01 8.525584692757030847e-02
1.761973999999999929e+00 2.699661899999999903e+01 8.544153301892001839e-02
1.766717000000000093e+00 2.705892100000000511e+01 8.543342109878428181e-02
1.771460000000000035e+00 2.696387000000000356e+01 8.517738682578140930e-02
1.776202999999999976e+00 2.692524599999999779e+01 8.504910774140903018e-02
1.780945999999999918e+00 2.690378899999999973e+01 8.491280414658793074e-02
1.785689000000000082e+00 2.688960599999999701e+01 8.474546607469629622e-02
1.790432000000000023e+00 2.704370000000000118e+01 8.488432828731815039e-02
1.795174000000000047e+00 2.685473600000000260e+01 8.448414565641296226e-02
1.799916999999999989e+00 2.684886200000000400e+01 8.437194514509191445e-02
1.804659999999999931e+00 2.668164100000000261e+01 8.400741692087074219e-02
1.809403000000000095e+00 2.659255800000000391e+01 8.376624190089645983e-02
1.814146000000000036e+00 2.671049000000000007e+01 8.385108909673266719e-02
1.818888999999999978e+00 2.675099499999999964e+01 8.381406201358099217e-02
1.823631999999999920e+00 2.674105300000000085e+01 8.369879896567392064e-02
1.828375000000000083e+00 2.665205699999999567e+01 8.346048175078010778e-02
1.833117000000000107e+00 2.669020499999999885e+01 8.342138556731001908e-02
1.837860000000000049e+00 2.667503500000000116e+01 8.329919695606555208e-02
1.842602999999999991e+00 2.669521100000000047e+01 8.323278501451816802e-02
1.847345999999999933e+00 2.661871899999999869e+01 8.301648599386389493e-02
1.852089000000000096e+00 2.648732899999999901e+01 8.278288749621627585e-02
1.856832000000000038e+00 2.646493399999999951e+01 8.258929972323170166e-02
1.861574999999999980e+00 2.659123500000000107e+01 8.268444985478587417e-02
1.866317000000000004e+00 2.652305400000000191e+01 8.248308591237357712e-02
1.871059999999999945e+00 2.655971400000000315e+01 8.244522790084458930e-02
1.875803000000000109e+00 2.642416700000000063e+01 8.213982207538679525e-02
1.880546000000000051e+00 2.644231799999999311e+01 8.207405118184005199e-02
1.885288999999999993e+00 2.637737399999999610e+01 8.188000728967176345e-02
1.890031999999999934e+00 2.640863599999999423e+01 8.183531905781268878e-02
1.894775000000000098e+00 2.648685200000000606e+01 8.186303709800046846e-02
1.899516999999999900e+00 2.641287099999999555e+01 8.165649632090395127e-02
1.904260000000000064e+00 2.635657499999999942e+01 8.147754409955666743e-02
1.909003000000000005e+00 2.640687100000000243e+01 8.146391433335316290e-02
1.913745999999999947e+00 2.620534100000000421e+01 8.106104059794630445e-02
1.918489000000000111e+00 2.631658600000000092e+01 8.114244402255825495e-02
1.923232000000000053e+00 2.629761400000000293e+01 8.102300699403101880e-02
1.927974999999999994e+00 2.632962999999999809e+01 8.098003930961319985e-02
1.932717999999999936e+00 2.627133800000000363e+01 8.073703221424913257e-02
1.937459999999999960e+00 2.620798300000000225e+01 8.045151539720366007e-02
1.942202999999999902e+00 2.630434500000000142e+01 8.037963342771164976e-02
1.946946000000000065e+00 2.622051300000000396e+01 8.005645209502416926e-02
1.951689000000000007e+00 2.610455800000000437e+01 7.972166094947219506e-02
1.956431999999999949e+00 2.614230699999999885e+01 7.969329575090867979e-02
1.961174999999999891e+00 2.615414700000000181e+01 7.962740097820598939e-02
1.965918000000000054e+00 2.609165600000000040e+01 7.944977882590234519e-02
1.970660000000000078e+00 2.600936700000000457e+01 7.928692364184021513e-02
1.975403000000000020e+00 2.607533899999999605e+01 7.936620100032822089e-02
1.980145999999999962e+00 2.609534599999999926e+01 7.941849752852354893e-02
1.984888999999999903e+00 2.595267400000000180e+01 7.922202968552496949e-02
1.989632000000000067e+00 2.601540999999999570e+01 7.933858160478671206e-02
1.994375000000000009e+00 2.591890200000000277e+01 7.916235686056156962e-02
1.999117999999999951e+00 2.592843899999999735e+01 7.906307838463855209e-02
2.003861000000000114e+00 2.595133400000000279e+01 7.901397528267325998e-02
2.008602999999999916e+00 2.596937500000000298e+01 7.895702042235511198e-02
2.013345999999999858e+00 2.610518300000000025e+01 7.978157804186251922e-02
2.018088999999999800e+00 2.603418900000000491e+01 8.199785706867465662e-02
2.022832000000000185e+00 2.589228500000000466e+01 8.312752992754746106e-02
2.027575000000000127e+00 2.583059600000000344e+01 8.407855176393085050e-02
2.032318000000000069e+00 2.589161000000000357e+01 8.508023010785231710e-02
2.037061000000000011e+00 2.578307699999999869e+01 8.570995434070478869e-02
2.041802999999999813e+00 2.572762800000000283e+01 8.634333910665373257e-02
2.046546000000000198e+00 2.585106099999999785e+01 8.694582548623308593e-02
2.051289000000000140e+00 2.567957799999999935e+01 8.692320212140715319e-02
2.056032000000000082e+00 2.582292699999999996e+01 8.741251388206497386e-02
2.060775000000000023e+00 2.589520800000000378e+01 8.776621174205709308e-02
2.065517999999999965e+00 2.569264400000000137e+01 8.763825593230675781e-02
2.070260999999999907e+00 2.579523300000000319e+01 8.801793822162048975e-02
2.075003000000000153e+00 2.568383700000000047e+01 8.802165736031501708e-02
2.079746000000000095e+00 2.590927199999999786e+01 8.628259043614186496e-02
2.084489000000000036e+00 2.575627700000000075e+01 8.384193500249979836e-02
2.089231999999999978e+00 2.575867999999999824e+01 8.264689921807230610e-02
2.093974999999999920e+00 2.580771900000000230e+01 8.181864104655919845e-02
2.098717999999999861e+00 2.584219499999999670e+01 8.112555125799947309e-02
2.103460999999999803e+00 2.581468099999999666e+01 8.043848027557147506e-02
2.108204000000000189e+00 2.572612099999999913e+01 7.985408260344051268e-02
2.112945999999999991e+00 2.565842300000000620e+01 7.953684831459567617e-02
2.117688999999999933e+00 2.571623699999999957e+01 7.943383771785107739e-02
2.122431999999999874e+00 2.566556099999999674e+01 7.917586350706570797e-02
2.127174999999999816e+00 2.558273499999999601e+01 7.888037070647867244e-02
2.131918000000000202e+00 2.566292299999999926e+01 7.884517162423264336e-02
2.136661000000000143e+00 2.552646599999999921e+01 7.848455503655671350e-02
2.141404000000000085e+00 2.547723099999999974e+01 7.826447007267474387e-02
2.146145999999999887e+00 2.561820300000000117e+01 7.834225913675199604e-02
2.150888999999999829e+00 2.564013300000000228e+01 7.824191189766581400e-02
2.155632000000000215e+00 2.560946899999999715e+01 7.806627401873807159e-02
2.160375000000000156e+00 2.562333399999999983e+01 7.796176623425420116e-02
2.165118000000000098e+00 2.554622300000000124e+01 7.772270717286165753e-02
2.169861000000000040e+00 2.544066600000000022e+01 7.744397005010203450e-02
2.174603999999999981e+00 2.546031100000000080e+01 7.735846086095560237e-02
2.179346999999999923e+00 2.551210499999999826e+01 7.732378172094470092e-02
2.184089000000000169e+00 2.548744599999999849e+01 7.717599036690102332e-02
2.188832000000000111e+00 2.548993700000000118e+01 7.707159728628634743e-02
2.193575000000000053e+00 2.548429600000000050e+01 7.695683402226731473e-02
2.198317999999999994e+00 2.542556700000000092e+01 7.676340935981737501e-02
2.203060999999999936e+00 2.552738899999999944e+01 7.681398294671484828e-02
2.207803999999999878e+00 2.542609900000000067e+01 7.656078792753115425e-02
2.212546999999999819e+00 2.541365300000000005e+01 7.644275345284011480e-02
2.217289000000000065e+00 2.536623299999999759e+01 7.627311017121105041e-02
2.222032000000000007e+00 2.531133000000000521e+01 7.609381692839702060e-02
2.226774999999999949e+00 2.523916100000000284e+01 7.589010917286256874e-02
2.231517999999999891e+00 2.529408099999999848e+01 7.587875309348855735e-02
2.236260999999999832e+00 2.533815500000000043e+01 7.585128568388870007e-02
2.241004000000000218e+00 2.526585000000000036e+01 7.565106246580942384e-02
2.245747000000000160e+00 2.530598699999999823e+01 7.562014213003502572e-02
2.250490000000000101e+00 2.533931000000000466e+01 7.557997993566417660e-02
2.255231999999999903e+00 2.530792699999999940e+01 7.544360106494121809e-02
2.259974999999999845e+00 2.521865199999999874e+01 7.522231351350541773e-02
2.264717999999999787e+00 2.530658799999999786e+01 7.526590778852002006e-02
2.269461000000000173e+00 2.527941099999999963e+01 7.513890397924566367e-02
2.274204000000000114e+00 2.528432300000000055e+01 7.505995278957547368e-02
2.278947000000000056e+00 2.528687699999999694e+01 7.497849162756609065e-02
2.283689999999999998e+00 2.528928499999999957e+01 7.489753751089484046e-02
2.288431999999999800e+00 2.521655400000000213e+01 7.470623109816408591e-02
2.293175000000000185e+00 2.514006200000000035e+01 7.450945283025772747e-02
2.297918000000000127e+00 2.514649700000000010e+01 7.443668170473814738e-02
2.302661000000000069e+00 2.523807800000000157e+01 7.449016824299432848e-02
2.307404000000000011e+00 2.526818899999999957e+01 7.445354403145562627e-02
2.312146999999999952e+00 2.513137899999999902e+01 7.417067168964562585e-02
2.316889999999999894e+00 2.515014300000000347e+01 7.411801998360721677e-02
2.321632000000000140e+00 2.527220899999999659e+01 7.421819839406371133e-02
2.326375000000000082e+00 2.518233099999999780e+01 7.400715579638025843e-02
2.331118000000000023e+00 2.512785899999999373e+01 7.384814946536372160e-02
2.335860999999999965e+00 2.522706400000000571e+01 7.391566065602876712e-02
2.340603999999999907e+00 2.518508499999999728e+01 7.377627992947868862e-02
2.345346999999999849e+00 2.509863200000000205e+01 7.357282183808569465e-02
2.350089999999999790e+00 2.515582399999999552e+01 7.357964354693355413e-02
2.354833000000000176e+00 2.516508400000000023e+01 7.351673811257339319e-02
2.359574999999999978e+00 2.505476800000000281e+01 7.327992597440174949e-02
2.364317999999999920e+00 2.509583200000000147e+01 7.326446677706731359e-02
2.369060999999999861e+00 2.511076900000000478e+01 7.321116059167823154e-02
2.373803999999999803e+00 2.519835099999999528e+01 7.326400836998409050e-02
2.378547000000000189e+00 2.512634499999999704e+01 7.308491037142961222e-02
2.383290000000000131e+00 2.510014800000000434e+01 7.297326288032213171e-02
2.388033000000000072e+00 2.500632100000000335e+01 7.276324141339224338e-02
2.392774999999999874e+00 2.505849400000000315e+01 7.276588854953261465e-02
2.397517999999999816e+00 2.511294400000000238e+01 7.277229182603706104e-02
2.402261000000000202e+00 2.494144299999999959e+01 7.245155273393248663e-02
2.407004000000000143e+00 2.502454399999999879e+01 7.249968859708363911e-02
2.411747000000000085e+00 2.509729600000000360e+01 7.253330852741311785e-02
2.416490000000000027e+00 2.502040699999999873e+01 7.235104604800057793e-02
2.421232999999999969e+00 2.500359900000000124e+01 7.225588591072010236e-02
2.425975999999999910e+00 2.513216599999999801e+01 7.237036800127522040e-02
2.430718000000000156e+00 2.508324500000000157e+01 7.222938478673482376e-02
2.435461000000000098e+00 2.495809099999999958e+01 7.197941278792081843e-02
2.440204000000000040e+00 2.503174899999999781e+01 7.204133139043655820e-02
2.444946999999999981e+00 2.497653999999999641e+01 7.186688975446411942e-02
2.449689999999999923e+00 2.495546300000000173e+01 7.176732891974661743e-02
2.454432999999999865e+00 2.494144000000000361e+01 7.167858776700472556e-02
2.459175999999999807e+00 2.491627899999999940e+01 7.157409905164507924e-02
2.463918000000000053e+00 2.497557899999999975e+01 7.159052906927843019e-02
2.468660999999999994e+00 2.500726399999999927e+01 7.156818197441025542e-02
2.473403999999999936e+00 2.499889900000000154e+01 7.148837984314654337e-02
2.478146999999999878e+00 2.491754199999999742e+01 7.130471414600861313e-02
2.482889999999999819e+00 2.485426000000000002e+01 7.114704643472277712e-02
2.487633000000000205e+00 2.498806599999999989e+01 7.127137745939669811e-02
2.492376000000000147e+00 2.494376899999999964e+01 7.114161663501258892e-02
2.497117999999999949e+00 2.490212800000000470e+01 7.101587802734118937e-02
2.501860999999999891e+00 2.496114299999999986e+01 7.103377979050037871e-02
2.506603999999999832e+00 2.492818700000000121e+01 7.092104407136783084e-02
2.511347000000000218e+00 2.498707700000000287e+01 7.093747839443900749e-02
2.516090000000000160e+00 2.486029600000000173e+01 7.063772618392101521e-02
2.520833000000000101e+00 2.496834700000000140e+01 7.064604115567339748e-02
2.525576000000000043e+00 2.494400400000000317e+01 7.046797449079830744e-02
2.530318999999999985e+00 2.488332000000000122e+01 7.026695272976123119e-02
2.535060999999999787e+00 2.489437499999999304e+01 7.021833534137861266e-02
2.539804000000000173e+00 2.482047200000000231e+01 7.005055627429164489e-02
2.544547000000000114e+00 2.491428799999999910e+01 7.012006667114201175e-02
2.549290000000000056e+00 2.494033200000000150e+01 7.009374783522351327e-02
2.554032999999999998e+00 2.482048299999999941e+01 6.986285589697789622e-02
2.558775999999999939e+00 2.487716500000000153e+01 6.988009364544525703e-02
2.563518999999999881e+00 2.489947599999999994e+01 6.985191407304598699e-02
2.568261000000000127e+00 2.483363599999999849e+01 6.975346951557248598e-02
2.573004000000000069e+00 2.485074200000000033e+01 6.979350977141211831e-02
2.577747000000000011e+00 2.495348200000000105e+01 6.995317741314757698e-02
2.582489999999999952e+00 2.493891699999999645e+01 6.991363234515998726e-02
2.587232999999999894e+00 2.495375899999999803e+01 6.987270124916740432e-02
2.591975999999999836e+00 2.494991900000000129e+01 6.980541208660757946e-02
2.596719000000000221e+00 2.488824799999999726e+01 6.965734902709404264e-02
2.601462000000000163e+00 2.481158200000000136e+01 6.948871913500492825e-02
2.606203999999999965e+00 2.486860399999999771e+01 6.950755696622203106e-02
2.610946999999999907e+00 2.489153199999999444e+01 6.947841433173326808e-02
2.615689999999999849e+00 2.489051099999999650e+01 6.941625434133637251e-02
2.620432999999999790e+00 2.490143700000000138e+01 6.937071757672973182e-02
2.625176000000000176e+00 2.495238600000000417e+01 6.938105933533444958e-02
2.629919000000000118e+00 2.488396300000000139e+01 6.922578757751984835e-02
2.634662000000000059e+00 2.493412199999999501e+01 6.925016487895389872e-02
2.639403999999999861e+00 2.481654300000000291e+01 6.903893090500531904e-02
2.644146999999999803e+00 2.489816799999999830e+01 6.906984545519556651e-02
2.648890000000000189e+00 2.492571800000000337e+01 6.904449956304412050e-02
2.653633000000000131e+00 2.489416999999999547e+01 6.895188684052598604e-02
2.658376000000000072e+00 2.483919299999999808e+01 6.881815000366980906e-02
2.663119000000000014e+00 2.477051200000000009e+01 6.865227057755993179e-02
2.667861999999999956e+00 2.488893799999999601e+01 6.875700564993796060e-02
2.672604999999999897e+00 2.487886300000000261e+01 6.868448284721812014e-02
2.677347000000000143e+00 2.477694300000000283e+01 6.848540854737379668e-02
2.682090000000000085e+00 2.481011499999999970e+01 6.847304213755586733e-02
2.686833000000000027e+00 2.478865300000000360e+01 6.838555747517964523e-02
2.691575999999999969e+00 2.478354200000000063e+01 6.832035899584106009e-02
2.696318999999999910e+00 2.475087800000000016e+01 6.821793217050997615e-02
2.701061999999999852e+00 2.482653100000000279e+01 6.826457637474725448e-02
2.705804999999999794e+00 2.487464200000000503e+01 6.827319768046243020e-02
2.710547000000000040e+00 2.481208900000000028e+01 6.813004876459652359e-02
2.715289999999999981e+00 2.474575400000000158e+01 6.798195038848033056e-02
2.720032999999999923e+00 2.476124299999999678e+01 6.794657163161582636e-02
2.724775999999999865e+00 2.482119300000000095e+01 6.797188487537034196e-02
2.729518999999999807e+00 2.473237300000000261e+01 6.779357109846036178e-02
2.734262000000000192e+00 2.479480000000000217e+01 6.782274599917935409e-02
2.739005000000000134e+00 2.475462100000000021e+01 6.771176515665722206e-02
2.743746999999999936e+00 2.471899399999999858e+01 6.760700715082276768e-02
2.748489999999999878e+00 2.466587299999999772e+01 6.747855479721318051e-02
2.753232999999999819e+00 2.475763699999999901e+01 6.754826278035654108e-02
2.757976000000000205e+00 2.472429500000000147e+01 6.744732867870675830e-02
2.762719000000000147e+00 2.473821900000000085e+01 6.741095135703693841e-02
2.767462000000000089e+00 2.474492300000000000e+01 6.736462617564058231e-02
2.772205000000000030e+00 2.483352899999999863e+01 6.743017616451627005e-02
2.776947999999999972e+00 2.466355299999999673e+01 6.714409998025291926e-02
2.781690000000000218e+00 2.466165799999999919e+01 6.708701275849669743e-02
2.786433000000000160e+00 2.479179599999999795e+01 6.720884393808526647e-02
2.791176000000000101e+00 2.470154699999999792e+01 6.703191292164203952e-02
2.795919000000000043e+00 2.486591599999999858e+01 6.720024458386070210e-02
2.800661999999999985e+00 2.476690400000000025e+01 6.702749101572577639e-02
2.805404999999999927e+00 2.484096800000000016e+01 6.706367502323667962e-02
2.810147999999999868e+00 2.475159999999999982e+01 6.692090300823502758e-02
2.814890000000000114e+00 2.499236200000000352e+01 6.720025485222878847e-02
2.819633000000000056e+00 2.479143200000000036e+01 6.816980237809114329e-02
2.824375999999999998e+00 2.477740199999999859e+01 6.958101735236485452e-02
2.829118999999999939e+00 2.482473300000000194e+01 7.054747425504119540e-02
2.833861999999999881e+00 2.470667900000000117e+01 7.111444770901340084e-02
2.838604999999999823e+00 2.469663900000000467e+01 7.172200555908765651e-02
2.843348000000000209e+00 2.479489299999999830e+01 7.216775474033607085e-02
2.848091000000000150e+00 2.470992599999999939e+01 7.226247833761170747e-02
2.852832999999999952e+00 2.468957100000000082e+01 7.244364152487367536e-02
2.857575999999999894e+00 2.484534699999999674e+01 7.286685980012794217e-02
2.862318999999999836e+00 2.466461199999999820e+01 7.278252187027871301e-02
2.867062000000000221e+00 2.475172699999999892e+01 7.308168701440463655e-02
2.871805000000000163e+00 2.469138400000000289e+01 7.315373544892153634e-02
2.876548000000000105e+00 2.467500199999999921e+01 7.328207718772374035e-02
2.881291000000000047e+00 2.466439000000000092e+01 7.306824515175042167e-02
2.886032999999999848e+00 2.485674800000000317e+01 7.126135785051110338e-02
2.890775999999999790e+00 2.484821300000000122e+01 7.012906474604092832e-02
2.895519000000000176e+00 2.478220699999999965e+01 6.927938310551776113e-02
2.900262000000000118e+00 2.485895999999999617e+01 6.878646149913222874e-02
2.905005000000000059e+00 2.472453800000000257e+01 6.823057634620859069e-02
2.909748000000000001e+00 2.466447400000000201e+01 6.796909151091914958e-02
2.914490999999999943e+00 2.470550800000000180e+01 6.786643064239859802e-02
2.919233000000000189e+00 2.476761499999999927e+01 6.780699277849297490e-02
2.923976000000000131e+00 2.468585099999999599e+01 6.756202567254403213e-02
2.928719000000000072e+00 2.470766499999999866e+01 6.746844374211546924e-02
2.933462000000000014e+00 2.462431700000000134e+01 6.723839756971011772e-02
2.938204999999999956e+00 2.471550199999999720e+01 6.725254249820819541e-02
2.942947999999999897e+00 2.459608900000000276e+01 6.698584575813983089e-02
2.947690999999999839e+00 2.472741800000000012e+01 6.706446429021931110e-02
2.952433999999999781e+00 2.472929900000000103e+01 6.697864016639035190e-02
2.957176000000000027e+00 2.472579499999999797e+01 6.688774736290195588e-02
2.961918999999999969e+00 2.462724000000000046e+01 6.665149125846772660e-02
2.966661999999999910e+00 2.473067499999999797e+01 6.670503904611854717e-02
2.971404999999999852e+00 2.475096899999999422e+01 6.664821731608655542e-02
2.976147999999999794e+00 2.468147699999999745e+01 6.647274075748869915e-02
2.980891000000000179e+00 2.462808899999999923e+01 6.632110670219323878e-02
2.985634000000000121e+00 2.467845699999999809e+01 6.631103803848646672e-02
2.990375999999999923e+00 2.469243400000000221e+01 6.627082688973481850e-02
2.995118999999999865e+00 2.473573599999999573e+01 6.623969246632112340e-02
2.999861999999999806e+00 2.474938600000000122e+01 6.618156359774828024e-02
3.004605000000000192e+00 2.463612200000000385e+01 6.595807325205990668e-02
3.009348000000000134e+00 2.472800699999999807e+01 6.601016531714945512e-02
3.014091000000000076e+00 2.473175199999999663e+01 6.596532720149730911e-02
3.018834000000000017e+00 2.459673900000000302e+01 6.569624093022216615e-02
3.023576999999999959e+00 2.466917100000000218e+01 6.572548683508931677e-02
3.028319000000000205e+00 2.463522799999999791e+01 6.561348559379162615e-02
3.033062000000000147e+00 2.460217899999999958e+01 6.550359983893785931e-02
3.037805000000000089e+00 2.469381399999999616e+01 6.556033481626447057e-02
3.042548000000000030e+00 2.467289899999999747e+01 6.546881412722929672e-02
3.047290999999999972e+00 2.466550900000000013e+01 6.539522938861748458e-02
3.052033999999999914e+00 2.472166999999999959e+01 6.540658302238315513e-02
3.056776999999999855e+00 2.475786000000000087e+01 6.539221607694679916e-02
3.061519000000000101e+00 2.461658900000000116e+01 6.514372922638754504e-02
3.066262000000000043e+00 2.455409300000000172e+01 6.500017189390194794e-02
3.071004999999999985e+00 2.452772700000000228e+01 6.491812422224244039e-02
3.075747999999999927e+00 2.458827099999999888e+01 6.494134403482806905e-02
3.080490999999999868e+00 2.463625200000000248e+01 6.493856243863964373e-02
3.085233999999999810e+00 2.473542199999999980e+01 6.500052224781813215e-02
3.089977000000000196e+00 2.467779900000000026e+01 6.488484751271747508e-02
3.094720000000000137e+00 2.456020399999999526e+01 6.465478559206039311e-02
3.099461999999999939e+00 2.467639500000000297e+01 6.474916182465144388e-02
3.104204999999999881e+00 2.465217099999999917e+01 6.466021707455985035e-02
3.108947999999999823e+00 2.453548100000000431e+01 6.445001102476631549e-02
3.113691000000000209e+00 2.464074699999999751e+01 6.453215936883796577e-02
3.118434000000000150e+00 2.472436700000000087e+01 6.458548802703668879e-02
3.123177000000000092e+00 2.459650599999999798e+01 6.436261431967785218e-02
3.127920000000000034e+00 2.466315099999999916e+01 6.439434858919997062e-02
3.132661999999999836e+00 2.462229599999999863e+01 6.428628739153319227e-02
3.137405000000000221e+00 2.458245900000000006e+01 6.418003454423268361e-02
3.142148000000000163e+00 2.453327800000000281e+01 6.406140680403295262e-02
3.146891000000000105e+00 2.459945899999999597e+01 6.410187425416515039e-02
3.151634000000000047e+00 2.459918300000000002e+01 6.405003816025717223e-02
3.156376999999999988e+00 2.475647800000000487e+01 6.419094594291160916e-02
3.161119999999999930e+00 2.472781200000000013e+01 6.410102618458303481e-02
3.165862000000000176e+00 2.460825299999999771e+01 6.393746559382298966e-02
3.170605000000000118e+00 2.466047200000000217e+01 6.393610682696594660e-02
3.175348000000000059e+00 2.468627100000000141e+01 6.388917767648602530e-02
3.180091000000000001e+00 2.461285900000000026e+01 6.374174688109120190e-02
3.184833999999999943e+00 2.469103100000000239e+01 6.379107424204658039e-02
3.189576999999999884e+00 2.469556100000000143e+01 6.374527398712394322e-02
3.194319999999999826e+00 2.462037300000000073e+01 6.357851658948721063e-02
3.199063000000000212e+00 2.462921599999999955e+01 6.347337468106528657e-02
3.203805000000000014e+00 2.473819800000000413e+01 6.349592688963363873e-02
3.208547999999999956e+00 2.450918000000000063e+01 6.312364850640131420e-02
3.213290999999999897e+00 2.467564700000000144e+01 6.328769677646359226e-02
3.218033999999999839e+00 2.469990800000000064e+01 6.326901355174348318e-02
3.222776999999999781e+00 2.460534100000000279e+01 6.309817232747078064e-02
3.227520000000000167e+00 2.446987800000000135e+01 6.287511268841274037e-02
3.232263000000000108e+00 2.452395700000000289e+01 6.289571861215753623e-02
3.237004999999999910e+00 2.465972100000000466e+01 6.302069493697684543e-02
3.241747999999999852e+00 2.446116199999999807e+01 6.271784163252032418e-02
3.246490999999999794e+00 2.461654300000000006e+01 6.286829080250075363e-02
3.251234000000000179e+00 2.479045699999999997e+01 6.305940391607582629e-02
3.255977000000000121e+00 2.469047199999999975e+01 6.294827649675406589e-02
3.260720000000000063e+00 2.457690600000000103e+01 6.282125894406367927e-02
3.265463000000000005e+00 2.465665899999999766e+01 6.290032476630387503e-02
3.270205999999999946e+00 2.451017700000000232e+01 6.266568326129222377e-02
3.274948000000000192e+00 2.463502199999999931e+01 6.277695287162479709e-02
3.279691000000000134e+00 2.462014200000000130e+01 6.271015390694556491e-02
3.284434000000000076e+00 2.464836500000000186e+01 6.269877397906517547e-02
3.289177000000000017e+00 2.464196900000000312e+01 6.264335487422748039e-02
3.293919999999999959e+00 2.466631699999999938e+01 6.262691619919666386e-02
3.298662999999999901e+00 2.466089199999999693e+01 6.257303516111872854e-02
3.303405999999999842e+00 2.459204799999999835e+01 6.243885381937756135e-02
3.308148000000000089e+00 2.456755700000000076e+01 6.236115890873822343e-02
3.312891000000000030e+00 2.468476700000000079e+01 6.246314007944524238e-02
3.317633999999999972e+00 2.466770400000000052e+01 6.239523364119330118e-02
3.322376999999999914e+00 2.465552499999999725e+01 6.233434945291479318e-02
3.327119999999999855e+00 2.470115299999999792e+01 6.236143453369157041e-02
3.331862999999999797e+00 2.470128899999999561e+01 6.229895266515561580e-02
3.336606000000000183e+00 2.457158699999999740e+01 6.208939353551136409e-02
3.341347999999999985e+00 2.459287099999999882e+01 6.207085784453200000e-02
3.346090999999999926e+00 2.461231599999999986e+01 6.204993852081081007e-02
3.350833999999999868e+00 2.466926899999999634e+01 6.207595558737295793e-02
3.355576999999999810e+00 2.456051399999999774e+01 6.189400289070338956e-02
3.360320000000000196e+00 2.466939999999999955e+01 6.198608228301092510e-02
3.365063000000000137e+00 2.460109399999999980e+01 6.185521028122126230e-02
3.369806000000000079e+00 2.457870600000000394e+01 6.178205450534564325e-02
3.374549000000000021e+00 2.457314699999999874e+01 6.173047962529774890e-02
3.379290999999999823e+00 2.461825699999999628e+01 6.242933324397033357e-02
3.384034000000000209e+00 2.477668299999999846e+01 6.409970031326277240e-02
3.388777000000000150e+00 2.461785499999999871e+01 6.473868944203303721e-02
3.393520000000000092e+00 2.468545400000000001e+01 6.549537950768588579e-02
3.398263000000000034e+00 2.454943300000000406e+01 6.570961811083975146e-02
3.403005999999999975e+00 2.454081700000000055e+01 6.587515362694876253e-02
3.407748999999999917e+00 2.457788800000000151e+01 6.589098677199864418e-02
3.412491000000000163e+00 2.460167900000000074e+01 6.595928338123754897e-02
3.417234000000000105e+00 2.464160800000000151e+01 6.618846326815043535e-02
3.421977000000000046e+00 2.451023300000000305e+01 6.617157323830150095e-02
3.426719999999999988e+00 2.452085699999999946e+01 6.632076941506710732e-02
3.431462999999999930e+00 2.453816400000000186e+01 6.648256875865958537e-02
3.436205999999999872e+00 2.459525500000000164e+01 6.670391970154902761e-02
3.440948999999999813e+00 2.461157100000000142e+01 6.684724173235272182e-02
3.445692000000000199e+00 2.467193999999999932e+01 6.706104471073127959e-02
3.450434000000000001e+00 2.460576599999999914e+01 6.706419853925789376e-02
3.455176999999999943e+00 2.451777299999999826e+01 6.705399135058627558e-02
3.459919999999999884e+00 2.454836399999999941e+01 6.720110538226287122e-02
3.464662999999999826e+00 2.460196099999999930e+01 6.737607130799924682e-02
3.469406000000000212e+00 2.461347699999999605e+01 6.749043574522320399e-02
3.474149000000000154e+00 2.468150899999999837e+01 6.767895108696277140e-02
3.478892000000000095e+00 2.460078100000000134e+01 6.766056287919131051e-02
3.483633999999999897e+00 2.460550200000000132e+01 6.775599593184650216e-02
3.488376999999999839e+00 2.454370700000000127e+01 6.775762228451866209e-02
3.493119999999999781e+00 2.457849099999999964e+01 6.788977543947541382e-02
3.497863000000000167e+00 2.448288000000000153e+01 6.783956952432333709e-02
3.502606000000000108e+00 2.458022000000000062e+01 6.805426296310981837e-02
3.507349000000000050e+00 2.458505899999999755e+01 6.813863708427547738e-02
3.512091999999999992e+00 2.464855400000000074e+01 6.830271511739119394e-02
3.516833999999999794e+00 2.470414199999999738e+01 6.845412791812777176e-02
3.521577000000000179e+00 2.456178799999999995e+01 6.832890743858122118e-02
3.526320000000000121e+00 2.455646899999999988e+01 6.839242836972232731e-02
3.531063000000000063e+00 2.458538199999999918e+01 6.850203560707666950e-02
3.535806000000000004e+00 2.459795799999999844e+01 6.858756031496017480e-02
3.540548999999999946e+00 2.462024799999999658e+01 6.868441540226064013e-02
3.545291999999999888e+00 2.466009299999999627e+01 6.880547117376786814e-02
3.550034999999999830e+00 2.460871599999999759e+01 6.879776776361133661e-02
3.554777000000000076e+00 2.451796800000000331e+01 6.873308201752922897e-02
3.559520000000000017e+00 2.458657799999999938e+01 6.889070553133347374e-02
3.564262999999999959e+00 2.461413299999999893e+01 6.898945837271228121e-02
3.569005999999999901e+00 2.459535900000000197e+01 6.903553964319537883e-02
3.573748999999999842e+00 2.455632100000000051e+01 6.905860555848489235e-02
3.578491999999999784e+00 2.456101499999999760e+01 6.908886971816011191e-02
3.583235000000000170e+00 2.450748399999999805e+01 6.906979008630907690e-02
3.587976999999999972e+00 2.453214700000000192e+01 6.913593766913196659e-02
3.592719999999999914e+00 2.460912199999999928e+01 6.919038391245492525e-02
3.597462999999999855e+00 2.465374300000000218e+01 6.919127128828533868e-02
3.602205999999999797e+00 2.455483600000000166e+01 6.899136004147476964e-02
3.606949000000000183e+00 2.455855400000000444e+01 6.893581694812210559e-02
3.611692000000000125e+00 2.456510999999999711e+01 6.893578131475119886e-02
3.616435000000000066e+00 2.466871799999999837e+01 6.914977935090103889e-02
3.621178000000000008e+00 2.472446199999999550e+01 7.006463312589597536e-02
3.625919999999999810e+00 2.472766100000000122e+01 7.257461272805112995e-02
3.630663000000000196e+00 2.474098599999999948e+01 7.400765350868585002e-02
3.635406000000000137e+00 2.457284600000000196e+01 7.480840139547829948e-02
3.640149000000000079e+00 2.455381399999999914e+01 7.555471613344066917e-02
3.644892000000000021e+00 2.450519100000000350e+01 7.599621618966895253e-02
3.649634999999999962e+00 2.460629300000000086e+01 7.664395338639441724e-02
3.654377999999999904e+00 2.454001099999999980e+01 7.696603581574278097e-02
3.659120000000000150e+00 2.452884200000000448e+01 7.737774900652383270e-02
3.663863000000000092e+00 2.452663899999999941e+01 7.778812276987406849e-02
3.668606000000000034e+00 2.456161399999999873e+01 7.824439172983646551e-02
3.673348999999999975e+00 2.449707500000000238e+01 7.853095427143745588e-02
3.678091999999999917e+00 2.453972999999999871e+01 7.897981482873772663e-02
3.682834999999999859e+00 2.459470199999999807e+01 7.944122882047960355e-02
3.687577999999999800e+00 2.453922799999999782e+01 7.971752089672005936e-02
3.692321000000000186e+00 2.451131799999999572e+01 8.003189629554081919e-02
3.697062999999999988e+00 2.442880200000000102e+01 8.025073813804332878e-02
3.701805999999999930e+00 2.449763300000000044e+01 8.071311647514115006e-02
3.706548999999999872e+00 2.457822300000000126e+01 8.119205382795412207e-02
3.711291999999999813e+00 2.458124399999999454e+01 8.153904607231862722e-02
3.716035000000000199e+00 2.453361199999999798e+01 8.179851067150550881e-02
3.720778000000000141e+00 2.461443899999999729e+01 8.226963980491466821e-02
3.725521000000000083e+00 2.470798400000000328e+01 8.275952188314286695e-02
3.730262999999999884e+00 2.446819900000000203e+01 8.268794990062154626e-02
3.735005999999999826e+00 2.438529000000000480e+01 8.287486516316754093e-02
3.739749000000000212e+00 2.445593200000000422e+01 8.332127154789045753e-02
3.744492000000000154e+00 2.452538300000000149e+01 8.376456308853047483e-02
3.749235000000000095e+00 2.460289799999999971e+01 8.422077760910190447e-02
3.753978000000000037e+00 2.465054699999999599e+01 8.462570357984919300e-02
3.758720999999999979e+00 2.452982000000000085e+01 8.473932133526973498e-02
3.763462999999999781e+00 2.442469799999999935e+01 8.487716709555344352e-02
3.768206000000000166e+00 2.461170699999999556e+01 8.552106874505953360e-02
3.772949000000000108e+00 2.459188400000000030e+01 8.580591898442438414e-02
3.777692000000000050e+00 2.451416700000000048e+01 8.598765047372790293e-02
3.782434999999999992e+00 2.455984099999999870e+01 8.638511358186837241e-02
3.787177999999999933e+00 2.456474500000000205e+01 8.671082777106674244e-02
3.791920999999999875e+00 2.454893099999999961e+01 8.700002893479288901e-02
3.796663999999999817e+00 2.445453700000000197e+01 8.714820595600979158e-02
3.801406000000000063e+00 2.459841600000000028e+01 8.772123706187515135e-02
3.806149000000000004e+00 2.440871800000000036e+01 8.769772889428094353e-02
3.810891999999999946e+00 2.445443999999999818e+01 8.809543250717087604e-02
3.815634999999999888e+00 2.457038700000000375e+01 8.861987345763308599e-02
3.820377999999999830e+00 2.467686299999999733e+01 8.912903180382640567e-02
3.825121000000000215e+00 2.446324500000000057e+01 8.905834336487120084e-02
3.829864000000000157e+00 2.456257699999999744e+01 8.955624882812143750e-02
3.834605999999999959e+00 2.452233000000000374e+01 8.979993425721313760e-02
3.839348999999999901e+00 2.445566099999999921e+01 8.999551604872432775e-02
3.844091999999999842e+00 2.454293200000000041e+01 9.047355682920893427e-02
3.848834999999999784e+00 2.450542599999999638e+01 9.072560374992608145e-02
3.853578000000000170e+00 2.456068300000000093e+01 9.119536285194713987e-02
3.858321000000000112e+00 2.449402599999999808e+01 9.133999690754208978e-02
3.863064000000000053e+00 2.443442500000000095e+01 9.154888799714500092e-02
3.867806999999999995e+00 2.451120300000000185e+01 9.201410329569918722e-02
3.872548999999999797e+00 2.460403400000000218e+01 9.251033141495602907e-02
3.877292000000000183e+00 2.473719700000000188e+01 9.308437031029000164e-02
3.882035000000000124e+00 2.458014399999999711e+01 9.311281536012806781e-02
3.886778000000000066e+00 2.441179599999999894e+01 9.311754541786472494e-02
3.891521000000000008e+00 2.458889899999999784e+01 9.378063892509157229e-02
3.896263999999999950e+00 2.466610199999999864e+01 9.425487980799189536e-02
3.901006999999999891e+00 2.459471399999999974e+01 9.444624140263760403e-02
3.905749000000000137e+00 2.464460000000000051e+01 9.487201796662385334e-02
3.910492000000000079e+00 2.465833699999999951e+01 9.522970380599270201e-02
3.915235000000000021e+00 2.467767200000000116e+01 9.559906795991475470e-02
3.919977999999999962e+00 2.453518499999999847e+01 9.561305530640154537e-02
3.924720999999999904e+00 2.455834700000000126e+01 9.574321677198285863e-02
3.929463999999999846e+00 2.447956700000000296e+01 9.566316666325132279e-02
3.934206999999999788e+00 2.442831799999999731e+01 9.568850980210266699e-02
3.938949000000000034e+00 2.439261300000000077e+01 9.572327388937604264e-02
3.943691999999999975e+00 2.450689300000000159e+01 9.605090565994003904e-02
3.948434999999999917e+00 2.445124399999999554e+01 9.604487918234007326e-02
3.953177999999999859e+00 2.454607599999999934e+01 9.636056668365644562e-02
3.957920999999999800e+00 2.450897999999999755e+01 9.645773009271677023e-02
3.962664000000000186e+00 2.449114999999999753e+01 9.643114450800788218e-02
3.967407000000000128e+00 2.437541700000000233e+01 9.645112584415695134e-02
3.972150000000000070e+00 2.443912500000000065e+01 9.690258600949150369e-02
3.976891999999999872e+00 2.454732600000000531e+01 9.744464050587646475e-02
3.981634999999999813e+00 2.445239299999999716e+01 9.758429716540925614e-02
3.986378000000000199e+00 2.445844199999999802e+01 9.792674480763260969e-02
3.991121000000000141e+00 2.460686500000000265e+01 9.855535663453915407e-02
3.995864000000000082e+00 2.469830299999999923e+01 9.907387288438107564e-02
4.000606999999999580e+00 2.455905100000000019e+01 9.912982471294903841e-02
4.005349999999999966e+00 2.458868299999999962e+01 9.952759576547150211e-02
4.010092000000000212e+00 2.455071600000000132e+01 9.978990723420380626e-02
4.014834999999999710e+00 2.438488500000000414e+01 9.979241616199749365e-02
4.019578000000000095e+00 2.426948600000000056e+01 9.989702806625780362e-02
4.024320999999999593e+00 2.458530499999999819e+01 1.008890998271622097e-01
4.029063999999999979e+00 2.446030100000000118e+01 1.009791152483839050e-01
4.033807000000000365e+00 2.464126900000000120e+01 1.017010230417280531e-01
4.038549999999999862e+00 2.455968099999999765e+01 1.018835617479492972e-01
4.043293000000000248e+00 2.438846700000000212e+01 1.018790848713100605e-01
4.048034999999999606e+00 2.439772400000000019e+01 1.022522825721543516e-01
4.052777999999999992e+00 2.436071300000000051e+01 1.025300751211935812e-01
4.057521000000000377e+00 2.444723700000000122e+01 1.030700321348048398e-01
4.062263999999999875e+00 2.464566400000000357e+01 1.038498299666292396e-01
4.067007000000000261e+00 2.454576399999999836e+01 1.040024643905268220e-01
4.071749999999999758e+00 2.454026699999999650e+01 1.043566337443379705e-01
4.076493000000000144e+00 2.468754200000000054e+01 1.050385813707111204e-01
4.081235000000000390e+00 2.458796399999999949e+01 1.051968040421561446e-01
4.085977999999999888e+00 2.468378299999999825e+01 1.057761982744653412e-01
4.090721000000000274e+00 2.436302699999999888e+01 1.054603374220611789e-01
4.095463999999999771e+00 2.441969900000000493e+01 1.059600006269361128e-01
4.100207000000000157e+00 2.462781100000000123e+01 1.067915703851212150e-01
4.104949999999999655e+00 2.443896000000000157e+01 1.067647332735702503e-01
4.109693000000000040e+00 2.439481100000000069e+01 1.070523761809610841e-01
4.114436000000000426e+00 2.447453499999999593e+01 1.076150008596608310e-01
4.119177999999999784e+00 2.469354500000000385e+01 1.084881118306499082e-01
4.123921000000000170e+00 2.459111700000000411e+01 1.086569140629647101e-01
4.128663999999999668e+00 2.462672200000000444e+01 1.091339121340942214e-01
4.133407000000000053e+00 2.465617099999999695e+01 1.096003984955109534e-01
4.138150000000000439e+00 2.462693599999999705e+01 1.099385520969659719e-01
4.142892999999999937e+00 2.435145500000000141e+01 1.097263812775400860e-01
4.147636000000000323e+00 2.466206299999999985e+01 1.108336239431888248e-01
4.152377999999999680e+00 2.469879100000000349e+01 1.113305638314348867e-01
4.157121000000000066e+00 2.466675099999999787e+01 1.116742793720178761e-01
4.161863999999999564e+00 2.479838399999999865e+01 1.123927000380758601e-01
4.166606999999999950e+00 2.451841500000000096e+01 1.121783900058875016e-01
4.171350000000000335e+00 2.457796400000000148e+01 1.127396963998723994e-01
4.176092999999999833e+00 2.476006200000000135e+01 1.135938380767838873e-01
4.180836000000000219e+00 2.465802199999999900e+01 1.139495933433243985e-01
4.185577999999999577e+00 2.452748799999999818e+01 1.139625427589705808e-01
4.190320999999999962e+00 2.450339100000000059e+01 1.143047660601136106e-01
4.195064000000000348e+00 2.462566600000000250e+01 1.150336709945235930e-01
4.199806999999999846e+00 2.463381500000000202e+01 1.155003514672864606e-01
4.204550000000000232e+00 2.459594900000000095e+01 1.158634104387079589e-01
4.209292999999999729e+00 2.460126100000000093e+01 1.163319298679661856e-01
4.214036000000000115e+00 2.458518300000000067e+01 1.167524916874252555e-01
4.218778999999999613e+00 2.461593500000000390e+01 1.172899417482470980e-01
4.223520999999999859e+00 2.468184400000000167e+01 1.179154290012507100e-01
4.228264000000000244e+00 2.476115100000000169e+01 1.185787611796260965e-01
4.233006999999999742e+00 2.461960800000000660e+01 1.187153682150895728e-01
4.237750000000000128e+00 2.463750000000000284e+01 1.192396313458230911e-01
4.242492999999999626e+00 2.459586600000000089e+01 1.196246946453131121e-01
4.247236000000000011e+00 2.446893100000000132e+01 1.198034171249956481e-01
4.251979000000000397e+00 2.453217100000000173e+01 1.204572709856968349e-01
4.256720999999999755e+00 2.460177199999999686e+01 1.213315070343738145e-01
4.261464000000000141e+00 2.462243800000000249e+01 1.217181233559209846e-01
4.266206999999999638e+00 2.470104599999999806e+01 1.223823757899416692e-01
4.270950000000000024e+00 2.462489800000000173e+01 1.227086666758697292e-01
4.275693000000000410e+00 2.464272599999999969e+01 1.232721244426885771e-01
4.280435999999999908e+00 2.468419300000000050e+01 1.239020801820966272e-01
4.285179000000000293e+00 2.465137000000000000e+01 1.243503257482395929e-01
4.289921999999999791e+00 2.464878800000000325e+01 1.248797776616390465e-01
4.294664000000000037e+00 2.466502500000000353e+01 1.254634622024169421e-01
4.299407000000000423e+00 2.492433600000000027e+01 1.266706716825425905e-01
4.304149999999999920e+00 2.454039300000000168e+01 1.262428823206140360e-01
4.308893000000000306e+00 2.447747700000000037e+01 1.266395738103054391e-01
4.313635999999999804e+00 2.474028799999999961e+01 1.278830185824165744e-01
4.318379000000000190e+00 2.446962200000000109e+01 1.277509112703130723e-01
4.323121999999999687e+00 2.441867200000000082e+01 1.282828510672073263e-01
4.327863999999999933e+00 2.473074700000000092e+01 1.296588615079231621e-01
4.332607000000000319e+00 2.461336800000000125e+01 1.298771676109665429e-01
4.337349999999999817e+00 2.469004900000000191e+01 1.306788185327775464e-01
4.342093000000000202e+00 2.466890900000000286e+01 1.312276104870400417e-01
4.346835999999999700e+00 2.450020400000000365e+01 1.313879229022252848e-01
4.351579000000000086e+00 2.468622099999999975e+01 1.325041131322779175e-01
4.356321999999999584e+00 2.468692899999999923e+01 1.331331056575955629e-01
4.361063999999999830e+00 2.477765199999999979e+01 1.340133466936002660e-01
4.365807000000000215e+00 2.459297399999999811e+01 1.341542727392590340e-01
4.370549999999999713e+00 2.466493000000000180e+01 1.349989122025848087e-01
4.375293000000000099e+00 2.464942500000000081e+01 1.356140042879351859e-01
4.380035999999999596e+00 2.475423100000000076e+01 1.366320711596654969e-01
4.384778999999999982e+00 2.463161999999999807e+01 1.370219782406282560e-01
4.389522000000000368e+00 2.448116499999999718e+01 1.371669618173213812e-01
4.394264999999999866e+00 2.470432000000000272e+01 1.384673867632801036e-01
4.399007000000000112e+00 2.459043999999999741e+01 1.384184956639834263e-01
4.403749999999999609e+00 2.465275599999999656e+01 1.386888757076067680e-01
4.408492999999999995e+00 2.461858900000000006e+01 1.386868351075227213e-01
4.413236000000000381e+00 2.453042800000000412e+01 1.385310358328190605e-01
4.417978999999999878e+00 2.441489599999999882e+01 1.382970896230206193e-01
4.422722000000000264e+00 2.451083099999999604e+01 1.386625169668234403e-01
4.427464999999999762e+00 2.460074999999999790e+01 1.390060375768351342e-01
4.432207000000000008e+00 2.447055900000000150e+01 1.387293260138594553e-01
4.436950000000000394e+00 2.442951599999999956e+01 1.387794614165183404e-01
4.441692999999999891e+00 2.462296899999999766e+01 1.399584461101101296e-01
4.446436000000000277e+00 2.454646100000000075e+01 1.404570716370788508e-01
4.451178999999999775e+00 2.470173800000000242e+01 1.416264766143728315e-01
4.455922000000000160e+00 2.460050900000000595e+01 1.420708486164015960e-01
4.460664999999999658e+00 2.449396200000000334e+01 1.425069335859638353e-01
4.465408000000000044e+00 2.470261300000000304e+01 1.438703305972047763e-01
4.470150000000000290e+00 2.457675499999999857e+01 1.442693255713098366e-01
4.474892999999999788e+00 2.466552000000000078e+01 1.453084782409051479e-01
4.479636000000000173e+00 2.450294600000000145e+01 1.456152886559604898e-01
4.484378999999999671e+00 2.447512299999999996e+01 1.463315984009540549e-01
4.489122000000000057e+00 2.453218299999999630e+01 1.473133595856679356e-01
4.493865000000000443e+00 2.474053700000000333e+01 1.487646530828038993e-01
4.498607999999999940e+00 2.450551999999999708e+01 1.488909366548457902e-01
4.503350000000000186e+00 2.469431799999999910e+01 1.503146311090490794e-01
4.508092999999999684e+00 2.466401500000000269e+01 1.510863684326766154e-01
4.512836000000000070e+00 2.469825700000000168e+01 1.520694119574212688e-01
4.517578999999999567e+00 2.486141100000000037e+01 1.534652218906987220e-01
4.522321999999999953e+00 2.472459399999999974e+01 1.539487600820454716e-01
4.527065000000000339e+00 2.431034199999999856e+01 1.535678625385477614e-01
4.531807999999999836e+00 2.460658199999999951e+01 1.554359226531901172e-01
4.536551000000000222e+00 2.458450299999999800e+01 1.563147953069689566e-01
4.541292999999999580e+00 2.449855400000000216e+01 1.570053861564831843e-01
4.546035999999999966e+00 2.482570600000000027e+01 1.590380936740264095e-01
4.550779000000000352e+00 2.487317600000000084e+01 1.601939718308479366e-01
4.555521999999999849e+00 2.479977600000000137e+01 1.609796115393999361e-01
4.560265000000000235e+00 2.464719199999999688e+01 1.615173564708173859e-01
4.565007999999999733e+00 2.475862199999999902e+01 1.629412759354114670e-01
4.569751000000000118e+00 2.472666899999999757e+01 1.639098080994852991e-01
4.574493000000000364e+00 2.455370399999999975e+01 1.644282599065312600e-01
4.579235999999999862e+00 2.468137700000000123e+01 1.659695678583173184e-01
4.583979000000000248e+00 2.474017599999999817e+01 1.673039457823138343e-01
4.588721999999999746e+00 2.480870299999999773e+01 1.686967493074282565e-01
4.593465000000000131e+00 2.490149100000000004e+01 1.701975376285432828e-01
4.598207999999999629e+00 2.475844200000000228e+01 1.709128934139630684e-01
4.602951000000000015e+00 2.457309500000000213e+01 1.714976204399810411e-01
4.607693000000000261e+00 2.495325199999999910e+01 1.740790748029638901e-01
4.612435999999999758e+00 2.481764700000000090e+01 1.748872637375440964e-01
4.617179000000000144e+00 2.470507600000000181e+01 1.757954585630740751e-01
4.621921999999999642e+00 2.480994899999999959e+01 1.775065693005385969e-01
4.626665000000000028e+00 2.487699800000000394e+01 1.791155469452406224e-01
4.631408000000000413e+00 2.474319200000000052e+01 1.800257280846832286e-01
4.636150999999999911e+00 2.469349599999999967e+01 1.812687345615718593e-01
4.640894000000000297e+00 2.481934100000000143e+01 1.831912492890168109e-01
4.645635999999999655e+00 2.478427500000000094e+01 1.845505645553635055e-01
4.650379000000000040e+00 2.498484700000000203e+01 1.868293687470704012e-01
4.655122000000000426e+00 2.492738099999999690e+01 1.881831435929381957e-01
4.659864999999999924e+00 2.481573500000000010e+01 1.893631887317804574e-01
4.664608000000000310e+00 2.491049100000000038e+01 1.913702351939174928e-01
4.669350999999999807e+00 2.456524700000000294e+01 1.917129885849352122e-01
4.674094000000000193e+00 2.502567900000000023e+01 1.952365487902772145e-01
4.678836000000000439e+00 2.435805599999999771e+01 1.943687563243076677e-01
4.683578999999999937e+00 2.487293299999999974e+01 1.982308175742926726e-01
4.688322000000000322e+00 2.471718200000000110e+01 1.994703266446854195e-01
4.693064999999999820e+00 2.466152699999999953e+01 2.011590640151025011e-01
4.697808000000000206e+00 2.461252200000000201e+01 2.029198480359565571e-01
4.702550999999999704e+00 2.494225099999999884e+01 2.063098656658091112e-01
4.707294000000000089e+00 2.467133199999999960e+01 2.072677885670351772e-01
4.712036999999999587e+00 2.440467300000000250e+01 2.082756923866918852e-01
4.716778999999999833e+00 2.497282599999999775e+01 2.129065284838398409e-01
4.721522000000000219e+00 2.501197699999999458e+01 2.153636210857307332e-01
4.726264999999999716e+00 2.482481599999999844e+01 2.169130962304761101e-01
4.731008000000000102e+00 2.439524899999999974e+01 2.174389511939033848e-01
4.735750999999999600e+00 2.491771899999999818e+01 2.222753814529184468e-01
4.740493999999999986e+00 2.480034200000000055e+01 2.243460718114085872e-01
4.745237000000000371e+00 2.487724999999999653e+01 2.273809214408086254e-01
4.749978999999999729e+00 2.518929199999999469e+01 2.316081667681573752e-01
4.754722000000000115e+00 2.462737799999999666e+01 2.318841407955777034e-01
4.759464999999999613e+00 2.490416600000000003e+01 2.361809901442457060e-01
4.764207999999999998e+00 2.503399800000000042e+01 2.399133109384575246e-01
4.768951000000000384e+00 2.470453099999999935e+01 2.415485649461819873e-01
4.773693999999999882e+00 2.494753100000000146e+01 2.461052835311356990e-01
4.778437000000000268e+00 2.451827099999999859e+01 2.474582852595347826e-01
4.783178999999999625e+00 2.487752500000000211e+01 2.529165322966948626e-01
4.787922000000000011e+00 2.475233599999999967e+01 2.560854905777012469e-01
4.792665000000000397e+00 2.478140800000000254e+01 2.602150312306683588e-01
4.797407999999999895e+00 2.476187499999999631e+01 2.642789051557123403e-01
4.802151000000000280e+00 2.487932699999999997e+01 2.692820798362574042e-01
4.806893999999999778e+00 2.472778500000000079e+01 2.730440487659346327e-01
4.811637000000000164e+00 2.480793700000000257e+01 2.783128486867819662e-01
4.816379999999999661e+00 2.478459600000000052e+01 2.832660353258892316e-01
4.821121999999999908e+00 2.490538000000000096e+01 2.893350332152847537e-01
4.825865000000000293e+00 2.515223600000000204e+01 2.964882783318439907e-01
4.830607999999999791e+00 2.490946799999999683e+01 3.010909205501821062e-01
4.835351000000000177e+00 2.527517500000000084e+01 3.097568570806895072e-01
4.840093999999999674e+00 2.537381099999999989e+01 3.172618639211504665e-01
4.844837000000000060e+00 2.492017699999999891e+01 3.217224341020381573e-01
4.849579999999999558e+00 2.493652399999999858e+01 3.296656915866890691e-01
4.854321999999999804e+00 2.488517999999999830e+01 3.377477073445355193e-01
4.859065000000000190e+00 2.558660700000000077e+01 3.516952254922861565e-01
4.863807999999999687e+00 2.466318199999999905e+01 3.551074978842322372e-01
4.868551000000000073e+00 2.501008300000000162e+01 3.683606441468740833e-01
4.873293999999999571e+00 2.475311400000000006e+01 3.781852713380043918e-01
4.878036999999999956e+00 2.478965300000000127e+01 3.913997910276141301e-01
4.882780000000000342e+00 2.507529100000000000e+01 4.080584175670193825e-01
4.887522999999999840e+00 2.531539799999999829e+01 4.261994907415540546e-01
4.892265000000000086e+00 2.539402400000000171e+01 4.451371260157368503e-01
4.897007999999999583e+00 2.525373199999999940e+01 4.646684065274935271e-01
4.901750999999999969e+00 2.503198300000000387e+01 4.864702525327114779e-01
4.906494000000000355e+00 2.437950700000000026e+01 5.076665991642053122e-01
4.911236999999999853e+00 2.534956899999999891e+01 5.512505693062366152e-01
4.915980000000000238e+00 2.417540899999999837e+01 5.783648878336754562e-01
4.920722999999999736e+00 2.461025599999999969e+01 6.345485611631233036e-01
4.925464999999999982e+00 2.517651700000000048e+01 7.097142048039407625e-01
4.930208000000000368e+00 2.700283900000000159e+01 8.335617297347688304e-01
4.934950999999999866e+00 2.545617000000000019e+01 9.578885716610623380e-01
4.939694000000000251e+00 2.291718399999999889e+01 1.173642473769618499e+00
4.944436999999999749e+00 8.034298499999998455e+00 1.203958729163520758e+00