# [22] Sgs_R03_0.8
# Sample c= 1.0 mg/ml
#
# Number of frames collected: 10
# Exposure time per frame: 0.5
# No significant radiation damage detected, merging 10 files
# Merged from: /data/visitor/mx1905/bm29/20170412/Poker/1d/Sxl_10gs_109_00001.dat
# Merged from: /data/visitor/mx1905/bm29/20170412/Poker/1d/Sxl_10gs_109_00002.dat
# Merged from: /data/visitor/mx1905/bm29/20170412/Poker/1d/Sxl_10gs_109_00003.dat
# Merged from: /data/visitor/mx1905/bm29/20170412/Poker/1d/Sxl_10gs_109_00004.dat
# Merged from: /data/visitor/mx1905/bm29/20170412/Poker/1d/Sxl_10gs_109_00005.dat
# Merged from: /data/visitor/mx1905/bm29/20170412/Poker/1d/Sxl_10gs_109_00006.dat
# Merged from: /data/visitor/mx1905/bm29/20170412/Poker/1d/Sxl_10gs_109_00007.dat
# Merged from: /data/visitor/mx1905/bm29/20170412/Poker/1d/Sxl_10gs_109_00008.dat
# Merged from: /data/visitor/mx1905/bm29/20170412/Poker/1d/Sxl_10gs_109_00009.dat
# Merged from: /data/visitor/mx1905/bm29/20170412/Poker/1d/Sxl_10gs_109_00010.dat
#
# Sample Information:
# Storage Temperature (degrees C): 20.0
# Measurement Temperature (degrees C): 20.03
# Concentration: 1.0
# Code: 
3.082862000000000102e-02 6.341093700000000126e+02 8.343331266103307442e+00
3.557148999999999728e-02 1.354245499999999993e+03 5.027536579538034900e+00
4.031434999999999880e-02 1.652967499999999973e+03 3.658876326781998589e+00
4.505722000000000199e-02 1.084861919999999827e+03 2.107746770536631509e+00
4.980007999999999657e-02 7.279364499999999225e+02 1.546021859523266873e+00
5.454294999999999977e-02 5.266524499999999307e+02 1.237128523156850513e+00
5.928581000000000129e-02 3.922757200000000353e+02 1.015035264740999033e+00
6.402868000000000448e-02 3.148935900000000174e+02 8.670905956150083416e-01
6.877154000000000600e-02 2.600474699999999757e+02 7.569001734636013889e-01
7.351441000000000225e-02 2.206585300000000132e+02 6.718415939209332333e-01
7.825727999999999851e-02 1.912958100000000172e+02 6.021749910046331200e-01
8.300014000000000003e-02 1.692231099999999913e+02 5.482632511988378976e-01
8.774300999999999628e-02 1.516574699999999893e+02 5.036021250761060220e-01
9.248586999999999780e-02 1.394727700000000254e+02 4.693284345884979336e-01
9.722873999999999406e-02 1.300491399999999942e+02 4.400403650712171322e-01
1.019715999999999956e-01 1.204359600000000228e+02 4.126949039230313199e-01
1.067145000000000038e-01 1.142506300000000010e+02 3.923528881723951089e-01
1.114572999999999953e-01 1.092057499999999948e+02 3.749100059377316607e-01
1.162002000000000035e-01 1.048135499999999922e+02 3.592684232184620852e-01
1.209430999999999978e-01 1.009853060000000085e+02 3.452457981243073348e-01
1.256858999999999893e-01 9.811317399999998656e+01 3.335056041446230468e-01
1.304288000000000114e-01 9.544374299999999778e+01 3.226383030468794044e-01
1.351717000000000057e-01 9.283709799999999746e+01 3.122458381513371073e-01
1.399144999999999972e-01 9.091367299999998863e+01 3.033891741977011725e-01
1.446573999999999915e-01 8.946438799999998537e+01 2.957348406093733839e-01
1.494003000000000136e-01 8.788549499999999171e+01 2.882133913360460098e-01
1.541431000000000051e-01 8.627294299999999794e+01 2.813780658417192604e-01
1.588859999999999995e-01 8.517176199999998687e+01 2.751531774401240193e-01
1.636287999999999909e-01 8.372391899999999509e+01 2.686513930780801140e-01
1.683717000000000130e-01 8.310851099999999292e+01 2.637214884243740953e-01
1.731146000000000074e-01 8.201007200000000807e+01 2.582166534470856645e-01
1.778573999999999988e-01 8.060836499999999205e+01 2.524053910966459480e-01
1.826002999999999932e-01 7.986647000000000673e+01 2.478308879964519207e-01
1.873431999999999875e-01 7.946233900000001427e+01 2.439456690539639483e-01
1.920860000000000067e-01 7.862214600000000075e+01 2.395211755879360638e-01
1.968289000000000011e-01 7.802072000000001140e+01 2.355866202807243570e-01
2.015717999999999954e-01 7.706617100000001130e+01 2.312746863615605386e-01
2.063145999999999869e-01 7.681584799999998836e+01 2.281306769214532792e-01
2.110575000000000090e-01 7.637300799999999867e+01 2.245774885358434447e-01
2.158004000000000033e-01 7.577081599999999639e+01 2.211257969970453208e-01
2.205431999999999948e-01 7.513519499999999596e+01 2.177574271469152334e-01
2.252860999999999891e-01 7.456016600000000949e+01 2.145801597624545087e-01
2.300290000000000112e-01 7.455622300000000280e+01 2.122976344316749309e-01
2.347718000000000027e-01 7.405205400000001248e+01 2.093659894123207077e-01
2.395146999999999970e-01 7.358590200000000436e+01 2.065706456579782524e-01
2.442575999999999914e-01 7.361856799999999623e+01 2.045417579760798188e-01
2.490004000000000106e-01 7.265500099999999861e+01 2.011916352125898144e-01
2.537433000000000050e-01 7.232309799999998745e+01 1.987768367628872102e-01
2.584861999999999993e-01 7.169378200000001300e+01 1.960422527352481403e-01
2.632289999999999908e-01 7.158236499999998159e+01 1.940879237146159730e-01
2.679718999999999851e-01 7.117116599999999949e+01 1.917770492364685997e-01
2.727146999999999766e-01 7.103036999999999068e+01 1.898720692468671145e-01
2.774576000000000264e-01 7.069771099999999819e+01 1.878159698363839891e-01
2.822005000000000208e-01 7.029748399999999720e+01 1.857586958683011824e-01
2.869433000000000122e-01 7.022475099999999770e+01 1.840845426313146294e-01
2.916862000000000066e-01 6.931883999999999446e+01 1.813546521015113044e-01
2.964291000000000009e-01 6.922996700000001624e+01 1.797461776670341294e-01
3.011718999999999924e-01 6.861298899999999890e+01 1.774969957649802088e-01
3.059147999999999867e-01 6.855001400000000444e+01 1.760044105330809683e-01
3.106576999999999811e-01 6.825517300000001342e+01 1.742409873779857954e-01
3.154004999999999725e-01 6.794148600000001181e+01 1.725011911765182426e-01
3.201434000000000224e-01 6.751439300000001253e+01 1.706607627976758912e-01
3.248863000000000167e-01 6.732088099999999997e+01 1.691425346137954699e-01
3.296291000000000082e-01 6.689382500000000675e+01 1.673542246881258022e-01
3.343720000000000026e-01 6.659857500000001096e+01 1.657709087348751276e-01
3.391148999999999969e-01 6.667465099999999723e+01 1.664137762394928832e-01
3.438576999999999884e-01 6.622433599999999387e+01 1.679940927866033495e-01
3.486005999999999827e-01 6.615747399999999345e+01 1.721835837649216827e-01
3.533434999999999770e-01 6.587773500000000126e+01 1.749709578537658461e-01
3.580863000000000240e-01 6.532760499999997705e+01 1.764048457635370715e-01
3.628292000000000184e-01 6.537127900000000125e+01 1.782041916398363068e-01
3.675720000000000098e-01 6.481889099999999360e+01 1.789102396418888463e-01
3.723149000000000042e-01 6.458272400000001312e+01 1.798983443644304459e-01
3.770577999999999985e-01 6.418966200000001265e+01 1.805503224739584966e-01
3.818005999999999900e-01 6.396522399999999919e+01 1.811959614727221279e-01
3.865434999999999843e-01 6.361944699999999386e+01 1.815971230756927568e-01
3.912863999999999787e-01 6.326795800000000014e+01 1.818209892075835221e-01
3.960292000000000256e-01 6.316186300000000386e+01 1.824149647775579197e-01
4.007721000000000200e-01 6.327565699999998827e+01 1.833596502681852369e-01
4.055150000000000143e-01 6.298088199999998693e+01 1.892369212326144023e-01
4.102578000000000058e-01 6.226982900000000143e+01 1.930723981019296376e-01
4.150007000000000001e-01 6.233693400000000651e+01 1.974063726064378965e-01
4.197435999999999945e-01 6.174379599999999613e+01 1.994909705137858924e-01
4.244863999999999860e-01 6.178791699999999310e+01 2.027935882982709048e-01
4.292292999999999803e-01 6.150579199999999958e+01 2.054209783887368523e-01
4.339721999999999746e-01 6.118142399999999270e+01 2.080156166356759151e-01
4.387150000000000216e-01 6.100093099999999424e+01 2.107387743615991571e-01
4.434579000000000160e-01 6.035952199999999124e+01 2.127075501374518784e-01
4.482008000000000103e-01 5.986101500000000897e+01 2.154039206301205933e-01
4.529436000000000018e-01 5.982002200000000869e+01 2.188397663671088345e-01
4.576864999999999961e-01 5.944571900000001108e+01 2.204321861371894009e-01
4.624293999999999905e-01 5.915689199999999204e+01 2.217277251130271021e-01
4.671721999999999819e-01 5.928923300000000296e+01 2.208790283695527545e-01
4.719150999999999763e-01 5.960060700000000367e+01 2.127417338897483190e-01
4.766579000000000232e-01 5.892114200000001034e+01 2.075430250489668782e-01
4.814008000000000176e-01 5.859020900000000154e+01 2.043303484987739060e-01
4.861437000000000119e-01 5.827316999999999325e+01 2.017709145165896278e-01
4.908865000000000034e-01 5.789016500000000320e+01 1.994670502048754568e-01
4.956293999999999977e-01 5.738620200000000438e+01 1.971993287761056313e-01
5.003722999999999921e-01 5.742104800000000608e+01 1.960186733827093686e-01
5.051151000000000391e-01 5.704257199999998562e+01 1.942630246351785828e-01
5.098580000000000334e-01 5.678331700000001092e+01 1.928134299202695634e-01
5.146009000000000277e-01 5.653291499999998848e+01 1.914589229911340673e-01
5.193436999999999637e-01 5.617476400000000325e+01 1.899783224464686171e-01
5.240865999999999580e-01 5.568280799999998720e+01 1.883298525131055778e-01
5.288294999999999524e-01 5.531184499999999105e+01 1.869330045850478017e-01
5.335722999999999994e-01 5.518204000000000775e+01 1.856158067865657235e-01
5.383151999999999937e-01 5.505628299999999342e+01 1.840662340817201537e-01
5.430580999999999881e-01 5.490420800000000412e+01 1.825314868397496515e-01
5.478009000000000350e-01 5.445771899999999732e+01 1.805618024380228615e-01
5.525438000000000294e-01 5.431816699999999543e+01 1.791495390150390221e-01
5.572867000000000237e-01 5.381115099999999529e+01 1.771683708515021660e-01
5.620294999999999597e-01 5.348539200000000449e+01 1.755298339686957587e-01
5.667723999999999540e-01 5.359021199999999396e+01 1.746339917627827976e-01
5.715152000000000010e-01 5.307637699999999370e+01 1.727631012956166168e-01
5.762580999999999953e-01 5.284608399999999762e+01 1.713809303296063846e-01
5.810009999999999897e-01 5.272110799999999387e+01 1.702458612579750841e-01
5.857438000000000367e-01 5.254531999999998959e+01 1.694536445644436451e-01
5.904867000000000310e-01 5.200283000000000300e+01 1.681713968751238075e-01
5.952296000000000253e-01 5.188986500000000035e+01 1.675831327519425318e-01
5.999723999999999613e-01 5.167167099999998925e+01 1.670072214466188920e-01
6.047152999999999556e-01 5.150211400000000594e+01 1.663114500591718059e-01
6.094581999999999500e-01 5.139871499999999571e+01 1.656115722460704265e-01
6.142009999999999970e-01 5.093923800000000313e+01 1.646378340866928303e-01
6.189438999999999913e-01 5.045376000000000261e+01 1.633192888507367935e-01
6.236867999999999856e-01 5.046218399999999349e+01 1.629560888080506809e-01
6.284296000000000326e-01 5.006329199999999702e+01 1.619415122284934561e-01
6.331725000000000270e-01 4.969414299999998974e+01 1.609743901140175126e-01
6.379154000000000213e-01 4.961226800000000026e+01 1.604768269074516585e-01
6.426581999999999573e-01 4.916415999999999542e+01 1.593921234223996952e-01
6.474010999999999516e-01 4.894467399999999913e+01 1.586820864706571244e-01
6.521439999999999459e-01 4.900148099999999829e+01 1.584185896117242254e-01
6.568867999999999929e-01 4.866470899999999489e+01 1.575226630018531915e-01
6.616296999999999873e-01 4.840915300000000343e+01 1.567632547129052256e-01
6.663725999999999816e-01 4.831947799999998949e+01 1.562762773444366926e-01
6.711154000000000286e-01 4.812255000000000393e+01 1.556152614974244952e-01
6.758583000000000229e-01 4.771159200000001022e+01 1.546117205928803640e-01
6.806010999999999589e-01 4.748967499999999831e+01 1.539187986807040442e-01
6.853439999999999532e-01 4.755198199999999531e+01 1.536900662678723772e-01
6.900868999999999476e-01 4.699526699999999835e+01 1.524589015290563343e-01
6.948296999999999946e-01 4.688366500000000059e+01 1.519516384174122714e-01
6.995725999999999889e-01 4.669317300000000159e+01 1.513210820595335959e-01
7.043154999999999832e-01 4.640974900000000503e+01 1.505437439828165025e-01
7.090583000000000302e-01 4.614502300000000190e+01 1.497963436457622755e-01
7.138012000000000246e-01 4.593831699999999074e+01 1.491456220526579945e-01
7.185441000000000189e-01 4.561836600000000175e+01 1.483156445269530610e-01
7.232868999999999549e-01 4.545067899999999383e+01 1.477364247715305390e-01
7.280297999999999492e-01 4.534331399999999945e+01 1.472552426141439663e-01
7.327727000000000546e-01 4.513542299999999585e+01 1.466127455149656977e-01
7.375154999999999905e-01 4.491715299999999900e+01 1.459580537603156758e-01
7.422583999999999849e-01 4.472232900000000200e+01 1.453445322119280569e-01
7.470012999999999792e-01 4.446317700000000173e+01 1.446266470677668725e-01
7.517441000000000262e-01 4.426328800000000285e+01 1.440067231133380088e-01
7.564870000000000205e-01 4.424364800000000031e+01 1.436842832381944879e-01
7.612299000000000149e-01 4.404009799999999331e+01 1.430659686933202779e-01
7.659726999999999508e-01 4.368771600000000177e+01 1.422059850357030586e-01
7.707155999999999452e-01 4.341900000000000404e+01 1.414831545204735530e-01
7.754585000000000505e-01 4.336097300000000132e+01 1.411082667298071691e-01
7.802012999999999865e-01 4.330818099999999760e+01 1.408827804851863486e-01
7.849441999999999808e-01 4.305019499999999510e+01 1.401360050175136096e-01
7.896870000000000278e-01 4.287359500000000168e+01 1.394814808292169084e-01
7.944299000000000222e-01 4.239830100000000357e+01 1.384349118361304087e-01
7.991728000000000165e-01 4.228712500000000318e+01 1.379844305537135662e-01
8.039155999999999525e-01 4.224105899999999281e+01 1.376405538786636129e-01
8.086584999999999468e-01 4.207665100000000535e+01 1.371044943348707357e-01
8.134014000000000522e-01 4.192154100000000483e+01 1.365876479565754642e-01
8.181441999999999881e-01 4.188274700000000905e+01 1.363656396634305989e-01
8.228870999999999825e-01 4.154973300000001046e+01 1.354649042659296920e-01
8.276299999999999768e-01 4.113392000000000337e+01 1.345210461713831629e-01
8.323728000000000238e-01 4.097062899999999530e+01 1.339983300115169251e-01
8.371157000000000181e-01 4.110134699999999697e+01 1.339586989480291424e-01
8.418586000000000125e-01 4.073187299999999311e+01 1.331029840127218866e-01
8.466013999999999484e-01 4.061302799999999991e+01 1.326567393737434764e-01
8.513443000000000538e-01 4.043903399999999948e+01 1.321243747430511095e-01
8.560872000000000481e-01 4.046554500000000587e+01 1.319216132199943770e-01
8.608299999999999841e-01 4.013693899999999815e+01 1.311400354522058165e-01
8.655728999999999784e-01 4.001648799999999540e+01 1.306986259249820759e-01
8.703157999999999728e-01 3.969547599999999932e+01 1.299328694476320767e-01
8.750586000000000197e-01 3.959660500000000383e+01 1.295325125203506400e-01
8.798015000000000141e-01 3.947244900000000456e+01 1.290919068025540573e-01
8.845442999999999500e-01 3.935813799999999674e+01 1.286675687982772043e-01
8.892872000000000554e-01 3.904366300000000223e+01 1.279187157402692232e-01
8.940301000000000498e-01 3.893618400000000435e+01 1.275113857263809325e-01
8.987728999999999857e-01 3.869395200000000301e+01 1.268839622166493541e-01
9.035157999999999801e-01 3.856574499999999972e+01 1.264434501731892813e-01
9.082586999999999744e-01 3.868038400000000365e+01 1.264037992523432963e-01
9.130015000000000214e-01 3.829710300000000700e+01 1.255512217541780717e-01
9.177444000000000157e-01 3.808248400000000089e+01 1.249755588696309927e-01
9.224873000000000101e-01 3.810905799999999743e+01 1.247952016140252141e-01
9.272300999999999460e-01 3.799587999999999965e+01 1.243887348670851267e-01
9.319730000000000514e-01 3.789649099999999038e+01 1.240069892898485043e-01
9.367159000000000457e-01 3.754304199999999270e+01 1.232101548638447203e-01
9.414586999999999817e-01 3.751737099999999003e+01 1.229503184395266124e-01
9.462015999999999760e-01 3.746920699999999727e+01 1.226562688484979236e-01
9.509444999999999704e-01 3.738291800000000364e+01 1.223020775793849657e-01
9.556873000000000173e-01 3.719296399999999636e+01 1.217790365172614769e-01
9.604302000000000117e-01 3.710955199999999365e+01 1.214302479734913620e-01
9.651731000000000060e-01 3.669341599999999914e+01 1.205390201879623646e-01
9.699159000000000530e-01 3.669394499999999937e+01 1.203330293086295744e-01
9.746588000000000473e-01 3.656805299999999903e+01 1.199206623604706506e-01
9.794017000000000417e-01 3.657938299999999288e+01 1.197327072599571746e-01
9.841444999999999776e-01 3.637157200000000046e+01 1.191885735534346374e-01
9.888873999999999720e-01 3.619180300000000727e+01 1.186924550306433790e-01
9.936302000000000190e-01 3.601658300000000423e+01 1.182046588548953947e-01
9.983731000000000133e-01 3.593534300000000314e+01 1.178706635704381001e-01
1.003115999999999897e+00 3.577300400000000025e+01 1.174062170131697086e-01
1.007859000000000060e+00 3.555158099999999877e+01 1.168466495049006459e-01
1.012602000000000002e+00 3.559947000000001083e+01 1.167302743676253696e-01
1.017344999999999944e+00 3.536452899999999033e+01 1.161492016375618441e-01
1.022086999999999968e+00 3.526243399999999895e+01 1.157887939436157143e-01
1.026829999999999909e+00 3.527266100000000648e+01 1.156145096047585252e-01
1.031573000000000073e+00 3.519280899999999690e+01 1.152932441161497595e-01
1.036316000000000015e+00 3.493630000000000280e+01 1.146821806112096054e-01
1.041058999999999957e+00 3.489511000000000251e+01 1.144265492950307384e-01
1.045801999999999898e+00 3.453976000000000113e+01 1.136568806417513067e-01
1.050545000000000062e+00 3.467186600000000141e+01 1.136888376858889299e-01
1.055287000000000086e+00 3.435093099999999566e+01 1.129761615875933406e-01
1.060030000000000028e+00 3.417439800000000361e+01 1.125031604605861713e-01
1.064772999999999969e+00 3.428910699999999423e+01 1.125103551784759209e-01
1.069515999999999911e+00 3.409677699999999589e+01 1.120142233964017686e-01
1.074259000000000075e+00 3.409590000000000742e+01 1.118318222596555722e-01
1.079002000000000017e+00 3.385958800000000224e+01 1.112653362443433991e-01
1.083744999999999958e+00 3.383904300000000376e+01 1.110786975609639599e-01
1.088487999999999900e+00 3.382424400000000020e+01 1.109027295748540032e-01
1.093229999999999924e+00 3.372569299999999259e+01 1.105162387721854433e-01
1.097973000000000088e+00 3.363261300000000631e+01 1.101891453915171126e-01
1.102716000000000030e+00 3.358783300000000338e+01 1.099429226633815704e-01
1.107458999999999971e+00 3.323268499999999648e+01 1.091887869000374989e-01
1.112201999999999913e+00 3.317836499999999944e+01 1.089274934978079756e-01
1.116945000000000077e+00 3.310968799999999845e+01 1.086448907160852267e-01
1.121688000000000018e+00 3.299291400000000607e+01 1.082847313180995003e-01
1.126430000000000042e+00 3.291889400000000165e+01 1.079957880325200376e-01
1.131172999999999984e+00 3.272032099999999843e+01 1.075020607608923873e-01
1.135915999999999926e+00 3.280034700000000214e+01 1.074673070944838493e-01
1.140659000000000090e+00 3.253550400000000309e+01 1.068684632411044805e-01
1.145402000000000031e+00 3.251184499999999389e+01 1.066662148593035264e-01
1.150144999999999973e+00 3.255261999999999034e+01 1.065689273378811891e-01
1.154887999999999915e+00 3.249058899999999284e+01 1.063049570117254594e-01
1.159631000000000078e+00 3.240511899999999912e+01 1.060041179686751767e-01
1.164373000000000102e+00 3.225172999999999490e+01 1.055934310349403438e-01
1.169116000000000044e+00 3.221484199999999021e+01 1.054516182507949928e-01
1.173858999999999986e+00 3.194510700000000014e+01 1.048226646956186697e-01
1.178601999999999927e+00 3.202527599999999808e+01 1.047462298189438396e-01
1.183345000000000091e+00 3.183661799999999786e+01 1.042813584632541063e-01
1.188088000000000033e+00 3.164601100000000500e+01 1.038126193904951033e-01
1.192830999999999975e+00 3.176480600000000365e+01 1.038521964016337062e-01
1.197572999999999999e+00 3.159019199999999472e+01 1.034129051593073723e-01
1.202315999999999940e+00 3.148238500000000428e+01 1.030840780930639272e-01
1.207059000000000104e+00 3.157515300000000735e+01 1.034168967425840996e-01
1.211802000000000046e+00 3.156749800000000050e+01 1.067903622671844827e-01
1.216544999999999987e+00 3.132820600000000155e+01 1.085992550122628630e-01
1.221287999999999929e+00 3.134733599999999498e+01 1.102654627181929581e-01
1.226031000000000093e+00 3.123423399999999717e+01 1.114444185589022612e-01
1.230774000000000035e+00 3.134544100000000100e+01 1.128734697251621705e-01
1.235516000000000059e+00 3.117929799999999929e+01 1.137001751489820495e-01
1.240259000000000000e+00 3.096859100000000353e+01 1.143642652518853942e-01
1.245001999999999942e+00 3.095257899999999651e+01 1.153251286362343420e-01
1.249745000000000106e+00 3.082660800000000023e+01 1.160341410505886239e-01
1.254488000000000048e+00 3.054773200000000344e+01 1.164115978640689331e-01
1.259230999999999989e+00 3.055127299999999835e+01 1.170113808998009403e-01
1.263973999999999931e+00 3.065687799999999896e+01 1.175147646247223648e-01
1.268715999999999955e+00 3.030988100000000074e+01 1.171311972582680661e-01
1.273458999999999897e+00 3.047678499999999957e+01 1.155285557800001250e-01
1.278202000000000060e+00 3.079407800000000250e+01 1.118365378001961313e-01
1.282945000000000002e+00 3.045500299999999783e+01 1.090977353107529108e-01
1.287687999999999944e+00 3.055273299999999992e+01 1.077338114385066187e-01
1.292431000000000108e+00 3.040079800000000176e+01 1.062244306280156064e-01
1.297174000000000049e+00 3.038170900000000074e+01 1.051335739744245490e-01
1.301916000000000073e+00 3.008347600000000099e+01 1.036891710683328915e-01
1.306659000000000015e+00 3.002092400000000083e+01 1.027492249773714894e-01
1.311401999999999957e+00 3.016778500000000207e+01 1.022397527651959931e-01
1.316144999999999898e+00 3.011614600000000408e+01 1.014508779150624235e-01
1.320888000000000062e+00 3.010275000000000389e+01 1.009232700550304340e-01
1.325631000000000004e+00 2.989618399999999809e+01 1.003174219545722723e-01
1.330373999999999945e+00 2.993356799999999751e+01 1.001352471501683467e-01
1.335117000000000109e+00 2.983727700000000027e+01 9.974040937384205663e-02
1.339858999999999911e+00 2.972558500000000237e+01 9.932759223976740659e-02
1.344602000000000075e+00 2.956618699999999578e+01 9.884377727085756626e-02
1.349345000000000017e+00 2.948625399999999530e+01 9.850071284025309348e-02
1.354087999999999958e+00 2.936680300000000443e+01 9.809820413871041256e-02
1.358830999999999900e+00 2.967646500000000032e+01 9.841457534847468380e-02
1.363574000000000064e+00 2.961066699999999940e+01 9.811126915357379352e-02
1.368317000000000005e+00 2.932422400000000451e+01 9.744728713590132541e-02
1.373059000000000029e+00 2.937892899999999941e+01 9.735421068096129782e-02
1.377801999999999971e+00 2.943510099999999596e+01 9.726551075661814261e-02
1.382544999999999913e+00 2.926736799999999761e+01 9.681029096212034890e-02
1.387288000000000077e+00 2.925550200000000700e+01 9.661696296703960185e-02
1.392031000000000018e+00 2.911951000000000178e+01 9.622171568530618613e-02
1.396773999999999960e+00 2.917513100000000037e+01 9.614479875361744976e-02
1.401516999999999902e+00 2.909596399999999861e+01 9.584853717575037013e-02
1.406260000000000066e+00 2.887423400000000129e+01 9.532029704369002210e-02
1.411002000000000089e+00 2.893235599999999152e+01 9.525621959444957598e-02
1.415745000000000031e+00 2.894201499999999783e+01 9.511293804752010694e-02
1.420487999999999973e+00 2.886704199999999787e+01 9.483331469452968565e-02
1.425230999999999915e+00 2.892288599999999832e+01 9.477053662121470712e-02
1.429974000000000078e+00 2.873152299999999926e+01 9.430468226793885245e-02
1.434717000000000020e+00 2.859387699999999910e+01 9.392779320038398272e-02
1.439459999999999962e+00 2.862755199999999789e+01 9.383407862347559192e-02
1.444201999999999986e+00 2.851273699999999778e+01 9.349881672177622061e-02
1.448944999999999927e+00 2.854625700000000421e+01 9.340858233226752294e-02
1.453688000000000091e+00 2.854978100000000296e+01 9.326979097980278577e-02
1.458431000000000033e+00 2.859054899999999932e+01 9.319300576414304982e-02
1.463173999999999975e+00 2.834670699999999854e+01 9.267826442189344704e-02
1.467916999999999916e+00 2.838315300000000008e+01 9.260005014513653099e-02
1.472660000000000080e+00 2.836698999999999771e+01 9.240851325369214830e-02
1.477402000000000104e+00 2.824701900000000165e+01 9.207525979172417885e-02
1.482145000000000046e+00 2.819723800000000580e+01 9.185814947901900507e-02
1.486887999999999987e+00 2.821391200000000055e+01 9.175081879599875090e-02
1.491630999999999929e+00 2.821115899999999854e+01 9.161196697659537702e-02
1.496374000000000093e+00 2.821341699999999975e+01 9.148209850063945825e-02
1.501117000000000035e+00 2.837091699999999861e+01 9.165113838432940863e-02
1.505859999999999976e+00 2.836851899999999915e+01 9.328644586971465702e-02
1.510602999999999918e+00 2.801764700000000019e+01 9.531545098128005322e-02
1.515344999999999942e+00 2.800174900000000022e+01 9.686732976986719978e-02
1.520088000000000106e+00 2.814480199999999854e+01 9.839398938596656541e-02
1.524831000000000047e+00 2.804266700000000156e+01 9.932980655355622135e-02
1.529573999999999989e+00 2.802985099999999719e+01 1.000888463592467248e-01
1.534316999999999931e+00 2.814729299999999768e+01 9.751023311132735183e-02
1.539060000000000095e+00 2.809777000000000413e+01 9.591252624717638842e-02
1.543803000000000036e+00 2.794456500000000077e+01 9.464180975433530985e-02
1.548545000000000060e+00 2.789295100000000360e+01 9.356703848097150389e-02
1.553288000000000002e+00 2.782762900000000172e+01 9.262801593423125590e-02
1.558030999999999944e+00 2.780607200000000034e+01 9.181222884374336257e-02
1.562774000000000107e+00 2.764683599999999686e+01 9.063252843115544855e-02
1.567517000000000049e+00 2.774683800000000389e+01 8.996083998750123434e-02
1.572259999999999991e+00 2.766502699999999848e+01 8.930147339184499322e-02
1.577002999999999933e+00 2.765267400000000109e+01 8.893068357621569664e-02
1.581746000000000096e+00 2.738436700000000457e+01 8.832731858972850403e-02
1.586487999999999898e+00 2.753728500000000423e+01 8.859685525896615621e-02
1.591231000000000062e+00 2.740945599999999871e+01 8.850421805206856729e-02
1.595974000000000004e+00 2.757736600000000493e+01 8.888438691401319425e-02
1.600716999999999945e+00 2.745587999999999695e+01 8.876556384980381631e-02
1.605460000000000109e+00 2.733884199999999964e+01 8.846106739965667320e-02
1.610203000000000051e+00 2.727273500000000084e+01 8.820647757245553278e-02
1.614945999999999993e+00 2.733207900000000379e+01 8.815818431057832749e-02
1.619688000000000017e+00 2.734092099999999803e+01 8.803123134796762839e-02
1.624430999999999958e+00 2.731744899999999276e+01 8.785453458054343079e-02
1.629173999999999900e+00 2.717230299999999943e+01 8.748412830051288669e-02
1.633917000000000064e+00 2.738447100000000134e+01 8.769053352552144687e-02
1.638660000000000005e+00 2.717208800000000224e+01 8.721783063737310882e-02
1.643402999999999947e+00 2.721207600000000326e+01 8.715167761982899053e-02
1.648146000000000111e+00 2.718873599999999868e+01 8.698522043513139124e-02
1.652889000000000053e+00 2.705973499999999987e+01 8.665179683239582209e-02
1.657631000000000077e+00 2.700169800000000464e+01 8.643396942828207585e-02
1.662374000000000018e+00 2.692042500000000160e+01 8.617997000147251119e-02
1.667116999999999960e+00 2.710696300000000036e+01 8.635495234700844847e-02
1.671859999999999902e+00 2.689818400000000409e+01 8.590075716974093778e-02
1.676603000000000065e+00 2.700064400000000120e+01 8.594449958688163416e-02
1.681346000000000007e+00 2.687438799999999972e+01 8.562447929995545270e-02
1.686088999999999949e+00 2.702300000000000324e+01 8.574245912426700644e-02
1.690830999999999973e+00 2.678661299999999912e+01 8.525032698703859102e-02
1.695573999999999915e+00 2.693606900000000337e+01 8.537225131522185873e-02
1.700317000000000078e+00 2.689651699999999934e+01 8.519453493130940691e-02
1.705060000000000020e+00 2.694290999999999414e+01 8.515372446779941040e-02
1.709802999999999962e+00 2.692797100000000299e+01 8.501689959332439650e-02
1.714545999999999903e+00 2.687431099999999873e+01 8.482043653738821631e-02
1.719289000000000067e+00 2.669230199999999442e+01 8.442158997842258428e-02
1.724031000000000091e+00 2.685433699999999746e+01 8.456648257453718009e-02
1.728774000000000033e+00 2.677284699999999518e+01 8.432841253653954039e-02
1.733516999999999975e+00 2.665103599999999773e+01 8.402806561437256572e-02
1.738259999999999916e+00 2.664549199999999729e+01 8.391130547205066792e-02
1.743003000000000080e+00 2.662631199999999509e+01 8.377329029241241398e-02
1.747746000000000022e+00 2.665462199999999982e+01 8.371135229822236623e-02
1.752488999999999963e+00 2.656804899999999492e+01 8.346974764376732803e-02
1.757231999999999905e+00 2.658806000000000225e+01 8.339590869085125591e-02
1.761973999999999929e+00 2.656452900000000028e+01 8.325400927911701110e-02
1.766717000000000093e+00 2.650710499999999570e+01 8.306023264127243566e-02
1.771460000000000035e+00 2.649101499999999731e+01 8.293198240729326987e-02
1.776202999999999976e+00 2.660142900000000310e+01 8.303897234559384777e-02
1.780945999999999918e+00 2.649302799999999891e+01 8.276970637152217258e-02
1.785689000000000082e+00 2.643944099999999864e+01 8.254484845301977847e-02
1.790432000000000023e+00 2.629402699999999982e+01 8.221717099196979017e-02
1.795174000000000047e+00 2.642602599999999669e+01 8.232291421210136129e-02
1.799916999999999989e+00 2.633868899999999869e+01 8.208645595475723422e-02
1.804659999999999931e+00 2.636639599999999817e+01 8.203060265655982841e-02
1.809403000000000095e+00 2.628081700000000254e+01 8.179892399157216720e-02
1.814146000000000036e+00 2.628516000000000119e+01 8.170770708716221242e-02
1.818888999999999978e+00 2.632085399999999709e+01 8.166506435341860937e-02
1.823631999999999920e+00 2.624410300000000262e+01 8.144881161014629056e-02
1.828375000000000083e+00 2.628623499999999780e+01 8.141769670557992555e-02
1.833117000000000107e+00 2.627826399999999651e+01 8.130908657076710289e-02
1.837860000000000049e+00 2.620028099999999682e+01 8.109242643814093543e-02
1.842602999999999991e+00 2.617717399999999728e+01 8.096148091121851964e-02
1.847345999999999933e+00 2.621293000000000006e+01 8.092223608510888677e-02
1.852089000000000096e+00 2.606314400000000120e+01 8.066304106729611789e-02
1.856832000000000038e+00 2.613449899999999815e+01 8.061858803714004595e-02
1.861574999999999980e+00 2.604648200000000458e+01 8.038373079437031998e-02
1.866317000000000004e+00 2.620418899999999596e+01 8.053382116936523560e-02
1.871059999999999945e+00 2.603798000000000457e+01 8.018573548191099132e-02
1.875803000000000109e+00 2.601132700000000142e+01 8.005229204929863174e-02
1.880546000000000051e+00 2.614132799999999790e+01 8.016033894353803702e-02
1.885288999999999993e+00 2.603774700000000308e+01 7.991039222095709660e-02
1.890031999999999934e+00 2.600582899999999853e+01 7.977053328592206838e-02
1.894775000000000098e+00 2.597140199999999410e+01 7.962694306898010499e-02
1.899516999999999900e+00 2.601556599999999975e+01 7.960473960319384978e-02
1.904260000000000064e+00 2.589764500000000069e+01 7.933475542464475672e-02
1.909003000000000005e+00 2.589821799999999641e+01 7.924670240465719884e-02
1.913745999999999947e+00 2.585857500000000186e+01 7.909677352558762420e-02
1.918489000000000111e+00 2.602387600000000134e+01 7.926083971166089648e-02
1.923232000000000053e+00 2.598147200000000367e+01 7.910833075949966209e-02
1.927974999999999994e+00 2.582587500000000347e+01 7.878127915828544992e-02
1.932717999999999936e+00 2.596066700000000083e+01 7.883684489506476156e-02
1.937459999999999960e+00 2.581961199999999934e+01 7.843893308568902767e-02
1.942202999999999902e+00 2.583102999999999838e+01 7.824245895383272198e-02
1.946946000000000065e+00 2.575329899999999839e+01 7.793479732853418607e-02
1.951689000000000007e+00 2.582827599999999890e+01 7.789427010874226676e-02
1.956431999999999949e+00 2.566798299999999955e+01 7.756843242331766530e-02
1.961174999999999891e+00 2.570495000000000374e+01 7.754254372834502862e-02
1.965918000000000054e+00 2.580386999999999986e+01 7.761103565578610086e-02
1.970660000000000078e+00 2.574724300000000454e+01 7.748927713035977383e-02
1.975403000000000020e+00 2.562533099999999919e+01 7.728493069949340932e-02
1.980145999999999962e+00 2.566585200000000100e+01 7.736718908988551857e-02
1.984888999999999903e+00 2.568090099999999865e+01 7.741047901678492493e-02
1.989632000000000067e+00 2.557597499999999613e+01 7.727251287017201931e-02
1.994375000000000009e+00 2.555397699999999972e+01 7.721097950821891043e-02
1.999117999999999951e+00 2.569365099999999913e+01 7.731038309679753862e-02
2.003861000000000114e+00 2.576028499999999966e+01 7.732836097673737030e-02
2.008602999999999916e+00 2.570400899999999567e+01 7.716137822110553934e-02
2.013345999999999858e+00 2.586679600000000079e+01 7.800990592361396747e-02
2.018088999999999800e+00 2.565727599999999597e+01 7.996040737138537802e-02
2.022832000000000185e+00 2.550071900000000014e+01 8.103553758344420044e-02
2.027575000000000127e+00 2.558572200000000052e+01 8.219708296745024956e-02
2.032318000000000069e+00 2.551352499999999779e+01 8.296105426633934576e-02
2.037061000000000011e+00 2.548956299999999686e+01 8.371133280512202401e-02
2.041802999999999813e+00 2.555736700000000283e+01 8.453308183865711201e-02
2.046546000000000198e+00 2.545391799999999805e+01 8.474740593060532678e-02
2.051289000000000140e+00 2.542059800000000180e+01 8.495215981546791473e-02
2.056032000000000082e+00 2.538673800000000114e+01 8.513619625513699218e-02
2.060775000000000023e+00 2.550197100000000106e+01 8.555469165874890480e-02
2.065517999999999965e+00 2.542243600000000114e+01 8.563230948641523121e-02
2.070260999999999907e+00 2.541485800000000239e+01 8.581936008835709673e-02
2.075003000000000153e+00 2.550751000000000346e+01 8.616548307049523570e-02
2.079746000000000095e+00 2.558191100000000162e+01 8.421740866064034159e-02
2.084489000000000036e+00 2.554220099999999860e+01 8.201412374462462018e-02
2.089231999999999978e+00 2.549596299999999971e+01 8.076802628268441031e-02
2.093974999999999920e+00 2.556465399999999732e+01 7.999030232927425987e-02
2.098717999999999861e+00 2.531240799999999780e+01 7.886770877903390153e-02
2.103460999999999803e+00 2.530175999999999448e+01 7.822487430888400151e-02
2.108204000000000189e+00 2.544031000000000020e+01 7.800283282625766756e-02
2.112945999999999991e+00 2.541402000000000072e+01 7.775530155113090369e-02
2.117688999999999933e+00 2.530154499999999729e+01 7.739525685486806084e-02
2.122431999999999874e+00 2.534894200000000097e+01 7.729226310590729676e-02
2.127174999999999816e+00 2.539703300000000041e+01 7.720168288251817723e-02
2.131918000000000202e+00 2.531646599999999836e+01 7.692418126708985837e-02
2.136661000000000143e+00 2.531680300000000017e+01 7.677724905979635417e-02
2.141404000000000085e+00 2.531636100000000056e+01 7.663528989245881051e-02
2.146145999999999887e+00 2.528561799999999593e+01 7.645345900669832384e-02
2.150888999999999829e+00 2.543657200000000174e+01 7.655032757344021332e-02
2.155632000000000215e+00 2.534288399999999797e+01 7.628343374751886397e-02
2.160375000000000156e+00 2.522761300000000162e+01 7.598721658355830910e-02
2.165118000000000098e+00 2.527334599999999654e+01 7.593741754759836260e-02
2.169861000000000040e+00 2.526796999999999827e+01 7.581380154107826563e-02
2.174603999999999981e+00 2.541582600000000269e+01 7.592198794989697685e-02
2.179346999999999923e+00 2.534229600000000104e+01 7.570120001521377096e-02
2.184089000000000169e+00 2.530084299999999686e+01 7.553116506158236154e-02
2.188832000000000111e+00 2.519327600000000089e+01 7.526482266845914426e-02
2.193575000000000053e+00 2.521577299999999866e+01 7.519468687052363598e-02
2.198317999999999994e+00 2.523760399999999748e+01 7.512473019546758723e-02
2.203060999999999936e+00 2.511755500000000296e+01 7.484544971167919614e-02
2.207803999999999878e+00 2.519374700000000189e+01 7.486054648373066667e-02
2.212546999999999819e+00 2.510502699999999621e+01 7.463159931160860683e-02
2.217289000000000065e+00 2.514026700000000147e+01 7.458782874704961152e-02
2.222032000000000007e+00 2.512323199999999801e+01 7.446795677996206897e-02
2.226774999999999949e+00 2.507318599999999975e+01 7.430063430761342513e-02
2.231517999999999891e+00 2.519129000000000218e+01 7.438328302084347421e-02
2.236260999999999832e+00 2.503201800000000077e+01 7.405643667076751424e-02
2.241004000000000218e+00 2.497294600000000031e+01 7.387927984401851389e-02
2.245747000000000160e+00 2.508243699999999521e+01 7.395212782823087916e-02
2.250490000000000101e+00 2.516166499999999928e+01 7.398066326011007443e-02
2.255231999999999903e+00 2.516667199999999838e+01 7.390043168060657364e-02
2.259974999999999845e+00 2.510758300000000176e+01 7.372708139056570464e-02
2.264717999999999787e+00 2.509964599999999990e+01 7.362996262688444038e-02
2.269461000000000173e+00 2.508365900000000437e+01 7.352175211389347376e-02
2.274204000000000114e+00 2.505744599999999878e+01 7.339894587195786024e-02
2.278947000000000056e+00 2.505168300000000059e+01 7.330719980908764755e-02
2.283689999999999998e+00 2.495309500000000114e+01 7.308043877745945549e-02
2.288431999999999800e+00 2.498794200000000032e+01 7.304980907287643432e-02
2.293175000000000185e+00 2.496923599999999865e+01 7.294085351506793269e-02
2.297918000000000127e+00 2.491539099999999962e+01 7.278164360582962955e-02
2.302661000000000069e+00 2.501248899999999509e+01 7.284316982599878254e-02
2.307404000000000011e+00 2.502681499999999559e+01 7.278473499368806610e-02
2.312146999999999952e+00 2.487613800000000097e+01 7.248618136185061567e-02
2.316889999999999894e+00 2.491608799999999846e+01 7.246586924010640918e-02
2.321632000000000140e+00 2.501765900000000187e+01 7.253575770862327743e-02
2.326375000000000082e+00 2.502269999999999683e+01 7.246562241032779295e-02
2.331118000000000023e+00 2.505651999999999902e+01 7.243723868348724004e-02
2.335860999999999965e+00 2.491346100000000163e+01 7.215388794742040590e-02
2.340603999999999907e+00 2.485325900000000132e+01 7.199068327926398669e-02
2.345346999999999849e+00 2.499610600000000105e+01 7.212200284097287917e-02
2.350089999999999790e+00 2.501195200000000085e+01 7.206962310505930780e-02
2.354833000000000176e+00 2.488591299999999862e+01 7.181304839569546683e-02
2.359574999999999978e+00 2.499049700000000129e+01 7.188978373497169339e-02
2.364317999999999920e+00 2.492386499999999927e+01 7.171998469578406976e-02
2.369060999999999861e+00 2.491047299999999964e+01 7.162719611397336261e-02
2.373803999999999803e+00 2.491993000000000080e+01 7.156790511582269976e-02
2.378547000000000189e+00 2.487603499999999457e+01 7.143211648461846031e-02
2.383290000000000131e+00 2.491029900000000197e+01 7.140929255920128171e-02
2.388033000000000072e+00 2.489671399999999934e+01 7.131765588339047945e-02
2.392774999999999874e+00 2.491338599999999914e+01 7.126983396320564490e-02
2.397517999999999816e+00 2.482782800000000378e+01 7.107655798863363183e-02
2.402261000000000202e+00 2.485062500000000085e+01 7.103872367321291403e-02
2.407004000000000143e+00 2.497527400000000242e+01 7.114562641433133661e-02
2.411747000000000085e+00 2.489886399999999611e+01 7.096659987600786867e-02
2.416490000000000027e+00 2.493780999999999892e+01 7.095230022051576824e-02
2.421232999999999969e+00 2.475339400000000012e+01 7.062016558377572084e-02
2.425975999999999910e+00 2.480471399999999704e+01 7.062401431447026812e-02
2.430718000000000156e+00 2.479865000000000208e+01 7.054652506133876622e-02
2.435461000000000098e+00 2.486563400000000001e+01 7.057352323735652244e-02
2.440204000000000040e+00 2.484080599999999706e+01 7.049491383388663268e-02
2.444946999999999981e+00 2.489075499999999508e+01 7.047274466106381863e-02
2.449689999999999923e+00 2.491702000000000083e+01 7.044192388153379392e-02
2.454432999999999865e+00 2.494460699999999775e+01 7.041349881749095485e-02
2.459175999999999807e+00 2.486491699999999838e+01 7.023399406303403036e-02
2.463918000000000053e+00 2.480853099999999856e+01 7.008711303606604548e-02
2.468660999999999994e+00 2.487288099999999957e+01 7.011152432024922443e-02
2.473403999999999936e+00 2.487877800000000050e+01 7.005340610236593379e-02
2.478146999999999878e+00 2.477571999999999974e+01 6.984229639204599105e-02
2.482889999999999819e+00 2.486348699999999567e+01 6.990002004037122740e-02
2.487633000000000205e+00 2.484696699999999936e+01 6.981116116675184502e-02
2.492376000000000147e+00 2.475639699999999976e+01 6.961870239891576606e-02
2.497117999999999949e+00 2.476757299999999873e+01 6.956942021662462783e-02
2.501860999999999891e+00 2.482402899999999946e+01 6.958390271345449296e-02
2.506603999999999832e+00 2.483279300000000234e+01 6.953164031194000727e-02
2.511347000000000218e+00 2.474570799999999693e+01 6.934388641397162822e-02
2.516090000000000160e+00 2.463374299999999906e+01 6.906984808308398727e-02
2.520833000000000101e+00 2.470665999999999940e+01 6.903031523515230916e-02
2.525576000000000043e+00 2.473977099999999751e+01 6.893602805798794420e-02
2.530318999999999985e+00 2.476540800000000075e+01 6.885882243900631750e-02
2.535060999999999787e+00 2.472337200000000124e+01 6.873752425603645022e-02
2.539804000000000173e+00 2.472848700000000122e+01 6.868231147135336889e-02
2.544547000000000114e+00 2.472720399999999685e+01 6.861913208729690516e-02
2.549290000000000056e+00 2.474693500000000057e+01 6.858492175301580951e-02
2.554032999999999998e+00 2.463011400000000251e+01 6.836190732077404575e-02
2.558775999999999939e+00 2.465630600000000072e+01 6.833706658890839614e-02
2.563518999999999881e+00 2.471906200000000098e+01 6.836557095621377533e-02
2.568261000000000127e+00 2.484663800000000222e+01 6.853605807050110188e-02
2.573004000000000069e+00 2.471550099999999972e+01 6.837068131042500774e-02
2.577747000000000011e+00 2.465960899999999967e+01 6.830842362871142326e-02
2.582489999999999952e+00 2.468730000000000047e+01 6.832816584835130214e-02
2.587232999999999894e+00 2.465129600000000565e+01 6.821803467141369925e-02
2.591975999999999836e+00 2.475152999999999892e+01 6.829605836310247147e-02
2.596719000000000221e+00 2.471976499999999533e+01 6.819175008313396735e-02
2.601462000000000163e+00 2.470530299999999713e+01 6.811170457101260733e-02
2.606203999999999965e+00 2.476944299999999544e+01 6.814016089433969081e-02
2.610946999999999907e+00 2.467874700000000132e+01 6.795558948306018587e-02
2.615689999999999849e+00 2.479889499999999813e+01 6.806118983009773471e-02
2.620432999999999790e+00 2.480451199999999901e+01 6.800933618633694944e-02
2.625176000000000176e+00 2.466098799999999613e+01 6.775324488502303122e-02
2.629919000000000118e+00 2.469681600000000188e+01 6.774364299150881230e-02
2.634662000000000059e+00 2.457240200000000385e+01 6.752862593348246678e-02
2.639403999999999861e+00 2.460761900000000324e+01 6.753008235130250614e-02
2.644146999999999803e+00 2.465633799999999809e+01 6.751625184255713452e-02
2.648890000000000189e+00 2.460654799999999653e+01 6.738599615238613505e-02
2.653633000000000131e+00 2.473409099999999938e+01 6.751256605366663666e-02
2.658376000000000072e+00 2.463775000000000048e+01 6.732465953439645268e-02
2.663119000000000014e+00 2.469939500000000265e+01 6.733947913778959293e-02
2.667861999999999956e+00 2.475931200000000132e+01 6.736320628092906659e-02
2.672604999999999897e+00 2.460758700000000232e+01 6.709917716651374320e-02
2.677347000000000143e+00 2.457087600000000194e+01 6.699213019625289978e-02
2.682090000000000085e+00 2.458849899999999877e+01 6.695920832919247112e-02
2.686833000000000027e+00 2.464306200000000047e+01 6.697690031435689362e-02
2.691575999999999969e+00 2.465611999999999782e+01 6.693774398674710857e-02
2.696318999999999910e+00 2.476606299999999905e+01 6.703021639673334420e-02
2.701061999999999852e+00 2.465355400000000330e+01 6.682154089222876181e-02
2.705804999999999794e+00 2.462619300000000067e+01 6.672831836435338948e-02
2.710547000000000040e+00 2.464743100000000098e+01 6.670082985091414784e-02
2.715289999999999981e+00 2.467477200000000437e+01 6.668221730348503073e-02
2.720032999999999923e+00 2.462757199999999713e+01 6.656277484763913066e-02
2.724775999999999865e+00 2.464478300000000033e+01 6.653061337253700358e-02
2.729518999999999807e+00 2.460033300000000267e+01 6.641499311066967337e-02
2.734262000000000192e+00 2.467599799999999988e+01 6.646189148815281889e-02
2.739005000000000134e+00 2.467429599999999823e+01 6.640458261392657990e-02
2.743746999999999936e+00 2.449606800000000106e+01 6.610944086350603599e-02
2.748489999999999878e+00 2.455369799999999714e+01 6.613250622060758144e-02
2.753232999999999819e+00 2.455654799999999938e+01 6.608186347280393946e-02
2.757976000000000205e+00 2.458417100000000133e+01 6.606476084064635823e-02
2.762719000000000147e+00 2.461633899999999997e+01 6.605382493613447259e-02
2.767462000000000089e+00 2.448015000000000185e+01 6.581660284079085543e-02
2.772205000000000030e+00 2.455921599999999927e+01 6.586907990217641395e-02
2.776947999999999972e+00 2.469418799999999692e+01 6.599596807719468328e-02
2.781690000000000218e+00 2.446621700000000033e+01 6.563721635966290879e-02
2.786433000000000160e+00 2.453465099999999666e+01 6.567534863535480494e-02
2.791176000000000101e+00 2.464746599999999788e+01 6.577264356053054428e-02
2.795919000000000043e+00 2.452842499999999859e+01 6.556060671312918808e-02
2.800661999999999985e+00 2.461262800000000084e+01 6.563501842655869445e-02
2.805404999999999927e+00 2.463804799999999773e+01 6.560622378423329459e-02
2.810147999999999868e+00 2.458437800000000450e+01 6.551324260414759237e-02
2.814890000000000114e+00 2.475931300000000235e+01 6.570159002112962998e-02
2.819633000000000056e+00 2.469630700000000090e+01 6.683394627243553765e-02
2.824375999999999998e+00 2.463987799999999950e+01 6.815887398607169134e-02
2.829118999999999939e+00 2.455806299999999709e+01 6.892493323398361793e-02
2.833861999999999881e+00 2.459791499999999687e+01 6.970104705740653994e-02
2.838604999999999823e+00 2.449839399999999756e+01 7.016853994530597438e-02
2.843348000000000209e+00 2.448360000000000269e+01 7.044304968604994666e-02
2.848091000000000150e+00 2.457712199999999925e+01 7.079165035921822224e-02
2.852832999999999952e+00 2.460095899999999958e+01 7.103266445041886423e-02
2.857575999999999894e+00 2.453137000000000256e+01 7.112277503030657588e-02
2.862318999999999836e+00 2.457767500000000283e+01 7.136737759189488994e-02
2.867062000000000221e+00 2.447542099999999721e+01 7.138559965443799782e-02
2.871805000000000163e+00 2.460057799999999872e+01 7.172578981102054052e-02
2.876548000000000105e+00 2.459564700000000315e+01 7.186834906700166614e-02
2.881291000000000047e+00 2.458631699999999753e+01 7.166048538428483605e-02
2.886032999999999848e+00 2.458168500000000023e+01 6.961086704200644681e-02
2.890775999999999790e+00 2.457846499999999779e+01 6.851218124689069378e-02
2.895519000000000176e+00 2.458680299999999974e+01 6.778356530294198101e-02
2.900262000000000118e+00 2.450778199999999885e+01 6.708922885940707403e-02
2.905005000000000059e+00 2.464652599999999438e+01 6.691640211193665422e-02
2.909748000000000001e+00 2.467313899999999904e+01 6.677711042994673163e-02
2.914490999999999943e+00 2.459548299999999799e+01 6.651578230525519164e-02
2.919233000000000189e+00 2.456915699999999703e+01 6.633859280707649075e-02
2.923976000000000131e+00 2.456183000000000405e+01 6.619857277210211555e-02
2.928719000000000072e+00 2.451749300000000176e+01 6.601785408417711054e-02
2.933462000000000014e+00 2.454117899999999608e+01 6.593594113359421693e-02
2.938204999999999956e+00 2.455555899999999880e+01 6.584730929503193608e-02
2.942947999999999897e+00 2.458914600000000306e+01 6.579019683122781792e-02
2.947690999999999839e+00 2.457262100000000160e+01 6.567019690617045824e-02
2.952433999999999781e+00 2.450491799999999998e+01 6.549321029884243306e-02
2.957176000000000027e+00 2.458199300000000065e+01 6.551171466284025358e-02
2.961918999999999969e+00 2.452796100000000123e+01 6.533888218699260286e-02
2.966661999999999910e+00 2.457197300000000340e+01 6.531296825846456822e-02
2.971404999999999852e+00 2.449321999999999733e+01 6.512599542211236492e-02
2.976147999999999794e+00 2.447149499999999733e+01 6.501709195105852268e-02
2.980891000000000179e+00 2.456167999999999907e+01 6.505868961145697127e-02
2.985634000000000121e+00 2.450425399999999598e+01 6.490634071614884149e-02
2.990375999999999923e+00 2.454855000000000231e+01 6.490719718800296023e-02
2.995118999999999865e+00 2.447960099999999883e+01 6.472891055056542720e-02
2.999861999999999806e+00 2.456401100000000071e+01 6.476552634192514479e-02
3.004605000000000192e+00 2.451355199999999712e+01 6.462860606433809552e-02
3.009348000000000134e+00 2.459868800000000277e+01 6.467128329846486001e-02
3.014091000000000076e+00 2.458290199999999714e+01 6.460188379867803921e-02
3.018834000000000017e+00 2.446435400000000371e+01 6.435903009612092829e-02
3.023576999999999959e+00 2.458467699999999923e+01 6.445085633561978278e-02
3.028319000000000205e+00 2.447462699999999813e+01 6.424110164141724755e-02
3.033062000000000147e+00 2.452590800000000115e+01 6.424360214615225384e-02
3.037805000000000089e+00 2.439626499999999965e+01 6.401011813401689954e-02
3.042548000000000030e+00 2.450677600000000211e+01 6.409233312653003778e-02
3.047290999999999972e+00 2.451828700000000083e+01 6.404498117391790868e-02
3.052033999999999914e+00 2.446348300000000009e+01 6.391177708243137023e-02
3.056776999999999855e+00 2.446952399999999983e+01 6.385896951835426383e-02
3.061519000000000101e+00 2.454761900000000097e+01 6.390024527118655373e-02
3.066262000000000043e+00 2.452791400000000266e+01 6.381501382246031195e-02
3.071004999999999985e+00 2.450078900000000459e+01 6.373338435675215963e-02
3.075747999999999927e+00 2.435491400000000084e+01 6.348770721177289522e-02
3.080490999999999868e+00 2.447077499999999972e+01 6.357379696311286910e-02
3.085233999999999810e+00 2.455696499999999816e+01 6.361877168121921056e-02
3.089977000000000196e+00 2.447116299999999711e+01 6.346835571721390346e-02
3.094720000000000137e+00 2.453611500000000234e+01 6.347848740805581147e-02
3.099461999999999939e+00 2.454682099999999778e+01 6.343517778604312873e-02
3.104204999999999881e+00 2.453179199999999938e+01 6.335970292253981229e-02
3.108947999999999823e+00 2.449566099999999835e+01 6.325726669207736019e-02
3.113691000000000209e+00 2.449571299999999852e+01 6.320244247663456272e-02
3.118434000000000150e+00 2.454436899999999966e+01 6.321041485019932016e-02
3.123177000000000092e+00 2.452708200000000005e+01 6.313327648916615409e-02
3.127920000000000034e+00 2.447424099999999925e+01 6.301108768115973313e-02
3.132661999999999836e+00 2.450655300000000381e+01 6.299900661301811866e-02
3.137405000000000221e+00 2.452942400000000234e+01 6.297518097299045770e-02
3.142148000000000163e+00 2.450842600000000004e+01 6.289487616721969876e-02
3.146891000000000105e+00 2.441110100000000571e+01 6.272505036684147828e-02
3.151634000000000047e+00 2.448118200000000044e+01 6.276465164249300788e-02
3.156376999999999988e+00 2.460690299999999908e+01 6.286332498004698621e-02
3.161119999999999930e+00 2.451234900000000039e+01 6.269070716865300652e-02
3.165862000000000176e+00 2.451223499999999689e+01 6.268226812130364700e-02
3.170605000000000118e+00 2.438350799999999907e+01 6.245003939280743127e-02
3.175348000000000059e+00 2.454505500000000140e+01 6.257781977943302487e-02
3.180091000000000001e+00 2.450006900000000343e+01 6.246933399957053934e-02
3.184833999999999943e+00 2.451068900000000284e+01 6.243209787500817592e-02
3.189576999999999884e+00 2.456448600000000226e+01 6.245004188456482197e-02
3.194319999999999826e+00 2.442986800000000258e+01 6.221040753636323389e-02
3.199063000000000212e+00 2.454850399999999766e+01 6.224697935139503896e-02
3.203805000000000014e+00 2.452794400000000152e+01 6.210568871910930600e-02
3.208547999999999956e+00 2.443959900000000474e+01 6.191757580608191203e-02
3.213290999999999897e+00 2.443547300000000178e+01 6.186339180568746487e-02
3.218033999999999839e+00 2.442630100000000226e+01 6.180312944259051811e-02
3.222776999999999781e+00 2.441342400000000268e+01 6.173849826866702195e-02
3.227520000000000167e+00 2.450970900000000086e+01 6.181185834760187514e-02
3.232263000000000108e+00 2.445890499999999790e+01 6.169965153240575262e-02
3.237004999999999910e+00 2.439828399999999675e+01 6.157542407348567254e-02
3.241747999999999852e+00 2.449363999999999919e+01 6.164813459204260271e-02
3.246490999999999794e+00 2.445927999999999614e+01 6.155736844050759687e-02
3.251234000000000179e+00 2.450131100000000117e+01 6.158030331909708499e-02
3.255977000000000121e+00 2.454969600000000085e+01 6.165681286524384713e-02
3.260720000000000063e+00 2.453093099999999893e+01 6.165084145871572302e-02
3.265463000000000005e+00 2.457347100000000140e+01 6.168209599979236624e-02
3.270205999999999946e+00 2.443259300000000422e+01 6.145829981509901702e-02
3.274948000000000192e+00 2.451770499999999942e+01 6.151822848876582761e-02
3.279691000000000134e+00 2.444969400000000093e+01 6.138599084171729448e-02
3.284434000000000076e+00 2.445673299999999983e+01 6.134843759911494387e-02
3.289177000000000017e+00 2.454040599999999728e+01 6.140695462833180296e-02
3.293919999999999959e+00 2.451927100000000337e+01 6.133418333257809746e-02
3.298662999999999901e+00 2.458371700000000004e+01 6.136859142706307946e-02
3.303405999999999842e+00 2.449369899999999944e+01 6.121063686558162603e-02
3.308148000000000089e+00 2.443317300000000003e+01 6.108909947484002234e-02
3.312891000000000030e+00 2.449997899999999973e+01 6.112669421324860158e-02
3.317633999999999972e+00 2.448727300000000184e+01 6.106554107651793878e-02
3.322376999999999914e+00 2.446742200000000267e+01 6.099635728470430285e-02
3.327119999999999855e+00 2.452022499999999994e+01 6.103211229835077412e-02
3.331862999999999797e+00 2.440416199999999947e+01 6.082649898322604887e-02
3.336606000000000183e+00 2.439612999999999943e+01 6.077172463727683466e-02
3.341347999999999985e+00 2.441725000000000279e+01 6.075341086960138470e-02
3.346090999999999926e+00 2.455315200000000075e+01 6.087778698160767332e-02
3.350833999999999868e+00 2.447419599999999917e+01 6.073508162072971395e-02
3.355576999999999810e+00 2.451011200000000301e+01 6.073546327639972597e-02
3.360320000000000196e+00 2.451287800000000416e+01 6.069471438309929218e-02
3.365063000000000137e+00 2.448859399999999908e+01 6.062066030331573346e-02
3.369806000000000079e+00 2.454936599999999913e+01 6.065172006691071926e-02
3.374549000000000021e+00 2.456654400000000393e+01 6.062893821606642891e-02
3.379290999999999823e+00 2.456010099999999952e+01 6.125131573068450658e-02
3.384034000000000209e+00 2.458506799999999970e+01 6.272042974423724937e-02
3.388777000000000150e+00 2.458472999999999686e+01 6.354927212439101525e-02
3.393520000000000092e+00 2.445563499999999735e+01 6.403535202736765353e-02
3.398263000000000034e+00 2.444211499999999759e+01 6.440475687366267743e-02
3.403005999999999975e+00 2.441114699999999615e+01 6.453748636547289308e-02
3.407748999999999917e+00 2.444691299999999856e+01 6.455132983010265779e-02
3.412491000000000163e+00 2.442628799999999600e+01 6.455989249118759821e-02
3.417234000000000105e+00 2.436349500000000390e+01 6.464830819874715917e-02
3.421977000000000046e+00 2.444421299999999775e+01 6.491210890172802173e-02
3.426719999999999988e+00 2.439485399999999871e+01 6.497849786810402928e-02
3.431462999999999930e+00 2.437375099999999861e+01 6.508592796150562687e-02
3.436205999999999872e+00 2.438426200000000321e+01 6.524089058038599898e-02
3.440948999999999813e+00 2.446722300000000061e+01 6.547036666193643828e-02
3.445692000000000199e+00 2.459775900000000348e+01 6.577434150118113831e-02
3.450434000000000001e+00 2.441818999999999917e+01 6.562504435369624634e-02
3.455176999999999943e+00 2.446209400000000045e+01 6.579167713953643082e-02
3.459919999999999884e+00 2.440351799999999827e+01 6.581604601605067772e-02
3.464662999999999826e+00 2.442744099999999818e+01 6.594780517582825297e-02
3.469406000000000212e+00 2.450627600000000328e+01 6.615048318500779678e-02
3.474149000000000154e+00 2.427859599999999674e+01 6.593534631422739989e-02
3.478892000000000095e+00 2.448343799999999959e+01 6.630351619988339440e-02
3.483633999999999897e+00 2.452136700000000502e+01 6.644221872686371932e-02
3.488376999999999839e+00 2.450113199999999836e+01 6.649987695947640054e-02
3.493119999999999781e+00 2.448598799999999898e+01 6.656176313487197072e-02
3.497863000000000167e+00 2.453759299999999755e+01 6.671245195096714431e-02
3.502606000000000108e+00 2.444889099999999971e+01 6.667032922947133122e-02
3.507349000000000050e+00 2.445865099999999970e+01 6.675975019568228253e-02
3.512091999999999992e+00 2.443815400000000082e+01 6.680628823001993899e-02
3.516833999999999794e+00 2.444039900000000287e+01 6.688190723099560198e-02
3.521577000000000179e+00 2.443197400000000385e+01 6.694105394070816450e-02
3.526320000000000121e+00 2.448422099999999801e+01 6.708214244506358059e-02
3.531063000000000063e+00 2.441834200000000266e+01 6.705980806891487234e-02
3.535806000000000004e+00 2.443225499999999784e+01 6.714554508360179308e-02
3.540548999999999946e+00 2.441829699999999903e+01 6.719081594398820800e-02
3.545291999999999888e+00 2.445355699999999644e+01 6.730331459723808141e-02
3.550034999999999830e+00 2.441708700000000221e+01 6.731575875413944865e-02
3.554777000000000076e+00 2.440660199999999946e+01 6.736227847846151806e-02
3.559520000000000017e+00 2.449651000000000067e+01 6.754635349634278974e-02
3.564262999999999959e+00 2.454133299999999807e+01 6.766719043661410804e-02
3.569005999999999901e+00 2.437885800000000103e+01 6.751373819587389025e-02
3.573748999999999842e+00 2.443262000000000000e+01 6.766469135060768081e-02
3.578491999999999784e+00 2.456109799999999765e+01 6.786548871074163380e-02
3.583235000000000170e+00 2.442792800000000142e+01 6.773638558114981889e-02
3.587976999999999972e+00 2.439516900000000277e+01 6.772155176973207458e-02
3.592719999999999914e+00 2.440094500000000011e+01 6.767686991590257661e-02
3.597462999999999855e+00 2.438827200000000417e+01 6.759909416338062693e-02
3.602205999999999797e+00 2.428664900000000415e+01 6.739845351750810287e-02
3.606949000000000183e+00 2.441574899999999815e+01 6.751770403293419487e-02
3.611692000000000125e+00 2.446064299999999747e+01 6.757061991383385424e-02
3.616435000000000066e+00 2.455323800000000034e+01 6.776607420073851862e-02
3.621178000000000008e+00 2.474617699999999942e+01 6.885410845704488525e-02
3.625919999999999810e+00 2.460202299999999909e+01 7.110800226198243923e-02
3.630663000000000196e+00 2.438530200000000292e+01 7.217240790152770757e-02
3.635406000000000137e+00 2.445814000000000021e+01 7.331175662413021155e-02
3.640149000000000079e+00 2.437122999999999706e+01 7.394039052628069431e-02
3.644892000000000021e+00 2.441421100000000166e+01 7.451147567152391349e-02
3.649634999999999962e+00 2.445983899999999878e+01 7.506206603213236295e-02
3.654377999999999904e+00 2.448153099999999682e+01 7.551261438826561978e-02
3.659120000000000150e+00 2.434013900000000064e+01 7.571434494231195356e-02
3.663863000000000092e+00 2.437473600000000218e+01 7.617340944494739585e-02
3.668606000000000034e+00 2.436930499999999711e+01 7.655715366830000146e-02
3.673348999999999975e+00 2.445582800000000034e+01 7.707507880662399502e-02
3.678091999999999917e+00 2.436997600000000119e+01 7.731227352365988015e-02
3.682834999999999859e+00 2.444976600000000033e+01 7.780405051683877971e-02
3.687577999999999800e+00 2.446361500000000433e+01 7.818488990056390864e-02
3.692321000000000186e+00 2.436833400000000083e+01 7.838476438854810602e-02
3.697062999999999988e+00 2.450974500000000234e+01 7.895973246070810136e-02
3.701805999999999930e+00 2.446916200000000075e+01 7.923744966838155990e-02
3.706548999999999872e+00 2.455931100000000100e+01 7.972322962151495718e-02
3.711291999999999813e+00 2.429437200000000274e+01 7.962604678589475793e-02
3.716035000000000199e+00 2.426899700000000237e+01 7.991529518339715588e-02
3.720778000000000141e+00 2.438936100000000096e+01 8.044216938991388677e-02
3.725521000000000083e+00 2.450232300000000052e+01 8.095479067996222411e-02
3.730262999999999884e+00 2.446072200000000052e+01 8.121105501455574971e-02
3.735005999999999826e+00 2.431662499999999838e+01 8.129243582831369164e-02
3.739749000000000212e+00 2.440930200000000028e+01 8.176761473614782560e-02
3.744492000000000154e+00 2.436128399999999772e+01 8.200550558202174267e-02
3.749235000000000095e+00 2.441828100000000035e+01 8.241840287177494562e-02
3.753978000000000037e+00 2.440522599999999898e+01 8.271243592950640322e-02
3.758720999999999979e+00 2.439076500000000181e+01 8.300227721491562627e-02
3.763462999999999781e+00 2.435043299999999888e+01 8.324706075474436195e-02
3.768206000000000166e+00 2.433652400000000426e+01 8.353576969250836592e-02
3.772949000000000108e+00 2.427518099999999990e+01 8.374172091245796201e-02
3.777692000000000050e+00 2.428988899999999873e+01 8.407756685146401676e-02
3.782434999999999992e+00 2.435684500000000341e+01 8.450399498592063574e-02
3.787177999999999933e+00 2.438430100000000067e+01 8.486185825824757445e-02
3.791920999999999875e+00 2.439797699999999736e+01 8.519601944822363659e-02
3.796663999999999817e+00 2.433126200000000239e+01 8.538872269100293566e-02
3.801406000000000063e+00 2.436594499999999996e+01 8.575938626999729530e-02
3.806149000000000004e+00 2.442171700000000101e+01 8.616738932639714243e-02
3.810891999999999946e+00 2.442711299999999852e+01 8.648682837044088800e-02
3.815634999999999888e+00 2.434199699999999922e+01 8.664495453251216950e-02
3.820377999999999830e+00 2.433673000000000286e+01 8.694514920919280132e-02
3.825121000000000215e+00 2.442265800000000198e+01 8.740844868664583711e-02
3.829864000000000157e+00 2.450460399999999694e+01 8.786616546021226715e-02
3.834605999999999959e+00 2.443813000000000102e+01 8.805787784736297807e-02
3.839348999999999901e+00 2.440649200000000008e+01 8.831279655856222321e-02
3.844091999999999842e+00 2.454916199999999549e+01 8.888263495223967803e-02
3.848834999999999784e+00 2.439157700000000517e+01 8.891176758002958258e-02
3.853578000000000170e+00 2.454074399999999656e+01 8.954403620324137558e-02
3.858321000000000112e+00 2.436116000000000170e+01 8.947850146851141218e-02
3.863064000000000053e+00 2.442018699999999853e+01 8.990138373165343366e-02
3.867806999999999995e+00 2.439950800000000442e+01 9.017846077483247791e-02
3.872548999999999797e+00 2.447059100000000242e+01 9.062489167709333882e-02
3.877292000000000183e+00 2.441202099999999930e+01 9.083273405963236680e-02
3.882035000000000124e+00 2.445082299999999975e+01 9.122293880454356019e-02
3.886778000000000066e+00 2.435419900000000126e+01 9.136039406829472853e-02
3.891521000000000008e+00 2.439254000000000389e+01 9.175088758819176238e-02
3.896263999999999950e+00 2.433199099999999859e+01 9.195634253918813505e-02
3.901006999999999891e+00 2.428872299999999740e+01 9.219452250439284791e-02
3.905749000000000137e+00 2.426233499999999665e+01 9.246640440846501385e-02
3.910492000000000079e+00 2.446661799999999687e+01 9.317886875956532533e-02
3.915235000000000021e+00 2.439402199999999610e+01 9.336470947321048874e-02
3.919977999999999962e+00 2.435015100000000032e+01 9.356495649470959741e-02
3.924720999999999904e+00 2.444192299999999918e+01 9.382433115610044894e-02
3.929463999999999846e+00 2.431833800000000068e+01 9.365877825671173329e-02
3.934206999999999788e+00 2.434130600000000300e+01 9.382627397329279528e-02
3.938949000000000034e+00 2.450459599999999938e+01 9.424338357614184258e-02
3.943691999999999975e+00 2.444095499999999888e+01 9.422267795227431963e-02
3.948434999999999917e+00 2.429308300000000287e+01 9.403804097643994608e-02
3.953177999999999859e+00 2.431297799999999754e+01 9.420342461664543698e-02
3.957920999999999800e+00 2.421771799999999786e+01 9.418479386286196520e-02
3.962664000000000186e+00 2.433052099999999740e+01 9.441204915697361255e-02
3.967407000000000128e+00 2.438811700000000116e+01 9.476727427935024983e-02
3.972150000000000070e+00 2.444221100000000035e+01 9.519243101520782901e-02
3.976891999999999872e+00 2.440931700000000149e+01 9.544928887387219008e-02
3.981634999999999813e+00 2.445573399999999964e+01 9.586256594505125628e-02
3.986378000000000199e+00 2.440631799999999885e+01 9.608990207443912634e-02
3.991121000000000141e+00 2.453062400000000309e+01 9.666011599232074425e-02
3.995864000000000082e+00 2.433124000000000109e+01 9.659356893426446211e-02
4.000606999999999580e+00 2.430884999999999962e+01 9.687682761320841329e-02
4.005349999999999966e+00 2.435302999999999685e+01 9.729543339465526741e-02
4.010092000000000212e+00 2.434490599999999816e+01 9.761068200792626104e-02
4.014834999999999710e+00 2.445510600000000068e+01 9.816600630388555571e-02
4.019578000000000095e+00 2.442275300000000016e+01 9.843719436913721255e-02
4.024320999999999593e+00 2.433338600000000085e+01 9.859345549729403579e-02
4.029063999999999979e+00 2.439353699999999847e+01 9.905515893042673992e-02
4.033807000000000365e+00 2.453309899999999999e+01 9.968026718876410452e-02
4.038549999999999862e+00 2.438859200000000271e+01 9.972967521191121454e-02
4.043293000000000248e+00 2.432319299999999984e+01 9.994058479523071359e-02
4.048034999999999606e+00 2.436703200000000180e+01 1.003780623996075178e-01
4.052777999999999992e+00 2.430730900000000361e+01 1.006038554745279229e-01
4.057521000000000377e+00 2.438770500000000396e+01 1.011214361609906048e-01
4.062263999999999875e+00 2.446984399999999837e+01 1.016460564037518360e-01
4.067007000000000261e+00 2.452593900000000104e+01 1.021196562455402024e-01
4.071749999999999758e+00 2.441984400000000122e+01 1.022567516268573923e-01
4.076493000000000144e+00 2.439392700000000147e+01 1.025628856431053115e-01
4.081235000000000390e+00 2.443844800000000106e+01 1.030192132310721043e-01
4.085977999999999888e+00 2.420429700000000395e+01 1.028888398388236175e-01
4.090721000000000274e+00 2.430561800000000261e+01 1.034703997299478984e-01
4.095463999999999771e+00 2.429977400000000287e+01 1.038274104117640900e-01
4.100207000000000157e+00 2.429923899999999648e+01 1.041979490042505702e-01
4.104949999999999655e+00 2.443616700000000108e+01 1.048678048335050239e-01
4.109693000000000040e+00 2.452102599999999910e+01 1.054279682229037479e-01
4.114436000000000426e+00 2.430492299999999517e+01 1.053417597853662374e-01
4.119177999999999784e+00 2.435825899999999677e+01 1.058405952138615769e-01
4.123921000000000170e+00 2.435908799999999630e+01 1.062278714112402794e-01
4.128663999999999668e+00 2.459407600000000471e+01 1.071301084226413958e-01
4.133407000000000053e+00 2.450823999999999714e+01 1.073359240261749503e-01
4.138150000000000439e+00 2.437567000000000306e+01 1.074391411433654325e-01
4.142892999999999937e+00 2.452071799999999513e+01 1.081571201634358437e-01
4.147636000000000323e+00 2.443996599999999830e+01 1.083793825919261156e-01
4.152377999999999680e+00 2.448570300000000088e+01 1.088857677242650590e-01
4.157121000000000066e+00 2.440186000000000277e+01 1.091058332839789091e-01
4.161863999999999564e+00 2.437478999999999729e+01 1.094555643603234013e-01
4.166606999999999950e+00 2.429574800000000323e+01 1.096903284629861808e-01
4.171350000000000335e+00 2.427576199999999673e+01 1.100601795863131310e-01
4.176092999999999833e+00 2.450823899999999966e+01 1.110134683740049699e-01
4.180836000000000219e+00 2.444862300000000133e+01 1.114552434643144158e-01
4.185577999999999577e+00 2.427169400000000010e+01 1.113589656087905777e-01
4.190320999999999962e+00 2.441173400000000271e+01 1.120702577722992588e-01
4.195064000000000348e+00 2.435381399999999985e+01 1.123708826008944228e-01
4.199806999999999846e+00 2.457407900000000112e+01 1.133170040618617785e-01
4.204550000000000232e+00 2.468890400000000085e+01 1.140262701311316185e-01
4.209292999999999729e+00 2.464019199999999898e+01 1.143622346172795678e-01
4.214036000000000115e+00 2.463480399999999548e+01 1.148003914761291239e-01
4.218778999999999613e+00 2.438539400000000157e+01 1.146716535482160959e-01
4.223520999999999859e+00 2.445165700000000086e+01 1.152853888002929039e-01
4.228264000000000244e+00 2.433639499999999956e+01 1.154752552401833859e-01
4.233006999999999742e+00 2.447708000000000084e+01 1.162749657726980523e-01
4.237750000000000128e+00 2.434942400000000262e+01 1.164411076846926935e-01
4.242492999999999626e+00 2.438122999999999863e+01 1.169922342546179522e-01
4.247236000000000011e+00 2.427096600000000493e+01 1.172046488182614671e-01
4.251979000000000397e+00 2.434225900000000209e+01 1.178647699550892103e-01
4.256720999999999755e+00 2.441680200000000056e+01 1.187337121512142407e-01
4.261464000000000141e+00 2.427175300000000391e+01 1.187079173851133679e-01
4.266206999999999638e+00 2.432279899999999628e+01 1.192911335910062515e-01
4.270950000000000024e+00 2.441583399999999671e+01 1.200227609188415367e-01
4.275693000000000410e+00 2.437537999999999982e+01 1.204302509218115880e-01
4.280435999999999908e+00 2.452431899999999843e+01 1.213130330352394648e-01
4.285179000000000293e+00 2.444344099999999997e+01 1.216318027301277055e-01
4.289921999999999791e+00 2.435020999999999702e+01 1.219226568039730729e-01
4.294664000000000037e+00 2.437673600000000107e+01 1.225192638073409335e-01
4.299407000000000423e+00 2.427934200000000331e+01 1.228067351884859076e-01
4.304149999999999920e+00 2.426376700000000142e+01 1.233059311508452882e-01
4.308893000000000306e+00 2.446448399999999879e+01 1.243637360383102186e-01
4.313635999999999804e+00 2.453194500000000033e+01 1.250878932523987186e-01
4.318379000000000190e+00 2.441988900000000129e+01 1.253607473242059345e-01
4.323121999999999687e+00 2.457900699999999716e+01 1.264238058936971165e-01
4.327863999999999933e+00 2.447739100000000079e+01 1.267083232046427033e-01
4.332607000000000319e+00 2.430448299999999762e+01 1.267741585508012636e-01
4.337349999999999817e+00 2.434097799999999978e+01 1.274536656680897440e-01
4.342093000000000202e+00 2.451036200000000420e+01 1.284886270128776931e-01
4.346835999999999700e+00 2.440756900000000229e+01 1.288165411972270746e-01
4.351579000000000086e+00 2.443739400000000117e+01 1.294996284968617239e-01
4.356321999999999584e+00 2.448376999999999981e+01 1.302360574978638497e-01
4.361063999999999830e+00 2.450813699999999784e+01 1.309220734061754821e-01
4.365807000000000215e+00 2.462285400000000024e+01 1.318582839862573741e-01
4.370549999999999713e+00 2.458000700000000194e+01 1.323799790505267304e-01
4.375293000000000099e+00 2.448285299999999864e+01 1.327615279640054491e-01
4.380035999999999596e+00 2.418054499999999862e+01 1.326478250318900154e-01
4.384778999999999982e+00 2.462648199999999932e+01 1.345812004136640039e-01
4.389522000000000368e+00 2.466078899999999763e+01 1.352310104513125277e-01
4.394264999999999866e+00 2.462176300000000140e+01 1.357874357095239515e-01
4.399007000000000112e+00 2.445904499999999970e+01 1.356029570757735780e-01
4.403749999999999609e+00 2.451534299999999433e+01 1.358525962190329228e-01
4.408492999999999995e+00 2.447034000000000020e+01 1.358200487020075342e-01
4.413236000000000381e+00 2.464129999999999754e+01 1.363847111656310285e-01
4.417978999999999878e+00 2.440056500000000028e+01 1.358078169688081704e-01
4.422722000000000264e+00 2.441655299999999684e+01 1.359442066806827998e-01
4.427464999999999762e+00 2.450492399999999904e+01 1.362777963539189563e-01
4.432207000000000008e+00 2.445246999999999815e+01 1.362220359322334484e-01
4.436950000000000394e+00 2.452106200000000058e+01 1.365769347335684114e-01
4.441692999999999891e+00 2.461615700000000118e+01 1.374607260166761102e-01
4.446436000000000277e+00 2.446476499999999632e+01 1.377397970278488593e-01
4.451178999999999775e+00 2.441197999999999979e+01 1.382998504255214256e-01
4.455922000000000160e+00 2.455189200000000227e+01 1.394167475366643316e-01
4.460664999999999658e+00 2.431768399999999986e+01 1.394784280264654286e-01
4.465408000000000044e+00 2.433077000000000112e+01 1.402547492725504941e-01
4.470150000000000290e+00 2.456670499999999890e+01 1.416852969299870479e-01
4.474892999999999788e+00 2.459025100000000208e+01 1.425171224862914476e-01
4.479636000000000173e+00 2.449335500000000110e+01 1.430080302274078785e-01
4.484378999999999671e+00 2.466096399999999988e+01 1.442847022890150488e-01
4.489122000000000057e+00 2.453653100000000009e+01 1.447173020153419698e-01
4.493865000000000443e+00 2.450910400000000067e+01 1.454445203183268864e-01
4.498607999999999940e+00 2.460966500000000323e+01 1.465645547792814862e-01
4.503350000000000186e+00 2.462371199999999405e+01 1.474408152389981852e-01
4.508092999999999684e+00 2.454108699999999743e+01 1.480399914068070144e-01
4.512836000000000070e+00 2.431645999999999930e+01 1.482168666198317719e-01
4.517578999999999567e+00 2.465305599999999941e+01 1.501143753048504725e-01
4.522321999999999953e+00 2.452815400000000068e+01 1.506204181499679884e-01
4.527065000000000339e+00 2.471527599999999936e+01 1.520992214910930895e-01
4.531807999999999836e+00 2.454754000000000147e+01 1.524996906056819146e-01
4.536551000000000222e+00 2.472518399999999517e+01 1.539849992024882319e-01
4.541292999999999580e+00 2.448265999999999565e+01 1.541747092273515474e-01
4.546035999999999966e+00 2.449448299999999890e+01 1.551758297855974078e-01
4.550779000000000352e+00 2.437266999999999584e+01 1.557658248172018034e-01
4.555521999999999849e+00 2.450592100000000073e+01 1.571889473981316621e-01
4.560265000000000235e+00 2.454071199999999919e+01 1.583136021610603850e-01
4.565007999999999733e+00 2.467860999999999905e+01 1.597967892102785670e-01
4.569751000000000118e+00 2.450230199999999314e+01 1.602745688328844065e-01
4.574493000000000364e+00 2.445842799999999784e+01 1.612023548371633030e-01
4.579235999999999862e+00 2.436537200000000070e+01 1.619828783440919739e-01
4.583979000000000248e+00 2.447549400000000119e+01 1.634593129328705818e-01
4.588721999999999746e+00 2.448849400000000287e+01 1.646361807506646069e-01
4.593465000000000131e+00 2.469806400000000224e+01 1.664989996853539767e-01
4.598207999999999629e+00 2.450251100000000193e+01 1.670159017422185310e-01
4.602951000000000015e+00 2.474214599999999820e+01 1.690387834702566094e-01
4.607693000000000261e+00 2.487887400000000326e+01 1.707412658039660913e-01
4.612435999999999758e+00 2.462535799999999853e+01 1.711233723620665947e-01
4.617179000000000144e+00 2.455549399999999949e+01 1.721586127359795992e-01
4.621921999999999642e+00 2.446349099999999765e+01 1.731412745336798897e-01
4.626665000000000028e+00 2.461389699999999792e+01 1.750102641423510741e-01
4.631408000000000413e+00 2.463185700000000367e+01 1.764392990403164108e-01
4.636150999999999911e+00 2.459280099999999791e+01 1.776949926994460804e-01
4.640894000000000297e+00 2.463932399999999490e+01 1.792931765766045404e-01
4.645635999999999655e+00 2.472909299999999888e+01 1.810801668388901664e-01
4.650379000000000040e+00 2.456499099999999913e+01 1.819721284209172285e-01
4.655122000000000426e+00 2.435773000000000010e+01 1.827260266261273580e-01
4.659864999999999924e+00 2.432164699999999868e+01 1.841482707678852859e-01
4.664608000000000310e+00 2.461093899999999834e+01 1.868475034932024215e-01
4.669350999999999807e+00 2.457172500000000426e+01 1.883426492773089267e-01
4.674094000000000193e+00 2.477129400000000459e+01 1.908014794289231708e-01
4.678836000000000439e+00 2.465263100000000307e+01 1.920774829715989895e-01
4.683578999999999937e+00 2.468070000000000164e+01 1.939665103976101201e-01
4.688322000000000322e+00 2.475287300000000101e+01 1.960792837487229101e-01
4.693064999999999820e+00 2.462084399999999818e+01 1.974331927985274182e-01
4.697808000000000206e+00 2.455502800000000008e+01 1.990928351576118360e-01
4.702550999999999704e+00 2.480605199999999755e+01 2.021017643441313516e-01
4.707294000000000089e+00 2.451422000000000168e+01 2.029478381420196376e-01
4.712036999999999587e+00 2.457176600000000022e+01 2.052863482284238705e-01
4.716778999999999833e+00 2.461132500000000078e+01 2.076168009738053599e-01
4.721522000000000219e+00 2.476319099999999906e+01 2.104945721157621408e-01
4.726264999999999716e+00 2.473185099999999892e+01 2.126720362803351527e-01
4.731008000000000102e+00 2.478837499999999849e+01 2.153020961615392248e-01
4.735750999999999600e+00 2.465854300000000521e+01 2.172001477177571138e-01
4.740493999999999986e+00 2.462102099999999893e+01 2.195748599036742854e-01
4.745237000000000371e+00 2.456406999999999741e+01 2.219438574718836654e-01
4.749978999999999729e+00 2.489392699999999792e+01 2.261684692647158157e-01
4.754722000000000115e+00 2.431324399999999741e+01 2.263198625011949849e-01
4.759464999999999613e+00 2.487622700000000009e+01 2.318677302926541173e-01
4.764207999999999998e+00 2.512759499999999946e+01 2.361046621351579888e-01
4.768951000000000384e+00 2.527343899999999621e+01 2.399870066358639475e-01
4.773693999999999882e+00 2.446867699999999957e+01 2.394154720907984701e-01
4.778437000000000268e+00 2.462311599999999956e+01 2.435943536695438227e-01
4.783178999999999625e+00 2.457692700000000130e+01 2.469317187450028594e-01
4.787922000000000011e+00 2.439961500000000427e+01 2.497513480130499341e-01
4.792665000000000397e+00 2.470984100000000083e+01 2.552374477006044695e-01
4.797407999999999895e+00 2.455805200000000355e+01 2.585276147982911721e-01
4.802151000000000280e+00 2.453341100000000452e+01 2.626673104101119316e-01
4.806893999999999778e+00 2.474650300000000058e+01 2.683097954573805954e-01
4.811637000000000164e+00 2.424826400000000604e+01 2.702826073642777271e-01
4.816379999999999661e+00 2.455783299999999869e+01 2.769735526230582279e-01
4.821121999999999908e+00 2.466479099999999747e+01 2.828344144591653508e-01
4.825865000000000293e+00 2.461993999999999971e+01 2.881393844289891204e-01
4.830607999999999791e+00 2.455029599999999945e+01 2.936183184663109236e-01
4.835351000000000177e+00 2.415504999999999924e+01 2.974522894225500869e-01
4.840093999999999674e+00 2.457357300000000322e+01 3.066894554519811189e-01
4.844837000000000060e+00 2.482610100000000131e+01 3.154274757960915387e-01
4.849579999999999558e+00 2.466156299999999746e+01 3.220371903190878404e-01
4.854321999999999804e+00 2.486896399999999829e+01 3.316579295222111812e-01
4.859065000000000190e+00 2.485464999999999947e+01 3.404892953120112198e-01
4.863807999999999687e+00 2.461710800000000177e+01 3.484929811571389480e-01
4.868551000000000073e+00 2.487160400000000138e+01 3.608334162033777215e-01
4.873293999999999571e+00 2.534720199999999934e+01 3.759193524988039270e-01
4.878036999999999956e+00 2.566907100000000241e+01 3.912285373447468850e-01
4.882780000000000342e+00 2.528358000000000061e+01 4.024926969207019423e-01
4.887522999999999840e+00 2.524847899999999967e+01 4.180978073020235608e-01
4.892265000000000086e+00 2.491645500000000268e+01 4.331228408654985707e-01
4.897007999999999583e+00 2.458985300000000151e+01 4.504007336116250260e-01
4.901750999999999969e+00 2.437001600000000323e+01 4.714939686810956099e-01
4.906494000000000355e+00 2.480737200000000087e+01 5.030321948688771805e-01
4.911236999999999853e+00 2.484708499999999987e+01 5.360947281342822723e-01
4.915980000000000238e+00 2.532558399999999921e+01 5.814792203452932018e-01
4.920722999999999736e+00 2.608086599999999677e+01 6.416631724405102988e-01
4.925464999999999982e+00 2.607574200000000175e+01 7.094850732911651692e-01
4.930208000000000368e+00 2.624758699999999934e+01 8.072682414451035626e-01
4.934950999999999866e+00 2.657438599999999695e+01 9.613675797575400583e-01
4.939694000000000251e+00 2.376146399999999659e+01 1.173902127705035658e+00
4.944436999999999749e+00 7.169020000000000614e+00 1.117138949107522539e+00