# copyC
# Sample c= 0.0 mg/ml
#
# Number of frames collected: 10
# Exposure time per frame: 0.5
# No significant radiation damage detected, merging 10 files
# Merged from: /data/visitor/mx1905/bm29/20170412/Poker/1d/Sxl_10gs_247_00001.dat
# Merged from: /data/visitor/mx1905/bm29/20170412/Poker/1d/Sxl_10gs_247_00002.dat
# Merged from: /data/visitor/mx1905/bm29/20170412/Poker/1d/Sxl_10gs_247_00003.dat
# Merged from: /data/visitor/mx1905/bm29/20170412/Poker/1d/Sxl_10gs_247_00004.dat
# Merged from: /data/visitor/mx1905/bm29/20170412/Poker/1d/Sxl_10gs_247_00005.dat
# Merged from: /data/visitor/mx1905/bm29/20170412/Poker/1d/Sxl_10gs_247_00006.dat
# Merged from: /data/visitor/mx1905/bm29/20170412/Poker/1d/Sxl_10gs_247_00007.dat
# Merged from: /data/visitor/mx1905/bm29/20170412/Poker/1d/Sxl_10gs_247_00008.dat
# Merged from: /data/visitor/mx1905/bm29/20170412/Poker/1d/Sxl_10gs_247_00009.dat
# Merged from: /data/visitor/mx1905/bm29/20170412/Poker/1d/Sxl_10gs_247_00010.dat
#
# Sample Information:
# Storage Temperature (degrees C): 20.0
# Measurement Temperature (degrees C): 20.03
# Concentration: 0.0
# Code: 
3.082862000000000102e-02 5.985317000000000007e+02 8.315315684202555957e+00
3.557148999999999728e-02 1.164152999999999793e+03 4.781790141036199593e+00
4.031434999999999880e-02 1.132756299999999783e+03 3.107175814975021488e+00
4.505722000000000199e-02 8.897657900000000382e+02 1.958161161648826365e+00
4.980007999999999657e-02 6.079739000000000715e+02 1.449406033730410659e+00
5.454294999999999977e-02 4.334054099999999607e+02 1.151272922661642273e+00
5.928581000000000129e-02 3.154395599999999718e+02 9.337307966455160591e-01
6.402868000000000448e-02 2.473606600000000526e+02 7.883626857590292358e-01
6.877154000000000600e-02 1.977564899999999852e+02 6.771044877682690366e-01
7.351441000000000225e-02 1.620551100000000133e+02 5.906304122548380331e-01
7.825727999999999851e-02 1.334316100000000063e+02 5.159139606112631560e-01
8.300014000000000003e-02 1.132301100000000105e+02 4.600641521386555910e-01
8.774300999999999628e-02 9.751839499999999816e+01 4.142636416330909843e-01
9.248586999999999780e-02 8.682227600000000223e+01 3.798617632540421951e-01
9.722873999999999406e-02 7.644729600000000858e+01 3.460967911602331193e-01
1.019715999999999956e-01 6.885811300000000301e+01 3.201153004669567426e-01
1.067145000000000038e-01 6.362229799999998647e+01 3.003515726462037128e-01
1.114572999999999953e-01 5.828918299999999419e+01 2.809802366618873171e-01
1.162002000000000035e-01 5.385684700000000191e+01 2.641851211173409375e-01
1.209430999999999978e-01 5.054453400000000585e+01 2.505613679500718893e-01
1.256858999999999893e-01 4.845734800000001030e+01 2.404345695033563435e-01
1.304288000000000114e-01 4.618078700000000225e+01 2.302239594486205632e-01
1.351717000000000057e-01 4.433872799999999614e+01 2.213630857110166217e-01
1.399144999999999972e-01 4.196688400000000740e+01 2.114542706457152865e-01
1.446573999999999915e-01 4.048704800000000148e+01 2.040859137062421280e-01
1.494003000000000136e-01 3.923819999999999908e+01 1.975548573973854583e-01
1.541431000000000051e-01 3.835241199999999395e+01 1.924539519925319575e-01
1.588859999999999995e-01 3.717471700000000112e+01 1.864782853810212360e-01
1.636287999999999909e-01 3.625171500000000435e+01 1.813453043345834570e-01
1.683717000000000130e-01 3.513334899999999550e+01 1.758976699129300436e-01
1.731146000000000074e-01 3.454748500000000178e+01 1.719240352758490964e-01
1.778573999999999988e-01 3.371366800000000552e+01 1.674514931948535845e-01
1.826002999999999932e-01 3.316002600000000200e+01 1.638166369890576568e-01
1.873431999999999875e-01 3.255800100000000441e+01 1.601839672929850356e-01
1.920860000000000067e-01 3.232727700000000226e+01 1.575554747699050850e-01
1.968289000000000011e-01 3.171672500000000383e+01 1.540875620933844226e-01
2.015717999999999954e-01 3.125178100000000114e+01 1.510814320437051383e-01
2.063145999999999869e-01 3.097300999999999505e+01 1.486030110735058474e-01
2.110575000000000090e-01 3.051989799999999420e+01 1.456348606985013727e-01
2.158004000000000033e-01 3.036347399999999652e+01 1.435958699381360837e-01
2.205431999999999948e-01 3.006151000000000550e+01 1.412974624940823154e-01
2.252860999999999891e-01 2.981298099999999707e+01 1.391926713195615894e-01
2.300290000000000112e-01 2.962133700000000047e+01 1.372722976648078075e-01
2.347718000000000027e-01 2.932327399999999784e+01 1.351515937675283330e-01
2.395146999999999970e-01 2.924100299999999919e+01 1.335811079482233377e-01
2.442575999999999914e-01 2.868179900000000160e+01 1.309691560723054427e-01
2.490004000000000106e-01 2.861694099999999708e+01 1.295287254001767641e-01
2.537433000000000050e-01 2.851477000000000572e+01 1.280382676396064900e-01
2.584861999999999993e-01 2.844213399999999936e+01 1.266681697674261753e-01
2.632289999999999908e-01 2.807083899999999588e+01 1.246811502359855411e-01
2.679718999999999851e-01 2.806171699999999802e+01 1.235319108119566078e-01
2.727146999999999766e-01 2.800790299999999888e+01 1.223085599788105576e-01
2.774576000000000264e-01 2.795037799999999351e+01 1.211438303205763650e-01
2.822005000000000208e-01 2.785649900000000301e+01 1.199554796869521933e-01
2.869433000000000122e-01 2.784221599999999697e+01 1.189054313312087469e-01
2.916862000000000066e-01 2.760014800000000079e+01 1.173914338511818228e-01
2.964291000000000009e-01 2.740718899999999891e+01 1.160171681108761732e-01
3.011718999999999924e-01 2.732627400000000151e+01 1.149093992951703419e-01
3.059147999999999867e-01 2.719078400000000073e+01 1.137124686984452848e-01
3.106576999999999811e-01 2.723020700000000005e+01 1.128978284026158907e-01
3.154004999999999725e-01 2.705989299999999886e+01 1.116773819670487250e-01
3.201434000000000224e-01 2.704214699999999993e+01 1.107984125770874878e-01
3.248863000000000167e-01 2.698287400000000247e+01 1.098498686770353061e-01
3.296291000000000082e-01 2.705359199999999831e+01 1.091776189938203218e-01
3.343720000000000026e-01 2.696725199999999489e+01 1.082110920365791235e-01
3.391148999999999969e-01 2.715419400000000039e+01 1.089443568966639991e-01
3.438576999999999884e-01 2.706871300000000247e+01 1.101784547643866741e-01
3.486005999999999827e-01 2.703729999999999833e+01 1.129175303513506590e-01
3.533434999999999770e-01 2.685321900000000284e+01 1.145967717271259012e-01
3.580863000000000240e-01 2.685752600000000001e+01 1.160306073612006050e-01
3.628292000000000184e-01 2.666205899999999929e+01 1.167477965175111876e-01
3.675720000000000098e-01 2.666697499999999721e+01 1.177195916345699089e-01
3.723149000000000042e-01 2.673323899999999753e+01 1.187332319050509177e-01
3.770577999999999985e-01 2.649895500000000226e+01 1.190029089523768902e-01
3.818005999999999900e-01 2.652101799999999798e+01 1.196876423794294569e-01
3.865434999999999843e-01 2.660180100000000181e+01 1.204611772871691661e-01
3.912863999999999787e-01 2.652621399999999952e+01 1.207722432865677015e-01
3.960292000000000256e-01 2.650670200000000065e+01 1.212238900356258087e-01
4.007721000000000200e-01 2.652329199999999787e+01 1.217801945361810523e-01
4.055150000000000143e-01 2.645715399999999562e+01 1.258203042034202190e-01
4.102578000000000058e-01 2.656902999999999793e+01 1.293739814551473077e-01
4.150007000000000001e-01 2.647387299999999755e+01 1.319698602849264102e-01
4.197435999999999945e-01 2.636214599999999564e+01 1.337194406629282906e-01
4.244863999999999860e-01 2.662630800000000164e+01 1.365637906233932719e-01
4.292292999999999803e-01 2.663988699999999810e+01 1.386853844752654608e-01
4.339721999999999746e-01 2.660890400000000255e+01 1.407269354473194012e-01
4.387150000000000216e-01 2.653246999999999645e+01 1.425747443753826171e-01
4.434579000000000160e-01 2.664923099999999678e+01 1.449872495188942456e-01
4.482008000000000103e-01 2.645801999999999765e+01 1.469054137039510211e-01
4.529436000000000018e-01 2.661647199999999813e+01 1.497461941651479778e-01
4.576864999999999961e-01 2.652201499999999967e+01 1.510412236812311293e-01
4.624293999999999905e-01 2.608573200000000014e+01 1.510415579482352333e-01
4.671721999999999819e-01 2.645069300000000112e+01 1.513431542551974818e-01
4.719150999999999763e-01 2.647842799999999741e+01 1.454625066942066003e-01
4.766579000000000232e-01 2.661054799999999432e+01 1.430793038829795416e-01
4.814008000000000176e-01 2.651947900000000047e+01 1.410199434331183554e-01
4.861437000000000119e-01 2.637602600000000308e+01 1.392535436244543290e-01
4.908865000000000034e-01 2.639594100000000054e+01 1.381703757387968412e-01
4.956293999999999977e-01 2.660437500000000455e+01 1.377386512350861625e-01
5.003722999999999921e-01 2.658031100000000180e+01 1.368105700147042580e-01
5.051151000000000391e-01 2.620793500000000265e+01 1.350780102005614824e-01
5.098580000000000334e-01 2.615552400000000333e+01 1.342412881673935576e-01
5.146009000000000277e-01 2.618090700000000126e+01 1.336579099428945316e-01
5.193436999999999637e-01 2.613971600000000350e+01 1.329418037095201899e-01
5.240865999999999580e-01 2.623406599999999500e+01 1.326077989736859364e-01
5.288294999999999524e-01 2.635695099999999158e+01 1.323738287863518992e-01
5.335722999999999994e-01 2.612177699999999803e+01 1.310071296228151883e-01
5.383151999999999937e-01 2.610319900000000004e+01 1.300154184918550226e-01
5.430580999999999881e-01 2.612596500000000077e+01 1.291661226442220034e-01
5.478009000000000350e-01 2.603363699999999881e+01 1.280681418316838849e-01
5.525438000000000294e-01 2.607412400000000119e+01 1.273284861588505623e-01
5.572867000000000237e-01 2.632851400000000197e+01 1.271277874498891736e-01
5.620294999999999597e-01 2.606214399999999642e+01 1.256944088998794562e-01
5.667723999999999540e-01 2.623307600000000050e+01 1.253395787883771484e-01
5.715152000000000010e-01 2.622406300000000101e+01 1.245741288341981612e-01
5.762580999999999953e-01 2.636997399999999558e+01 1.241904893742375171e-01
5.810009999999999897e-01 2.599725799999999865e+01 1.226381947397665317e-01
5.857438000000000367e-01 2.617296999999999940e+01 1.226840434962664511e-01
5.904867000000000310e-01 2.615361299999999645e+01 1.223438407327491761e-01
5.952296000000000253e-01 2.618506699999999654e+01 1.221219021452306930e-01
5.999723999999999613e-01 2.617812900000000198e+01 1.219427541360486034e-01
6.047152999999999556e-01 2.619040400000000091e+01 1.216629218214871633e-01
6.094581999999999500e-01 2.597695499999999669e+01 1.207775433562146283e-01
6.142009999999999970e-01 2.591390299999999769e+01 1.204612723579221445e-01
6.189438999999999913e-01 2.617181299999999666e+01 1.206660369748841222e-01
6.236867999999999856e-01 2.603852799999999590e+01 1.200806916913968320e-01
6.284296000000000326e-01 2.597160999999999831e+01 1.196534809361633200e-01
6.331725000000000270e-01 2.602696400000000310e+01 1.195071049183181328e-01
6.379154000000000213e-01 2.608962800000000470e+01 1.193793688857505420e-01
6.426581999999999573e-01 2.610936600000000496e+01 1.191566344112815201e-01
6.474010999999999516e-01 2.596935699999999514e+01 1.185722441592563375e-01
6.521439999999999459e-01 2.592460799999999921e+01 1.182048084255649112e-01
6.568867999999999929e-01 2.608107399999999387e+01 1.182976709593193954e-01
6.616296999999999873e-01 2.603864699999999743e+01 1.179416761725726737e-01
6.663725999999999816e-01 2.600749000000000066e+01 1.176139019969918431e-01
6.711154000000000286e-01 2.609839299999999795e+01 1.175607151667145966e-01
6.758583000000000229e-01 2.608366600000000091e+01 1.172714855396383288e-01
6.806010999999999589e-01 2.606208000000000169e+01 1.169698635792177088e-01
6.853439999999999532e-01 2.601610800000000268e+01 1.166165659204548843e-01
6.900868999999999476e-01 2.596953299999999487e+01 1.162612795312256975e-01
6.948296999999999946e-01 2.610130600000000456e+01 1.163063037333785382e-01
6.995725999999999889e-01 2.617504900000000134e+01 1.162236018860128145e-01
7.043154999999999832e-01 2.619130999999999787e+01 1.160150133768935998e-01
7.090583000000000302e-01 2.598119299999999754e+01 1.153043573818613304e-01
7.138012000000000246e-01 2.605380199999999746e+01 1.152221699257317267e-01
7.185441000000000189e-01 2.586391299999999660e+01 1.145623767067530663e-01
7.232868999999999549e-01 2.598941099999999693e+01 1.146022849728970117e-01
7.280297999999999492e-01 2.591310600000000619e+01 1.141961025170211280e-01
7.327727000000000546e-01 2.606839199999999579e+01 1.143003385390507082e-01
7.375154999999999905e-01 2.596428199999999720e+01 1.138381361100132272e-01
7.422583999999999849e-01 2.588093099999999680e+01 1.134237174060853254e-01
7.470012999999999792e-01 2.593516299999999930e+01 1.133105152554797074e-01
7.517441000000000262e-01 2.588605499999999893e+01 1.129721839200265310e-01
7.564870000000000205e-01 2.582360499999999703e+01 1.126081423692558703e-01
7.612299000000000149e-01 2.592203799999999703e+01 1.125963288211351970e-01
7.659726999999999508e-01 2.573606999999999445e+01 1.119662302034251794e-01
7.707155999999999452e-01 2.586016199999999543e+01 1.120103303095227876e-01
7.754585000000000505e-01 2.589348700000000036e+01 1.118602653671378622e-01
7.802012999999999865e-01 2.586743000000000237e+01 1.116932851181565017e-01
7.849441999999999808e-01 2.586507700000000298e+01 1.114285923306249232e-01
7.896870000000000278e-01 2.574179099999999920e+01 1.108711774929282551e-01
7.944299000000000222e-01 2.580836899999999901e+01 1.107972676899010994e-01
7.991728000000000165e-01 2.576393399999999900e+01 1.104865861110777558e-01
8.039155999999999525e-01 2.598321100000000072e+01 1.107396085132230368e-01
8.086584999999999468e-01 2.603172799999999754e+01 1.106267563178560398e-01
8.134014000000000522e-01 2.581753600000000048e+01 1.099582231234608465e-01
8.181441999999999881e-01 2.595906100000000194e+01 1.101310497761090190e-01
8.228870999999999825e-01 2.591874500000000126e+01 1.097557612770240915e-01
8.276299999999999768e-01 2.583244099999999577e+01 1.093579433267835438e-01
8.323728000000000238e-01 2.579710399999999737e+01 1.090752268745318887e-01
8.371157000000000181e-01 2.578078599999999909e+01 1.088349833272215655e-01
8.418586000000000125e-01 2.597322700000000140e+01 1.090337821804747004e-01
8.466013999999999484e-01 2.577956400000000059e+01 1.084206532517001664e-01
8.513443000000000538e-01 2.572938000000000258e+01 1.081122828528701396e-01
8.560872000000000481e-01 2.594379299999999944e+01 1.083596384314971794e-01
8.608299999999999841e-01 2.581590199999999413e+01 1.078907952013433008e-01
8.655728999999999784e-01 2.578863600000000389e+01 1.076324785580351773e-01
8.703157999999999728e-01 2.591569199999999995e+01 1.076980349193475267e-01
8.750586000000000197e-01 2.584557300000000168e+01 1.073545755065167251e-01
8.798015000000000141e-01 2.590658499999999975e+01 1.072839085156683803e-01
8.845442999999999500e-01 2.567241299999999882e+01 1.066013833719501730e-01
8.892872000000000554e-01 2.569000600000000034e+01 1.064433460695702605e-01
8.940301000000000498e-01 2.578416500000000156e+01 1.064452406867874013e-01
8.987728999999999857e-01 2.584099399999999491e+01 1.063695759699158500e-01
9.035157999999999801e-01 2.582945700000000144e+01 1.061525789577186796e-01
9.082586999999999744e-01 2.567968700000000126e+01 1.056543239865539163e-01
9.130015000000000214e-01 2.580013199999999784e+01 1.057125723774759996e-01
9.177444000000000157e-01 2.559123000000000303e+01 1.050957943866589750e-01
9.224873000000000101e-01 2.558204200000000128e+01 1.048887208172380181e-01
9.272300999999999460e-01 2.577572200000000180e+01 1.050983522654180408e-01
9.319730000000000514e-01 2.582328899999999550e+01 1.050098724774204129e-01
9.367159000000000457e-01 2.575733599999999868e+01 1.046910744523968512e-01
9.414586999999999817e-01 2.576878499999999761e+01 1.045292279801721264e-01
9.462015999999999760e-01 2.559404900000000183e+01 1.039918363581161104e-01
9.509444999999999704e-01 2.563934199999999919e+01 1.039029846482246028e-01
9.556873000000000173e-01 2.579193400000000480e+01 1.040306911899536724e-01
9.604302000000000117e-01 2.573937900000000312e+01 1.037434043156007235e-01
9.651731000000000060e-01 2.568520400000000592e+01 1.034552613982058500e-01
9.699159000000000530e-01 2.578386499999999870e+01 1.034758803041346403e-01
9.746588000000000473e-01 2.559606699999999790e+01 1.029217523245183480e-01
9.794017000000000417e-01 2.560340000000000060e+01 1.027592203553851363e-01
9.841444999999999776e-01 2.574390400000000412e+01 1.028651563786601164e-01
9.888873999999999720e-01 2.561218200000000067e+01 1.024280218684218147e-01
9.936302000000000190e-01 2.565865200000000002e+01 1.023476213022974923e-01
9.983731000000000133e-01 2.576001499999999922e+01 1.023753513230381829e-01
1.003115999999999897e+00 2.568008099999999416e+01 1.020443804022681117e-01
1.007859000000000060e+00 2.548310100000000489e+01 1.014822773478098600e-01
1.012602000000000002e+00 2.563978899999999683e+01 1.016240273463830113e-01
1.017344999999999944e+00 2.567790100000000209e+01 1.015288797503951512e-01
1.022086999999999968e+00 2.557492399999999932e+01 1.011568145042809341e-01
1.026829999999999909e+00 2.565479199999999693e+01 1.011474724677952491e-01
1.031573000000000073e+00 2.562159899999999624e+01 1.009154618486007848e-01
1.036316000000000015e+00 2.544938000000000144e+01 1.004092219571300210e-01
1.041058999999999957e+00 2.562241399999999913e+01 1.005847958383726121e-01
1.045801999999999898e+00 2.572101900000000185e+01 1.006138143431695858e-01
1.050545000000000062e+00 2.569847599999999943e+01 1.004061589695637302e-01
1.055287000000000086e+00 2.553746100000000041e+01 9.992725789778232615e-02
1.060030000000000028e+00 2.554004900000000333e+01 9.977060403063167660e-02
1.064772999999999969e+00 2.568391499999999539e+01 9.989013507044977591e-02
1.069515999999999911e+00 2.563411699999999627e+01 9.963298134773997117e-02
1.074259000000000075e+00 2.555497299999999683e+01 9.931837248056021861e-02
1.079002000000000017e+00 2.565875699999999782e+01 9.936064003754907503e-02
1.083744999999999958e+00 2.571370800000000401e+01 9.933024614674224040e-02
1.088487999999999900e+00 2.567764100000000127e+01 9.912504720040843376e-02
1.093229999999999924e+00 2.561104300000000578e+01 9.879542344874128745e-02
1.097973000000000088e+00 2.556823899999999838e+01 9.855675189443693918e-02
1.102716000000000030e+00 2.559789299999999912e+01 9.845904664073687473e-02
1.107458999999999971e+00 2.554148799999999753e+01 9.819644764690013683e-02
1.112201999999999913e+00 2.560442400000000163e+01 9.816242442513734012e-02
1.116945000000000077e+00 2.576906699999999972e+01 9.832385495519030405e-02
1.121688000000000018e+00 2.572175999999999618e+01 9.808099393375149799e-02
1.126430000000000042e+00 2.572137599999999935e+01 9.792850268262504043e-02
1.131172999999999984e+00 2.558435999999999666e+01 9.751532783994013021e-02
1.135915999999999926e+00 2.546976200000000290e+01 9.714652950795309161e-02
1.140659000000000090e+00 2.552720300000000009e+01 9.710682487428881626e-02
1.145402000000000031e+00 2.548088399999999965e+01 9.687033107650969144e-02
1.150144999999999973e+00 2.558705300000000449e+01 9.692268393853319119e-02
1.154887999999999915e+00 2.547039499999999990e+01 9.655397543114473125e-02
1.159631000000000078e+00 2.557669100000000029e+01 9.660859860070271365e-02
1.164373000000000102e+00 2.560586399999999685e+01 9.651787610982900945e-02
1.169116000000000044e+00 2.556838800000000234e+01 9.637285401284689801e-02
1.173858999999999986e+00 2.546948599999999630e+01 9.601530928131304932e-02
1.178601999999999927e+00 2.549366699999999852e+01 9.587067912887391186e-02
1.183345000000000091e+00 2.550005900000000025e+01 9.573956407872138974e-02
1.188088000000000033e+00 2.547859599999999958e+01 9.555552965331311210e-02
1.192830999999999975e+00 2.558053600000000216e+01 9.560371457492432279e-02
1.197572999999999999e+00 2.553180199999999900e+01 9.537116345936438866e-02
1.202315999999999940e+00 2.552123299999999873e+01 9.521081379221794927e-02
1.207059000000000104e+00 2.579793000000000092e+01 9.589348913879190694e-02
1.211802000000000046e+00 2.560592500000000271e+01 9.866429616363611710e-02
1.216544999999999987e+00 2.563699100000000186e+01 1.007789569371022181e-01
1.221287999999999929e+00 2.554987700000000217e+01 1.021200361329274164e-01
1.226031000000000093e+00 2.565069799999999844e+01 1.036024716146174002e-01
1.230774000000000035e+00 2.567760200000000026e+01 1.047996185625186261e-01
1.235516000000000059e+00 2.552064299999999974e+01 1.055240407326226287e-01
1.240259000000000000e+00 2.568845100000000414e+01 1.068503908138936226e-01
1.245001999999999942e+00 2.571787400000000190e+01 1.078377334545394667e-01
1.249745000000000106e+00 2.550492600000000110e+01 1.082711332388411885e-01
1.254488000000000048e+00 2.531120699999999601e+01 1.087028247094862649e-01
1.259230999999999989e+00 2.539622299999999910e+01 1.094398434392895164e-01
1.263973999999999931e+00 2.540774000000000044e+01 1.097460626831318342e-01
1.268715999999999955e+00 2.539631599999999878e+01 1.099874666932605660e-01
1.273458999999999897e+00 2.569501900000000205e+01 1.088194503352989811e-01
1.278202000000000060e+00 2.579844699999999946e+01 1.050084688986988313e-01
1.282945000000000002e+00 2.583126800000000145e+01 1.030711200229186553e-01
1.287687999999999944e+00 2.566363399999999473e+01 1.012893087042576329e-01
1.292431000000000108e+00 2.570954800000000162e+01 1.002089367012827942e-01
1.297174000000000049e+00 2.561129399999999734e+01 9.902127809510589962e-02
1.301916000000000073e+00 2.540720200000000162e+01 9.775195322651972218e-02
1.306659000000000015e+00 2.555970200000000148e+01 9.725724023120335682e-02
1.311401999999999957e+00 2.555956899999999976e+01 9.653890617114066486e-02
1.316144999999999898e+00 2.548338499999999840e+01 9.573308016564702205e-02
1.320888000000000062e+00 2.552769099999999725e+01 9.533919758796902122e-02
1.325631000000000004e+00 2.565674199999999772e+01 9.533377253176127109e-02
1.330373999999999945e+00 2.557863800000000154e+01 9.495628688321115785e-02
1.335117000000000109e+00 2.542479200000000006e+01 9.444908067939995766e-02
1.339858999999999911e+00 2.544943899999999815e+01 9.428041129958332489e-02
1.344602000000000075e+00 2.547791300000000447e+01 9.412636704968060930e-02
1.349345000000000017e+00 2.553716600000000270e+01 9.403592064649338167e-02
1.354087999999999958e+00 2.545845399999999614e+01 9.369719820835040180e-02
1.358830999999999900e+00 2.536656500000000136e+01 9.333867823980260270e-02
1.363574000000000064e+00 2.542494900000000158e+01 9.326153685852919817e-02
1.368317000000000005e+00 2.543629199999999813e+01 9.310242361269065181e-02
1.373059000000000029e+00 2.545745900000000006e+01 9.296544590895426674e-02
1.377801999999999971e+00 2.562801600000000235e+01 9.310235223142968031e-02
1.382544999999999913e+00 2.553765999999999892e+01 9.276788279679287763e-02
1.387288000000000077e+00 2.544510500000000519e+01 9.243341507619741437e-02
1.392031000000000018e+00 2.548842399999999841e+01 9.234855328941433961e-02
1.396773999999999960e+00 2.549133099999999885e+01 9.219200239174166200e-02
1.401516999999999902e+00 2.545928400000000380e+01 9.197498481231078382e-02
1.406260000000000066e+00 2.535162299999999647e+01 9.162428502937633445e-02
1.411002000000000089e+00 2.543038100000000412e+01 9.161265796312101362e-02
1.415745000000000031e+00 2.547028800000000004e+01 9.153130395671964237e-02
1.420487999999999973e+00 2.556300600000000145e+01 9.154677855521678453e-02
1.425230999999999915e+00 2.550003000000000242e+01 9.128519604113528862e-02
1.429974000000000078e+00 2.548042400000000285e+01 9.110338435267978374e-02
1.434717000000000020e+00 2.543258999999999759e+01 9.087214307751192988e-02
1.439459999999999962e+00 2.536447700000000083e+01 9.060646943932369746e-02
1.444201999999999986e+00 2.545098100000000230e+01 9.061844644413961924e-02
1.448944999999999927e+00 2.536421100000000095e+01 9.032344849474691073e-02
1.453688000000000091e+00 2.550055299999999647e+01 9.042568185362220845e-02
1.458431000000000033e+00 2.542657600000000073e+01 9.015568168560758600e-02
1.463173999999999975e+00 2.545081400000000116e+01 9.008550193800166084e-02
1.467916999999999916e+00 2.546172400000000025e+01 8.997094955841691832e-02
1.472660000000000080e+00 2.556947899999999763e+01 9.000026413138019488e-02
1.477402000000000104e+00 2.540816600000000136e+01 8.958203359130613441e-02
1.482145000000000046e+00 2.563516900000000120e+01 8.984833636870911966e-02
1.486887999999999987e+00 2.534811800000000304e+01 8.921313578845325998e-02
1.491630999999999929e+00 2.542156700000000313e+01 8.921141534678452001e-02
1.496374000000000093e+00 2.555775799999999975e+01 8.931965790291743201e-02
1.501117000000000035e+00 2.557584599999999497e+01 8.926760995006363664e-02
1.505859999999999976e+00 2.552443300000000193e+01 9.077278999685148286e-02
1.510602999999999918e+00 2.548392399999999824e+01 9.325194087356036832e-02
1.515344999999999942e+00 2.558491800000000183e+01 9.498483651425104757e-02
1.520088000000000106e+00 2.553186400000000233e+01 9.613649021375911263e-02
1.524831000000000047e+00 2.541112599999999944e+01 9.699730768900444167e-02
1.529573999999999989e+00 2.534154099999999943e+01 9.762691220489974619e-02
1.534316999999999931e+00 2.570919400000000365e+01 9.559917083036809093e-02
1.539060000000000095e+00 2.563644699999999688e+01 9.398222534931058303e-02
1.543803000000000036e+00 2.556858799999999832e+01 9.286782558166525869e-02
1.548545000000000060e+00 2.558328800000000314e+01 9.192446720918975855e-02
1.553288000000000002e+00 2.553073799999999949e+01 9.101507869910843707e-02
1.558030999999999944e+00 2.529433000000000220e+01 8.982983289932192084e-02
1.562774000000000107e+00 2.544078700000000026e+01 8.918760969911684877e-02
1.567517000000000049e+00 2.541523999999999717e+01 8.832244756188994961e-02
1.572259999999999991e+00 2.540809800000000251e+01 8.779232178426141231e-02
1.577002999999999933e+00 2.542024899999999832e+01 8.746826659197723397e-02
1.581746000000000096e+00 2.544643899999999803e+01 8.734437526896279835e-02
1.586487999999999898e+00 2.538050499999999943e+01 8.725408833785555651e-02
1.591231000000000062e+00 2.546380800000000022e+01 8.750912155266157844e-02
1.595974000000000004e+00 2.545938500000000104e+01 8.760940444823946127e-02
1.600716999999999945e+00 2.530404199999999904e+01 8.741771078396301520e-02
1.605460000000000109e+00 2.540458399999999983e+01 8.747744127837472905e-02
1.610203000000000051e+00 2.543774400000000213e+01 8.738825687041595902e-02
1.614945999999999993e+00 2.540542300000000253e+01 8.719017098178039049e-02
1.619688000000000017e+00 2.535230900000000531e+01 8.695947103559335811e-02
1.624430999999999958e+00 2.522315499999999844e+01 8.660073529446964125e-02
1.629173999999999900e+00 2.535146699999999953e+01 8.668519659493251206e-02
1.633917000000000064e+00 2.536007200000000239e+01 8.656723234119305388e-02
1.638660000000000005e+00 2.542522600000000210e+01 8.654738087932356549e-02
1.643402999999999947e+00 2.552753299999999825e+01 8.659177860812884708e-02
1.648146000000000111e+00 2.544933199999999829e+01 8.633097927802163563e-02
1.652889000000000053e+00 2.532998199999999756e+01 8.600239890996472236e-02
1.657631000000000077e+00 2.534773899999999713e+01 8.590849256236601783e-02
1.662374000000000018e+00 2.554368599999999745e+01 8.611618402515695825e-02
1.667116999999999960e+00 2.536266600000000082e+01 8.568842054314632084e-02
1.671859999999999902e+00 2.527839300000000122e+01 8.542558374970228574e-02
1.676603000000000065e+00 2.541783999999999466e+01 8.554174879432381584e-02
1.681346000000000007e+00 2.547661400000000143e+01 8.552190322856009774e-02
1.686088999999999949e+00 2.542661900000000230e+01 8.532000653505425469e-02
1.690830999999999973e+00 2.520146100000000189e+01 8.482576153270539321e-02
1.695573999999999915e+00 2.526570500000000052e+01 8.481897327169730938e-02
1.700317000000000078e+00 2.538680400000000148e+01 8.490740274654796915e-02
1.705060000000000020e+00 2.520606399999999780e+01 8.449117981345272144e-02
1.709802999999999962e+00 2.528542500000000004e+01 8.451154104148260460e-02
1.714545999999999903e+00 2.531386900000000395e+01 8.444786427963764386e-02
1.719289000000000067e+00 2.529824099999999731e+01 8.431082188100112729e-02
1.724031000000000091e+00 2.531694599999999795e+01 8.423142612548120689e-02
1.728774000000000033e+00 2.540990000000000038e+01 8.427636747776803827e-02
1.733516999999999975e+00 2.535266500000000178e+01 8.407304288662922898e-02
1.738259999999999916e+00 2.527678699999999878e+01 8.383914428547442621e-02
1.743003000000000080e+00 2.526975999999999800e+01 8.371981069869782743e-02
1.747746000000000022e+00 2.531495899999999821e+01 8.368820569760830608e-02
1.752488999999999963e+00 2.524071799999999755e+01 8.345984022603085417e-02
1.757231999999999905e+00 2.527483000000000146e+01 8.341095954121616196e-02
1.761973999999999929e+00 2.539301999999999992e+01 8.350044872665715601e-02
1.766717000000000093e+00 2.532456900000000388e+01 8.328381758600406082e-02
1.771460000000000035e+00 2.534985700000000364e+01 8.322199172329751427e-02
1.776202999999999976e+00 2.529000399999999971e+01 8.305793869554312092e-02
1.780945999999999918e+00 2.524213900000000166e+01 8.287940387873997394e-02
1.785689000000000082e+00 2.517062000000000310e+01 8.262054043515086599e-02
1.790432000000000023e+00 2.534673700000000096e+01 8.280795587592837403e-02
1.795174000000000047e+00 2.538538199999999989e+01 8.277016414366170083e-02
1.799916999999999989e+00 2.517950599999999994e+01 8.233328406368047025e-02
1.804659999999999931e+00 2.533779500000000340e+01 8.249224475129890433e-02
1.809403000000000095e+00 2.522954499999999456e+01 8.221684886665141245e-02
1.814146000000000036e+00 2.527686100000000380e+01 8.219521336561333436e-02
1.818888999999999978e+00 2.520609600000000228e+01 8.198164335170708694e-02
1.823631999999999920e+00 2.527592999999999890e+01 8.199744620681731488e-02
1.828375000000000083e+00 2.525345300000000037e+01 8.186395305500034081e-02
1.833117000000000107e+00 2.519378999999999635e+01 8.167041045787819253e-02
1.837860000000000049e+00 2.542331899999999933e+01 8.194472345723305406e-02
1.842602999999999991e+00 2.526992100000000008e+01 8.160118408671040990e-02
1.847345999999999933e+00 2.532706399999999647e+01 8.159818336368035441e-02
1.852089000000000096e+00 2.517321400000000153e+01 8.132203899064446850e-02
1.856832000000000038e+00 2.524498100000000278e+01 8.128184355768267033e-02
1.861574999999999980e+00 2.534604900000000072e+01 8.134418690518087358e-02
1.866317000000000004e+00 2.528962299999999885e+01 8.115991998909991012e-02
1.871059999999999945e+00 2.524223599999999834e+01 8.099065603029463600e-02
1.875803000000000109e+00 2.524370900000000262e+01 8.089969804421830168e-02
1.880546000000000051e+00 2.524264800000000264e+01 8.080539793601476672e-02
1.885288999999999993e+00 2.522796699999999959e+01 8.069006492909519546e-02
1.890031999999999934e+00 2.525063000000000102e+01 8.063448013078028387e-02
1.894775000000000098e+00 2.515814200000000156e+01 8.039500465302990007e-02
1.899516999999999900e+00 2.520490199999999703e+01 8.037906354637319728e-02
1.904260000000000064e+00 2.518425799999999981e+01 8.025561263635835885e-02
1.909003000000000005e+00 2.503096400000000443e+01 7.992135616221236749e-02
1.913745999999999947e+00 2.523210800000000020e+01 8.015147142346483455e-02
1.918489000000000111e+00 2.534025200000000311e+01 8.023347527604733631e-02
1.923232000000000053e+00 2.520056699999999950e+01 7.992319920508937636e-02
1.927974999999999994e+00 2.515923399999999788e+01 7.976662924217119144e-02
1.932717999999999936e+00 2.526351699999999667e+01 7.978022880912036263e-02
1.937459999999999960e+00 2.518676900000000174e+01 7.947320268093768791e-02
1.942202999999999902e+00 2.517972000000000321e+01 7.924552291126231440e-02
1.946946000000000065e+00 2.512479899999999944e+01 7.896665246006505379e-02
1.951689000000000007e+00 2.511187599999999520e+01 7.879070397810454540e-02
1.956431999999999949e+00 2.506992400000000032e+01 7.863991995843014338e-02
1.961174999999999891e+00 2.511595000000000510e+01 7.862925373705387244e-02
1.965918000000000054e+00 2.511123299999999858e+01 7.854034098151152499e-02
1.970660000000000078e+00 2.509597299999999720e+01 7.847939648564711268e-02
1.975403000000000020e+00 2.497199700000000178e+01 7.826438651592880491e-02
1.980145999999999962e+00 2.490251399999999649e+01 7.817685616468086907e-02
1.984888999999999903e+00 2.507381600000000077e+01 7.846623467097360582e-02
1.989632000000000067e+00 2.504799399999999920e+01 7.844636401506319134e-02
1.994375000000000009e+00 2.518786200000000264e+01 7.863630852442018981e-02
1.999117999999999951e+00 2.519576400000000405e+01 7.853556867228249361e-02
2.003861000000000114e+00 2.513735600000000403e+01 7.836110047255334665e-02
2.008602999999999916e+00 2.520985999999999905e+01 7.839025663714273284e-02
2.013345999999999858e+00 2.526398400000000066e+01 7.908738268331996779e-02
2.018088999999999800e+00 2.519550899999999771e+01 8.128491593046768826e-02
2.022832000000000185e+00 2.505920400000000114e+01 8.240636358720787591e-02
2.027575000000000127e+00 2.504322300000000112e+01 8.342204769644233353e-02
2.032318000000000069e+00 2.508593899999999621e+01 8.438825710142200398e-02
2.037061000000000011e+00 2.515284899999999624e+01 8.530501116288244368e-02
2.041802999999999813e+00 2.490723599999999749e+01 8.560688735549495942e-02
2.046546000000000198e+00 2.497768299999999897e+01 8.611972972911260960e-02
2.051289000000000140e+00 2.503792599999999524e+01 8.648848359426820898e-02
2.056032000000000082e+00 2.494312700000000405e+01 8.656926891461656781e-02
2.060775000000000023e+00 2.498808299999999960e+01 8.687625574876889356e-02
2.065517999999999965e+00 2.507601999999999975e+01 8.724399352778791639e-02
2.070260999999999907e+00 2.504559100000000171e+01 8.739444998233811268e-02
2.075003000000000153e+00 2.495476999999999990e+01 8.742848641595940551e-02
2.079746000000000095e+00 2.503125000000000000e+01 8.545826600147524155e-02
2.084489000000000036e+00 2.518212600000000023e+01 8.353790214800285718e-02
2.089231999999999978e+00 2.520592800000000011e+01 8.238206259904701234e-02
2.093974999999999920e+00 2.523126599999999797e+01 8.152000814159673925e-02
2.098717999999999861e+00 2.499831699999999657e+01 8.040175217021952592e-02
2.103460999999999803e+00 2.507768100000000189e+01 7.988961896683886843e-02
2.108204000000000189e+00 2.504248700000000127e+01 7.939000840065454923e-02
2.112945999999999991e+00 2.508491700000000080e+01 7.924591734383670816e-02
2.117688999999999933e+00 2.514890600000000020e+01 7.915492052393838240e-02
2.122431999999999874e+00 2.520618699999999990e+01 7.906559545133964861e-02
2.127174999999999816e+00 2.506691199999999853e+01 7.867969740341024254e-02
2.131918000000000202e+00 2.505518099999999748e+01 7.850321289161354965e-02
2.136661000000000143e+00 2.514369800000000055e+01 7.849104947952091627e-02
2.141404000000000085e+00 2.496154300000000248e+01 7.806235266615271784e-02
2.146145999999999887e+00 2.497062899999999885e+01 7.793863183374531711e-02
2.150888999999999829e+00 2.499943800000000138e+01 7.785039148110045604e-02
2.155632000000000215e+00 2.502322699999999855e+01 7.775919311832460434e-02
2.160375000000000156e+00 2.513195599999999530e+01 7.780263966836022116e-02
2.165118000000000098e+00 2.503359099999999415e+01 7.752880056819401455e-02
2.169861000000000040e+00 2.500971299999999786e+01 7.737383676388484566e-02
2.174603999999999981e+00 2.497416300000000078e+01 7.720375136214495393e-02
2.179346999999999923e+00 2.508727999999999980e+01 7.726518026762507763e-02
2.184089000000000169e+00 2.501221000000000316e+01 7.703932310948155560e-02
2.188832000000000111e+00 2.511973599999999607e+01 7.709650720591951223e-02
2.193575000000000053e+00 2.506701999999999941e+01 7.690952024140704224e-02
2.198317999999999994e+00 2.502923899999999691e+01 7.674675651664049358e-02
2.203060999999999936e+00 2.507783900000000443e+01 7.671838338823165626e-02
2.207803999999999878e+00 2.506031199999999615e+01 7.659093176739070752e-02
2.212546999999999819e+00 2.498725400000000008e+01 7.637996680357160562e-02
2.217289000000000065e+00 2.497279900000000197e+01 7.625950021480537577e-02
2.222032000000000007e+00 2.503265700000000038e+01 7.625395103512275230e-02
2.226774999999999949e+00 2.510146400000000000e+01 7.626313608044912873e-02
2.231517999999999891e+00 2.509957200000000199e+01 7.616585631727054717e-02
2.236260999999999832e+00 2.489740499999999912e+01 7.576505040551810566e-02
2.241004000000000218e+00 2.490367799999999932e+01 7.568273473099726423e-02
2.245747000000000160e+00 2.494811100000000081e+01 7.565924483162320135e-02
2.250490000000000101e+00 2.495872500000000116e+01 7.558536336300038239e-02
2.255231999999999903e+00 2.493006700000000109e+01 7.545242857871109488e-02
2.259974999999999845e+00 2.486999599999999688e+01 7.527321922931554110e-02
2.264717999999999787e+00 2.488971099999999836e+01 7.521564437706759754e-02
2.269461000000000173e+00 2.502511799999999909e+01 7.533315993901157359e-02
2.274204000000000114e+00 2.501103900000000380e+01 7.522550413203490938e-02
2.278947000000000056e+00 2.485700800000000044e+01 7.490830958313370036e-02
2.283689999999999998e+00 2.487080800000000025e+01 7.484473940471034203e-02
2.288431999999999800e+00 2.489373199999999997e+01 7.479558947769915367e-02
2.293175000000000185e+00 2.498185799999999546e+01 7.484411001729528168e-02
2.297918000000000127e+00 2.494719500000000068e+01 7.470956129070362162e-02
2.302661000000000069e+00 2.499441399999999547e+01 7.469801595512629011e-02
2.307404000000000011e+00 2.492858500000000177e+01 7.451839667436825632e-02
2.312146999999999952e+00 2.485554000000000130e+01 7.432805114647834943e-02
2.316889999999999894e+00 2.481207599999999758e+01 7.418273343160589062e-02
2.321632000000000140e+00 2.480463200000000512e+01 7.409230705866028110e-02
2.326375000000000082e+00 2.485173899999999492e+01 7.408347677608212445e-02
2.331118000000000023e+00 2.483581000000000216e+01 7.398075210107558919e-02
2.335860999999999965e+00 2.493099700000000141e+01 7.404411644766720202e-02
2.340603999999999907e+00 2.497108199999999911e+01 7.402548056085823946e-02
2.345346999999999849e+00 2.485984899999999698e+01 7.378335394582845319e-02
2.350089999999999790e+00 2.480374499999999927e+01 7.362323547166478577e-02
2.354833000000000176e+00 2.485968999999999696e+01 7.362950793409324401e-02
2.359574999999999978e+00 2.490999400000000108e+01 7.362802283645610013e-02
2.364317999999999920e+00 2.477869999999999706e+01 7.335824553244305046e-02
2.369060999999999861e+00 2.484686400000000361e+01 7.338383845327116350e-02
2.373803999999999803e+00 2.485793899999999823e+01 7.332545725429948091e-02
2.378547000000000189e+00 2.475946199999999919e+01 7.310573418079666097e-02
2.383290000000000131e+00 2.491319500000000176e+01 7.325832720983464774e-02
2.388033000000000072e+00 2.491243899999999911e+01 7.318336341458556160e-02
2.392774999999999874e+00 2.481664399999999659e+01 7.296914526994816019e-02
2.397517999999999816e+00 2.489165999999999812e+01 7.300648719750937876e-02
2.402261000000000202e+00 2.488564300000000173e+01 7.292536131148066869e-02
2.407004000000000143e+00 2.486142199999999747e+01 7.281702101250710213e-02
2.411747000000000085e+00 2.480789699999999698e+01 7.266684230065043049e-02
2.416490000000000027e+00 2.484674500000000208e+01 7.265232859858587744e-02
2.421232999999999969e+00 2.486270400000000080e+01 7.260450154158623604e-02
2.425975999999999910e+00 2.489669500000000113e+01 7.258277266192922350e-02
2.430718000000000156e+00 2.501561799999999991e+01 7.268498027625927560e-02
2.435461000000000098e+00 2.489953200000000066e+01 7.244620413582411600e-02
2.440204000000000040e+00 2.474837400000000187e+01 7.218166991060265270e-02
2.444946999999999981e+00 2.469937900000000042e+01 7.201496879624123826e-02
2.449689999999999923e+00 2.481788799999999640e+01 7.211795420525182743e-02
2.454432999999999865e+00 2.487223799999999940e+01 7.212777760056245102e-02
2.459175999999999807e+00 2.477694899999999834e+01 7.192086270441282181e-02
2.463918000000000053e+00 2.476764999999999972e+01 7.183851057102172422e-02
2.468660999999999994e+00 2.482635699999999801e+01 7.185550940469700998e-02
2.473403999999999936e+00 2.481305799999999806e+01 7.176820523811014430e-02
2.478146999999999878e+00 2.490201300000000373e+01 7.182897505811147720e-02
2.482889999999999819e+00 2.480089100000000002e+01 7.161542932827325014e-02
2.487633000000000205e+00 2.476366399999999857e+01 7.149456401239816239e-02
2.492376000000000147e+00 2.490059199999999962e+01 7.162499417606678354e-02
2.497117999999999949e+00 2.472448100000000437e+01 7.130468430915531952e-02
2.501860999999999891e+00 2.481553000000000253e+01 7.136924894310994749e-02
2.506603999999999832e+00 2.483775999999999584e+01 7.133504769379003796e-02
2.511347000000000218e+00 2.483361200000000224e+01 7.126155908282739981e-02
2.516090000000000160e+00 2.474040400000000162e+01 7.100746098398533213e-02
2.520833000000000101e+00 2.470852500000000163e+01 7.081630145284487088e-02
2.525576000000000043e+00 2.476309700000000191e+01 7.075027471605109530e-02
2.530318999999999985e+00 2.475142899999999813e+01 7.061788316519761188e-02
2.535060999999999787e+00 2.488321400000000239e+01 7.074079402287976326e-02
2.539804000000000173e+00 2.473292400000000058e+01 7.046306526593559827e-02
2.544547000000000114e+00 2.473170499999999805e+01 7.039836613001823618e-02
2.549290000000000056e+00 2.477920599999999851e+01 7.040272398377636631e-02
2.554032999999999998e+00 2.476020099999999857e+01 7.031304071308749903e-02
2.558775999999999939e+00 2.476450299999999771e+01 7.025631373523592849e-02
2.563518999999999881e+00 2.467930099999999882e+01 7.007548918564536489e-02
2.568261000000000127e+00 2.474889699999999948e+01 7.016831033633771919e-02
2.573004000000000069e+00 2.479459400000000002e+01 7.024921189392875631e-02
2.577747000000000011e+00 2.487119099999999960e+01 7.037314126993907126e-02
2.582489999999999952e+00 2.472275700000000143e+01 7.014379980754678612e-02
2.587232999999999894e+00 2.472896300000000025e+01 7.009056144337909300e-02
2.591975999999999836e+00 2.476395300000000077e+01 7.007808378535332339e-02
2.596719000000000221e+00 2.471657400000000138e+01 6.994888224586223724e-02
2.601462000000000163e+00 2.468413199999999819e+01 6.984124040134168099e-02
2.606203999999999965e+00 2.466213400000000178e+01 6.974903070369221914e-02
2.610946999999999907e+00 2.477989399999999520e+01 6.985394982820369858e-02
2.615689999999999849e+00 2.478985400000000183e+01 6.980676172298855287e-02
2.620432999999999790e+00 2.468088199999999688e+01 6.959233225583835725e-02
2.625176000000000176e+00 2.481975700000000273e+01 6.972713939694356877e-02
2.629919000000000118e+00 2.468430099999999783e+01 6.947610603659001849e-02
2.634662000000000059e+00 2.469991999999999877e+01 6.945265348121408555e-02
2.639403999999999861e+00 2.473764099999999999e+01 6.945759593417698274e-02
2.644146999999999803e+00 2.478262399999999843e+01 6.943778305720524346e-02
2.648890000000000189e+00 2.472908199999999823e+01 6.929891629163402456e-02
2.653633000000000131e+00 2.473684300000000036e+01 6.926074328510919975e-02
2.658376000000000072e+00 2.468575500000000389e+01 6.913131099262258272e-02
2.663119000000000014e+00 2.469664599999999766e+01 6.907545560780327387e-02
2.667861999999999956e+00 2.470193800000000195e+01 6.902357430957048456e-02
2.672604999999999897e+00 2.476294500000000198e+01 6.904966507208272486e-02
2.677347000000000143e+00 2.472809799999999569e+01 6.894248429552564394e-02
2.682090000000000085e+00 2.464230699999999530e+01 6.876430056974840166e-02
2.686833000000000027e+00 2.476172000000000395e+01 6.887251527458104761e-02
2.691575999999999969e+00 2.475505199999999917e+01 6.880472702249824934e-02
2.696318999999999910e+00 2.470704400000000334e+01 6.867992848670126382e-02
2.701061999999999852e+00 2.478180499999999853e+01 6.872592369057471673e-02
2.705804999999999794e+00 2.482468099999999822e+01 6.872756614005984255e-02
2.710547000000000040e+00 2.477446099999999873e+01 6.860023675764830020e-02
2.715289999999999981e+00 2.473702300000000065e+01 6.849130246547512069e-02
2.720032999999999923e+00 2.468221199999999982e+01 6.835825667325784449e-02
2.724775999999999865e+00 2.474515500000000046e+01 6.838826483044149751e-02
2.729518999999999807e+00 2.469070400000000376e+01 6.825592305751934652e-02
2.734262000000000192e+00 2.470442999999999856e+01 6.821814374386039881e-02
2.739005000000000134e+00 2.466866100000000017e+01 6.811232983530000895e-02
2.743746999999999936e+00 2.479846399999999562e+01 6.823470481102414387e-02
2.748489999999999878e+00 2.473074000000000439e+01 6.808525969041097359e-02
2.753232999999999819e+00 2.473916399999999882e+01 6.804078319393597196e-02
2.757976000000000205e+00 2.483712899999999735e+01 6.811940380319986277e-02
2.762719000000000147e+00 2.477540800000000232e+01 6.797873636197424019e-02
2.767462000000000089e+00 2.469313400000000058e+01 6.781012494360263987e-02
2.772205000000000030e+00 2.464209899999999820e+01 6.768479103142596709e-02
2.776947999999999972e+00 2.462286599999999837e+01 6.760302039564652921e-02
2.781690000000000218e+00 2.467165000000000319e+01 6.761487475279681636e-02
2.786433000000000160e+00 2.471208399999999727e+01 6.761517876902714552e-02
2.791176000000000101e+00 2.468036500000000188e+01 6.751692001130679688e-02
2.795919000000000043e+00 2.458361699999999672e+01 6.733017127459278717e-02
2.800661999999999985e+00 2.461302400000000290e+01 6.733119942141459202e-02
2.805404999999999927e+00 2.451507099999999895e+01 6.713294616510957769e-02
2.810147999999999868e+00 2.469248699999999630e+01 6.735340791664219673e-02
2.814890000000000114e+00 2.476699099999999731e+01 6.740945092795594396e-02
2.819633000000000056e+00 2.486729100000000159e+01 6.879736945451767061e-02
2.824375999999999998e+00 2.471798300000000026e+01 7.003039724134299537e-02
2.829118999999999939e+00 2.462779400000000152e+01 7.080602678005100403e-02
2.833861999999999881e+00 2.462674900000000022e+01 7.154365589063435560e-02
2.838604999999999823e+00 2.463694100000000020e+01 7.218455827762196297e-02
2.843348000000000209e+00 2.460852699999999871e+01 7.244720051050419773e-02
2.848091000000000150e+00 2.460897200000000495e+01 7.266771794724324884e-02
2.852832999999999952e+00 2.472669399999999840e+01 7.305378500834984468e-02
2.857575999999999894e+00 2.456458199999999792e+01 7.300955631745684182e-02
2.862318999999999836e+00 2.464358399999999705e+01 7.330930772309338095e-02
2.867062000000000221e+00 2.466027599999999964e+01 7.350589499556957340e-02
2.871805000000000163e+00 2.460021100000000160e+01 7.357827492493963784e-02
2.876548000000000105e+00 2.463241900000000228e+01 7.378015391110809285e-02
2.881291000000000047e+00 2.469028899999999993e+01 7.366713905192667777e-02
2.886032999999999848e+00 2.483760200000000040e+01 7.178008164338280095e-02
2.890775999999999790e+00 2.470593799999999618e+01 7.046423254335634767e-02
2.895519000000000176e+00 2.468420799999999815e+01 6.967243554566755759e-02
2.900262000000000118e+00 2.470686099999999996e+01 6.910154410119573321e-02
2.905005000000000059e+00 2.474218300000000070e+01 6.877826508162443453e-02
2.909748000000000001e+00 2.469649499999999875e+01 6.853454013341812867e-02
2.914490999999999943e+00 2.463681199999999905e+01 6.829163308909665109e-02
2.919233000000000189e+00 2.465917300000000267e+01 6.817703829704910290e-02
2.923976000000000131e+00 2.465642199999999917e+01 6.803946639255557816e-02
2.928719000000000072e+00 2.460585700000000386e+01 6.784538989325140934e-02
2.933462000000000014e+00 2.463105900000000048e+01 6.776309266316585256e-02
2.938204999999999956e+00 2.470517099999999999e+01 6.775395898824954077e-02
2.942947999999999897e+00 2.464093000000000444e+01 6.756087099014931874e-02
2.947690999999999839e+00 2.480045199999999994e+01 6.767838812704539408e-02
2.952433999999999781e+00 2.470601300000000222e+01 6.746045258712841941e-02
2.957176000000000027e+00 2.453203399999999945e+01 6.713593922060970276e-02
2.961918999999999969e+00 2.461181400000000252e+01 6.714147585125010420e-02
2.966661999999999910e+00 2.469650800000000146e+01 6.716995930204439080e-02
2.971404999999999852e+00 2.459431599999999918e+01 6.694634931386550525e-02
2.976147999999999794e+00 2.454995199999999755e+01 6.680360945121154026e-02
2.980891000000000179e+00 2.452465500000000276e+01 6.668904562370570055e-02
2.985634000000000121e+00 2.467238800000000509e+01 6.681120947191346304e-02
2.990375999999999923e+00 2.473037999999999670e+01 6.683013015091771036e-02
2.995118999999999865e+00 2.460710500000000422e+01 6.657384885164217836e-02
2.999861999999999806e+00 2.462820500000000123e+01 6.652549294043975936e-02
3.004605000000000192e+00 2.459566299999999472e+01 6.640913723981513306e-02
3.009348000000000134e+00 2.462087999999999610e+01 6.637189015996380892e-02
3.014091000000000076e+00 2.466809500000000099e+01 6.638557624858203166e-02
3.018834000000000017e+00 2.461509099999999961e+01 6.622491603203586874e-02
3.023576999999999959e+00 2.457434400000000352e+01 6.610200611845300223e-02
3.028319000000000205e+00 2.450941100000000006e+01 6.594756559210961100e-02
3.033062000000000147e+00 2.455636799999999909e+01 6.594434179064871671e-02
3.037805000000000089e+00 2.468471900000000119e+01 6.605090766914109568e-02
3.042548000000000030e+00 2.457910000000000394e+01 6.584506588917198033e-02
3.047290999999999972e+00 2.459835600000000255e+01 6.580684386250491846e-02
3.052033999999999914e+00 2.457782600000000173e+01 6.571601982258130914e-02
3.056776999999999855e+00 2.456470599999999749e+01 6.563605703881061904e-02
3.061519000000000101e+00 2.463513900000000234e+01 6.566781491109095759e-02
3.066262000000000043e+00 2.458080900000000213e+01 6.553423900928125045e-02
3.071004999999999985e+00 2.455099500000000035e+01 6.544687698207914128e-02
3.075747999999999927e+00 2.458182800000000157e+01 6.543064197390163761e-02
3.080490999999999868e+00 2.462584799999999774e+01 6.542253060845705515e-02
3.085233999999999810e+00 2.462722600000000028e+01 6.535555895186422048e-02
3.089977000000000196e+00 2.459483799999999931e+01 6.527222637534205174e-02
3.094720000000000137e+00 2.460510999999999981e+01 6.520991763995490076e-02
3.099461999999999939e+00 2.453560600000000136e+01 6.505919574280258355e-02
3.104204999999999881e+00 2.451494499999999732e+01 6.497435233788792508e-02
3.108947999999999823e+00 2.453424799999999806e+01 6.494252774201046685e-02
3.113691000000000209e+00 2.449383999999999872e+01 6.483268775213395230e-02
3.118434000000000150e+00 2.455371300000000190e+01 6.485568789531878653e-02
3.123177000000000092e+00 2.460369399999999729e+01 6.486548718042516037e-02
3.127920000000000034e+00 2.456924999999999670e+01 6.476445681183545799e-02
3.132661999999999836e+00 2.454017699999999991e+01 6.467098716498070887e-02
3.137405000000000221e+00 2.458738399999999658e+01 6.467838802291071831e-02
3.142148000000000163e+00 2.454692200000000213e+01 6.457027786049786278e-02
3.146891000000000105e+00 2.462425099999999745e+01 6.462587088206471486e-02
3.151634000000000047e+00 2.461802500000000293e+01 6.456594506684541768e-02
3.156376999999999988e+00 2.462360700000000335e+01 6.450931175768889747e-02
3.161119999999999930e+00 2.447904300000000077e+01 6.426674400832128875e-02
3.165862000000000176e+00 2.453819000000000372e+01 6.433580487222648192e-02
3.170605000000000118e+00 2.453900799999999549e+01 6.426748153974527755e-02
3.175348000000000059e+00 2.464641300000000257e+01 6.432682656438680480e-02
3.180091000000000001e+00 2.459090700000000496e+01 6.420206804208646034e-02
3.184833999999999943e+00 2.457487399999999766e+01 6.412894402411363493e-02
3.189576999999999884e+00 2.462598500000000357e+01 6.414358025377520089e-02
3.194319999999999826e+00 2.453743199999999902e+01 6.395804915617189779e-02
3.199063000000000212e+00 2.456826100000000324e+01 6.388085484921361690e-02
3.203805000000000014e+00 2.455124299999999948e+01 6.374042149565219140e-02
3.208547999999999956e+00 2.452375100000000074e+01 6.362643457045272233e-02
3.213290999999999897e+00 2.462789500000000231e+01 6.371114408490637093e-02
3.218033999999999839e+00 2.459082500000000238e+01 6.361300887486615041e-02
3.222776999999999781e+00 2.461924800000000246e+01 6.359996998270753266e-02
3.227520000000000167e+00 2.458087900000000303e+01 6.350080877589590889e-02
3.232263000000000108e+00 2.449823199999999801e+01 6.334474197976339149e-02
3.237004999999999910e+00 2.457128700000000165e+01 6.338988665660241772e-02
3.241747999999999852e+00 2.458262699999999867e+01 6.335547414090118845e-02
3.246490999999999794e+00 2.455725199999999830e+01 6.327403938450112952e-02
3.251234000000000179e+00 2.458483400000000074e+01 6.327873745286405338e-02
3.255977000000000121e+00 2.461725500000000011e+01 6.333673355748936640e-02
3.260720000000000063e+00 2.456436299999999662e+01 6.328658738665089711e-02
3.265463000000000005e+00 2.461261899999999869e+01 6.332596021523559382e-02
3.270205999999999946e+00 2.460848700000000022e+01 6.327257355244687853e-02
3.274948000000000192e+00 2.457667999999999964e+01 6.318337555919119330e-02
3.279691000000000134e+00 2.459516800000000103e+01 6.315897023821714917e-02
3.284434000000000076e+00 2.457379699999999900e+01 6.308386368685418855e-02
3.289177000000000017e+00 2.461567799999999551e+01 6.308988548296945442e-02
3.293919999999999959e+00 2.452658600000000177e+01 6.292806440687175040e-02
3.298662999999999901e+00 2.456994699999999909e+01 6.293644936517392430e-02
3.303405999999999842e+00 2.461277500000000629e+01 6.294417727889450864e-02
3.308148000000000089e+00 2.456740999999999886e+01 6.283907424877374637e-02
3.312891000000000030e+00 2.463051300000000055e+01 6.287265595963956177e-02
3.317633999999999972e+00 2.454741000000000284e+01 6.272000136864953890e-02
3.322376999999999914e+00 2.458156899999999823e+01 6.271794317823010945e-02
3.327119999999999855e+00 2.460880700000000232e+01 6.272187243441476601e-02
3.331862999999999797e+00 2.462438099999999963e+01 6.267887464533006270e-02
3.336606000000000183e+00 2.460294600000000287e+01 6.260558066662348653e-02
3.341347999999999985e+00 2.453909599999999713e+01 6.247848437997995802e-02
3.346090999999999926e+00 2.455052999999999841e+01 6.244728158932780909e-02
3.350833999999999868e+00 2.468453500000000034e+01 6.257129967087227129e-02
3.355576999999999810e+00 2.453840100000000035e+01 6.234040863222826273e-02
3.360320000000000196e+00 2.451624199999999831e+01 6.226716740643016557e-02
3.365063000000000137e+00 2.441185499999999919e+01 6.208925044159576551e-02
3.369806000000000079e+00 2.450981699999999819e+01 6.216855548479392063e-02
3.374549000000000021e+00 2.457437499999999631e+01 6.220517628158205026e-02
3.379290999999999823e+00 2.464348299999999981e+01 6.294037040930249016e-02
3.384034000000000209e+00 2.454250399999999388e+01 6.428520979835486426e-02
3.388777000000000150e+00 2.457724499999999779e+01 6.518120657736860279e-02
3.393520000000000092e+00 2.462025399999999919e+01 6.591036226048221924e-02
3.398263000000000034e+00 2.458377199999999974e+01 6.625985070693111989e-02
3.403005999999999975e+00 2.450028200000000567e+01 6.632528889600933231e-02
3.407748999999999917e+00 2.446566500000000133e+01 6.624442313522474479e-02
3.412491000000000163e+00 2.452105200000000096e+01 6.635602786377436946e-02
3.417234000000000105e+00 2.454572300000000240e+01 6.656613912958600499e-02
3.421977000000000046e+00 2.451843199999999712e+01 6.669002405519509902e-02
3.426719999999999988e+00 2.459967100000000073e+01 6.693665273557306006e-02
3.431462999999999930e+00 2.450115200000000115e+01 6.694161813179749787e-02
3.436205999999999872e+00 2.439356399999999780e+01 6.693902848891071511e-02
3.440948999999999813e+00 2.454766599999999599e+01 6.727197306678688038e-02
3.445692000000000199e+00 2.450673799999999858e+01 6.734853692408544756e-02
3.450434000000000001e+00 2.445068600000000458e+01 6.736515275758601928e-02
3.455176999999999943e+00 2.450512099999999549e+01 6.755071787381093651e-02
3.459919999999999884e+00 2.452951499999999641e+01 6.769046124066670223e-02
3.464662999999999826e+00 2.461431499999999772e+01 6.790975950869801436e-02
3.469406000000000212e+00 2.448288000000000153e+01 6.782714782217810767e-02
3.474149000000000154e+00 2.455969100000000438e+01 6.802919440107094151e-02
3.478892000000000095e+00 2.466109799999999908e+01 6.826278196387251807e-02
3.483633999999999897e+00 2.441096399999999633e+01 6.800523962023000135e-02
3.488376999999999839e+00 2.456239400000000117e+01 6.830327144846651266e-02
3.493119999999999781e+00 2.446151900000000268e+01 6.824737891876507534e-02
3.497863000000000167e+00 2.451822800000000058e+01 6.840917348810100773e-02
3.502606000000000108e+00 2.458051700000000039e+01 6.857650104573723149e-02
3.507349000000000050e+00 2.453726199999999835e+01 6.859420590727542677e-02
3.512091999999999992e+00 2.457338700000000387e+01 6.872156480553828772e-02
3.516833999999999794e+00 2.446556899999999501e+01 6.864512138658215856e-02
3.521577000000000179e+00 2.452904500000000354e+01 6.880678560289021917e-02
3.526320000000000121e+00 2.450192399999999893e+01 6.884012769814856769e-02
3.531063000000000063e+00 2.450131599999999565e+01 6.890917388897285778e-02
3.535806000000000004e+00 2.454462900000000047e+01 6.903835817304174172e-02
3.540548999999999946e+00 2.447639499999999657e+01 6.900843570492017076e-02
3.545291999999999888e+00 2.455066599999999966e+01 6.917904382099465677e-02
3.550034999999999830e+00 2.461554099999999679e+01 6.933481520492500161e-02
3.554777000000000076e+00 2.453159400000000190e+01 6.927927510465739513e-02
3.559520000000000017e+00 2.455612999999999957e+01 6.937559320797480333e-02
3.564262999999999959e+00 2.438188999999999851e+01 6.918951162320413628e-02
3.569005999999999901e+00 2.447047599999999790e+01 6.938793056459459374e-02
3.573748999999999842e+00 2.447854799999999997e+01 6.947783311563264508e-02
3.578491999999999784e+00 2.451341799999999438e+01 6.955109820256542841e-02
3.583235000000000170e+00 2.448123299999999958e+01 6.956197341433248416e-02
3.587976999999999972e+00 2.447587800000000158e+01 6.958607347837351964e-02
3.592719999999999914e+00 2.454152300000000153e+01 6.962498398144231770e-02
3.597462999999999855e+00 2.453242200000000039e+01 6.955026569371751399e-02
3.602205999999999797e+00 2.454043100000000166e+01 6.949988921634120409e-02
3.606949000000000183e+00 2.443280200000000235e+01 6.928634279241760452e-02
3.611692000000000125e+00 2.456235500000000371e+01 6.946022476904678555e-02
3.616435000000000066e+00 2.458103899999999697e+01 6.955596425816049089e-02
3.621178000000000008e+00 2.472299800000000047e+01 7.059976875691591214e-02
3.625919999999999810e+00 2.450102100000000149e+01 7.279508983978247305e-02
3.630663000000000196e+00 2.449825899999999734e+01 7.420855204860353493e-02
3.635406000000000137e+00 2.438891999999999882e+01 7.509937513491440897e-02
3.640149000000000079e+00 2.447451799999999977e+01 7.601116368090808650e-02
3.644892000000000021e+00 2.442525099999999938e+01 7.645379857499691456e-02
3.649634999999999962e+00 2.441834800000000172e+01 7.693581140830192677e-02
3.654377999999999904e+00 2.441424400000000006e+01 7.735698086900044679e-02
3.659120000000000150e+00 2.446478099999999856e+01 7.786905569684018924e-02
3.663863000000000092e+00 2.443817100000000408e+01 7.824296362120877757e-02
3.668606000000000034e+00 2.437330399999999742e+01 7.854137306320727041e-02
3.673348999999999975e+00 2.440342700000000065e+01 7.898173942053188235e-02
3.678091999999999917e+00 2.451487400000000250e+01 7.954524353695448247e-02
3.682834999999999859e+00 2.450900399999999735e+01 7.991079020800194443e-02
3.687577999999999800e+00 2.440855600000000081e+01 8.011454168136269982e-02
3.692321000000000186e+00 2.441536400000000029e+01 8.048754472928901227e-02
3.697062999999999988e+00 2.426565899999999942e+01 8.059527372869454420e-02
3.701805999999999930e+00 2.437128200000000078e+01 8.112201554962622518e-02
3.706548999999999872e+00 2.433666600000000102e+01 8.141128205827311004e-02
3.711291999999999813e+00 2.446410300000000149e+01 8.196809915428623916e-02
3.716035000000000199e+00 2.455459199999999953e+01 8.246099229235906436e-02
3.720778000000000141e+00 2.447419599999999917e+01 8.266354912852157122e-02
3.725521000000000083e+00 2.450282700000000347e+01 8.304717091265541307e-02
3.730262999999999884e+00 2.444121100000000268e+01 8.327567507826398596e-02
3.735005999999999826e+00 2.451076499999999925e+01 8.372488824068505253e-02
3.739749000000000212e+00 2.438277000000000072e+01 8.383443232397772005e-02
3.744492000000000154e+00 2.443662299999999732e+01 8.425412270657502145e-02
3.749235000000000095e+00 2.443398800000000293e+01 8.457470212276184396e-02
3.753978000000000037e+00 2.442318999999999818e+01 8.488060006104161670e-02
3.758720999999999979e+00 2.449308500000000066e+01 8.532509777229439762e-02
3.763462999999999781e+00 2.441200800000000370e+01 8.550569627750831403e-02
3.768206000000000166e+00 2.449110399999999998e+01 8.596548492180336454e-02
3.772949000000000108e+00 2.444988000000000028e+01 8.621351097981916345e-02
3.777692000000000050e+00 2.441990999999999445e+01 8.647985749251614618e-02
3.782434999999999992e+00 2.451459299999999786e+01 8.696731468293016076e-02
3.787177999999999933e+00 2.454796299999999931e+01 8.734598503298821037e-02
3.791920999999999875e+00 2.450605100000000292e+01 8.759046338868117787e-02
3.796663999999999817e+00 2.451133200000000301e+01 8.791835911771044010e-02
3.801406000000000063e+00 2.435292700000000110e+01 8.795157984811471930e-02
3.806149000000000004e+00 2.454606499999999869e+01 8.861836199842840212e-02
3.810891999999999946e+00 2.460018500000000330e+01 8.903494036595857586e-02
3.815634999999999888e+00 2.447909999999999542e+01 8.913348004546775560e-02
3.820377999999999830e+00 2.451713500000000323e+01 8.952128451268222264e-02
3.825121000000000215e+00 2.442371899999999840e+01 8.966866611666586551e-02
3.829864000000000157e+00 2.437716800000000106e+01 8.990173901806071399e-02
3.834605999999999959e+00 2.435545799999999872e+01 9.017998429446026643e-02
3.839348999999999901e+00 2.442119999999999891e+01 9.062172863743717111e-02
3.844091999999999842e+00 2.449760299999999802e+01 9.108311991026164789e-02
3.848834999999999784e+00 2.448493900000000068e+01 9.138304563863364205e-02
3.853578000000000170e+00 2.443114100000000022e+01 9.165193593787530901e-02
3.858321000000000112e+00 2.438534600000000196e+01 9.183595821145004723e-02
3.863064000000000053e+00 2.427918199999999871e+01 9.195725008138945500e-02
3.867806999999999995e+00 2.442273099999999886e+01 9.255223957372829546e-02
3.872548999999999797e+00 2.442011899999999969e+01 9.287035770286664049e-02
3.877292000000000183e+00 2.444220299999999924e+01 9.323699806604136830e-02
3.882035000000000124e+00 2.447392300000000276e+01 9.362396356992208624e-02
3.886778000000000066e+00 2.456378600000000034e+01 9.412328493115026951e-02
3.891521000000000008e+00 2.460079499999999797e+01 9.452230469671749069e-02
3.896263999999999950e+00 2.438659900000000036e+01 9.443795138518942811e-02
3.901006999999999891e+00 2.446433199999999886e+01 9.491762223392082032e-02
3.905749000000000137e+00 2.446894999999999953e+01 9.525826905238830855e-02
3.910492000000000079e+00 2.453488199999999608e+01 9.571929214117495810e-02
3.915235000000000021e+00 2.444186300000000145e+01 9.587056029092298759e-02
3.919977999999999962e+00 2.435453199999999896e+01 9.599064838253620890e-02
3.924720999999999904e+00 2.441728400000000221e+01 9.619978760417717545e-02
3.929463999999999846e+00 2.461202799999999868e+01 9.665697925528139722e-02
3.934206999999999788e+00 2.446337699999999771e+01 9.649142598368934398e-02
3.938949000000000034e+00 2.451284099999999810e+01 9.669452672352195355e-02
3.943691999999999975e+00 2.445999300000000076e+01 9.669477018128849743e-02
3.948434999999999917e+00 2.441663099999999886e+01 9.671253915747068941e-02
3.953177999999999859e+00 2.420220399999999827e+01 9.641670365950030797e-02
3.957920999999999800e+00 2.431526099999999602e+01 9.681248200192474340e-02
3.962664000000000186e+00 2.439888600000000096e+01 9.698742858368139541e-02
3.967407000000000128e+00 2.447678699999999807e+01 9.739216531940288191e-02
3.972150000000000070e+00 2.438747099999999790e+01 9.754232980803616282e-02
3.976891999999999872e+00 2.450186100000000167e+01 9.810055306794043806e-02
3.981634999999999813e+00 2.438616199999999878e+01 9.819925511037851107e-02
3.986378000000000199e+00 2.448535700000000404e+01 9.873195724399724815e-02
3.991121000000000141e+00 2.438126799999999861e+01 9.885518519720855324e-02
3.995864000000000082e+00 2.439968000000000004e+01 9.922833034704353627e-02
4.000606999999999580e+00 2.430448700000000173e+01 9.937092971799549312e-02
4.005349999999999966e+00 2.441600300000000345e+01 9.993804326317680398e-02
4.010092000000000212e+00 2.439577999999999847e+01 1.002374202673273207e-01
4.014834999999999710e+00 2.444458499999999646e+01 1.006805155019261794e-01
4.019578000000000095e+00 2.455624499999999699e+01 1.012561155198948848e-01
4.024320999999999593e+00 2.443219199999999702e+01 1.013456898150414676e-01
4.029063999999999979e+00 2.432420899999999619e+01 1.014697887135368043e-01
4.033807000000000365e+00 2.452561100000000138e+01 1.022400001466192421e-01
4.038549999999999862e+00 2.441180300000000258e+01 1.023549575761389246e-01
4.043293000000000248e+00 2.444346299999999772e+01 1.027758939430803570e-01
4.048034999999999606e+00 2.433064700000000258e+01 1.028946232120765136e-01
4.052777999999999992e+00 2.431093100000000007e+01 1.032105157841268772e-01
4.057521000000000377e+00 2.460691700000000282e+01 1.041992253513494282e-01
4.062263999999999875e+00 2.455560700000000196e+01 1.044547763059195944e-01
4.067007000000000261e+00 2.441873000000000005e+01 1.045285515302962487e-01
4.071749999999999758e+00 2.443471900000000119e+01 1.049303360998157658e-01
4.076493000000000144e+00 2.427301499999999379e+01 1.049513222008603419e-01
4.081235000000000390e+00 2.438632200000000338e+01 1.055676536268136401e-01
4.085977999999999888e+00 2.430737900000000451e+01 1.057716025164736617e-01
4.090721000000000274e+00 2.435566600000000292e+01 1.062531822972375695e-01
4.095463999999999771e+00 2.440329899999999697e+01 1.067366826207564873e-01
4.100207000000000157e+00 2.456904099999999858e+01 1.074818918886586150e-01
4.104949999999999655e+00 2.447233899999999807e+01 1.076567298574250681e-01
4.109693000000000040e+00 2.456992100000000079e+01 1.082596643628313676e-01
4.114436000000000426e+00 2.449418899999999866e+01 1.084833683582414332e-01
4.119177999999999784e+00 2.451398099999999403e+01 1.089215972286295547e-01
4.123921000000000170e+00 2.449018099999999620e+01 1.092651903537984054e-01
4.128663999999999668e+00 2.461838400000000249e+01 1.099519355183632002e-01
4.133407000000000053e+00 2.444373199999999713e+01 1.099639073962188629e-01
4.138150000000000439e+00 2.446548299999999898e+01 1.104176703003826310e-01
4.142892999999999937e+00 2.465543600000000168e+01 1.112556055788839898e-01
4.147636000000000323e+00 2.436300300000000263e+01 1.110041727131687861e-01
4.152377999999999680e+00 2.449046200000000084e+01 1.117099363200704659e-01
4.157121000000000066e+00 2.436966400000000021e+01 1.118507209064143748e-01
4.161863999999999564e+00 2.464918599999999671e+01 1.129136316737903850e-01
4.166606999999999950e+00 2.475800400000000323e+01 1.135897597434777362e-01
4.171350000000000335e+00 2.445402600000000248e+01 1.133175386006967517e-01
4.176092999999999833e+00 2.440840000000000032e+01 1.136494073375602792e-01
4.180836000000000219e+00 2.466267700000000218e+01 1.148338638030450554e-01
4.185577999999999577e+00 2.450616600000000034e+01 1.147862651376614085e-01
4.190320999999999962e+00 2.468145900000000026e+01 1.155992508470383706e-01
4.195064000000000348e+00 2.461936800000000147e+01 1.159009689687549721e-01
4.199806999999999846e+00 2.455638100000000179e+01 1.162030217685783712e-01
4.204550000000000232e+00 2.433414799999999900e+01 1.161285071218557396e-01
4.209292999999999729e+00 2.453721499999999978e+01 1.170709051983852278e-01
4.214036000000000115e+00 2.445324400000000153e+01 1.173314091476084647e-01
4.218778999999999613e+00 2.444310899999999975e+01 1.177736170162125146e-01
4.223520999999999859e+00 2.464508700000000019e+01 1.187309628147451834e-01
4.228264000000000244e+00 2.437001099999999809e+01 1.185404150627291237e-01
4.233006999999999742e+00 2.450944199999999995e+01 1.193579176487379045e-01
4.237750000000000128e+00 2.477675900000000198e+01 1.204929809006786146e-01
4.242492999999999626e+00 2.452996499999999713e+01 1.203801620683777607e-01
4.247236000000000011e+00 2.452543500000000165e+01 1.208611898500730336e-01
4.251979000000000397e+00 2.438628899999999788e+01 1.210190557684189538e-01
4.256720999999999755e+00 2.454427700000000101e+01 1.221188646783116782e-01
4.261464000000000141e+00 2.464148100000000241e+01 1.226986256503531381e-01
4.266206999999999638e+00 2.462198699999999718e+01 1.231233399246109556e-01
4.270950000000000024e+00 2.451224200000000053e+01 1.233663258025065740e-01
4.275693000000000410e+00 2.459419499999999914e+01 1.240947817056680391e-01
4.280435999999999908e+00 2.449187599999999776e+01 1.243648579746621935e-01
4.285179000000000293e+00 2.451768399999999914e+01 1.249634067692178413e-01
4.289921999999999791e+00 2.471866999999999592e+01 1.260155051828067418e-01
4.294664000000000037e+00 2.447243099999999671e+01 1.259310423678459134e-01
4.299407000000000423e+00 2.456081700000000012e+01 1.267078181142422821e-01
4.304149999999999920e+00 2.472574499999999986e+01 1.276903419729154832e-01
4.308893000000000306e+00 2.462892699999999735e+01 1.280046260270733538e-01
4.313635999999999804e+00 2.460305899999999824e+01 1.285054651495382838e-01
4.318379000000000190e+00 2.447662599999999244e+01 1.287485482115406366e-01
4.323121999999999687e+00 2.450856900000000493e+01 1.295042077087177057e-01
4.327863999999999933e+00 2.465628299999999840e+01 1.304559610696728600e-01
4.332607000000000319e+00 2.462132800000000188e+01 1.308940368403350984e-01
4.337349999999999817e+00 2.452164000000000144e+01 1.312308656444683419e-01
4.342093000000000202e+00 2.454602600000000123e+01 1.319040649461547254e-01
4.346835999999999700e+00 2.444800400000000451e+01 1.322538546959823036e-01
4.351579000000000086e+00 2.462236999999999654e+01 1.333473918001702174e-01
4.356321999999999584e+00 2.459135399999999905e+01 1.338938148963285946e-01
4.361063999999999830e+00 2.442268500000000131e+01 1.340700861959766288e-01
4.365807000000000215e+00 2.464638499999999866e+01 1.353294825774916110e-01
4.370549999999999713e+00 2.462343800000000016e+01 1.359195902113911614e-01
4.375293000000000099e+00 2.448016300000000101e+01 1.361841684553292686e-01
4.380035999999999596e+00 2.460149600000000092e+01 1.372542060301111533e-01
4.384778999999999982e+00 2.472044100000000100e+01 1.383213428937934975e-01
4.389522000000000368e+00 2.447456299999999629e+01 1.382001887962784337e-01
4.394264999999999866e+00 2.449248700000000056e+01 1.389292760358762646e-01
4.399007000000000112e+00 2.478829799999999750e+01 1.400396928109887695e-01
4.403749999999999609e+00 2.457732800000000140e+01 1.395382991116102256e-01
4.408492999999999995e+00 2.444699800000000067e+01 1.392622076857195912e-01
4.413236000000000381e+00 2.450181500000000057e+01 1.395117795583021847e-01
4.417978999999999878e+00 2.447986399999999918e+01 1.395428617055774201e-01
4.422722000000000264e+00 2.433854799999999940e+01 1.392335889112871483e-01
4.427464999999999762e+00 2.454016399999999720e+01 1.398989275037821611e-01
4.432207000000000008e+00 2.438182400000000172e+01 1.395391016447658505e-01
4.436950000000000394e+00 2.463473799999999869e+01 1.404295676814569516e-01
4.441692999999999891e+00 2.457751499999999822e+01 1.409013267929556945e-01
4.446436000000000277e+00 2.490544399999999570e+01 1.425652025328474071e-01
4.451178999999999775e+00 2.454330300000000165e+01 1.422540022724348707e-01
4.455922000000000160e+00 2.460053700000000276e+01 1.431602374607083283e-01
4.460664999999999658e+00 2.462487000000000137e+01 1.439827678502090813e-01
4.465408000000000044e+00 2.440323300000000017e+01 1.440924362292278493e-01
4.470150000000000290e+00 2.463874800000000320e+01 1.455586488469039763e-01
4.474892999999999788e+00 2.446952300000000236e+01 1.458397127789687331e-01
4.479636000000000173e+00 2.448691799999999574e+01 1.466837302117801334e-01
4.484378999999999671e+00 2.459810999999999837e+01 1.478237172217584383e-01
4.489122000000000057e+00 2.440388999999999697e+01 1.480543140126774904e-01
4.493865000000000443e+00 2.456865600000000072e+01 1.493832754990273570e-01
4.498607999999999940e+00 2.430516599999999983e+01 1.494182179572310365e-01
4.503350000000000186e+00 2.458584099999999850e+01 1.511339549755910949e-01
4.508092999999999684e+00 2.462817499999999882e+01 1.521340882996368438e-01
4.512836000000000070e+00 2.457064000000000448e+01 1.528389849837795966e-01
4.517578999999999567e+00 2.435370499999999794e+01 1.530545548582880333e-01
4.522321999999999953e+00 2.443749700000000047e+01 1.542260039175433473e-01
4.527065000000000339e+00 2.476775199999999444e+01 1.561945075030232999e-01
4.531807999999999836e+00 2.471615100000000353e+01 1.569757463070537429e-01
4.536551000000000222e+00 2.460515299999999783e+01 1.575793715828543995e-01
4.541292999999999580e+00 2.484017200000000258e+01 1.593084619268204383e-01
4.546035999999999966e+00 2.451236099999999851e+01 1.592429730124940435e-01
4.550779000000000352e+00 2.454723700000000264e+01 1.603611509929786516e-01
4.555521999999999849e+00 2.476372700000000293e+01 1.620956326454235374e-01
4.560265000000000235e+00 2.460896999999999224e+01 1.626292645144922777e-01
4.565007999999999733e+00 2.463490099999999572e+01 1.637798309400467500e-01
4.569751000000000118e+00 2.464896899999999746e+01 1.649066139870735970e-01
4.574493000000000364e+00 2.476577800000000096e+01 1.664028066956191598e-01
4.579235999999999862e+00 2.466311099999999712e+01 1.671800072853144858e-01
4.583979000000000248e+00 2.463910299999999864e+01 1.682418851567649976e-01
4.588721999999999746e+00 2.459466499999999911e+01 1.692553911919729426e-01
4.593465000000000131e+00 2.470393900000000187e+01 1.708205897428269893e-01
4.598207999999999629e+00 2.440652100000000502e+01 1.709947097573653041e-01
4.602951000000000015e+00 2.483405599999999680e+01 1.737276554553940366e-01
4.607693000000000261e+00 2.488627699999999976e+01 1.751779697021480231e-01
4.612435999999999758e+00 2.473328900000000274e+01 1.759284264153903043e-01
4.617179000000000144e+00 2.457227100000000064e+01 1.766666055746498598e-01
4.621921999999999642e+00 2.445673100000000133e+01 1.775898819918322602e-01
4.626665000000000028e+00 2.470734699999999862e+01 1.798723113696685527e-01
4.631408000000000413e+00 2.458676799999999574e+01 1.808320211469359728e-01
4.636150999999999911e+00 2.477112500000000139e+01 1.829456612819967964e-01
4.640894000000000297e+00 2.476864800000000244e+01 1.844072335391781503e-01
4.645635999999999655e+00 2.492969200000000285e+01 1.865106372643871580e-01
4.650379000000000040e+00 2.462152700000000038e+01 1.868880986951598211e-01
4.655122000000000426e+00 2.461825200000000180e+01 1.884463387307431792e-01
4.659864999999999924e+00 2.456520800000000193e+01 1.898492613785855432e-01
4.664608000000000310e+00 2.435248999999999953e+01 1.906654380253681169e-01
4.669350999999999807e+00 2.466178999999999633e+01 1.935623991384411435e-01
4.674094000000000193e+00 2.500626899999999608e+01 1.966574554829363941e-01
4.678836000000000439e+00 2.471790599999999571e+01 1.973002762701973611e-01
4.683578999999999937e+00 2.444586800000000082e+01 1.980285801502889298e-01
4.688322000000000322e+00 2.460398599999999902e+01 2.005394560164537876e-01
4.693064999999999820e+00 2.470028800000000047e+01 2.028605576324683246e-01
4.697808000000000206e+00 2.469644299999999859e+01 2.048234416330765306e-01
4.702550999999999704e+00 2.459220499999999987e+01 2.064273161446514848e-01
4.707294000000000089e+00 2.468806299999999965e+01 2.089277582087566976e-01
4.712036999999999587e+00 2.502485099999999818e+01 2.125224359025142673e-01
4.716778999999999833e+00 2.477526500000000098e+01 2.136889489412234222e-01
4.721522000000000219e+00 2.478866100000000117e+01 2.160440163517619860e-01
4.726264999999999716e+00 2.492721900000000090e+01 2.190267751994851297e-01
4.731008000000000102e+00 2.455298399999999859e+01 2.198134246584848572e-01
4.735750999999999600e+00 2.457789500000000160e+01 2.224469320647005366e-01
4.740493999999999986e+00 2.473772799999999705e+01 2.257809319443167817e-01
4.745237000000000371e+00 2.476788600000000429e+01 2.286202207470589831e-01
4.749978999999999729e+00 2.481268299999999982e+01 2.316328201152731692e-01
4.754722000000000115e+00 2.479197900000000132e+01 2.344416850313128520e-01
4.759464999999999613e+00 2.481422799999999640e+01 2.375618582319853345e-01
4.764207999999999998e+00 2.513142300000000162e+01 2.422230049769948934e-01
4.768951000000000384e+00 2.493079799999999935e+01 2.445125492318385996e-01
4.773693999999999882e+00 2.494649199999999922e+01 2.479875265564649156e-01
4.778437000000000268e+00 2.489681900000000070e+01 2.512728009871830759e-01
4.783178999999999625e+00 2.466066700000000012e+01 2.537423102246935125e-01
4.787922000000000011e+00 2.470091099999999784e+01 2.577806870414843798e-01
4.792665000000000397e+00 2.500514199999999931e+01 2.633912288998910278e-01
4.797407999999999895e+00 2.471482300000000265e+01 2.660520737985759832e-01
4.802151000000000280e+00 2.509926400000000157e+01 2.725431153231031578e-01
4.806893999999999778e+00 2.473126599999999797e+01 2.751571800097068476e-01
4.811637000000000164e+00 2.496077599999999919e+01 2.813094888796446313e-01
4.816379999999999661e+00 2.519722700000000515e+01 2.878038040598504543e-01
4.821121999999999908e+00 2.464743999999999957e+01 2.900393901027624177e-01
4.825865000000000293e+00 2.453428899999999757e+01 2.950691181087164994e-01
4.830607999999999791e+00 2.521516500000000249e+01 3.052554638569547341e-01
4.835351000000000177e+00 2.515585599999999644e+01 3.113939089424121454e-01
4.840093999999999674e+00 2.515211099999999789e+01 3.182948891521755197e-01
4.844837000000000060e+00 2.486658899999999761e+01 3.238397694824199924e-01
4.849579999999999558e+00 2.491147300000000087e+01 3.320261133712678059e-01
4.854321999999999804e+00 2.470440699999999978e+01 3.390990432073201499e-01
4.859065000000000190e+00 2.462211699999999936e+01 3.476486234354884131e-01
4.863807999999999687e+00 2.503470400000000140e+01 3.605151176272500813e-01
4.868551000000000073e+00 2.495581899999999820e+01 3.707815246843483292e-01
4.873293999999999571e+00 2.507366400000000084e+01 3.835444138804265934e-01
4.878036999999999956e+00 2.454109599999999958e+01 3.924187744667805844e-01
4.882780000000000342e+00 2.532576399999999950e+01 4.132356870016914985e-01
4.887522999999999840e+00 2.516828800000000044e+01 4.282187461535050810e-01
4.892265000000000086e+00 2.496639700000000062e+01 4.447574785928506413e-01
4.897007999999999583e+00 2.540924000000000049e+01 4.696708435961508554e-01
4.901750999999999969e+00 2.445201200000000341e+01 4.844881184875124980e-01
4.906494000000000355e+00 2.475801200000000080e+01 5.155166195534534035e-01
4.911236999999999853e+00 2.470233599999999896e+01 5.483414852575901888e-01
4.915980000000000238e+00 2.585956299999999786e+01 6.027584629581654863e-01
4.920722999999999736e+00 2.458293199999999956e+01 6.390576482712650996e-01
4.925464999999999982e+00 2.472684699999999935e+01 7.087386392365242482e-01
4.930208000000000368e+00 2.458516799999999591e+01 8.014669911288798687e-01
4.934950999999999866e+00 2.569397399999999720e+01 9.697293317987704109e-01
4.939694000000000251e+00 2.318818499999999716e+01 1.189608607061078738e+00
4.944436999999999749e+00 6.161335400000000462e+00 1.062406143623793264e+00