# copyC
# Sample c= 0.0 mg/ml
#
# Number of frames collected: 10
# Exposure time per frame: 0.5
# No significant radiation damage detected, merging 10 files
# Merged from: /data/visitor/mx1905/bm29/20170412/Poker/1d/Sxl_10gs_183_00001.dat
# Merged from: /data/visitor/mx1905/bm29/20170412/Poker/1d/Sxl_10gs_183_00002.dat
# Merged from: /data/visitor/mx1905/bm29/20170412/Poker/1d/Sxl_10gs_183_00003.dat
# Merged from: /data/visitor/mx1905/bm29/20170412/Poker/1d/Sxl_10gs_183_00004.dat
# Merged from: /data/visitor/mx1905/bm29/20170412/Poker/1d/Sxl_10gs_183_00005.dat
# Merged from: /data/visitor/mx1905/bm29/20170412/Poker/1d/Sxl_10gs_183_00006.dat
# Merged from: /data/visitor/mx1905/bm29/20170412/Poker/1d/Sxl_10gs_183_00007.dat
# Merged from: /data/visitor/mx1905/bm29/20170412/Poker/1d/Sxl_10gs_183_00008.dat
# Merged from: /data/visitor/mx1905/bm29/20170412/Poker/1d/Sxl_10gs_183_00009.dat
# Merged from: /data/visitor/mx1905/bm29/20170412/Poker/1d/Sxl_10gs_183_00010.dat
#
# Sample Information:
# Storage Temperature (degrees C): 20.0
# Measurement Temperature (degrees C): 20.03
# Concentration: 0.0
# Code: 
3.082862000000000102e-02 6.183614499999999907e+02 8.373257002769173951e+00
3.557148999999999728e-02 1.202550200000000132e+03 4.814759784163795686e+00
4.031434999999999880e-02 1.157629500000000235e+03 3.111860827812373387e+00
4.505722000000000199e-02 9.069251700000000938e+02 1.958547045760034688e+00
4.980007999999999657e-02 6.173296400000000403e+02 1.446918113720313537e+00
5.454294999999999977e-02 4.421268200000000661e+02 1.151973080696736762e+00
5.928581000000000129e-02 3.208344000000000165e+02 9.329144093942808302e-01
6.402868000000000448e-02 2.509255700000000218e+02 7.866307378064564260e-01
6.877154000000000600e-02 2.013733799999999974e+02 6.769070999569881675e-01
7.351441000000000225e-02 1.628777800000000013e+02 5.866151927889611262e-01
7.825727999999999851e-02 1.351001899999999978e+02 5.142963722795349524e-01
8.300014000000000003e-02 1.151378799999999956e+02 4.596045527001446085e-01
8.774300999999999628e-02 9.965972099999999045e+01 4.148880921477380856e-01
9.248586999999999780e-02 8.764787400000000162e+01 3.781100331778964874e-01
9.722873999999999406e-02 7.824513300000000982e+01 3.468830478445580900e-01
1.019715999999999956e-01 6.943402800000001207e+01 3.184582070913858365e-01
1.067145000000000038e-01 6.445466399999999396e+01 2.994956106556910802e-01
1.114572999999999953e-01 5.893644399999999450e+01 2.799056945667585117e-01
1.162002000000000035e-01 5.425038700000000347e+01 2.626800050761649019e-01
1.209430999999999978e-01 5.101068999999999676e+01 2.493706864979338411e-01
1.256858999999999893e-01 4.914617800000000614e+01 2.398831113175835805e-01
1.304288000000000114e-01 4.683207699999999818e+01 2.296833563951748425e-01
1.351717000000000057e-01 4.421769700000000114e+01 2.190026907166414127e-01
1.399144999999999972e-01 4.225870899999999608e+01 2.102126839663544244e-01
1.446573999999999915e-01 4.081025300000000300e+01 2.029912429395778484e-01
1.494003000000000136e-01 3.936300500000000113e+01 1.960265150510050458e-01
1.541431000000000051e-01 3.830316799999999944e+01 1.905396310637385571e-01
1.588859999999999995e-01 3.724252099999999643e+01 1.849105399357608426e-01
1.636287999999999909e-01 3.628649899999999917e+01 1.797431699367430802e-01
1.683717000000000130e-01 3.526428800000000052e+01 1.745846020969936407e-01
1.731146000000000074e-01 3.455303800000000081e+01 1.703370640140110526e-01
1.778573999999999988e-01 3.356564799999999593e+01 1.655280764045175546e-01
1.826002999999999932e-01 3.344718000000000302e+01 1.629927603143302151e-01
1.873431999999999875e-01 3.272677900000000051e+01 1.591034397087391639e-01
1.920860000000000067e-01 3.200413499999999800e+01 1.553065126915851579e-01
1.968289000000000011e-01 3.189497900000000641e+01 1.530812743016734812e-01
2.015717999999999954e-01 3.153178699999999779e+01 1.503438557494911343e-01
2.063145999999999869e-01 3.109413500000000141e+01 1.475070470980857917e-01
2.110575000000000090e-01 3.058469200000000043e+01 1.444321743684124637e-01
2.158004000000000033e-01 3.036220499999999944e+01 1.422560640184948322e-01
2.205431999999999948e-01 3.016193000000000524e+01 1.402155806885800327e-01
2.252860999999999891e-01 2.980277399999999943e+01 1.378732308626054448e-01
2.300290000000000112e-01 2.939575700000000325e+01 1.354756333697565707e-01
2.347718000000000027e-01 2.941373500000000263e+01 1.340997475878832612e-01
2.395146999999999970e-01 2.923664700000000494e+01 1.323275719020476915e-01
2.442575999999999914e-01 2.900006300000000081e+01 1.304677700855326195e-01
2.490004000000000106e-01 2.889008399999999455e+01 1.289338311837563977e-01
2.537433000000000050e-01 2.879741100000000031e+01 1.274732999158863234e-01
2.584861999999999993e-01 2.860750100000000273e+01 1.258531178712839760e-01
2.632289999999999908e-01 2.844375900000000001e+01 1.243381302813501288e-01
2.679718999999999851e-01 2.792411200000000093e+01 1.220814952687568622e-01
2.727146999999999766e-01 2.802987300000000204e+01 1.212174588545820858e-01
2.774576000000000264e-01 2.799108400000000074e+01 1.201033410143647895e-01
2.822005000000000208e-01 2.780677799999999777e+01 1.187325458458821370e-01
2.869433000000000122e-01 2.765050800000000208e+01 1.173921874121561792e-01
2.916862000000000066e-01 2.754046799999999706e+01 1.161727107864884700e-01
2.964291000000000009e-01 2.749294299999999680e+01 1.151167657928018756e-01
3.011718999999999924e-01 2.743424200000000113e+01 1.140642524107557537e-01
3.059147999999999867e-01 2.744371800000000050e+01 1.131765670371517318e-01
3.106576999999999811e-01 2.736767500000000197e+01 1.121287325425477377e-01
3.154004999999999725e-01 2.718944200000000322e+01 1.109022058184313125e-01
3.201434000000000224e-01 2.717059099999999461e+01 1.100273703215336463e-01
3.248863000000000167e-01 2.720104400000000311e+01 1.092662321639041451e-01
3.296291000000000082e-01 2.703449200000000019e+01 1.081229922354394468e-01
3.343720000000000026e-01 2.696312199999999848e+01 1.071954262345609504e-01
3.391148999999999969e-01 2.695864300000000213e+01 1.075407659326857307e-01
3.438576999999999884e-01 2.703690999999999889e+01 1.090885181992985870e-01
3.486005999999999827e-01 2.705214600000000047e+01 1.118969976703696051e-01
3.533434999999999770e-01 2.687420900000000046e+01 1.135741983899798413e-01
3.580863000000000240e-01 2.691999400000000264e+01 1.150840170538220270e-01
3.628292000000000184e-01 2.674724699999999800e+01 1.158454639209774983e-01
3.675720000000000098e-01 2.682425200000000132e+01 1.169670619534875777e-01
3.723149000000000042e-01 2.669307799999999631e+01 1.175394571442186092e-01
3.770577999999999985e-01 2.658035700000000290e+01 1.180759456844504840e-01
3.818005999999999900e-01 2.653189099999999456e+01 1.185976282435534240e-01
3.865434999999999843e-01 2.643709499999999935e+01 1.189696684383011183e-01
3.912863999999999787e-01 2.673535600000000301e+01 1.201186298670447739e-01
3.960292000000000256e-01 2.638546799999999593e+01 1.198204681380418413e-01
4.007721000000000200e-01 2.666501500000000391e+01 1.209683220506848206e-01
4.055150000000000143e-01 2.675713000000000008e+01 1.253535272421602009e-01
4.102578000000000058e-01 2.663183600000000339e+01 1.283209420002171808e-01
4.150007000000000001e-01 2.642600300000000146e+01 1.306230061749227289e-01
4.197435999999999945e-01 2.655461299999999980e+01 1.329573033572921115e-01
4.244863999999999860e-01 2.654852999999999952e+01 1.350947051579350355e-01
4.292292999999999803e-01 2.638051000000000457e+01 1.367237232921576784e-01
4.339721999999999746e-01 2.632604299999999853e+01 1.386737067345767682e-01
4.387150000000000216e-01 2.643746500000000310e+01 1.409942739193407735e-01
4.434579000000000160e-01 2.646429100000000290e+01 1.431381328022361954e-01
4.482008000000000103e-01 2.637869099999999634e+01 1.453193146592950402e-01
4.529436000000000018e-01 2.637444699999999642e+01 1.476760196201173936e-01
4.576864999999999961e-01 2.622535000000000238e+01 1.487957631304927253e-01
4.624293999999999905e-01 2.619350600000000284e+01 1.499441633807431784e-01
4.671721999999999819e-01 2.635900799999999933e+01 1.496740521004202018e-01
4.719150999999999763e-01 2.647541700000000020e+01 1.441000723038403097e-01
4.766579000000000232e-01 2.662662100000000009e+01 1.417900671306893678e-01
4.814008000000000176e-01 2.638096200000000024e+01 1.393416276648012375e-01
4.861437000000000119e-01 2.641442400000000390e+01 1.380575965439508335e-01
4.908865000000000034e-01 2.652422500000000127e+01 1.372161701127421751e-01
4.956293999999999977e-01 2.644605500000000120e+01 1.360496220858477545e-01
5.003722999999999921e-01 2.628988399999999359e+01 1.347942597644680718e-01
5.051151000000000391e-01 2.624396699999999782e+01 1.339123241052159463e-01
5.098580000000000334e-01 2.617088000000000392e+01 1.330305842608011102e-01
5.146009000000000277e-01 2.621054300000000126e+01 1.324884989528430645e-01
5.193436999999999637e-01 2.634420000000000073e+01 1.322182641654068014e-01
5.240865999999999580e-01 2.610169200000000345e+01 1.310414015592427373e-01
5.288294999999999524e-01 2.610924999999999585e+01 1.305237645395898594e-01
5.335722999999999994e-01 2.615336500000000086e+01 1.298658899265064948e-01
5.383151999999999937e-01 2.635132000000000474e+01 1.294158140252562039e-01
5.430580999999999881e-01 2.597344400000000064e+01 1.275895457987632209e-01
5.478009000000000350e-01 2.599010499999999979e+01 1.267697747480719395e-01
5.525438000000000294e-01 2.623995499999999836e+01 1.265435337552836270e-01
5.572867000000000237e-01 2.622876799999999520e+01 1.257054602989320924e-01
5.620294999999999597e-01 2.626719499999999741e+01 1.250131411142964555e-01
5.667723999999999540e-01 2.623335900000000009e+01 1.241733158564174017e-01
5.715152000000000010e-01 2.605624399999999952e+01 1.230187601998032620e-01
5.762580999999999953e-01 2.610319700000000154e+01 1.224103452119987417e-01
5.810009999999999897e-01 2.598438099999999551e+01 1.214663522991136918e-01
5.857438000000000367e-01 2.610403899999999311e+01 1.213815994846999119e-01
5.904867000000000310e-01 2.611617600000000294e+01 1.211180700149040446e-01
5.952296000000000253e-01 2.604141400000000317e+01 1.206525699360042614e-01
5.999723999999999613e-01 2.611450100000000063e+01 1.206604596407066660e-01
6.047152999999999556e-01 2.609094099999999727e+01 1.203011283926455899e-01
6.094581999999999500e-01 2.608525300000000158e+01 1.199022266403939607e-01
6.142009999999999970e-01 2.609725200000000456e+01 1.197612529003178744e-01
6.189438999999999913e-01 2.619463799999999765e+01 1.195948459661740626e-01
6.236867999999999856e-01 2.599918699999999916e+01 1.188728877546898766e-01
6.284296000000000326e-01 2.600215799999999788e+01 1.186092489005026868e-01
6.331725000000000270e-01 2.590510199999999941e+01 1.181169254497648202e-01
6.379154000000000213e-01 2.598827499999999802e+01 1.180380639234988455e-01
6.426581999999999573e-01 2.609232300000000038e+01 1.180087571633012394e-01
6.474010999999999516e-01 2.606842599999999877e+01 1.176922098554662038e-01
6.521439999999999459e-01 2.605916900000000425e+01 1.174078402809522748e-01
6.568867999999999929e-01 2.591901000000000366e+01 1.168316524274201074e-01
6.616296999999999873e-01 2.580596899999999749e+01 1.163204609824991104e-01
6.663725999999999816e-01 2.601381799999999700e+01 1.165331293654873202e-01
6.711154000000000286e-01 2.608280899999999747e+01 1.164314892472208401e-01
6.758583000000000229e-01 2.595347999999999544e+01 1.158893500457915254e-01
6.806010999999999589e-01 2.594886000000000337e+01 1.156289152204049708e-01
6.853439999999999532e-01 2.587160599999999633e+01 1.152096039054158194e-01
6.900868999999999476e-01 2.589650599999999869e+01 1.150168499853817111e-01
6.948296999999999946e-01 2.584259499999999932e+01 1.146510369501004545e-01
6.995725999999999889e-01 2.583549599999999913e+01 1.143922538606657602e-01
7.043154999999999832e-01 2.611016700000000057e+01 1.147568099208351872e-01
7.090583000000000302e-01 2.600443699999999581e+01 1.142820124163877321e-01
7.138012000000000246e-01 2.582726299999999853e+01 1.136520510946234658e-01
7.185441000000000189e-01 2.592626000000000275e+01 1.136325082172500445e-01
7.232868999999999549e-01 2.587282599999999633e+01 1.132804420462839579e-01
7.280297999999999492e-01 2.598144800000000032e+01 1.132820927400129685e-01
7.327727000000000546e-01 2.585170199999999952e+01 1.127646111055609496e-01
7.375154999999999905e-01 2.595202500000000256e+01 1.127516256741852851e-01
7.422583999999999849e-01 2.585481100000000154e+01 1.123110036035249726e-01
7.470012999999999792e-01 2.604602399999999918e+01 1.124952574802009081e-01
7.517441000000000262e-01 2.587972400000000306e+01 1.119067735545422604e-01
7.564870000000000205e-01 2.576137299999999897e+01 1.114252768363592772e-01
7.612299000000000149e-01 2.587595099999999704e+01 1.114488784289832946e-01
7.659726999999999508e-01 2.616100899999999996e+01 1.118357693575982026e-01
7.707155999999999452e-01 2.598295399999999944e+01 1.112306888188493714e-01
7.754585000000000505e-01 2.591724199999999811e+01 1.108696872914080311e-01
7.802012999999999865e-01 2.588022900000000348e+01 1.106808089733554573e-01
7.849441999999999808e-01 2.592005599999999887e+01 1.105085147138572255e-01
7.896870000000000278e-01 2.580796400000000546e+01 1.099800699632574458e-01
7.944299000000000222e-01 2.587631199999999509e+01 1.099101331091369288e-01
7.991728000000000165e-01 2.585106200000000243e+01 1.096429248866346295e-01
8.039155999999999525e-01 2.590343500000000176e+01 1.095400588937060771e-01
8.086584999999999468e-01 2.598192599999999786e+01 1.094920281312032201e-01
8.134014000000000522e-01 2.588429499999999805e+01 1.090753413938810451e-01
8.181441999999999881e-01 2.575740900000000266e+01 1.086811187388154326e-01
8.228870999999999825e-01 2.587424700000000399e+01 1.086405906461420240e-01
8.276299999999999768e-01 2.574813800000000441e+01 1.081629419097423633e-01
8.323728000000000238e-01 2.565102499999999708e+01 1.077533721072477524e-01
8.371157000000000181e-01 2.568934399999999840e+01 1.076303720931066910e-01
8.418586000000000125e-01 2.600757699999999772e+01 1.080901080105899359e-01
8.466013999999999484e-01 2.583885000000000076e+01 1.075346818420378214e-01
8.513443000000000538e-01 2.569418200000000141e+01 1.070324137069644799e-01
8.560872000000000481e-01 2.560796700000000214e+01 1.066538132158949131e-01
8.608299999999999841e-01 2.590555400000000219e+01 1.070717611496668081e-01
8.655728999999999784e-01 2.588092199999999821e+01 1.068210035639405586e-01
8.703157999999999728e-01 2.584867100000000306e+01 1.065572526487615496e-01
8.750586000000000197e-01 2.578138299999999816e+01 1.062228959114144972e-01
8.798015000000000141e-01 2.582212000000000174e+01 1.061116357072832972e-01
8.845442999999999500e-01 2.577471200000000096e+01 1.058191184538531393e-01
8.892872000000000554e-01 2.579769500000000448e+01 1.056731116986568270e-01
8.940301000000000498e-01 2.579092700000000349e+01 1.054681146332795694e-01
8.987728999999999857e-01 2.577141599999999855e+01 1.052372957567819511e-01
9.035157999999999801e-01 2.583597200000000527e+01 1.051775193443836576e-01
9.082586999999999744e-01 2.567320899999999639e+01 1.046574639419520780e-01
9.130015000000000214e-01 2.581340000000000146e+01 1.047552326424809194e-01
9.177444000000000157e-01 2.578591999999999729e+01 1.045126752131572828e-01
9.224873000000000101e-01 2.577944000000000457e+01 1.043124169737083690e-01
9.272300999999999460e-01 2.577074499999999802e+01 1.041097933761238464e-01
9.319730000000000514e-01 2.570125600000000077e+01 1.037860530372429063e-01
9.367159000000000457e-01 2.584576700000000571e+01 1.038943358796541733e-01
9.414586999999999817e-01 2.566820000000000235e+01 1.033538729130040884e-01
9.462015999999999760e-01 2.573880000000000479e+01 1.033146601295900358e-01
9.509444999999999704e-01 2.574288599999999860e+01 1.031433269628418553e-01
9.556873000000000173e-01 2.575276699999999863e+01 1.029838852273471106e-01
9.604302000000000117e-01 2.580938000000000443e+01 1.029172190018507183e-01
9.651731000000000060e-01 2.566235800000000111e+01 1.024465063475138715e-01
9.699159000000000530e-01 2.563355700000000326e+01 1.022133923460399607e-01
9.746588000000000473e-01 2.550255199999999789e+01 1.017770897602544855e-01
9.794017000000000417e-01 2.568207199999999801e+01 1.019589249183375790e-01
9.841444999999999776e-01 2.561684199999999834e+01 1.016557698417645261e-01
9.888873999999999720e-01 2.573463300000000231e+01 1.017167394194755936e-01
9.936302000000000190e-01 2.576249100000000070e+01 1.015997166841246663e-01
9.983731000000000133e-01 2.560610700000000151e+01 1.011187555673283694e-01
1.003115999999999897e+00 2.557554999999999978e+01 1.008883978349805199e-01
1.007859000000000060e+00 2.560776200000000102e+01 1.007831680535505037e-01
1.012602000000000002e+00 2.559842599999999635e+01 1.005967726358609343e-01
1.017344999999999944e+00 2.557968999999999937e+01 1.003911085248633955e-01
1.022086999999999968e+00 2.573495200000000338e+01 1.005280992148692709e-01
1.026829999999999909e+00 2.580137399999999914e+01 1.004917163337804703e-01
1.031573000000000073e+00 2.573072599999999710e+01 1.001886175320914479e-01
1.036316000000000015e+00 2.557511799999999980e+01 9.971980901995200486e-02
1.041058999999999957e+00 2.561238399999999871e+01 9.962879871197233284e-02
1.045801999999999898e+00 2.565084000000000586e+01 9.954102959109223381e-02
1.050545000000000062e+00 2.565183599999999586e+01 9.938106510621376455e-02
1.055287000000000086e+00 2.562722400000000178e+01 9.917082776453364779e-02
1.060030000000000028e+00 2.558652199999999866e+01 9.893166436523545548e-02
1.064772999999999969e+00 2.561374999999999957e+01 9.882488257952953825e-02
1.069515999999999911e+00 2.565916000000000352e+01 9.875366697063202304e-02
1.074259000000000075e+00 2.553113799999999500e+01 9.834787399469496760e-02
1.079002000000000017e+00 2.556179599999999752e+01 9.824944950378908248e-02
1.083744999999999958e+00 2.563081199999999882e+01 9.824675644799577001e-02
1.088487999999999900e+00 2.569744600000000290e+01 9.824003614180372435e-02
1.093229999999999924e+00 2.569462899999999905e+01 9.803518600764829505e-02
1.097973000000000088e+00 2.552270399999999739e+01 9.755223561336562321e-02
1.102716000000000030e+00 2.565566400000000158e+01 9.765245605271635765e-02
1.107458999999999971e+00 2.564146500000000373e+01 9.747251291656688910e-02
1.112201999999999913e+00 2.551642700000000019e+01 9.708125798998486211e-02
1.116945000000000077e+00 2.544462699999999700e+01 9.679327881026501823e-02
1.121688000000000018e+00 2.550610900000000214e+01 9.675968654298079674e-02
1.126430000000000042e+00 2.548243600000000342e+01 9.656508729275867231e-02
1.131172999999999984e+00 2.559708699999999837e+01 9.663149033915342800e-02
1.135915999999999926e+00 2.557916900000000382e+01 9.644853860239147036e-02
1.140659000000000090e+00 2.562621000000000393e+01 9.638918136738636178e-02
1.145402000000000031e+00 2.555170199999999880e+01 9.610173306757478773e-02
1.150144999999999973e+00 2.554180299999999804e+01 9.593536554269077588e-02
1.154887999999999915e+00 2.559271899999999533e+01 9.588447221722504188e-02
1.159631000000000078e+00 2.547016200000000552e+01 9.550967960397313550e-02
1.164373000000000102e+00 2.555033999999999850e+01 9.551561400860646145e-02
1.169116000000000044e+00 2.554053900000000255e+01 9.542362055228151285e-02
1.173858999999999986e+00 2.551819899999999919e+01 9.521240624930871199e-02
1.178601999999999927e+00 2.556395200000000401e+01 9.510901234102055180e-02
1.183345000000000091e+00 2.545569199999999910e+01 9.476569732772878452e-02
1.188088000000000033e+00 2.561030000000000584e+01 9.491026411163758225e-02
1.192830999999999975e+00 2.541285399999999939e+01 9.440276644078127166e-02
1.197572999999999999e+00 2.536121400000000037e+01 9.416705061230387641e-02
1.202315999999999940e+00 2.564162499999999767e+01 9.454653903096135736e-02
1.207059000000000104e+00 2.561740899999999854e+01 9.466775299537483201e-02
1.211802000000000046e+00 2.571798600000000334e+01 9.795933962718256227e-02
1.216544999999999987e+00 2.551574400000000153e+01 9.960429438506905597e-02
1.221287999999999929e+00 2.544273799999999852e+01 1.009569837303343764e-01
1.226031000000000093e+00 2.555868600000000157e+01 1.024536902194000954e-01
1.230774000000000035e+00 2.555061900000000108e+01 1.035669374898866985e-01
1.235516000000000059e+00 2.556045400000000001e+01 1.046231154060511814e-01
1.240259000000000000e+00 2.550076400000000021e+01 1.054681743869405330e-01
1.245001999999999942e+00 2.562533099999999919e+01 1.066413359596272981e-01
1.249745000000000106e+00 2.544545499999999905e+01 1.071380133316405942e-01
1.254488000000000048e+00 2.535328700000000168e+01 1.077802938404883032e-01
1.259230999999999989e+00 2.539157399999999853e+01 1.084111380439842093e-01
1.263973999999999931e+00 2.547379300000000057e+01 1.088655519491000395e-01
1.268715999999999955e+00 2.532129300000000072e+01 1.088024382816681068e-01
1.273458999999999897e+00 2.553957599999999672e+01 1.074798497010946707e-01
1.278202000000000060e+00 2.564192900000000463e+01 1.037148211249424162e-01
1.282945000000000002e+00 2.567773299999999992e+01 1.018076067136773483e-01
1.287687999999999944e+00 2.553464200000000517e+01 1.000937781057678888e-01
1.292431000000000108e+00 2.554854999999999876e+01 9.896465198148782227e-02
1.297174000000000049e+00 2.569877699999999976e+01 9.826678392902202241e-02
1.301916000000000073e+00 2.562090200000000095e+01 9.724829440831546379e-02
1.306659000000000015e+00 2.569099699999999942e+01 9.659893689017598484e-02
1.311401999999999957e+00 2.557669200000000131e+01 9.567216122039054471e-02
1.316144999999999898e+00 2.556908599999999865e+01 9.500118200938818813e-02
1.320888000000000062e+00 2.548184300000000135e+01 9.436679480908471973e-02
1.325631000000000004e+00 2.557318400000000480e+01 9.429230340835036139e-02
1.330373999999999945e+00 2.549446499999999816e+01 9.391742500482751221e-02
1.335117000000000109e+00 2.556033599999999950e+01 9.381887376566667991e-02
1.339858999999999911e+00 2.565849700000000055e+01 9.378558922502112927e-02
1.344602000000000075e+00 2.543668500000000066e+01 9.317460755410725270e-02
1.349345000000000017e+00 2.546424200000000226e+01 9.302729222599999404e-02
1.354087999999999958e+00 2.540335399999999666e+01 9.272433456393903983e-02
1.358830999999999900e+00 2.529987600000000114e+01 9.234806387273694628e-02
1.363574000000000064e+00 2.559584900000000118e+01 9.270326376145394953e-02
1.368317000000000005e+00 2.553295800000000071e+01 9.241074368175812570e-02
1.373059000000000029e+00 2.552436300000000102e+01 9.222098656109627146e-02
1.377801999999999971e+00 2.545347900000000152e+01 9.192099792784182155e-02
1.382544999999999913e+00 2.560669899999999899e+01 9.202839744384881671e-02
1.387288000000000077e+00 2.559065599999999918e+01 9.183450578242961793e-02
1.392031000000000018e+00 2.539569800000000299e+01 9.132223605731518146e-02
1.396773999999999960e+00 2.539561799999999891e+01 9.116209205039997598e-02
1.401516999999999902e+00 2.537701099999999954e+01 9.097120644629266839e-02
1.406260000000000066e+00 2.540437999999999619e+01 9.086564936868553322e-02
1.411002000000000089e+00 2.557748300000000086e+01 9.102186139200406367e-02
1.415745000000000031e+00 2.549228100000000197e+01 9.071839857689066589e-02
1.420487999999999973e+00 2.526860100000000031e+01 9.017084828479657310e-02
1.425230999999999915e+00 2.539875900000000186e+01 9.025563824184504313e-02
1.429974000000000078e+00 2.539714000000000027e+01 9.010768263746327111e-02
1.434717000000000020e+00 2.536467600000000289e+01 8.990580682071820651e-02
1.439459999999999962e+00 2.539813900000000046e+01 8.982246893814208044e-02
1.444201999999999986e+00 2.535653200000000140e+01 8.960802454611473122e-02
1.448944999999999927e+00 2.533438999999999908e+01 8.943002804840385900e-02
1.453688000000000091e+00 2.528840100000000035e+01 8.921041241522706389e-02
1.458431000000000033e+00 2.535810000000000031e+01 8.919610473983043131e-02
1.463173999999999975e+00 2.536852999999999980e+01 8.910244751778650940e-02
1.467916999999999916e+00 2.542666299999999779e+01 8.907196816641080317e-02
1.472660000000000080e+00 2.556959700000000169e+01 8.916247625235852736e-02
1.477402000000000104e+00 2.541267699999999863e+01 8.875588535358204523e-02
1.482145000000000046e+00 2.540127599999999930e+01 8.860484160811642196e-02
1.486887999999999987e+00 2.535804800000000014e+01 8.839987047505103168e-02
1.491630999999999929e+00 2.536378400000000255e+01 8.828039434020104603e-02
1.496374000000000093e+00 2.540365999999999502e+01 8.822092986249183144e-02
1.501117000000000035e+00 2.564182200000000122e+01 8.855053412806609958e-02
1.505859999999999976e+00 2.550573199999999829e+01 8.989479310765279008e-02
1.510602999999999918e+00 2.558584499999999906e+01 9.256833925191323975e-02
1.515344999999999942e+00 2.563141399999999948e+01 9.418601184004873894e-02
1.520088000000000106e+00 2.554707799999999907e+01 9.526984054415385539e-02
1.524831000000000047e+00 2.539977999999999980e+01 9.607286471582077159e-02
1.529573999999999989e+00 2.554680999999999713e+01 9.710880519678995182e-02
1.534316999999999931e+00 2.562209000000000358e+01 9.454851420517562666e-02
1.539060000000000095e+00 2.564538399999999996e+01 9.312345732977325707e-02
1.543803000000000036e+00 2.545355399999999690e+01 9.179603614773682030e-02
1.548545000000000060e+00 2.558488300000000137e+01 9.107152064889660614e-02
1.553288000000000002e+00 2.540831199999999868e+01 8.995130780802633452e-02
1.558030999999999944e+00 2.541583299999999923e+01 8.920687800531862388e-02
1.562774000000000107e+00 2.543241599999999636e+01 8.834275074221427382e-02
1.567517000000000049e+00 2.548648899999999884e+01 8.762280734295380125e-02
1.572259999999999991e+00 2.538229000000000113e+01 8.693082165635213077e-02
1.577002999999999933e+00 2.532629999999999981e+01 8.649358855179729855e-02
1.581746000000000096e+00 2.536779100000000042e+01 8.639733130574867026e-02
1.586487999999999898e+00 2.539057299999999984e+01 8.645883435859982868e-02
1.591231000000000062e+00 2.529211099999999846e+01 8.640160339669514244e-02
1.595974000000000004e+00 2.540284900000000334e+01 8.669732303935859252e-02
1.600716999999999945e+00 2.540552800000000033e+01 8.677730181740844762e-02
1.605460000000000109e+00 2.537930999999999671e+01 8.661992369812906989e-02
1.610203000000000051e+00 2.534239699999999829e+01 8.641225722892904859e-02
1.614945999999999993e+00 2.535959600000000336e+01 8.630048515604996084e-02
1.619688000000000017e+00 2.534182600000000107e+01 8.613206398339413872e-02
1.624430999999999958e+00 2.535057199999999966e+01 8.601081387943669554e-02
1.629173999999999900e+00 2.525567400000000262e+01 8.571576187876592257e-02
1.633917000000000064e+00 2.538932600000000050e+01 8.581069732053923926e-02
1.638660000000000005e+00 2.537432300000000041e+01 8.565576541916078424e-02
1.643402999999999947e+00 2.539802199999999743e+01 8.556768638164526097e-02
1.648146000000000111e+00 2.548749400000000520e+01 8.559129842065373028e-02
1.652889000000000053e+00 2.522629500000000036e+01 8.502720818155093396e-02
1.657631000000000077e+00 2.518852400000000102e+01 8.484104747477132225e-02
1.662374000000000018e+00 2.523846599999999896e+01 8.480318235900584367e-02
1.667116999999999960e+00 2.542722900000000053e+01 8.499865316917734614e-02
1.671859999999999902e+00 2.531066399999999916e+01 8.468431347692320643e-02
1.676603000000000065e+00 2.531283499999999975e+01 8.457009239731561046e-02
1.681346000000000007e+00 2.528596200000000138e+01 8.440807707842892804e-02
1.686088999999999949e+00 2.520558499999999924e+01 8.415750746714698027e-02
1.690830999999999973e+00 2.524708400000000097e+01 8.411199185372202070e-02
1.695573999999999915e+00 2.528340599999999938e+01 8.405870504346768524e-02
1.700317000000000078e+00 2.530527500000000174e+01 8.398168089854894658e-02
1.705060000000000020e+00 2.528756399999999616e+01 8.383983769831558630e-02
1.709802999999999962e+00 2.526277400000000029e+01 8.368730078930076977e-02
1.714545999999999903e+00 2.518416400000000266e+01 8.344695612396356432e-02
1.719289000000000067e+00 2.512374399999999852e+01 8.323724292994692797e-02
1.724031000000000091e+00 2.531041899999999600e+01 8.343642841241108443e-02
1.728774000000000033e+00 2.526906699999999972e+01 8.326008908059971680e-02
1.733516999999999975e+00 2.519669299999999978e+01 8.303378284584292390e-02
1.738259999999999916e+00 2.540616200000000191e+01 8.327089065819640035e-02
1.743003000000000080e+00 2.524205800000000366e+01 8.289492642568302427e-02
1.747746000000000022e+00 2.530864299999999645e+01 8.289876970053354499e-02
1.752488999999999963e+00 2.524985499999999305e+01 8.269781915124183036e-02
1.757231999999999905e+00 2.515381600000000262e+01 8.243637997685487884e-02
1.761973999999999929e+00 2.532964000000000127e+01 8.261980743326383103e-02
1.766717000000000093e+00 2.522593499999999977e+01 8.234758228319577489e-02
1.771460000000000035e+00 2.514621100000000098e+01 8.211528760435599095e-02
1.776202999999999976e+00 2.538879599999999925e+01 8.244523203344994444e-02
1.780945999999999918e+00 2.542715299999999701e+01 8.240812338650176094e-02
1.785689000000000082e+00 2.532418500000000705e+01 8.210070485907658422e-02
1.790432000000000023e+00 2.535829400000000078e+01 8.205579043572366893e-02
1.795174000000000047e+00 2.530685100000000176e+01 8.187271856401191761e-02
1.799916999999999989e+00 2.529301700000000253e+01 8.175049282974751474e-02
1.804659999999999931e+00 2.527001100000000022e+01 8.161484227255726143e-02
1.809403000000000095e+00 2.528006100000000345e+01 8.153298727180981198e-02
1.814146000000000036e+00 2.529189400000000276e+01 8.145424774323130335e-02
1.818888999999999978e+00 2.525945800000000219e+01 8.130430293041383816e-02
1.823631999999999920e+00 2.509812900000000013e+01 8.094780196469142375e-02
1.828375000000000083e+00 2.514202299999999823e+01 8.092263749808206730e-02
1.833117000000000107e+00 2.525318100000000143e+01 8.100554125767198133e-02
1.837860000000000049e+00 2.510176600000000491e+01 8.066683936937904531e-02
1.842602999999999991e+00 2.516299800000000175e+01 8.067028326811180594e-02
1.847345999999999933e+00 2.517136399999999696e+01 8.058955102785286817e-02
1.852089000000000096e+00 2.528351900000000185e+01 8.074118862120188700e-02
1.856832000000000038e+00 2.524011099999999885e+01 8.051736682125724964e-02
1.861574999999999980e+00 2.528302900000000264e+01 8.048661779543167527e-02
1.866317000000000004e+00 2.517663199999999790e+01 8.022455735823476319e-02
1.871059999999999945e+00 2.510893799999999842e+01 8.002448918145245449e-02
1.875803000000000109e+00 2.511367299999999858e+01 7.993977929312540143e-02
1.880546000000000051e+00 2.523489400000000060e+01 8.004085145365461007e-02
1.885288999999999993e+00 2.515549000000000390e+01 7.982394940726060539e-02
1.890031999999999934e+00 2.516030900000000159e+01 7.974085274609118978e-02
1.894775000000000098e+00 2.518726500000000001e+01 7.969267083651168648e-02
1.899516999999999900e+00 2.509801900000000074e+01 7.946169856497972694e-02
1.904260000000000064e+00 2.504249000000000080e+01 7.928437078864220000e-02
1.909003000000000005e+00 2.509475300000000075e+01 7.927806256000836937e-02
1.913745999999999947e+00 2.519328800000000257e+01 7.934413276959551009e-02
1.918489000000000111e+00 2.514327399999999813e+01 7.917694954733670021e-02
1.923232000000000053e+00 2.522918500000000108e+01 7.922404131490011492e-02
1.927974999999999994e+00 2.527299500000000165e+01 7.920246966985815262e-02
1.932717999999999936e+00 2.502498999999999896e+01 7.866353851516405538e-02
1.937459999999999960e+00 2.507485700000000151e+01 7.855822200161674540e-02
1.942202999999999902e+00 2.528217800000000182e+01 7.866731916203004160e-02
1.946946000000000065e+00 2.524955199999999778e+01 7.842544111998478451e-02
1.951689000000000007e+00 2.508960500000000238e+01 7.802258272608128542e-02
1.956431999999999949e+00 2.510352799999999718e+01 7.796005814297793379e-02
1.961174999999999891e+00 2.507157400000000180e+01 7.782844895515712846e-02
1.965918000000000054e+00 2.511035399999999740e+01 7.780782945180389487e-02
1.970660000000000078e+00 2.506619800000000353e+01 7.770275250767826047e-02
1.975403000000000020e+00 2.502260300000000015e+01 7.761419473053045304e-02
1.980145999999999962e+00 2.500954099999999869e+01 7.761532212906288586e-02
1.984888999999999903e+00 2.503350200000000214e+01 7.767315123376031250e-02
1.989632000000000067e+00 2.497773000000000110e+01 7.760700497409818432e-02
1.994375000000000009e+00 2.506493200000000243e+01 7.771385978132730465e-02
1.999117999999999951e+00 2.506425500000000284e+01 7.760117390493070921e-02
2.003861000000000114e+00 2.496345700000000178e+01 7.736268267304981239e-02
2.008602999999999916e+00 2.521451900000000279e+01 7.766768898914656882e-02
2.013345999999999858e+00 2.523771099999999734e+01 7.831027536717197202e-02
2.018088999999999800e+00 2.521428099999999972e+01 8.055806979402621582e-02
2.022832000000000185e+00 2.525328600000000279e+01 8.195463082002077404e-02
2.027575000000000127e+00 2.516891899999999893e+01 8.285250747981319497e-02
2.032318000000000069e+00 2.517209700000000083e+01 8.374609777732393290e-02
2.037061000000000011e+00 2.504917099999999763e+01 8.433650122296690310e-02
2.041802999999999813e+00 2.497702799999999712e+01 8.492872220929913174e-02
2.046546000000000198e+00 2.493985500000000144e+01 8.525342940854989393e-02
2.051289000000000140e+00 2.490748900000000177e+01 8.545983628879358363e-02
2.056032000000000082e+00 2.505309600000000358e+01 8.595214875992512882e-02
2.060775000000000023e+00 2.504935299999999643e+01 8.617294706432813978e-02
2.065517999999999965e+00 2.509797899999999871e+01 8.646954679348158035e-02
2.070260999999999907e+00 2.494905099999999720e+01 8.641377892521422133e-02
2.075003000000000153e+00 2.493852199999999897e+01 8.658642810768728271e-02
2.079746000000000095e+00 2.525216800000000106e+01 8.503537145628811689e-02
2.084489000000000036e+00 2.518919999999999959e+01 8.277174617816335234e-02
2.089231999999999978e+00 2.513868099999999828e+01 8.150620609990259779e-02
2.093974999999999920e+00 2.516750599999999949e+01 8.065899801225155652e-02
2.098717999999999861e+00 2.509863099999999747e+01 7.981292031934866804e-02
2.103460999999999803e+00 2.504283200000000420e+01 7.909096967428835834e-02
2.108204000000000189e+00 2.509559399999999840e+01 7.873418986110164441e-02
2.112945999999999991e+00 2.493914199999999681e+01 7.827963157075855383e-02
2.117688999999999933e+00 2.500198599999999871e+01 7.818863247001317518e-02
2.122431999999999874e+00 2.497837799999999930e+01 7.797476832293506743e-02
2.127174999999999816e+00 2.507136399999999909e+01 7.795416768370821980e-02
2.131918000000000202e+00 2.498549299999999818e+01 7.766408203096010487e-02
2.136661000000000143e+00 2.499810199999999938e+01 7.753496787018616943e-02
2.141404000000000085e+00 2.492223199999999395e+01 7.727466106823892289e-02
2.146145999999999887e+00 2.505338300000000373e+01 7.734090331708895483e-02
2.150888999999999829e+00 2.505385400000000118e+01 7.720964243149880391e-02
2.155632000000000215e+00 2.509056999999999604e+01 7.713883901599634385e-02
2.160375000000000156e+00 2.490584600000000037e+01 7.673068410674441231e-02
2.165118000000000098e+00 2.491615499999999628e+01 7.662666596979539335e-02
2.169861000000000040e+00 2.499169500000000355e+01 7.662593004810187847e-02
2.174603999999999981e+00 2.498451000000000377e+01 7.650091508463870149e-02
2.179346999999999923e+00 2.500425000000000253e+01 7.641906070447936072e-02
2.184089000000000169e+00 2.501130099999999601e+01 7.632062020448995843e-02
2.188832000000000111e+00 2.495458100000000101e+01 7.612723045877078931e-02
2.193575000000000053e+00 2.487026499999999629e+01 7.589382284598331085e-02
2.198317999999999994e+00 2.500797299999999979e+01 7.600001820714387402e-02
2.203060999999999936e+00 2.496352900000000119e+01 7.583070202964892204e-02
2.207803999999999878e+00 2.500599000000000416e+01 7.579550616656503814e-02
2.212546999999999819e+00 2.497238899999999973e+01 7.564633345076085535e-02
2.217289000000000065e+00 2.497794199999999876e+01 7.555733542897274946e-02
2.222032000000000007e+00 2.499830499999999844e+01 7.549224078426802764e-02
2.226774999999999949e+00 2.497045400000000015e+01 7.535562452035812764e-02
2.231517999999999891e+00 2.500940500000000100e+01 7.532101221969139671e-02
2.236260999999999832e+00 2.499985999999999819e+01 7.521400450208126642e-02
2.241004000000000218e+00 2.487913999999999959e+01 7.494116044293283596e-02
2.245747000000000160e+00 2.488480900000000062e+01 7.485978207340773793e-02
2.250490000000000101e+00 2.487940800000000152e+01 7.476254694307504778e-02
2.255231999999999903e+00 2.490065500000000043e+01 7.470586550192427622e-02
2.259974999999999845e+00 2.496155600000000163e+01 7.470954649916636270e-02
2.264717999999999787e+00 2.496565700000000021e+01 7.462911713895856169e-02
2.269461000000000173e+00 2.494331100000000134e+01 7.450973732906054914e-02
2.274204000000000114e+00 2.496208899999999886e+01 7.445228739232530313e-02
2.278947000000000056e+00 2.489655299999999727e+01 7.427003222675684913e-02
2.283689999999999998e+00 2.478752599999999973e+01 7.402375960224054363e-02
2.288431999999999800e+00 2.491687999999999903e+01 7.413372455082706258e-02
2.293175000000000185e+00 2.501042199999999838e+01 7.418982548238337027e-02
2.297918000000000127e+00 2.491120299999999688e+01 7.396064984873577941e-02
2.302661000000000069e+00 2.485600900000000379e+01 7.379749627629517139e-02
2.307404000000000011e+00 2.492139299999999480e+01 7.381410158605061778e-02
2.312146999999999952e+00 2.488039300000000154e+01 7.367291577368985378e-02
2.316889999999999894e+00 2.486222599999999971e+01 7.356624948704466871e-02
2.321632000000000140e+00 2.487547099999999745e+01 7.350720120506494537e-02
2.326375000000000082e+00 2.487618499999999955e+01 7.342985256513660797e-02
2.331118000000000023e+00 2.484928599999999932e+01 7.331175281707087710e-02
2.335860999999999965e+00 2.484232400000000496e+01 7.322413596612048492e-02
2.340603999999999907e+00 2.495069600000000065e+01 7.330629814206485184e-02
2.345346999999999849e+00 2.497914799999999858e+01 7.327165203254051851e-02
2.350089999999999790e+00 2.490745899999999935e+01 7.309004111220693267e-02
2.354833000000000176e+00 2.496214899999999659e+01 7.309415449610523474e-02
2.359574999999999978e+00 2.500379099999999966e+01 7.307988556138959868e-02
2.364317999999999920e+00 2.487737000000000265e+01 7.281991534283598078e-02
2.369060999999999861e+00 2.486364499999999822e+01 7.272511122569494391e-02
2.373803999999999803e+00 2.481781000000000148e+01 7.258410971570775083e-02
2.378547000000000189e+00 2.487385400000000146e+01 7.259217757096214640e-02
2.383290000000000131e+00 2.490105199999999996e+01 7.255865991236813695e-02
2.388033000000000072e+00 2.482676599999999922e+01 7.237729809537862824e-02
2.392774999999999874e+00 2.491663300000000092e+01 7.243529153971908774e-02
2.397517999999999816e+00 2.487027900000000002e+01 7.229577411743925985e-02
2.402261000000000202e+00 2.488246900000000039e+01 7.224172050887976704e-02
2.407004000000000143e+00 2.490035500000000113e+01 7.219559039115754084e-02
2.411747000000000085e+00 2.474333500000000186e+01 7.189659261426858960e-02
2.416490000000000027e+00 2.488618200000000158e+01 7.203318352440492289e-02
2.421232999999999969e+00 2.488730100000000078e+01 7.196415248949786236e-02
2.425975999999999910e+00 2.488760199999999756e+01 7.189383297015120022e-02
2.430718000000000156e+00 2.487438700000000225e+01 7.180481167194020797e-02
2.435461000000000098e+00 2.487270000000000181e+01 7.173301799305811799e-02
2.440204000000000040e+00 2.475035400000000152e+01 7.151241099570129767e-02
2.444946999999999981e+00 2.486371499999999912e+01 7.158150405693500251e-02
2.449689999999999923e+00 2.481482399999999799e+01 7.144211072519343619e-02
2.454432999999999865e+00 2.481155599999999950e+01 7.136907889790437831e-02
2.459175999999999807e+00 2.485888999999999882e+01 7.136899879599685470e-02
2.463918000000000053e+00 2.483122000000000185e+01 7.126090537607349118e-02
2.468660999999999994e+00 2.484987000000000279e+01 7.122023784310398120e-02
2.473403999999999936e+00 2.479535800000000023e+01 7.107474245294385928e-02
2.478146999999999878e+00 2.476358099999999851e+01 7.096226185460267899e-02
2.482889999999999819e+00 2.477359300000000175e+01 7.090976008148525134e-02
2.487633000000000205e+00 2.487614599999999854e+01 7.098956363621135301e-02
2.492376000000000147e+00 2.482481299999999891e+01 7.085000989433029583e-02
2.497117999999999949e+00 2.475150100000000108e+01 7.067937111117925109e-02
2.501860999999999891e+00 2.476793599999999884e+01 7.063710019416426233e-02
2.506603999999999832e+00 2.483811099999999783e+01 7.067152084889358199e-02
2.511347000000000218e+00 2.481599499999999736e+01 7.057313241227217149e-02
2.516090000000000160e+00 2.468630699999999933e+01 7.026946939152949045e-02
2.520833000000000101e+00 2.476607500000000073e+01 7.023868220280617136e-02
2.525576000000000043e+00 2.474947499999999678e+01 7.007235660311489367e-02
2.530318999999999985e+00 2.473134999999999906e+01 6.993205112248031263e-02
2.535060999999999787e+00 2.465921599999999714e+01 6.976613304634850243e-02
2.539804000000000173e+00 2.479342499999999916e+01 6.989224646625474824e-02
2.544547000000000114e+00 2.485238700000000023e+01 6.991291319592682352e-02
2.549290000000000056e+00 2.484779900000000197e+01 6.984370125338576485e-02
2.554032999999999998e+00 2.468718900000000005e+01 6.955561872805315904e-02
2.558775999999999939e+00 2.471783599999999836e+01 6.953665152837604224e-02
2.563518999999999881e+00 2.482313900000000473e+01 6.962508264492331400e-02
2.568261000000000127e+00 2.476073799999999636e+01 6.953172789416857402e-02
2.573004000000000069e+00 2.454239300000000767e+01 6.924041414644629966e-02
2.577747000000000011e+00 2.478758499999999998e+01 6.960079141900614441e-02
2.582489999999999952e+00 2.474535200000000046e+01 6.952233248628816864e-02
2.587232999999999894e+00 2.471509200000000561e+01 6.941860715930203707e-02
2.591975999999999836e+00 2.463841199999999887e+01 6.924938801958108181e-02
2.596719000000000221e+00 2.471099900000000105e+01 6.928975959149880071e-02
2.601462000000000163e+00 2.480929100000000176e+01 6.936635329526052995e-02
2.606203999999999965e+00 2.483474600000000265e+01 6.934108934678269442e-02
2.610946999999999907e+00 2.467563899999999677e+01 6.905784610774289012e-02
2.615689999999999849e+00 2.466450299999999984e+01 6.898181536089202648e-02
2.620432999999999790e+00 2.469459499999999963e+01 6.896344601205048330e-02
2.625176000000000176e+00 2.475709699999999458e+01 6.899066070351261848e-02
2.629919000000000118e+00 2.465292399999999517e+01 6.878554724081215044e-02
2.634662000000000059e+00 2.466613999999999862e+01 6.875895071013810034e-02
2.639403999999999861e+00 2.465116700000000094e+01 6.869063771206743163e-02
2.644146999999999803e+00 2.471244399999999786e+01 6.869376241962729668e-02
2.648890000000000189e+00 2.460970100000000116e+01 6.848786964222569607e-02
2.653633000000000131e+00 2.470232899999999887e+01 6.856804657205278763e-02
2.658376000000000072e+00 2.470142999999999844e+01 6.850941404883711949e-02
2.663119000000000014e+00 2.468825899999999862e+01 6.842075361480462470e-02
2.667861999999999956e+00 2.464501200000000125e+01 6.830199792176067097e-02
2.672604999999999897e+00 2.463953300000000013e+01 6.823613963805982841e-02
2.677347000000000143e+00 2.469922500000000198e+01 6.826072906640391624e-02
2.682090000000000085e+00 2.479130300000000275e+01 6.832975937766208596e-02
2.686833000000000027e+00 2.483320599999999700e+01 6.832969817924047784e-02
2.691575999999999969e+00 2.479481599999999730e+01 6.821893272401584329e-02
2.696318999999999910e+00 2.472552400000000006e+01 6.806599474643927616e-02
2.701061999999999852e+00 2.472049999999999770e+01 6.800187427185738764e-02
2.705804999999999794e+00 2.469763300000000328e+01 6.791323766562304409e-02
2.710547000000000040e+00 2.468945800000000190e+01 6.784490587997156485e-02
2.715289999999999981e+00 2.474130399999999952e+01 6.785932900504838827e-02
2.720032999999999923e+00 2.470662899999999951e+01 6.775523136729591500e-02
2.724775999999999865e+00 2.472189099999999939e+01 6.771951602215345312e-02
2.729518999999999807e+00 2.476670800000000128e+01 6.772443154355081707e-02
2.734262000000000192e+00 2.459361700000000184e+01 6.743150435819818267e-02
2.739005000000000134e+00 2.470751700000000284e+01 6.753145204280298908e-02
2.743746999999999936e+00 2.461719899999999939e+01 6.735194754622393642e-02
2.748489999999999878e+00 2.454722299999999535e+01 6.720062401396506568e-02
2.753232999999999819e+00 2.457823800000000602e+01 6.718768855288594077e-02
2.757976000000000205e+00 2.473870199999999997e+01 6.735121761691839626e-02
2.762719000000000147e+00 2.473842300000000094e+01 6.729561735636875597e-02
2.767462000000000089e+00 2.460082699999999889e+01 6.705305626579446954e-02
2.772205000000000030e+00 2.461615400000000164e+01 6.701932335012120157e-02
2.776947999999999972e+00 2.462135600000000224e+01 6.697180724334381163e-02
2.781690000000000218e+00 2.472200000000000131e+01 6.705384518370666180e-02
2.786433000000000160e+00 2.463629399999999947e+01 6.688285387194986553e-02
2.791176000000000101e+00 2.460571899999999701e+01 6.678709037125662995e-02
2.795919000000000043e+00 2.465290799999999649e+01 6.679724522546195975e-02
2.800661999999999985e+00 2.466524799999999829e+01 6.677525767366382370e-02
2.805404999999999927e+00 2.463484300000000005e+01 6.667038789770687868e-02
2.810147999999999868e+00 2.456175100000000100e+01 6.654945334573379723e-02
2.814890000000000114e+00 2.468369000000000568e+01 6.666941339607841688e-02
2.819633000000000056e+00 2.469874900000000295e+01 6.792562164737690755e-02
2.824375999999999998e+00 2.460712899999999692e+01 6.922272123438806546e-02
2.829118999999999939e+00 2.461264600000000513e+01 7.012516009598480926e-02
2.833861999999999881e+00 2.463634699999999711e+01 7.089142361474623510e-02
2.838604999999999823e+00 2.475024200000000008e+01 7.167678420717478460e-02
2.843348000000000209e+00 2.470704199999999418e+01 7.191612616138817748e-02
2.848091000000000150e+00 2.455152799999999758e+01 7.190698589879568337e-02
2.852832999999999952e+00 2.458910100000000298e+01 7.217210335351118000e-02
2.857575999999999894e+00 2.475449900000000270e+01 7.260889946914703130e-02
2.862318999999999836e+00 2.460748699999999900e+01 7.257349819898926968e-02
2.867062000000000221e+00 2.459142200000000145e+01 7.271988068478521527e-02
2.871805000000000163e+00 2.458375699999999853e+01 7.286884737841883841e-02
2.876548000000000105e+00 2.465085200000000398e+01 7.312068479520004993e-02
2.881291000000000047e+00 2.467937500000000028e+01 7.296533049302318663e-02
2.886032999999999848e+00 2.481680800000000175e+01 7.108193170094986857e-02
2.890775999999999790e+00 2.473453900000000161e+01 6.984869642109937937e-02
2.895519000000000176e+00 2.471826199999999929e+01 6.907133967554920928e-02
2.900262000000000118e+00 2.462136899999999784e+01 6.833965002636756270e-02
2.905005000000000059e+00 2.467812800000000095e+01 6.804979476366110336e-02
2.909748000000000001e+00 2.458718899999999508e+01 6.774616103163927372e-02
2.914490999999999943e+00 2.468567900000000037e+01 6.772295976939947393e-02
2.919233000000000189e+00 2.473680499999999682e+01 6.764861263545764170e-02
2.923976000000000131e+00 2.477994800000000097e+01 6.757457740394903767e-02
2.928719000000000072e+00 2.457413400000000081e+01 6.717043681519571652e-02
2.933462000000000014e+00 2.456691300000000311e+01 6.704474344558489229e-02
2.938204999999999956e+00 2.450412500000000193e+01 6.684956925327267818e-02
2.942947999999999897e+00 2.456161999999999779e+01 6.682413018532226689e-02
2.947690999999999839e+00 2.460498400000000174e+01 6.678370686312792848e-02
2.952433999999999781e+00 2.457453700000000296e+01 6.665428063878943432e-02
2.957176000000000027e+00 2.463087900000000019e+01 6.664481213404011006e-02
2.961918999999999969e+00 2.465023099999999801e+01 6.656820317049801095e-02
2.966661999999999910e+00 2.458130200000000087e+01 6.638917108956926549e-02
2.971404999999999852e+00 2.461326100000000139e+01 6.634852730627410766e-02
2.976147999999999794e+00 2.461551700000000054e+01 6.627010352878136279e-02
2.980891000000000179e+00 2.462827899999999914e+01 6.620775158640188063e-02
2.985634000000000121e+00 2.465265400000000184e+01 6.616275798470012959e-02
2.990375999999999923e+00 2.471279299999999779e+01 6.618437505282799560e-02
2.995118999999999865e+00 2.469288300000000191e+01 6.606871396912762651e-02
2.999861999999999806e+00 2.456482199999999949e+01 6.582128714324265994e-02
3.004605000000000192e+00 2.454150600000000182e+01 6.571843024821347190e-02
3.009348000000000134e+00 2.454851099999999775e+01 6.565741125082681651e-02
3.014091000000000076e+00 2.449476700000000307e+01 6.553590046999277496e-02
3.018834000000000017e+00 2.452993999999999630e+01 6.549467634865066556e-02
3.023576999999999959e+00 2.470265200000000050e+01 6.565741643720685028e-02
3.028319000000000205e+00 2.476361699999999999e+01 6.567149532681663959e-02
3.033062000000000147e+00 2.447440100000000029e+01 6.522113877735806475e-02
3.037805000000000089e+00 2.458413699999999835e+01 6.530258806966382501e-02
3.042548000000000030e+00 2.468480799999999675e+01 6.537219426584287008e-02
3.047290999999999972e+00 2.462842299999999796e+01 6.523402479499329498e-02
3.052033999999999914e+00 2.457894900000000504e+01 6.510558599701257720e-02
3.056776999999999855e+00 2.460187099999999916e+01 6.507414797247444704e-02
3.061519000000000101e+00 2.453099200000000124e+01 6.491877440052684634e-02
3.066262000000000043e+00 2.451598900000000114e+01 6.483846495736925175e-02
3.071004999999999985e+00 2.459668400000000332e+01 6.489772604385457555e-02
3.075747999999999927e+00 2.469010000000000105e+01 6.496411270478878730e-02
3.080490999999999868e+00 2.459921900000000150e+01 6.477841477486540045e-02
3.085233999999999810e+00 2.464347400000000121e+01 6.476846103480381200e-02
3.089977000000000196e+00 2.467420899999999762e+01 6.476902424313955853e-02
3.094720000000000137e+00 2.460664300000000182e+01 6.460488939058096902e-02
3.099461999999999939e+00 2.448389400000000293e+01 6.438548892028389536e-02
3.104204999999999881e+00 2.455786099999999905e+01 6.442570869962084557e-02
3.108947999999999823e+00 2.461252400000000051e+01 6.444062460936501868e-02
3.113691000000000209e+00 2.453433800000000176e+01 6.428222418458387488e-02
3.118434000000000150e+00 2.445037400000000005e+01 6.411656637144411142e-02
3.123177000000000092e+00 2.456811699999999732e+01 6.421517438256085786e-02
3.127920000000000034e+00 2.469096599999999597e+01 6.432035456977674981e-02
3.132661999999999836e+00 2.463054599999999894e+01 6.418671831191949395e-02
3.137405000000000221e+00 2.462682699999999869e+01 6.412764635320714057e-02
3.142148000000000163e+00 2.459073799999999821e+01 6.402634051622582700e-02
3.146891000000000105e+00 2.456737899999999897e+01 6.395019426742268309e-02
3.151634000000000047e+00 2.462336600000000075e+01 6.397177293508285456e-02
3.156376999999999988e+00 2.457290400000000119e+01 6.384270174815284693e-02
3.161119999999999930e+00 2.462395800000000179e+01 6.385663427963692018e-02
3.165862000000000176e+00 2.455317099999999897e+01 6.375639197388133228e-02
3.170605000000000118e+00 2.454367900000000091e+01 6.367507520781109931e-02
3.175348000000000059e+00 2.456705799999999940e+01 6.362532008467147726e-02
3.180091000000000001e+00 2.453649700000000067e+01 6.353379120925886636e-02
3.184833999999999943e+00 2.462167499999999976e+01 6.359226925037272937e-02
3.189576999999999884e+00 2.453595800000000438e+01 6.343014292913898289e-02
3.194319999999999826e+00 2.456955899999999815e+01 6.340409111393364994e-02
3.199063000000000212e+00 2.462231500000000395e+01 6.335577066621003728e-02
3.203805000000000014e+00 2.452922399999999925e+01 6.311870613087058879e-02
3.208547999999999956e+00 2.453220699999999610e+01 6.304486244024884445e-02
3.213290999999999897e+00 2.449490299999999721e+01 6.294723236510084419e-02
3.218033999999999839e+00 2.456392299999999551e+01 6.298635573970683132e-02
3.222776999999999781e+00 2.463621600000000100e+01 6.302950595065616446e-02
3.227520000000000167e+00 2.447713600000000156e+01 6.277676056101573476e-02
3.232263000000000108e+00 2.455206499999999892e+01 6.282387297058419917e-02
3.237004999999999910e+00 2.461206800000000072e+01 6.285177411081568910e-02
3.241747999999999852e+00 2.466453599999999824e+01 6.287021389932119508e-02
3.246490999999999794e+00 2.464206800000000186e+01 6.279326222313505457e-02
3.251234000000000179e+00 2.462404300000000035e+01 6.273961610323974813e-02
3.255977000000000121e+00 2.461277100000000218e+01 6.274141937799143642e-02
3.260720000000000063e+00 2.463242199999999826e+01 6.278420891463791509e-02
3.265463000000000005e+00 2.455810299999999913e+01 6.266687829451536573e-02
3.270205999999999946e+00 2.451000900000000371e+01 6.255786346000796749e-02
3.274948000000000192e+00 2.446996100000000496e+01 6.245909894608070445e-02
3.279691000000000134e+00 2.456224100000000021e+01 6.252897290435850686e-02
3.284434000000000076e+00 2.454415799999999592e+01 6.245879394791337136e-02
3.289177000000000017e+00 2.456853800000000376e+01 6.244274528758965437e-02
3.293919999999999959e+00 2.461973800000000168e+01 6.246059357040565502e-02
3.298662999999999901e+00 2.453461699999999723e+01 6.230563378204413694e-02
3.303405999999999842e+00 2.453222300000000189e+01 6.225605064300095831e-02
3.308148000000000089e+00 2.464148000000000138e+01 6.234797589524539163e-02
3.312891000000000030e+00 2.460445899999999853e+01 6.225443914801820355e-02
3.317633999999999972e+00 2.454230100000000192e+01 6.212973866235878273e-02
3.322376999999999914e+00 2.447709800000000158e+01 6.200191338708911648e-02
3.327119999999999855e+00 2.451739699999999900e+01 6.202252365707559140e-02
3.331862999999999797e+00 2.455836400000000097e+01 6.201212068827834795e-02
3.336606000000000183e+00 2.450548200000000065e+01 6.189972026727987714e-02
3.341347999999999985e+00 2.457714000000000354e+01 6.194461580554923297e-02
3.346090999999999926e+00 2.454595499999999930e+01 6.186001099945909187e-02
3.350833999999999868e+00 2.461777899999999875e+01 6.190487769702884835e-02
3.355576999999999810e+00 2.463967099999999988e+01 6.188728880538797716e-02
3.360320000000000196e+00 2.452195599999999587e+01 6.169456422530918832e-02
3.365063000000000137e+00 2.455609899999999968e+01 6.169263997347738254e-02
3.369806000000000079e+00 2.452917100000000161e+01 6.161418138946909984e-02
3.374549000000000021e+00 2.466267599999999760e+01 6.173670821428366151e-02
3.379290999999999823e+00 2.454909800000000075e+01 6.223499233264675329e-02
3.384034000000000209e+00 2.463349699999999842e+01 6.380468139956267659e-02
3.388777000000000150e+00 2.449261800000000022e+01 6.446309200815611429e-02
3.393520000000000092e+00 2.450761800000000079e+01 6.514731785563163124e-02
3.398263000000000034e+00 2.440202500000000185e+01 6.539991662562116836e-02
3.403005999999999975e+00 2.445172499999999971e+01 6.564282210598047784e-02
3.407748999999999917e+00 2.437567699999999959e+01 6.550682735725872619e-02
3.412491000000000163e+00 2.458907699999999608e+01 6.582934930900806447e-02
3.417234000000000105e+00 2.462023899999999799e+01 6.604642211240666083e-02
3.421977000000000046e+00 2.460961599999999905e+01 6.619207136834667771e-02
3.426719999999999988e+00 2.447644900000000234e+01 6.614711168816064801e-02
3.431462999999999930e+00 2.450235200000000191e+01 6.632005754044097146e-02
3.436205999999999872e+00 2.448311100000000096e+01 6.643763098032018366e-02
3.440948999999999813e+00 2.450084600000000279e+01 6.658225037546493252e-02
3.445692000000000199e+00 2.450819399999999959e+01 6.672364369262667738e-02
3.450434000000000001e+00 2.449473700000000065e+01 6.679818928144759527e-02
3.455176999999999943e+00 2.452128899999999945e+01 6.694405251899977760e-02
3.459919999999999884e+00 2.445469299999999890e+01 6.695792846049450353e-02
3.464662999999999826e+00 2.456123300000000143e+01 6.720497180427427442e-02
3.469406000000000212e+00 2.449235200000000034e+01 6.720866759285890057e-02
3.474149000000000154e+00 2.444879100000000349e+01 6.724340688474669814e-02
3.478892000000000095e+00 2.455218599999999896e+01 6.747762263453419007e-02
3.483633999999999897e+00 2.460870600000000152e+01 6.764431177798987949e-02
3.488376999999999839e+00 2.448566699999999585e+01 6.756144197097260773e-02
3.493119999999999781e+00 2.445498400000000316e+01 6.760302921471343651e-02
3.497863000000000167e+00 2.450307400000000513e+01 6.775115309183969703e-02
3.502606000000000108e+00 2.447566800000000242e+01 6.779295425095369088e-02
3.507349000000000050e+00 2.445263500000000079e+01 6.783836416082569820e-02
3.512091999999999992e+00 2.452866600000000119e+01 6.801978952764041464e-02
3.516833999999999794e+00 2.450862599999999958e+01 6.806593538046692982e-02
3.521577000000000179e+00 2.449680700000000400e+01 6.812153408594084913e-02
3.526320000000000121e+00 2.444085299999999705e+01 6.811424811555288894e-02
3.531063000000000063e+00 2.449969600000000014e+01 6.826514764819527348e-02
3.535806000000000004e+00 2.453837899999999905e+01 6.838692753236542965e-02
3.540548999999999946e+00 2.453572599999999682e+01 6.844891479323028660e-02
3.545291999999999888e+00 2.451063599999999809e+01 6.847895810779322523e-02
3.550034999999999830e+00 2.455581400000000514e+01 6.860609590003063918e-02
3.554777000000000076e+00 2.454275700000000171e+01 6.864990647764643295e-02
3.559520000000000017e+00 2.451882499999999965e+01 6.867760695538757676e-02
3.564262999999999959e+00 2.458490900000000323e+01 6.883009751742764915e-02
3.569005999999999901e+00 2.454509699999999839e+01 6.884662364289770298e-02
3.573748999999999842e+00 2.448618000000000094e+01 6.884182824455566119e-02
3.578491999999999784e+00 2.453841399999999950e+01 6.893873903913241841e-02
3.583235000000000170e+00 2.444885800000000486e+01 6.886885640921663887e-02
3.587976999999999972e+00 2.434002199999999760e+01 6.874672452686236834e-02
3.592719999999999914e+00 2.439643699999999882e+01 6.877263436555633436e-02
3.597462999999999855e+00 2.445784800000000203e+01 6.879781727682209025e-02
3.602205999999999797e+00 2.457110099999999875e+01 6.889583767299153894e-02
3.606949000000000183e+00 2.461067399999999950e+01 6.889050809965693856e-02
3.611692000000000125e+00 2.456906699999999688e+01 6.882299930036542279e-02
3.616435000000000066e+00 2.460088000000000008e+01 6.893635922882641875e-02
3.621178000000000008e+00 2.465314500000000209e+01 6.984360692410437887e-02
3.625919999999999810e+00 2.455405999999999977e+01 7.219557472865216485e-02
3.630663000000000196e+00 2.456247099999999861e+01 7.361376154979175357e-02
3.635406000000000137e+00 2.452498999999999896e+01 7.460744052515540237e-02
3.640149000000000079e+00 2.448169899999999899e+01 7.531434816006442323e-02
3.644892000000000021e+00 2.443718799999999902e+01 7.576032831217140162e-02
3.649634999999999962e+00 2.447488899999999745e+01 7.630776862522190007e-02
3.654377999999999904e+00 2.452830200000000005e+01 7.681557167760127980e-02
3.659120000000000150e+00 2.448227600000000237e+01 7.717179785163424954e-02
3.663863000000000092e+00 2.448045800000000227e+01 7.758158999398181987e-02
3.668606000000000034e+00 2.457488899999999532e+01 7.813132318772733620e-02
3.673348999999999975e+00 2.451224099999999595e+01 7.842080585122547520e-02
3.678091999999999917e+00 2.442652700000000010e+01 7.866241075247694392e-02
3.682834999999999859e+00 2.447163700000000475e+01 7.910654353861569510e-02
3.687577999999999800e+00 2.449419199999999819e+01 7.950778883785916684e-02
3.692321000000000186e+00 2.431100100000000097e+01 7.956766908536343219e-02
3.697062999999999988e+00 2.445932599999999724e+01 8.016303208507022382e-02
3.701805999999999930e+00 2.446329599999999971e+01 8.051831743928208884e-02
3.706548999999999872e+00 2.431424399999999864e+01 8.061619685574232530e-02
3.711291999999999813e+00 2.431531299999999973e+01 8.095761643127594165e-02
3.716035000000000199e+00 2.442857599999999962e+01 8.148335013772138591e-02
3.720778000000000141e+00 2.450314900000000051e+01 8.194259806953950454e-02
3.725521000000000083e+00 2.447964800000000452e+01 8.223506175229031157e-02
3.730262999999999884e+00 2.447757400000000061e+01 8.256191417190374138e-02
3.735005999999999826e+00 2.447305400000000120e+01 8.288168330164510933e-02
3.739749000000000212e+00 2.448451200000000227e+01 8.322702553468615261e-02
3.744492000000000154e+00 2.450560300000000069e+01 8.358722708747311214e-02
3.749235000000000095e+00 2.448094500000000195e+01 8.386792234803722157e-02
3.753978000000000037e+00 2.445145799999999880e+01 8.413897314551740947e-02
3.758720999999999979e+00 2.446551999999999794e+01 8.448282740940610269e-02
3.763462999999999781e+00 2.446071399999999940e+01 8.479404326496584043e-02
3.768206000000000166e+00 2.448652599999999779e+01 8.515716366786296732e-02
3.772949000000000108e+00 2.442881599999999764e+01 8.537416128846889163e-02
3.777692000000000050e+00 2.450509000000000270e+01 8.582415851598254597e-02
3.782434999999999992e+00 2.432085000000000008e+01 8.581681421233021412e-02
3.787177999999999933e+00 2.437800100000000114e+01 8.623274327564268982e-02
3.791920999999999875e+00 2.438986499999999680e+01 8.656910159487679612e-02
3.796663999999999817e+00 2.435138199999999742e+01 8.681504092279286600e-02
3.801406000000000063e+00 2.436471400000000287e+01 8.715382903999857600e-02
3.806149000000000004e+00 2.443535399999999669e+01 8.759505898518477052e-02
3.810891999999999946e+00 2.450720000000000098e+01 8.803918164609778052e-02
3.815634999999999888e+00 2.453061699999999945e+01 8.839643259700925848e-02
3.820377999999999830e+00 2.459606699999999790e+01 8.883057232355592858e-02
3.825121000000000215e+00 2.454388300000000100e+01 8.905224897829981667e-02
3.829864000000000157e+00 2.466749500000000239e+01 8.959350809539941285e-02
3.834605999999999959e+00 2.443991899999999617e+01 8.949505022010489919e-02
3.839348999999999901e+00 2.449389200000000244e+01 8.991136437878974319e-02
3.844091999999999842e+00 2.445944300000000027e+01 9.016495597921234117e-02
3.848834999999999784e+00 2.443141499999999766e+01 9.043319545430152095e-02
3.853578000000000170e+00 2.434548399999999901e+01 9.063918805474263651e-02
3.858321000000000112e+00 2.435806699999999836e+01 9.092999866457933400e-02
3.863064000000000053e+00 2.444358700000000084e+01 9.140913440578078697e-02
3.867806999999999995e+00 2.445862300000000644e+01 9.175787026704031180e-02
3.872548999999999797e+00 2.449013300000000015e+01 9.213765573998940195e-02
3.877292000000000183e+00 2.445045999999999609e+01 9.238470267547978232e-02
3.882035000000000124e+00 2.462131499999999917e+01 9.303109206548851318e-02
3.886778000000000066e+00 2.453833099999999945e+01 9.319859513305819854e-02
3.891521000000000008e+00 2.429080300000000037e+01 9.305057490910896567e-02
3.896263999999999950e+00 2.424707000000000434e+01 9.329091277154812067e-02
3.901006999999999891e+00 2.435126299999999944e+01 9.381651324436174333e-02
3.905749000000000137e+00 2.455445200000000128e+01 9.453623165340471757e-02
3.910492000000000079e+00 2.440602499999999964e+01 9.457883984527035159e-02
3.915235000000000021e+00 2.445464899999999986e+01 9.500276717632334667e-02
3.919977999999999962e+00 2.456433899999999682e+01 9.550589630789975415e-02
3.924720999999999904e+00 2.456460900000000080e+01 9.559135625140957604e-02
3.929463999999999846e+00 2.450664900000000301e+01 9.555190297267762700e-02
3.934206999999999788e+00 2.449281399999999920e+01 9.565067714133287935e-02
3.938949000000000034e+00 2.442223200000000105e+01 9.561699004242132927e-02
3.943691999999999975e+00 2.443731900000000223e+01 9.575007663775000899e-02
3.948434999999999917e+00 2.441324200000000388e+01 9.580553190722861101e-02
3.953177999999999859e+00 2.431626100000000079e+01 9.574407599393239265e-02
3.957920999999999800e+00 2.440463900000000308e+01 9.608720971178681680e-02
3.962664000000000186e+00 2.446246799999999766e+01 9.620949025549195566e-02
3.967407000000000128e+00 2.439926900000000032e+01 9.633264484287659690e-02
3.972150000000000070e+00 2.445878000000000085e+01 9.677542904599854834e-02
3.976891999999999872e+00 2.435023199999999832e+01 9.688612248307545971e-02
3.981634999999999813e+00 2.445976699999999937e+01 9.743155344057796707e-02
3.986378000000000199e+00 2.436897500000000250e+01 9.757991710036650890e-02
3.991121000000000141e+00 2.448638399999999749e+01 9.814564729009381261e-02
3.995864000000000082e+00 2.424571900000000113e+01 9.799406363603460624e-02
4.000606999999999580e+00 2.450298099999999835e+01 9.884698418832969791e-02
4.005349999999999966e+00 2.448221500000000361e+01 9.914189899361772196e-02
4.010092000000000212e+00 2.443058700000000272e+01 9.937495282018252163e-02
4.014834999999999710e+00 2.451867100000000477e+01 9.989413091602629413e-02
4.019578000000000095e+00 2.444395999999999702e+01 1.000837452367925734e-01
4.024320999999999593e+00 2.446542399999999873e+01 1.004704609317967623e-01
4.029063999999999979e+00 2.440466699999999634e+01 1.006911213938895405e-01
4.033807000000000365e+00 2.460520399999999697e+01 1.014521614887933243e-01
4.038549999999999862e+00 2.444642800000000094e+01 1.014741658434455962e-01
4.043293000000000248e+00 2.434001199999999798e+01 1.016034454562727840e-01
4.048034999999999606e+00 2.446332500000000465e+01 1.022141856291185202e-01
4.052777999999999992e+00 2.445751999999999882e+01 1.025577011890613788e-01
4.057521000000000377e+00 2.454913200000000018e+01 1.031077069082253217e-01
4.062263999999999875e+00 2.449413900000000055e+01 1.033527857391715321e-01
4.067007000000000261e+00 2.458597800000000078e+01 1.039096144651407982e-01
4.071749999999999758e+00 2.443600299999999947e+01 1.039562034185392003e-01
4.076493000000000144e+00 2.441709900000000033e+01 1.042823149015781048e-01
4.081235000000000390e+00 2.456006699999999654e+01 1.049569572514080784e-01
4.085977999999999888e+00 2.447746900000000281e+01 1.051525608390675437e-01
4.090721000000000274e+00 2.454501599999999684e+01 1.056721629203940249e-01
4.095463999999999771e+00 2.449565000000000126e+01 1.059427626625231156e-01
4.100207000000000157e+00 2.450947500000000190e+01 1.063521629109295541e-01
4.104949999999999655e+00 2.451675199999999677e+01 1.067512547626710689e-01
4.109693000000000040e+00 2.452889699999999706e+01 1.071620938645615473e-01
4.114436000000000426e+00 2.455408399999999958e+01 1.076048165542356216e-01
4.119177999999999784e+00 2.438391000000000020e+01 1.076210422311891513e-01
4.123921000000000170e+00 2.442864300000000100e+01 1.081117841241624189e-01
4.128663999999999668e+00 2.438600699999999932e+01 1.084131117332719080e-01
4.133407000000000053e+00 2.460923200000000222e+01 1.093084054438980407e-01
4.138150000000000439e+00 2.457177700000000087e+01 1.096271470687662231e-01
4.142892999999999937e+00 2.457370900000000091e+01 1.100370198262493882e-01
4.147636000000000323e+00 2.433673299999999884e+01 1.099115693831218127e-01
4.152377999999999680e+00 2.465639300000000134e+01 1.110442205205930677e-01
4.157121000000000066e+00 2.448311000000000348e+01 1.110669346912392247e-01
4.161863999999999564e+00 2.456376200000000409e+01 1.116681008228415373e-01
4.166606999999999950e+00 2.446990900000000124e+01 1.118753753403732565e-01
4.171350000000000335e+00 2.443240300000000076e+01 1.122130583905567580e-01
4.176092999999999833e+00 2.449993399999999610e+01 1.128022774968249625e-01
4.180836000000000219e+00 2.437931300000000334e+01 1.131096051214224019e-01
4.185577999999999577e+00 2.438379000000000119e+01 1.134335194521592649e-01
4.190320999999999962e+00 2.443982299999999697e+01 1.139609999428892184e-01
4.195064000000000348e+00 2.443927300000000002e+01 1.144011841206523661e-01
4.199806999999999846e+00 2.457064999999999699e+01 1.151543967465984419e-01
4.204550000000000232e+00 2.467814400000000319e+01 1.158575973582160190e-01
4.209292999999999729e+00 2.453134399999999715e+01 1.159674112373838273e-01
4.214036000000000115e+00 2.438970499999999930e+01 1.160883054712355672e-01
4.218778999999999613e+00 2.434677799999999692e+01 1.164470863762893799e-01
4.223520999999999859e+00 2.439552600000000027e+01 1.170283639508918477e-01
4.228264000000000244e+00 2.463626400000000061e+01 1.180766218483070562e-01
4.233006999999999742e+00 2.458507900000000035e+01 1.184290332222766029e-01
4.237750000000000128e+00 2.446823299999999790e+01 1.186258153557757378e-01
4.242492999999999626e+00 2.449068300000000065e+01 1.191637338615918890e-01
4.247236000000000011e+00 2.456794000000000011e+01 1.198398742917798632e-01
4.251979000000000397e+00 2.452320899999999781e+01 1.202286935962156161e-01
4.256720999999999755e+00 2.451662200000000169e+01 1.209137998674018333e-01
4.261464000000000141e+00 2.460793600000000225e+01 1.214734553493511254e-01
4.266206999999999638e+00 2.453892099999999843e+01 1.217710226167576515e-01
4.270950000000000024e+00 2.461692500000000194e+01 1.224784772252374143e-01
4.275693000000000410e+00 2.458275599999999983e+01 1.229110017290665491e-01
4.280435999999999908e+00 2.450272000000000006e+01 1.232343232817618983e-01
4.285179000000000293e+00 2.438055999999999912e+01 1.234534170406024201e-01
4.289921999999999791e+00 2.433488200000000035e+01 1.238693296473295513e-01
4.294664000000000037e+00 2.438396099999999933e+01 1.245325221946897570e-01
4.299407000000000423e+00 2.458722099999999955e+01 1.255953231683254179e-01
4.304149999999999920e+00 2.462016200000000055e+01 1.262311557926481254e-01
4.308893000000000306e+00 2.470797000000000310e+01 1.270161872886696464e-01
4.313635999999999804e+00 2.448719700000000188e+01 1.270090374772256114e-01
4.318379000000000190e+00 2.456799600000000083e+01 1.277881266706390739e-01
4.323121999999999687e+00 2.464537999999999940e+01 1.286561257043814521e-01
4.327863999999999933e+00 2.451102500000000006e+01 1.288601611352368226e-01
4.332607000000000319e+00 2.481730200000000153e+01 1.301907404413147895e-01
4.337349999999999817e+00 2.456855300000000142e+01 1.301332520501236045e-01
4.342093000000000202e+00 2.442908800000000014e+01 1.303644277639460225e-01
4.346835999999999700e+00 2.453878399999999971e+01 1.312656536049179312e-01
4.351579000000000086e+00 2.459210100000000310e+01 1.320245804923965705e-01
4.356321999999999584e+00 2.461421000000000348e+01 1.327089500999567018e-01
4.361063999999999830e+00 2.436158300000000310e+01 1.326554910460482906e-01
4.365807000000000215e+00 2.427141500000000107e+01 1.330458899565687414e-01
4.370549999999999713e+00 2.454714799999999997e+01 1.344454913650870442e-01
4.375293000000000099e+00 2.457637700000000081e+01 1.351809936115191957e-01
4.380035999999999596e+00 2.453868899999999798e+01 1.358027615957429490e-01
4.384778999999999982e+00 2.467155399999999332e+01 1.368979311405175980e-01
4.389522000000000368e+00 2.454120600000000252e+01 1.370996002427873617e-01
4.394264999999999866e+00 2.462296400000000318e+01 1.380020012570252752e-01
4.399007000000000112e+00 2.454587399999999775e+01 1.380560243926167718e-01
4.403749999999999609e+00 2.447812900000000269e+01 1.379599636084382075e-01
4.408492999999999995e+00 2.464697500000000119e+01 1.385289718689610428e-01
4.413236000000000381e+00 2.455226299999999995e+01 1.383550668235131731e-01
4.417978999999999878e+00 2.466737900000000039e+01 1.387721912149210146e-01
4.422722000000000264e+00 2.474716400000000149e+01 1.390905143108910891e-01
4.427464999999999762e+00 2.448284400000000005e+01 1.384347005073128245e-01
4.432207000000000008e+00 2.452164300000000097e+01 1.386358370916380145e-01
4.436950000000000394e+00 2.456217000000000183e+01 1.389172551810339273e-01
4.441692999999999891e+00 2.444081600000000165e+01 1.392009885849583295e-01
4.446436000000000277e+00 2.442492000000000019e+01 1.398685763199118415e-01
4.451178999999999775e+00 2.459497400000000056e+01 1.410780578976606747e-01
4.455922000000000160e+00 2.461188800000000043e+01 1.418600235013183775e-01
4.460664999999999658e+00 2.466381700000000166e+01 1.427551686155348887e-01
4.465408000000000044e+00 2.467623199999999883e+01 1.435471449212525896e-01
4.470150000000000290e+00 2.437461400000000111e+01 1.434282851490747412e-01
4.474892999999999788e+00 2.443572699999999998e+01 1.443819149268955326e-01
4.479636000000000173e+00 2.456961499999999887e+01 1.455628402217090667e-01
4.484378999999999671e+00 2.468116199999999694e+01 1.466945417928472162e-01
4.489122000000000057e+00 2.453401399999999910e+01 1.470663713221547486e-01
4.493865000000000443e+00 2.449025599999999869e+01 1.477561341562901032e-01
4.498607999999999940e+00 2.455613500000000116e+01 1.487891917805715392e-01
4.503350000000000186e+00 2.441212700000000169e+01 1.491968163655009172e-01
4.508092999999999684e+00 2.456409299999999618e+01 1.505214011923896034e-01
4.512836000000000070e+00 2.447894499999999951e+01 1.511329060449080330e-01
4.517578999999999567e+00 2.470308299999999591e+01 1.527134002583371841e-01
4.522321999999999953e+00 2.459048400000000001e+01 1.532676518608841743e-01
4.527065000000000339e+00 2.467488499999999618e+01 1.544500993834047597e-01
4.531807999999999836e+00 2.453524799999999928e+01 1.549443512505906118e-01
4.536551000000000222e+00 2.457880599999999660e+01 1.560286581453875221e-01
4.541292999999999580e+00 2.434701800000000205e+01 1.562505810033351650e-01
4.546035999999999966e+00 2.469398499999999785e+01 1.583437447979085810e-01
4.550779000000000352e+00 2.464751899999999907e+01 1.591924833448297716e-01
4.555521999999999849e+00 2.479281200000000496e+01 1.606810189849973980e-01
4.560265000000000235e+00 2.485925699999999594e+01 1.619325332872733614e-01
4.565007999999999733e+00 2.439189899999999867e+01 1.614531303578744525e-01
4.569751000000000118e+00 2.477173199999999653e+01 1.637775683017698714e-01
4.574493000000000364e+00 2.475664099999999834e+01 1.648231039235303896e-01
4.579235999999999862e+00 2.480280499999999932e+01 1.660919424075602002e-01
4.583979000000000248e+00 2.479904000000000153e+01 1.672152747231463177e-01
4.588721999999999746e+00 2.465991900000000214e+01 1.679017940311350598e-01
4.593465000000000131e+00 2.471841900000000081e+01 1.692799561436421352e-01
4.598207999999999629e+00 2.467252700000000232e+01 1.703234792080912940e-01
4.602951000000000015e+00 2.451802200000000198e+01 1.710114937666296075e-01
4.607693000000000261e+00 2.488778800000000047e+01 1.735524942219030531e-01
4.612435999999999758e+00 2.457249399999999895e+01 1.737231522186689081e-01
4.617179000000000144e+00 2.461489599999999811e+01 1.751737893677318969e-01
4.621921999999999642e+00 2.472495600000000238e+01 1.768989359621775947e-01
4.626665000000000028e+00 2.476734599999999986e+01 1.784140501415011903e-01
4.631408000000000413e+00 2.470775499999999880e+01 1.795885305420849842e-01
4.636150999999999911e+00 2.459439899999999923e+01 1.805946092579792384e-01
4.640894000000000297e+00 2.457386300000000645e+01 1.819707037479563749e-01
4.645635999999999655e+00 2.467011600000000371e+01 1.838095577455677310e-01
4.650379000000000040e+00 2.467347600000000085e+01 1.853431258936853454e-01
4.655122000000000426e+00 2.479091799999999779e+01 1.873455554041965898e-01
4.659864999999999924e+00 2.462753100000000117e+01 1.883203086000495574e-01
4.664608000000000310e+00 2.466632700000000256e+01 1.901039942129985616e-01
4.669350999999999807e+00 2.482202900000000056e+01 1.923824886562542635e-01
4.674094000000000193e+00 2.447299100000000038e+01 1.927376223292888713e-01
4.678836000000000439e+00 2.483872400000000269e+01 1.959401898534511854e-01
4.683578999999999937e+00 2.471603099999999742e+01 1.972659761686634539e-01
4.688322000000000322e+00 2.472453400000000201e+01 1.991581723175699925e-01
4.693064999999999820e+00 2.484884600000000177e+01 2.015754168662334533e-01
4.697808000000000206e+00 2.483002300000000062e+01 2.034651553662832624e-01
4.702550999999999704e+00 2.513275699999999802e+01 2.067409298480433755e-01
4.707294000000000089e+00 2.466673499999999919e+01 2.068935087705488785e-01
4.712036999999999587e+00 2.497680800000000190e+01 2.103416419187774389e-01
4.716778999999999833e+00 2.514997899999999831e+01 2.132944606893910910e-01
4.721522000000000219e+00 2.486645699999999692e+01 2.143680066468296452e-01
4.726264999999999716e+00 2.468572700000000353e+01 2.159338664765953486e-01
4.731008000000000102e+00 2.473611199999999855e+01 2.185777680689938995e-01
4.735750999999999600e+00 2.476409699999999958e+01 2.212096990249324546e-01
4.740493999999999986e+00 2.496049700000000016e+01 2.246838567967932576e-01
4.745237000000000371e+00 2.458984699999999890e+01 2.256766641828868991e-01
4.749978999999999729e+00 2.444205899999999687e+01 2.277554879130581911e-01
4.754722000000000115e+00 2.455469699999999733e+01 2.311449475754053517e-01
4.759464999999999613e+00 2.468789100000000047e+01 2.347500381668179981e-01
4.764207999999999998e+00 2.487491799999999742e+01 2.387397080897078472e-01
4.768951000000000384e+00 2.467923200000000250e+01 2.410108792541708067e-01
4.773693999999999882e+00 2.467046699999999859e+01 2.443155171579711737e-01
4.778437000000000268e+00 2.500014900000000040e+01 2.494493600430089386e-01
4.783178999999999625e+00 2.524470299999999767e+01 2.543394887103347379e-01
4.787922000000000011e+00 2.498243099999999828e+01 2.568319959112246309e-01
4.792665000000000397e+00 2.467008400000000279e+01 2.591849549395001118e-01
4.797407999999999895e+00 2.479295199999999966e+01 2.639914051141962759e-01
4.802151000000000280e+00 2.511483600000000038e+01 2.700894298875067268e-01
4.806893999999999778e+00 2.510243099999999927e+01 2.746332147779567134e-01
4.811637000000000164e+00 2.477062800000000209e+01 2.776259753462319568e-01
4.816379999999999661e+00 2.487164100000000033e+01 2.832767438430581763e-01
4.821121999999999908e+00 2.501383999999999830e+01 2.894672548505483611e-01
4.825865000000000293e+00 2.473758999999999730e+01 2.935301936535609224e-01
4.830607999999999791e+00 2.479338100000000367e+01 2.998730190815583896e-01
4.835351000000000177e+00 2.471476399999999884e+01 3.057786758148828277e-01
4.840093999999999674e+00 2.542346599999999768e+01 3.170281442604133137e-01
4.844837000000000060e+00 2.425314299999999790e+01 3.168433776621358833e-01
4.849579999999999558e+00 2.442308100000000337e+01 3.256950897818233770e-01
4.854321999999999804e+00 2.471467799999999926e+01 3.360112160180371288e-01
4.859065000000000190e+00 2.444027499999999975e+01 3.431378814358886364e-01
4.863807999999999687e+00 2.484859300000000104e+01 3.558289749677785996e-01
4.868551000000000073e+00 2.499353699999999634e+01 3.676075235317008416e-01
4.873293999999999571e+00 2.522988799999999898e+01 3.811562797559814864e-01
4.878036999999999956e+00 2.541121000000000052e+01 3.955975804757405068e-01
4.882780000000000342e+00 2.501711999999999847e+01 4.068864846596652596e-01
4.887522999999999840e+00 2.533982999999999919e+01 4.256747025542627627e-01
4.892265000000000086e+00 2.495576799999999906e+01 4.405230209389515705e-01
4.897007999999999583e+00 2.494045700000000210e+01 4.609858348077519596e-01
4.901750999999999969e+00 2.584100399999999809e+01 4.934216659927591619e-01
4.906494000000000355e+00 2.506622499999999931e+01 5.138835489778205146e-01
4.911236999999999853e+00 2.555741000000000085e+01 5.525576874812891948e-01
4.915980000000000238e+00 2.442681699999999623e+01 5.803674719287943429e-01
4.920722999999999736e+00 2.522160500000000027e+01 6.412800813819028445e-01
4.925464999999999982e+00 2.510128099999999662e+01 7.074363194777888442e-01
4.930208000000000368e+00 2.651940700000000106e+01 8.246528642971477918e-01
4.934950999999999866e+00 2.535296100000000052e+01 9.543017012563584922e-01
4.939694000000000251e+00 2.418180299999999860e+01 1.203516715822775751e+00
4.944436999999999749e+00 9.695593999999999824e+00 1.320316469288283834e+00