# [60] Sgs_R08_0.4
# Sample c= 1.0 mg/ml
#
# Number of frames collected: 10
# Exposure time per frame: 0.5
# No significant radiation damage detected, merging 10 files
# Merged from: /data/visitor/mx1905/bm29/20170412/Poker/1d/Sxl_10gs_186_00001.dat
# Merged from: /data/visitor/mx1905/bm29/20170412/Poker/1d/Sxl_10gs_186_00002.dat
# Merged from: /data/visitor/mx1905/bm29/20170412/Poker/1d/Sxl_10gs_186_00003.dat
# Merged from: /data/visitor/mx1905/bm29/20170412/Poker/1d/Sxl_10gs_186_00004.dat
# Merged from: /data/visitor/mx1905/bm29/20170412/Poker/1d/Sxl_10gs_186_00005.dat
# Merged from: /data/visitor/mx1905/bm29/20170412/Poker/1d/Sxl_10gs_186_00006.dat
# Merged from: /data/visitor/mx1905/bm29/20170412/Poker/1d/Sxl_10gs_186_00007.dat
# Merged from: /data/visitor/mx1905/bm29/20170412/Poker/1d/Sxl_10gs_186_00008.dat
# Merged from: /data/visitor/mx1905/bm29/20170412/Poker/1d/Sxl_10gs_186_00009.dat
# Merged from: /data/visitor/mx1905/bm29/20170412/Poker/1d/Sxl_10gs_186_00010.dat
#
# Sample Information:
# Storage Temperature (degrees C): 20.0
# Measurement Temperature (degrees C): 20.03
# Concentration: 1.0
# Code: 
3.082862000000000102e-02 6.306489800000000514e+02 8.470539810626769750e+00
3.557148999999999728e-02 1.235645300000000134e+03 4.888935395519560245e+00
4.031434999999999880e-02 1.235774799999999914e+03 3.220689154927404818e+00
4.505722000000000199e-02 9.592678499999999531e+02 2.017726975580647952e+00
4.980007999999999657e-02 6.648078799999999546e+02 1.504103487139724749e+00
5.454294999999999977e-02 4.861113599999999906e+02 1.209988188836849776e+00
5.928581000000000129e-02 3.662666499999999701e+02 9.984915091703232548e-01
6.402868000000000448e-02 2.940650799999999663e+02 8.530303386511055574e-01
6.877154000000000600e-02 2.439431400000000281e+02 7.463055523667836422e-01
7.351441000000000225e-02 2.078296900000000278e+02 6.637740670237878282e-01
7.825727999999999851e-02 1.787099599999999953e+02 5.925216765159735388e-01
8.300014000000000003e-02 1.565872899999999959e+02 5.369050229760568005e-01
8.774300999999999628e-02 1.410666200000000003e+02 4.944558620828658491e-01
9.248586999999999780e-02 1.290076099999999997e+02 4.595150016309043073e-01
9.722873999999999406e-02 1.189539499999999919e+02 4.284380242819373907e-01
1.019715999999999956e-01 1.107419800000000123e+02 4.028717736479313638e-01
1.067145000000000038e-01 1.052144700000000057e+02 3.833056000409725272e-01
1.114572999999999953e-01 1.001260389999999916e+02 3.654581673676756126e-01
1.162002000000000035e-01 9.572397700000000498e+01 3.495267334560548389e-01
1.209430999999999978e-01 9.213698699999999064e+01 3.357191633399111974e-01
1.256858999999999893e-01 9.012282500000000596e+01 3.253992599052124568e-01
1.304288000000000114e-01 8.696178299999999695e+01 3.135206196895478636e-01
1.351717000000000057e-01 8.440788299999999822e+01 3.031007942691519852e-01
1.399144999999999972e-01 8.292190800000000195e+01 2.949713901711499831e-01
1.446573999999999915e-01 8.077961200000001440e+01 2.860803251229972477e-01
1.494003000000000136e-01 7.902793200000000695e+01 2.782310007679377750e-01
1.541431000000000051e-01 7.776095599999999308e+01 2.719526841991393162e-01
1.588859999999999995e-01 7.683125200000000632e+01 2.660451021051028486e-01
1.636287999999999909e-01 7.578917500000000018e+01 2.602121973404992183e-01
1.683717000000000130e-01 7.479586999999999364e+01 2.546954549758048136e-01
1.731146000000000074e-01 7.394804500000000758e+01 2.496167458346997547e-01
1.778573999999999988e-01 7.295985900000000868e+01 2.444613832115814789e-01
1.826002999999999932e-01 7.233478900000000067e+01 2.401079134454826569e-01
1.873431999999999875e-01 7.153418399999999622e+01 2.356290627611088984e-01
1.920860000000000067e-01 7.075882900000000575e+01 2.313244024825214795e-01
1.968289000000000011e-01 7.074861099999998260e+01 2.283833242798994356e-01
2.015717999999999954e-01 6.997861999999999227e+01 2.243564604447968736e-01
2.063145999999999869e-01 6.954966699999999946e+01 2.209863923674842412e-01
2.110575000000000090e-01 6.917126000000000374e+01 2.175799198725599237e-01
2.158004000000000033e-01 6.818705600000001255e+01 2.135498003633419517e-01
2.205431999999999948e-01 6.797167799999999716e+01 2.108506863617038429e-01
2.252860999999999891e-01 6.737914200000000164e+01 2.076627390490621838e-01
2.300290000000000112e-01 6.687339000000000055e+01 2.046866728888991349e-01
2.347718000000000027e-01 6.681903900000000363e+01 2.024638062191146393e-01
2.395146999999999970e-01 6.650557299999999827e+01 1.999217828712489264e-01
2.442575999999999914e-01 6.589717300000000932e+01 1.970068822230180428e-01
2.490004000000000106e-01 6.576750499999999988e+01 1.948688715375970493e-01
2.537433000000000050e-01 6.546578100000000688e+01 1.925281011757346006e-01
2.584861999999999993e-01 6.504368200000001821e+01 1.900952131214715402e-01
2.632289999999999908e-01 6.483142000000000849e+01 1.880390307951295970e-01
2.679718999999999851e-01 6.438408400000000142e+01 1.856921258426140198e-01
2.727146999999999766e-01 6.401591600000000426e+01 1.835027855251944173e-01
2.774576000000000264e-01 6.381262200000001172e+01 1.816531089657248410e-01
2.822005000000000208e-01 6.361502500000000282e+01 1.798948582691743125e-01
2.869433000000000122e-01 6.313072199999999157e+01 1.776855981912740523e-01
2.916862000000000066e-01 6.300352599999998660e+01 1.760131882846137641e-01
2.964291000000000009e-01 6.299305400000000787e+01 1.745494677156395613e-01
3.011718999999999924e-01 6.245092100000000812e+01 1.723919385874557175e-01
3.059147999999999867e-01 6.192483599999999200e+01 1.702989270625155371e-01
3.106576999999999811e-01 6.175531399999999849e+01 1.687249632435357527e-01
3.154004999999999725e-01 6.134026400000000478e+01 1.668618591392029282e-01
3.201434000000000224e-01 6.144477099999998870e+01 1.657439355087557686e-01
3.248863000000000167e-01 6.098225099999999799e+01 1.638850493223512339e-01
3.296291000000000082e-01 6.062968800000000158e+01 1.621982012397899520e-01
3.343720000000000026e-01 6.055446400000001006e+01 1.609194570818268111e-01
3.391148999999999969e-01 6.086554500000001156e+01 1.618655016268423230e-01
3.438576999999999884e-01 6.038400199999999529e+01 1.633073904973963431e-01
3.486005999999999827e-01 6.014168100000000550e+01 1.671282036193849629e-01
3.533434999999999770e-01 5.989708600000000160e+01 1.698474970307849441e-01
3.580863000000000240e-01 5.950660599999999789e+01 1.713974906866903292e-01
3.628292000000000184e-01 5.919617799999999619e+01 1.726358166313448073e-01
3.675720000000000098e-01 5.928951100000000451e+01 1.741939323167833453e-01
3.723149000000000042e-01 5.912165399999999948e+01 1.752274072644502412e-01
3.770577999999999985e-01 5.883138200000000495e+01 1.759664326549458813e-01
3.818005999999999900e-01 5.851725199999999916e+01 1.764323426436479603e-01
3.865434999999999843e-01 5.808672500000000127e+01 1.766494158249330426e-01
3.912863999999999787e-01 5.789907799999999582e+01 1.770710583712437336e-01
3.960292000000000256e-01 5.779669700000000887e+01 1.776413949968083938e-01
4.007721000000000200e-01 5.794381100000000373e+01 1.786276188246599117e-01
4.055150000000000143e-01 5.758447200000000521e+01 1.842102901959287997e-01
4.102578000000000058e-01 5.728548300000001348e+01 1.885225748558819192e-01
4.150007000000000001e-01 5.695347400000000704e+01 1.920915742481135169e-01
4.197435999999999945e-01 5.681949399999999883e+01 1.948205811364091822e-01
4.244863999999999860e-01 5.632341200000000470e+01 1.971090753894819969e-01
4.292292999999999803e-01 5.624727099999999780e+01 1.999849360887339389e-01
4.339721999999999746e-01 5.583335699999999235e+01 2.022985338243549758e-01
4.387150000000000216e-01 5.555097000000000662e+01 2.047300872076813216e-01
4.434579000000000160e-01 5.566148499999999189e+01 2.079443212058353085e-01
4.482008000000000103e-01 5.522355700000000667e+01 2.106218780768128185e-01
4.529436000000000018e-01 5.474127200000000215e+01 2.131178980069137752e-01
4.576864999999999961e-01 5.488235999999999137e+01 2.156208218472123739e-01
4.624293999999999905e-01 5.453843500000000688e+01 2.167347190539709312e-01
4.671721999999999819e-01 5.469636500000000012e+01 2.159760576962443945e-01
4.719150999999999763e-01 5.481225999999999487e+01 2.076950090317966624e-01
4.766579000000000232e-01 5.403880000000000194e+01 2.023415146563443123e-01
4.814008000000000176e-01 5.400095699999999255e+01 1.997012581987610003e-01
4.861437000000000119e-01 5.412211099999999675e+01 1.979571402427967586e-01
4.908865000000000034e-01 5.368057000000000301e+01 1.955406218062623047e-01
4.956293999999999977e-01 5.335092300000000165e+01 1.935674161425667283e-01
5.003722999999999921e-01 5.277004899999999310e+01 1.913002032170530442e-01
5.051151000000000391e-01 5.268316599999999283e+01 1.900580116293570099e-01
5.098580000000000334e-01 5.271066999999999325e+01 1.891192625097946056e-01
5.146009000000000277e-01 5.248021999999999565e+01 1.877943243802828732e-01
5.193436999999999637e-01 5.206971299999999303e+01 1.862026115560998230e-01
5.240865999999999580e-01 5.202329200000000498e+01 1.853177914151560857e-01
5.288294999999999524e-01 5.138241300000000678e+01 1.834187850051332558e-01
5.335722999999999994e-01 5.120956099999999367e+01 1.820334806156139462e-01
5.383151999999999937e-01 5.119734300000000360e+01 1.806983353075027610e-01
5.430580999999999881e-01 5.087281099999999867e+01 1.788699716957259378e-01
5.478009000000000350e-01 5.050228400000000306e+01 1.770154966699514776e-01
5.525438000000000294e-01 5.070433799999999280e+01 1.762079067407478772e-01
5.572867000000000237e-01 5.024214599999999109e+01 1.742784835207719929e-01
5.620294999999999597e-01 4.994531700000000285e+01 1.726793530518605513e-01
5.667723999999999540e-01 4.982273299999999949e+01 1.714192080367474280e-01
5.715152000000000010e-01 4.966099200000000025e+01 1.701248483095126884e-01
5.762580999999999953e-01 4.953637700000000166e+01 1.689187211988996962e-01
5.810009999999999897e-01 4.930176399999999859e+01 1.676004269278628667e-01
5.857438000000000367e-01 4.889194099999999565e+01 1.664034093503753975e-01
5.904867000000000310e-01 4.881778200000000112e+01 1.658774745278894236e-01
5.952296000000000253e-01 4.855871900000000352e+01 1.650374184098727104e-01
5.999723999999999613e-01 4.847626799999999037e+01 1.646771087699234470e-01
6.047152999999999556e-01 4.821031299999999931e+01 1.638095511442333452e-01
6.094581999999999500e-01 4.802421299999999604e+01 1.629687457116259508e-01
6.142009999999999970e-01 4.760580800000000323e+01 1.620291403111622508e-01
6.189438999999999913e-01 4.727479200000000503e+01 1.609404396430831885e-01
6.236867999999999856e-01 4.738174099999999100e+01 1.607506296020335956e-01
6.284296000000000326e-01 4.738110200000000560e+01 1.603839033082007925e-01
6.331725000000000270e-01 4.690527700000000522e+01 1.592115747204797260e-01
6.379154000000000213e-01 4.672631200000000007e+01 1.585471029931916076e-01
6.426581999999999573e-01 4.662912399999999735e+01 1.580268263610643820e-01
6.474010999999999516e-01 4.662828100000000120e+01 1.576738155483607962e-01
6.521439999999999459e-01 4.629500699999999824e+01 1.567574808200721814e-01
6.568867999999999929e-01 4.601489999999999725e+01 1.559354460536452325e-01
6.616296999999999873e-01 4.595438300000000709e+01 1.554904886112690732e-01
6.663725999999999816e-01 4.574366500000000713e+01 1.547950469411605579e-01
6.711154000000000286e-01 4.552592799999999329e+01 1.540873027112016624e-01
6.758583000000000229e-01 4.515574099999999902e+01 1.531251767716831080e-01
6.806010999999999589e-01 4.495792499999999592e+01 1.524595792808887407e-01
6.853439999999999532e-01 4.494391900000000106e+01 1.521095993358489440e-01
6.900868999999999476e-01 4.473128400000000227e+01 1.514226907820508949e-01
6.948296999999999946e-01 4.447948499999999683e+01 1.506725224738807711e-01
6.995725999999999889e-01 4.460993800000000675e+01 1.505734056485659722e-01
7.043154999999999832e-01 4.435861500000000035e+01 1.498327697837629202e-01
7.090583000000000302e-01 4.415124400000000549e+01 1.491659845136182327e-01
7.138012000000000246e-01 4.376990199999998765e+01 1.482076234940524206e-01
7.185441000000000189e-01 4.371665600000000040e+01 1.478087927892816622e-01
7.232868999999999549e-01 4.350112399999999724e+01 1.471389016989392284e-01
7.280297999999999492e-01 4.333154299999999637e+01 1.465466256999594097e-01
7.327727000000000546e-01 4.305273599999999590e+01 1.457716005772334844e-01
7.375154999999999905e-01 4.290256099999999861e+01 1.452189661597526882e-01
7.422583999999999849e-01 4.293290800000000473e+01 1.449743692848615151e-01
7.470012999999999792e-01 4.263010599999999783e+01 1.441670250427635191e-01
7.517441000000000262e-01 4.231771200000000022e+01 1.433447520160923139e-01
7.564870000000000205e-01 4.224148599999999476e+01 1.429266367755975820e-01
7.612299000000000149e-01 4.209207199999999460e+01 1.423876117338727654e-01
7.659726999999999508e-01 4.175165700000000157e+01 1.415255777487151034e-01
7.707155999999999452e-01 4.188547300000000462e+01 1.414673488290343895e-01
7.754585000000000505e-01 4.164112499999999528e+01 1.407744825536489108e-01
7.802012999999999865e-01 4.137021000000000726e+01 1.401769464604768756e-01
7.849441999999999808e-01 4.128538800000000464e+01 1.397076232662480544e-01
7.896870000000000278e-01 4.129376200000000097e+01 1.393553101956347962e-01
7.944299000000000222e-01 4.105934899999999743e+01 1.386874413526664740e-01
7.991728000000000165e-01 4.070205700000000348e+01 1.378141529189930437e-01
8.039155999999999525e-01 4.086041500000000326e+01 1.378129573161235855e-01
8.086584999999999468e-01 4.065668300000000102e+01 1.372009022536652134e-01
8.134014000000000522e-01 4.043215800000000115e+01 1.365576295916192950e-01
8.181441999999999881e-01 4.034712400000000088e+01 1.362552973207754037e-01
8.228870999999999825e-01 4.002597300000000757e+01 1.353546891138142361e-01
8.276299999999999768e-01 3.973413000000000039e+01 1.345958538087306811e-01
8.323728000000000238e-01 3.973904000000000281e+01 1.343480924390160480e-01
8.371157000000000181e-01 3.971045999999999765e+01 1.340463487066458625e-01
8.418586000000000125e-01 3.957662400000000247e+01 1.335671566974568625e-01
8.466013999999999484e-01 3.953964999999999463e+01 1.332516689825958556e-01
8.513443000000000538e-01 3.935980700000000354e+01 1.326993556425248855e-01
8.560872000000000481e-01 3.886418799999999152e+01 1.316156925342753525e-01
8.608299999999999841e-01 3.887008900000000011e+01 1.313803844121534115e-01
8.655728999999999784e-01 3.873403199999999913e+01 1.309053870815972132e-01
8.703157999999999728e-01 3.868859700000000146e+01 1.305868995915773489e-01
8.750586000000000197e-01 3.846211300000000222e+01 1.299649354490975683e-01
8.798015000000000141e-01 3.833163700000000063e+01 1.295061050749172216e-01
8.845442999999999500e-01 3.810635000000000616e+01 1.288873691947818589e-01
8.892872000000000554e-01 3.803135900000000191e+01 1.285255383640691029e-01
8.940301000000000498e-01 3.808421500000000037e+01 1.283821098649620684e-01
8.987728999999999857e-01 3.792396600000000007e+01 1.278797259660290897e-01
9.035157999999999801e-01 3.770611999999999853e+01 1.272802279981403994e-01
9.082586999999999744e-01 3.759860199999999963e+01 1.268704090336304768e-01
9.130015000000000214e-01 3.734352900000000375e+01 1.262133765497885085e-01
9.177444000000000157e-01 3.717119499999999732e+01 1.256971215453058788e-01
9.224873000000000101e-01 3.728658300000000025e+01 1.256665474627794432e-01
9.272300999999999460e-01 3.702534200000000197e+01 1.250034950408283607e-01
9.319730000000000514e-01 3.692684200000000061e+01 1.246170431107944260e-01
9.367159000000000457e-01 3.684958999999999918e+01 1.242675909272916435e-01
9.414586999999999817e-01 3.687465900000000119e+01 1.240901077683773251e-01
9.462015999999999760e-01 3.646003100000000074e+01 1.231744620404631591e-01
9.509444999999999704e-01 3.640333299999999639e+01 1.228648341004915101e-01
9.556873000000000173e-01 3.638030200000000747e+01 1.226125722886556302e-01
9.604302000000000117e-01 3.618766800000000217e+01 1.220742500182749185e-01
9.651731000000000060e-01 3.613539500000000260e+01 1.217754249911031927e-01
9.699159000000000530e-01 3.593670600000000093e+01 1.212317761365678398e-01
9.746588000000000473e-01 3.579561500000000507e+01 1.207862660653490766e-01
9.794017000000000417e-01 3.555104699999999696e+01 1.201657102101922475e-01
9.841444999999999776e-01 3.561165599999999642e+01 1.200631086826898508e-01
9.888873999999999720e-01 3.551703000000000543e+01 1.197005224006829349e-01
9.936302000000000190e-01 3.536584100000000319e+01 1.192435830477619474e-01
9.983731000000000133e-01 3.500588000000000477e+01 1.184336166143236529e-01
1.003115999999999897e+00 3.511811699999999803e+01 1.184237093478848202e-01
1.007859000000000060e+00 3.520647199999999799e+01 1.183743843032507570e-01
1.012602000000000002e+00 3.505628399999999800e+01 1.179245761270491244e-01
1.017344999999999944e+00 3.475054799999999489e+01 1.172121937897610683e-01
1.022086999999999968e+00 3.472839900000000313e+01 1.169801815591222233e-01
1.026829999999999909e+00 3.470701200000000597e+01 1.167512463539242262e-01
1.031573000000000073e+00 3.473828699999999969e+01 1.166113315788332716e-01
1.036316000000000015e+00 3.441522999999999399e+01 1.158756996762025926e-01
1.041058999999999957e+00 3.440046300000000201e+01 1.156608898738117064e-01
1.045801999999999898e+00 3.423761100000000113e+01 1.151987013053428488e-01
1.050545000000000062e+00 3.417577300000000662e+01 1.149074135762414572e-01
1.055287000000000086e+00 3.404923800000000256e+01 1.145067130975529340e-01
1.060030000000000028e+00 3.395632799999999918e+01 1.141653511099562923e-01
1.064772999999999969e+00 3.393221799999999888e+01 1.139410407635637751e-01
1.069515999999999911e+00 3.375324999999999420e+01 1.134576915145028841e-01
1.074259000000000075e+00 3.367753100000000188e+01 1.131473217169703949e-01
1.079002000000000017e+00 3.348211400000000282e+01 1.126381230129346600e-01
1.083744999999999958e+00 3.370833900000000227e+01 1.128626583921515658e-01
1.088487999999999900e+00 3.340076399999999524e+01 1.121931459765680150e-01
1.093229999999999924e+00 3.327431399999998973e+01 1.117531995148850210e-01
1.097973000000000088e+00 3.322006499999999818e+01 1.114854773733417737e-01
1.102716000000000030e+00 3.312143100000000118e+01 1.111451047369095696e-01
1.107458999999999971e+00 3.313259999999999650e+01 1.109897259097728239e-01
1.112201999999999913e+00 3.284491100000000330e+01 1.103325781806529793e-01
1.116945000000000077e+00 3.288222199999999873e+01 1.102229661398045624e-01
1.121688000000000018e+00 3.286147199999999913e+01 1.100170612309636226e-01
1.126430000000000042e+00 3.269237800000000504e+01 1.095637896536232336e-01
1.131172999999999984e+00 3.276246800000000547e+01 1.095105499128814497e-01
1.135915999999999926e+00 3.260589499999999674e+01 1.090799011560686232e-01
1.140659000000000090e+00 3.248060199999999753e+01 1.087032320959675918e-01
1.145402000000000031e+00 3.247007299999999930e+01 1.085193766036655766e-01
1.150144999999999973e+00 3.238955699999999638e+01 1.082180802194314395e-01
1.154887999999999915e+00 3.237573799999999835e+01 1.080299758592549175e-01
1.159631000000000078e+00 3.218719899999999257e+01 1.075517247460137105e-01
1.164373000000000102e+00 3.213569400000000087e+01 1.073035188518759731e-01
1.169116000000000044e+00 3.194192199999999815e+01 1.068970302156308783e-01
1.173858999999999986e+00 3.196417599999999837e+01 1.067442291510281027e-01
1.178601999999999927e+00 3.198509100000000416e+01 1.065676834550822044e-01
1.183345000000000091e+00 3.178792299999999926e+01 1.060801231949737022e-01
1.188088000000000033e+00 3.157933699999999888e+01 1.055727578916819676e-01
1.192830999999999975e+00 3.161470599999999465e+01 1.054743736705926055e-01
1.197572999999999999e+00 3.153247699999999298e+01 1.051810567848350669e-01
1.202315999999999940e+00 3.156277199999999539e+01 1.050763306555320131e-01
1.207059000000000104e+00 3.172172599999999676e+01 1.055253742415121626e-01
1.211802000000000046e+00 3.155010600000000665e+01 1.086856392045931763e-01
1.216544999999999987e+00 3.154592599999999791e+01 1.109405171923053546e-01
1.221287999999999929e+00 3.140681900000000226e+01 1.123596710812113375e-01
1.226031000000000093e+00 3.129854200000000475e+01 1.135702703744355668e-01
1.230774000000000035e+00 3.110486200000000423e+01 1.144665695434964048e-01
1.235516000000000059e+00 3.101171599999999984e+01 1.154384828636204896e-01
1.240259000000000000e+00 3.096460799999999836e+01 1.164184459651557840e-01
1.245001999999999942e+00 3.098425199999999791e+01 1.174642410312427832e-01
1.249745000000000106e+00 3.083057600000000065e+01 1.181336648349919083e-01
1.254488000000000048e+00 3.080011000000000720e+01 1.189987963376281377e-01
1.259230999999999989e+00 3.070113599999999110e+01 1.194126783746901899e-01
1.263973999999999931e+00 3.061969900000000422e+01 1.195607395892677588e-01
1.268715999999999955e+00 3.045858700000000141e+01 1.195348839674561237e-01
1.273458999999999897e+00 3.067724199999999968e+01 1.179974241216082687e-01
1.278202000000000060e+00 3.069698799999999750e+01 1.136731525127261666e-01
1.282945000000000002e+00 3.062572199999999611e+01 1.113754336316469667e-01
1.287687999999999944e+00 3.048477799999999860e+01 1.095540059015958495e-01
1.292431000000000108e+00 3.051263400000000203e+01 1.083381557199904616e-01
1.297174000000000049e+00 3.026885800000000160e+01 1.068298827268798490e-01
1.301916000000000073e+00 3.040643800000000141e+01 1.061235667108413744e-01
1.306659000000000015e+00 3.031736999999999327e+01 1.051167624745596996e-01
1.311401999999999957e+00 3.019768699999999484e+01 1.041345394965824955e-01
1.316144999999999898e+00 2.998957399999999751e+01 1.030625023189569028e-01
1.320888000000000062e+00 3.013401099999999744e+01 1.027960541801819366e-01
1.325631000000000004e+00 2.993866899999999731e+01 1.021984754566725301e-01
1.330373999999999945e+00 2.998558799999999991e+01 1.020289851928808667e-01
1.335117000000000109e+00 3.000526999999999589e+01 1.018239450239853960e-01
1.339858999999999911e+00 2.976355499999999665e+01 1.011827927003465383e-01
1.344602000000000075e+00 2.961193000000000097e+01 1.007035958690219585e-01
1.349345000000000017e+00 2.977103400000000377e+01 1.007596151691604047e-01
1.354087999999999958e+00 2.974415900000000335e+01 1.005063317460944960e-01
1.358830999999999900e+00 2.979133999999999816e+01 1.003825076806163646e-01
1.363574000000000064e+00 2.968711699999999354e+01 1.000088682484908398e-01
1.368317000000000005e+00 2.974797000000000224e+01 9.991827761587315782e-02
1.373059000000000029e+00 2.952552299999999974e+01 9.935626154652006659e-02
1.377801999999999971e+00 2.945604399999999856e+01 9.905413085389018490e-02
1.382544999999999913e+00 2.948531300000000144e+01 9.892181506797173562e-02
1.387288000000000077e+00 2.939977900000000233e+01 9.860103647270093696e-02
1.392031000000000018e+00 2.934369000000000227e+01 9.833284056478944213e-02
1.396773999999999960e+00 2.919728900000000138e+01 9.791524813524908610e-02
1.401516999999999902e+00 2.915374900000000480e+01 9.767331582440672011e-02
1.406260000000000066e+00 2.913512100000000515e+01 9.747616253182825319e-02
1.411002000000000089e+00 2.929605600000000010e+01 9.758116938043885635e-02
1.415745000000000031e+00 2.920031399999999877e+01 9.725879585973189190e-02
1.420487999999999973e+00 2.905011999999999972e+01 9.684869899605570709e-02
1.425230999999999915e+00 2.901785799999999682e+01 9.663733439490970745e-02
1.429974000000000078e+00 2.895071899999999943e+01 9.637031443520251150e-02
1.434717000000000020e+00 2.895673099999999778e+01 9.622593710469802553e-02
1.439459999999999962e+00 2.894228999999999630e+01 9.604945303720317795e-02
1.444201999999999986e+00 2.883781700000000825e+01 9.572554939655400497e-02
1.448944999999999927e+00 2.888191699999999784e+01 9.565006928119811069e-02
1.453688000000000091e+00 2.875778499999999482e+01 9.529655081509351422e-02
1.458431000000000033e+00 2.890565600000000046e+01 9.539440114473804466e-02
1.463173999999999975e+00 2.871519200000000893e+01 9.496031882568319038e-02
1.467916999999999916e+00 2.866166400000000181e+01 9.473081007644924834e-02
1.472660000000000080e+00 2.872161599999999382e+01 9.466058993318866854e-02
1.477402000000000104e+00 2.871703699999999770e+01 9.451188771730358040e-02
1.482145000000000046e+00 2.852397000000000205e+01 9.405441194500183122e-02
1.486887999999999987e+00 2.844604300000000308e+01 9.378833682154780194e-02
1.491630999999999929e+00 2.833071400000000040e+01 9.346098296398504257e-02
1.496374000000000093e+00 2.834104500000000115e+01 9.334174779253869014e-02
1.501117000000000035e+00 2.849844800000000333e+01 9.351286318034968126e-02
1.505859999999999976e+00 2.856367300000000142e+01 9.529436974926903947e-02
1.510602999999999918e+00 2.835906599999999500e+01 9.762322734956574433e-02
1.515344999999999942e+00 2.845740300000000644e+01 9.941268302942990465e-02
1.520088000000000106e+00 2.826173400000000058e+01 1.003756398426570301e-01
1.524831000000000047e+00 2.819865599999999972e+01 1.014014365271320994e-01
1.529573999999999989e+00 2.830135500000000093e+01 1.023855520942012626e-01
1.534316999999999931e+00 2.853407200000000188e+01 9.994788389022550568e-02
1.539060000000000095e+00 2.841910299999999978e+01 9.819827561891196488e-02
1.543803000000000036e+00 2.838948199999999744e+01 9.711192139186414218e-02
1.548545000000000060e+00 2.809248499999999993e+01 9.559386401707381520e-02
1.553288000000000002e+00 2.814100099999999927e+01 9.482726721349561683e-02
1.558030999999999944e+00 2.811386499999999700e+01 9.398327373968677623e-02
1.562774000000000107e+00 2.804832399999999737e+01 9.293394961068425497e-02
1.567517000000000049e+00 2.792066900000000373e+01 9.186906675179681847e-02
1.572259999999999991e+00 2.791825800000000157e+01 9.132649499338732491e-02
1.577002999999999933e+00 2.788756300000000010e+01 9.091752983216822015e-02
1.581746000000000096e+00 2.784849399999999875e+01 9.067852240026522126e-02
1.586487999999999898e+00 2.775363800000000225e+01 9.054776846786397049e-02
1.591231000000000062e+00 2.770147899999999908e+01 9.057848755618908010e-02
1.595974000000000004e+00 2.778438600000000136e+01 9.082577713865540303e-02
1.600716999999999945e+00 2.784658400000000000e+01 9.100661049301199401e-02
1.605460000000000109e+00 2.767170499999999578e+01 9.060253449197544495e-02
1.610203000000000051e+00 2.768707000000000562e+01 9.047624955115071699e-02
1.614945999999999993e+00 2.769001799999999847e+01 9.033336415282394727e-02
1.619688000000000017e+00 2.755146100000000686e+01 8.996273096805532110e-02
1.624430999999999958e+00 2.756750599999999807e+01 8.984672963564616088e-02
1.629173999999999900e+00 2.760088900000000223e+01 8.976089436751452655e-02
1.633917000000000064e+00 2.742757100000000037e+01 8.934169044105108592e-02
1.638660000000000005e+00 2.737238200000000532e+01 8.911686067978383252e-02
1.643402999999999947e+00 2.745471399999999562e+01 8.911757107646112175e-02
1.648146000000000111e+00 2.733206900000000061e+01 8.878653760480864632e-02
1.652889000000000053e+00 2.739793099999999981e+01 8.876347930767698735e-02
1.657631000000000077e+00 2.736939499999999725e+01 8.858930832990739856e-02
1.662374000000000018e+00 2.743464200000000375e+01 8.856764124334857990e-02
1.667116999999999960e+00 2.730637499999999562e+01 8.823462154741584795e-02
1.671859999999999902e+00 2.731287100000000123e+01 8.812095875826420066e-02
1.676603000000000065e+00 2.731602900000000389e+01 8.800342614133441210e-02
1.681346000000000007e+00 2.725547899999999757e+01 8.778405626891536140e-02
1.686088999999999949e+00 2.729743500000000012e+01 8.773028878415653486e-02
1.690830999999999973e+00 2.714432500000000203e+01 8.736472735330431949e-02
1.695573999999999915e+00 2.712108599999999825e+01 8.720928400770011635e-02
1.700317000000000078e+00 2.710755599999999887e+01 8.707008549095837657e-02
1.705060000000000020e+00 2.695564200000000099e+01 8.670938358251430167e-02
1.709802999999999962e+00 2.699090499999999793e+01 8.665069233892652711e-02
1.714545999999999903e+00 2.697889900000000196e+01 8.651741462833711926e-02
1.719289000000000067e+00 2.699198599999999715e+01 8.642462581899848506e-02
1.724031000000000091e+00 2.712932999999999950e+01 8.653071627033546986e-02
1.728774000000000033e+00 2.702744099999999960e+01 8.625591017893555201e-02
1.733516999999999975e+00 2.694989100000000093e+01 8.602125900155961624e-02
1.738259999999999916e+00 2.697257700000000114e+01 8.594670284828151430e-02
1.743003000000000080e+00 2.708495599999999826e+01 8.601498097185919511e-02
1.747746000000000022e+00 2.703974299999999786e+01 8.583402766825171115e-02
1.752488999999999963e+00 2.683332300000000004e+01 8.539767576145676498e-02
1.757231999999999905e+00 2.680749499999999941e+01 8.524895471948497339e-02
1.761973999999999929e+00 2.685290700000000541e+01 8.521372477604002849e-02
1.766717000000000093e+00 2.682422199999999890e+01 8.506194842098963038e-02
1.771460000000000035e+00 2.686020899999999756e+01 8.501327257732524401e-02
1.776202999999999976e+00 2.681323400000000134e+01 8.487186702939790439e-02
1.780945999999999918e+00 2.683806099999999972e+01 8.480886377781687857e-02
1.785689000000000082e+00 2.678012999999999622e+01 8.457256291347389765e-02
1.790432000000000023e+00 2.684069499999999309e+01 8.456497586378299014e-02
1.795174000000000047e+00 2.656920300000000523e+01 8.403361678378719335e-02
1.799916999999999989e+00 2.677670400000000228e+01 8.425828617817657240e-02
1.804659999999999931e+00 2.666191299999999842e+01 8.397626369661607970e-02
1.809403000000000095e+00 2.660994499999999974e+01 8.379349639573765995e-02
1.814146000000000036e+00 2.672995300000000185e+01 8.388150724952431192e-02
1.818888999999999978e+00 2.667749300000000545e+01 8.369868509083400188e-02
1.823631999999999920e+00 2.671679100000000062e+01 8.366058426907022061e-02
1.828375000000000083e+00 2.668777899999999548e+01 8.351618109762862230e-02
1.833117000000000107e+00 2.652638299999999916e+01 8.316481912208309457e-02
1.837860000000000049e+00 2.645996799999999638e+01 8.296254996411935034e-02
1.842602999999999991e+00 2.648114099999999738e+01 8.289822124847431861e-02
1.847345999999999933e+00 2.646212299999999829e+01 8.277177890108440572e-02
1.852089000000000096e+00 2.642447299999999544e+01 8.268446416974532809e-02
1.856832000000000038e+00 2.644479000000000113e+01 8.255777422414076194e-02
1.861574999999999980e+00 2.649432499999999635e+01 8.253343368584091511e-02
1.866317000000000004e+00 2.646771199999999880e+01 8.239682967090541932e-02
1.871059999999999945e+00 2.650544899999999870e+01 8.236074127182198279e-02
1.875803000000000109e+00 2.646749000000000507e+01 8.220695929272656133e-02
1.880546000000000051e+00 2.623525500000000221e+01 8.175198464150580657e-02
1.885288999999999993e+00 2.639292800000000128e+01 8.190401905563365892e-02
1.890031999999999934e+00 2.634413900000000197e+01 8.173517712204458885e-02
1.894775000000000098e+00 2.630129100000000264e+01 8.157563219536395627e-02
1.899516999999999900e+00 2.628791500000000525e+01 8.146301971170477607e-02
1.904260000000000064e+00 2.638875500000000329e+01 8.152720376619328191e-02
1.909003000000000005e+00 2.635633999999999943e+01 8.138577702706291384e-02
1.913745999999999947e+00 2.624708400000000097e+01 8.112548202938088537e-02
1.918489000000000111e+00 2.618890799999999786e+01 8.094507699251635158e-02
1.923232000000000053e+00 2.622681799999999797e+01 8.091370208411799436e-02
1.927974999999999994e+00 2.622768400000000000e+01 8.082292529873810749e-02
1.932717999999999936e+00 2.619855299999999687e+01 8.062497856862288481e-02
1.937459999999999960e+00 2.619109499999999713e+01 8.042545551709918972e-02
1.942202999999999902e+00 2.603009999999999735e+01 7.995930409707240061e-02
1.946946000000000065e+00 2.612280299999999755e+01 7.990693628849313002e-02
1.951689000000000007e+00 2.626775599999999855e+01 7.997040619003634165e-02
1.956431999999999949e+00 2.605494300000000152e+01 7.955992320874624713e-02
1.961174999999999891e+00 2.604456500000000574e+01 7.946029260308572206e-02
1.965918000000000054e+00 2.598736800000000358e+01 7.929066317776513328e-02
1.970660000000000078e+00 2.606209800000000243e+01 7.936715022707127587e-02
1.975403000000000020e+00 2.596979000000000681e+01 7.920518626633296644e-02
1.980145999999999962e+00 2.591768300000000380e+01 7.914747928247999054e-02
1.984888999999999903e+00 2.597736899999999949e+01 7.925964517141241561e-02
1.989632000000000067e+00 2.608248300000000341e+01 7.944079590912969668e-02
1.994375000000000009e+00 2.610245999999999711e+01 7.944205740327915655e-02
1.999117999999999951e+00 2.610702599999999762e+01 7.933475235796605407e-02
2.003861000000000114e+00 2.608294700000000077e+01 7.921385317197554565e-02
2.008602999999999916e+00 2.611422600000000216e+01 7.917666137659000458e-02
2.013345999999999858e+00 2.620671500000000265e+01 7.993637653694654621e-02
2.018088999999999800e+00 2.606389499999999515e+01 8.204453244164111592e-02
2.022832000000000185e+00 2.606530100000000516e+01 8.340460781129181711e-02
2.027575000000000127e+00 2.594403500000000307e+01 8.426278211949449204e-02
2.032318000000000069e+00 2.585016499999999695e+01 8.501205918512386162e-02
2.037061000000000011e+00 2.582102500000000234e+01 8.577283407541576310e-02
2.041802999999999813e+00 2.593278799999999862e+01 8.668674632640505084e-02
2.046546000000000198e+00 2.579766400000000459e+01 8.685582319407432472e-02
2.051289000000000140e+00 2.582007100000000221e+01 8.716049434593346745e-02
2.056032000000000082e+00 2.569883999999999702e+01 8.720211318049121696e-02
2.060775000000000023e+00 2.577734600000000142e+01 8.756609637186585360e-02
2.065517999999999965e+00 2.576589999999999847e+01 8.776293929489542567e-02
2.070260999999999907e+00 2.586011199999999732e+01 8.812842512786212001e-02
2.075003000000000153e+00 2.568703000000000358e+01 8.802706140634822263e-02
2.079746000000000095e+00 2.592313399999999746e+01 8.630551316548670804e-02
2.084489000000000036e+00 2.601440900000000056e+01 8.426088120969242590e-02
2.089231999999999978e+00 2.573260799999999904e+01 8.260490219223615149e-02
2.093974999999999920e+00 2.579702699999999638e+01 8.180162898849509256e-02
2.098717999999999861e+00 2.579141299999999504e+01 8.104567561919698293e-02
2.103460999999999803e+00 2.584789299999999912e+01 8.048998023489445375e-02
2.108204000000000189e+00 2.571174099999999996e+01 7.983157144059861710e-02
2.112945999999999991e+00 2.565533500000000089e+01 7.953192514419979431e-02
2.117688999999999933e+00 2.563931900000000752e+01 7.931472673204453816e-02
2.122431999999999874e+00 2.561603300000000516e+01 7.909922905807806326e-02
2.127174999999999816e+00 2.565843699999999927e+01 7.899686457945086226e-02
2.131918000000000202e+00 2.562419700000000233e+01 7.878539821557165035e-02
2.136661000000000143e+00 2.571419899999999714e+01 7.877248269608302933e-02
2.141404000000000085e+00 2.567885100000000165e+01 7.857340389965296323e-02
2.146145999999999887e+00 2.552445900000000023e+01 7.819845872523448205e-02
2.150888999999999829e+00 2.558765200000000206e+01 7.816160249214955391e-02
2.155632000000000215e+00 2.563752400000000264e+01 7.810887170243660527e-02
2.160375000000000156e+00 2.564581400000000144e+01 7.799572123713069405e-02
2.165118000000000098e+00 2.558189000000000135e+01 7.777679433617844251e-02
2.169861000000000040e+00 2.554737099999999828e+01 7.760595409537338063e-02
2.174603999999999981e+00 2.551650499999999511e+01 7.744366928251270044e-02
2.179346999999999923e+00 2.557818800000000437e+01 7.742378921333029074e-02
2.184089000000000169e+00 2.556828999999999752e+01 7.729812295986752957e-02
2.188832000000000111e+00 2.553148499999999999e+01 7.713421398065647971e-02
2.193575000000000053e+00 2.549901799999999952e+01 7.697900895188961035e-02
2.198317999999999994e+00 2.555012899999999831e+01 7.695115315542906675e-02
2.203060999999999936e+00 2.560666999999999760e+01 7.693309750118865198e-02
2.207803999999999878e+00 2.546743000000000023e+01 7.662292050162862467e-02
2.212546999999999819e+00 2.559237600000000157e+01 7.671092743526895796e-02
2.217289000000000065e+00 2.553611200000000281e+01 7.652795224860847734e-02
2.222032000000000007e+00 2.548491000000000284e+01 7.635420436055698201e-02
2.226774999999999949e+00 2.551601399999999842e+01 7.630509627672779627e-02
2.231517999999999891e+00 2.548515499999999889e+01 7.616462636069712411e-02
2.236260999999999832e+00 2.537586499999999745e+01 7.590752782717995195e-02
2.241004000000000218e+00 2.542204000000000264e+01 7.588442390975963514e-02
2.245747000000000160e+00 2.549168799999999990e+01 7.589708116692564510e-02
2.250490000000000101e+00 2.554075900000000132e+01 7.587969299354867247e-02
2.255231999999999903e+00 2.541914200000000079e+01 7.560911741789609619e-02
2.259974999999999845e+00 2.548217400000000055e+01 7.561404746099828489e-02
2.264717999999999787e+00 2.539190100000000072e+01 7.539257892857824384e-02
2.269461000000000173e+00 2.545538400000000223e+01 7.539973897720071705e-02
2.274204000000000114e+00 2.531383699999999948e+01 7.510356463272033212e-02
2.278947000000000056e+00 2.538025700000000384e+01 7.511671841469114153e-02
2.283689999999999998e+00 2.534523599999999988e+01 7.498027559860792612e-02
2.288431999999999800e+00 2.530681099999999972e+01 7.483969324810599288e-02
2.293175000000000185e+00 2.541017899999999941e+01 7.490859284939145601e-02
2.297918000000000127e+00 2.539151199999999875e+01 7.479824830222629728e-02
2.302661000000000069e+00 2.526663800000000037e+01 7.453225964759957467e-02
2.307404000000000011e+00 2.527358200000000110e+01 7.446134637136773982e-02
2.312146999999999952e+00 2.525664499999999890e+01 7.435515750562633752e-02
2.316889999999999894e+00 2.528850700000000273e+01 7.432152831090195477e-02
2.321632000000000140e+00 2.527269899999999936e+01 7.421884357802202570e-02
2.326375000000000082e+00 2.534032799999999952e+01 7.423888818111840093e-02
2.331118000000000023e+00 2.527176700000000054e+01 7.405927038836122855e-02
2.335860999999999965e+00 2.522692400000000035e+01 7.391543296344885161e-02
2.340603999999999907e+00 2.534052499999999597e+01 7.400348105366462426e-02
2.345346999999999849e+00 2.533616299999999910e+01 7.391998459666912491e-02
2.350089999999999790e+00 2.519062800000000024e+01 7.363050108071586553e-02
2.354833000000000176e+00 2.520134900000000044e+01 7.356950894546734898e-02
2.359574999999999978e+00 2.528357099999999846e+01 7.361364599350109228e-02
2.364317999999999920e+00 2.529119800000000140e+01 7.354903221884703801e-02
2.369060999999999861e+00 2.514738700000000193e+01 7.326450008539334147e-02
2.373803999999999803e+00 2.520312700000000206e+01 7.327099237455161895e-02
2.378547000000000189e+00 2.522594400000000192e+01 7.322954308882310970e-02
2.383290000000000131e+00 2.513495799999999747e+01 7.302367670067975991e-02
2.388033000000000072e+00 2.526059599999999961e+01 7.313214826482947184e-02
2.392774999999999874e+00 2.517912599999999657e+01 7.294072650438711281e-02
2.397517999999999816e+00 2.517009600000000091e+01 7.285499523554785084e-02
2.402261000000000202e+00 2.512208700000000050e+01 7.271330459045236005e-02
2.407004000000000143e+00 2.516075700000000026e+01 7.269662059106460350e-02
2.411747000000000085e+00 2.510710999999999871e+01 7.254740721126151648e-02
2.416490000000000027e+00 2.513638500000000064e+01 7.251841896422729639e-02
2.421232999999999969e+00 2.514687199999999834e+01 7.246252921779089418e-02
2.425975999999999910e+00 2.517434899999999942e+01 7.243085520199592231e-02
2.430718000000000156e+00 2.510302899999999937e+01 7.225770461606291495e-02
2.435461000000000098e+00 2.523314699999999888e+01 7.237491550573374455e-02
2.440204000000000040e+00 2.514532600000000073e+01 7.220444608847088885e-02
2.444946999999999981e+00 2.510790700000000086e+01 7.205553293046690344e-02
2.449689999999999923e+00 2.509577699999999822e+01 7.196858115473167561e-02
2.454432999999999865e+00 2.510867600000000266e+01 7.191823694257945543e-02
2.459175999999999807e+00 2.513476299999999952e+01 7.188703225360745797e-02
2.463918000000000053e+00 2.512934600000000174e+01 7.181046858334097505e-02
2.468660999999999994e+00 2.512621400000000094e+01 7.173792064301208471e-02
2.473403999999999936e+00 2.515951000000000093e+01 7.171750301376923764e-02
2.478146999999999878e+00 2.521658699999999698e+01 7.173123583421241178e-02
2.482889999999999819e+00 2.512471900000000247e+01 7.153297412841366776e-02
2.487633000000000205e+00 2.521134200000000192e+01 7.158885515754040418e-02
2.492376000000000147e+00 2.510698999999999970e+01 7.137382208061229805e-02
2.497117999999999949e+00 2.517841899999999811e+01 7.140871087946973339e-02
2.501860999999999891e+00 2.509099700000000155e+01 7.121818372912777639e-02
2.506603999999999832e+00 2.507099900000000403e+01 7.112370117461970509e-02
2.511347000000000218e+00 2.515498099999999937e+01 7.117529552699727868e-02
2.516090000000000160e+00 2.507787599999999628e+01 7.094603933489451730e-02
2.520833000000000101e+00 2.501517999999999731e+01 7.071213072943001443e-02
2.525576000000000043e+00 2.505584599999999540e+01 7.062562175650420604e-02
2.530318999999999985e+00 2.508708699999999681e+01 7.055402532438882768e-02
2.535060999999999787e+00 2.512971900000000502e+01 7.054935401764143854e-02
2.539804000000000173e+00 2.505518700000000365e+01 7.038086169180582385e-02
2.544547000000000114e+00 2.496366200000000291e+01 7.018949711479346987e-02
2.549290000000000056e+00 2.512830900000000156e+01 7.035732872502692414e-02
2.554032999999999998e+00 2.510207499999999925e+01 7.025801985178062314e-02
2.558775999999999939e+00 2.500437699999999808e+01 7.005848404863539158e-02
2.563518999999999881e+00 2.500151999999999930e+01 6.999463928287294467e-02
2.568261000000000127e+00 2.492905299999999968e+01 6.988724233998576396e-02
2.573004000000000069e+00 2.508007000000000275e+01 7.011476969515409441e-02
2.577747000000000011e+00 2.496408100000000019e+01 6.996784086851401407e-02
2.582489999999999952e+00 2.485497300000000109e+01 6.979577548771201401e-02
2.587232999999999894e+00 2.497317800000000076e+01 6.989976010654613825e-02
2.591975999999999836e+00 2.498964699999999794e+01 6.986078895773650821e-02
2.596719000000000221e+00 2.504151699999999892e+01 6.987149388974447928e-02
2.601462000000000163e+00 2.488608700000000340e+01 6.959273502743947015e-02
2.606203999999999965e+00 2.498307100000000247e+01 6.966703500285770234e-02
2.610946999999999907e+00 2.489687400000000039e+01 6.948575099907103314e-02
2.615689999999999849e+00 2.500538099999999986e+01 6.957600542194916637e-02
2.620432999999999790e+00 2.503045599999999737e+01 6.954997477576897735e-02
2.625176000000000176e+00 2.503035500000000368e+01 6.948936872326658132e-02
2.629919000000000118e+00 2.496533300000000111e+01 6.933876733238916734e-02
2.634662000000000059e+00 2.498694500000000218e+01 6.932339333757112088e-02
2.639403999999999861e+00 2.492050699999999708e+01 6.918331512682375506e-02
2.644146999999999803e+00 2.496981299999999848e+01 6.916908282505125627e-02
2.648890000000000189e+00 2.494709999999999894e+01 6.907405615421827183e-02
2.653633000000000131e+00 2.490150600000000125e+01 6.896187462167338578e-02
2.658376000000000072e+00 2.489834900000000317e+01 6.889996804840840816e-02
2.663119000000000014e+00 2.487209900000000218e+01 6.879287504630693384e-02
2.667861999999999956e+00 2.492147499999999738e+01 6.880186549339342705e-02
2.672604999999999897e+00 2.489809399999999684e+01 6.871078740565705889e-02
2.677347000000000143e+00 2.495129700000000028e+01 6.872584254639588219e-02
2.682090000000000085e+00 2.489716600000000213e+01 6.859296082578664189e-02
2.686833000000000027e+00 2.490586499999999859e+01 6.854704777902473345e-02
2.691575999999999969e+00 2.485315199999999791e+01 6.841622662302196400e-02
2.696318999999999910e+00 2.498589900000000341e+01 6.854084318336037263e-02
2.701061999999999852e+00 2.494452999999999676e+01 6.842645211145906292e-02
2.705804999999999794e+00 2.488012499999999960e+01 6.828058576554245362e-02
2.710547000000000040e+00 2.484047100000000086e+01 6.816869532821279165e-02
2.715289999999999981e+00 2.491264200000000173e+01 6.821080795168753264e-02
2.720032999999999923e+00 2.490142600000000073e+01 6.813844491109405377e-02
2.724775999999999865e+00 2.490935999999999950e+01 6.809250476294949339e-02
2.729518999999999807e+00 2.501118999999999915e+01 6.817447824357807107e-02
2.734262000000000192e+00 2.491474000000000188e+01 6.798650188942802208e-02
2.739005000000000134e+00 2.483131499999999647e+01 6.781644463622152341e-02
2.743746999999999936e+00 2.496677799999999792e+01 6.794487384035825805e-02
2.748489999999999878e+00 2.487370100000000050e+01 6.776212805040068843e-02
2.753232999999999819e+00 2.502775100000000208e+01 6.791563359352985330e-02
2.757976000000000205e+00 2.492252400000000279e+01 6.771698045180765679e-02
2.762719000000000147e+00 2.496617700000000184e+01 6.772080443046731013e-02
2.767462000000000089e+00 2.491116000000000241e+01 6.759056913981195680e-02
2.772205000000000030e+00 2.495350400000000235e+01 6.759278787251417342e-02
2.776947999999999972e+00 2.482214400000000154e+01 6.735966921081262826e-02
2.781690000000000218e+00 2.477001699999999929e+01 6.723410776016588986e-02
2.786433000000000160e+00 2.485217799999999855e+01 6.729045233219345390e-02
2.791176000000000101e+00 2.486610699999999952e+01 6.725474161606601053e-02
2.795919000000000043e+00 2.485152899999999931e+01 6.718065786115748339e-02
2.800661999999999985e+00 2.491876999999999853e+01 6.723245135075694989e-02
2.805404999999999927e+00 2.487102399999999847e+01 6.710407689970408762e-02
2.810147999999999868e+00 2.492115899999999939e+01 6.714960823537616252e-02
2.814890000000000114e+00 2.502320900000000137e+01 6.724163339034232301e-02
2.819633000000000056e+00 2.497765900000000272e+01 6.842527629677427892e-02
2.824375999999999998e+00 2.485320700000000116e+01 6.968725405192113809e-02
2.829118999999999939e+00 2.491011800000000065e+01 7.066850844574902590e-02
2.833861999999999881e+00 2.488528000000000162e+01 7.137090880614242738e-02
2.838604999999999823e+00 2.491654399999999825e+01 7.204060758950954491e-02
2.843348000000000209e+00 2.483828299999999700e+01 7.223046180815126394e-02
2.848091000000000150e+00 2.484269700000000114e+01 7.245625076150988275e-02
2.852832999999999952e+00 2.479178600000000188e+01 7.259327709053847721e-02
2.857575999999999894e+00 2.485831900000000161e+01 7.288584582686408186e-02
2.862318999999999836e+00 2.477062700000000106e+01 7.293859434902347227e-02
2.867062000000000221e+00 2.478128099999999989e+01 7.312525675504052969e-02
2.871805000000000163e+00 2.482929700000000039e+01 7.335757680326757124e-02
2.876548000000000105e+00 2.494748900000000091e+01 7.368542805218478153e-02
2.881291000000000047e+00 2.476310099999999892e+01 7.321424113487280672e-02
2.886032999999999848e+00 2.504929000000000272e+01 7.153667113086546736e-02
2.890775999999999790e+00 2.480688900000000174e+01 7.007075703102613740e-02
2.895519000000000176e+00 2.492466399999999993e+01 6.947813719461395920e-02
2.900262000000000118e+00 2.490323500000000223e+01 6.884759526496186943e-02
2.905005000000000059e+00 2.481956199999999768e+01 6.836142023542957080e-02
2.909748000000000001e+00 2.492485199999999779e+01 6.832680852083169998e-02
2.914490999999999943e+00 2.491756199999999666e+01 6.815701274357467698e-02
2.919233000000000189e+00 2.473268600000000106e+01 6.775909168515543979e-02
2.923976000000000131e+00 2.483978099999999500e+01 6.777220831938782220e-02
2.928719000000000072e+00 2.485896600000000234e+01 6.767450682320708122e-02
2.933462000000000014e+00 2.484337400000000073e+01 6.753663893723020617e-02
2.938204999999999956e+00 2.479820200000000341e+01 6.736492158479959191e-02
2.942947999999999897e+00 2.488820500000000280e+01 6.738226921287528148e-02
2.947690999999999839e+00 2.486487400000000392e+01 6.725049993624954148e-02
2.952433999999999781e+00 2.483454700000000059e+01 6.712096638730181974e-02
2.957176000000000027e+00 2.481789100000000303e+01 6.701214264631448481e-02
2.961918999999999969e+00 2.469884600000000319e+01 6.674818505008281444e-02
2.966661999999999910e+00 2.483607599999999849e+01 6.684691237296977451e-02
2.971404999999999852e+00 2.480698399999999992e+01 6.672340005716509426e-02
2.976147999999999794e+00 2.479807600000000178e+01 6.662950802772897585e-02
2.980891000000000179e+00 2.475792799999999971e+01 6.649569764001728167e-02
2.985634000000000121e+00 2.466541300000000447e+01 6.629332038431398622e-02
2.990375999999999923e+00 2.470600400000000008e+01 6.628881584787361947e-02
2.995118999999999865e+00 2.479889700000000374e+01 6.632403709229030275e-02
2.999861999999999806e+00 2.476071400000000011e+01 6.619663811411347076e-02
3.004605000000000192e+00 2.484899999999999665e+01 6.624230998102573209e-02
3.009348000000000134e+00 2.483458999999999861e+01 6.615213398986535820e-02
3.014091000000000076e+00 2.478878300000000223e+01 6.604134519199696129e-02
3.018834000000000017e+00 2.502243400000000051e+01 6.626240503071782750e-02
3.023576999999999959e+00 2.481985300000000194e+01 6.592590291271861747e-02
3.028319000000000205e+00 2.480402000000000129e+01 6.583780364289046338e-02
3.033062000000000147e+00 2.482180400000000020e+01 6.579510183408031343e-02
3.037805000000000089e+00 2.476963299999999890e+01 6.566090947368381781e-02
3.042548000000000030e+00 2.478051400000000015e+01 6.561109837659022392e-02
3.047290999999999972e+00 2.471192100000000025e+01 6.545665047959145499e-02
3.052033999999999914e+00 2.471835599999999999e+01 6.540202334816484775e-02
3.056776999999999855e+00 2.473910699999999707e+01 6.536734986982874196e-02
3.061519000000000101e+00 2.474329400000000234e+01 6.531106605997026582e-02
3.066262000000000043e+00 2.481742200000000054e+01 6.534773294742826644e-02
3.071004999999999985e+00 2.484195199999999915e+01 6.533253627233218119e-02
3.075747999999999927e+00 2.485959200000000280e+01 6.529852487634693614e-02
3.080490999999999868e+00 2.474247899999999944e+01 6.507823337022142218e-02
3.085233999999999810e+00 2.480410699999999480e+01 6.509070147373893778e-02
3.089977000000000196e+00 2.482943800000000323e+01 6.508360953796432646e-02
3.094720000000000137e+00 2.474552999999999869e+01 6.489793989875410063e-02
3.099461999999999939e+00 2.476422499999999971e+01 6.486412619510109612e-02
3.104204999999999881e+00 2.477897199999999955e+01 6.482604847939058001e-02
3.108947999999999823e+00 2.488208499999999646e+01 6.490357221289209944e-02
3.113691000000000209e+00 2.477201099999999911e+01 6.470370924857245243e-02
3.118434000000000150e+00 2.480983499999999964e+01 6.469703544619026525e-02
3.123177000000000092e+00 2.487134599999999907e+01 6.472107495703698088e-02
3.127920000000000034e+00 2.473471199999999826e+01 6.448761624505902623e-02
3.132661999999999836e+00 2.482255699999999621e+01 6.454693692798675608e-02
3.137405000000000221e+00 2.478842899999999716e+01 6.444796738284924720e-02
3.142148000000000163e+00 2.472323700000000102e+01 6.430867014655877734e-02
3.146891000000000105e+00 2.477212700000000112e+01 6.432624874983151886e-02
3.151634000000000047e+00 2.476006699999999938e+01 6.425913496610735631e-02
3.156376999999999988e+00 2.467982399999999643e+01 6.409133603602987228e-02
3.161119999999999930e+00 2.474034600000000239e+01 6.411700782515587782e-02
3.165862000000000176e+00 2.488069200000000336e+01 6.429016425668158952e-02
3.170605000000000118e+00 2.482167300000000054e+01 6.414463099527270562e-02
3.175348000000000059e+00 2.467024799999999374e+01 6.386817195920986567e-02
3.180091000000000001e+00 2.475277899999999676e+01 6.392261425393755414e-02
3.184833999999999943e+00 2.469009399999999843e+01 6.378979975539035563e-02
3.189576999999999884e+00 2.477691600000000349e+01 6.385026899498232045e-02
3.194319999999999826e+00 2.466278799999999904e+01 6.363324558820412924e-02
3.199063000000000212e+00 2.472398299999999693e+01 6.359518108754311227e-02
3.203805000000000014e+00 2.477226000000000283e+01 6.353942573554863249e-02
3.208547999999999956e+00 2.472556399999999854e+01 6.340138367204535552e-02
3.213290999999999897e+00 2.482145000000000223e+01 6.347409176971893774e-02
3.218033999999999839e+00 2.480762900000000215e+01 6.340672354700406521e-02
3.222776999999999781e+00 2.465709399999999718e+01 6.316437242112281358e-02
3.227520000000000167e+00 2.465792300000000026e+01 6.311629071888731624e-02
3.232263000000000108e+00 2.467744099999999818e+01 6.309218346181640069e-02
3.237004999999999910e+00 2.470439200000000213e+01 6.307769718535308212e-02
3.241747999999999852e+00 2.476907800000000037e+01 6.311137994857504707e-02
3.246490999999999794e+00 2.469462300000000354e+01 6.296800585326806088e-02
3.251234000000000179e+00 2.475109499999999940e+01 6.300927831969510562e-02
3.255977000000000121e+00 2.473691900000000032e+01 6.300727929476006295e-02
3.260720000000000063e+00 2.475996599999999859e+01 6.305464585556562473e-02
3.265463000000000005e+00 2.478545199999999937e+01 6.306436922062964856e-02
3.270205999999999946e+00 2.479343400000000130e+01 6.302663278627931853e-02
3.274948000000000192e+00 2.472113799999999983e+01 6.288657479016170060e-02
3.279691000000000134e+00 2.473472900000000152e+01 6.285584794808277143e-02
3.284434000000000076e+00 2.464525199999999927e+01 6.269475146284575473e-02
3.289177000000000017e+00 2.472717100000000201e+01 6.275149217501843624e-02
3.293919999999999959e+00 2.482141500000000178e+01 6.282344871654053919e-02
3.298662999999999901e+00 2.483454499999999854e+01 6.279284728703979357e-02
3.303405999999999842e+00 2.476952100000000101e+01 6.266369524077557152e-02
3.308148000000000089e+00 2.481824100000000044e+01 6.267841549516388333e-02
3.312891000000000030e+00 2.470923400000000214e+01 6.249397641670755010e-02
3.317633999999999972e+00 2.473543000000000092e+01 6.248062552663664893e-02
3.322376999999999914e+00 2.469071700000000291e+01 6.237876636639187039e-02
3.327119999999999855e+00 2.481592099999999945e+01 6.250591684604425713e-02
3.331862999999999797e+00 2.470412400000000019e+01 6.230261724346738278e-02
3.336606000000000183e+00 2.472308100000000053e+01 6.228048289096994872e-02
3.341347999999999985e+00 2.473809400000000025e+01 6.225383423536255678e-02
3.346090999999999926e+00 2.479212899999999919e+01 6.227612450313282227e-02
3.350833999999999868e+00 2.463143400000000227e+01 6.202824384221916620e-02
3.355576999999999810e+00 2.469480700000000439e+01 6.206277975873382424e-02
3.360320000000000196e+00 2.471582099999999826e+01 6.204417836989058882e-02
3.365063000000000137e+00 2.476588699999999932e+01 6.206175195170049452e-02
3.369806000000000079e+00 2.477913099999999957e+01 6.203340752304117162e-02
3.374549000000000021e+00 2.489855400000000074e+01 6.213751645928809741e-02
3.379290999999999823e+00 2.493900800000000118e+01 6.283474618137961654e-02
3.384034000000000209e+00 2.479127499999999884e+01 6.411847274314322331e-02
3.388777000000000150e+00 2.482103599999999943e+01 6.500503027629708774e-02
3.393520000000000092e+00 2.471443500000000171e+01 6.553387572444270559e-02
3.398263000000000034e+00 2.469951499999999811e+01 6.591013364496009497e-02
3.403005999999999975e+00 2.471278899999999723e+01 6.610579075997125020e-02
3.407748999999999917e+00 2.462751599999999641e+01 6.595736779788366477e-02
3.412491000000000163e+00 2.462684299999999737e+01 6.599291125310126349e-02
3.417234000000000105e+00 2.466880400000000151e+01 6.622497940466723354e-02
3.421977000000000046e+00 2.477255399999999952e+01 6.652465399965488968e-02
3.426719999999999988e+00 2.476712500000000006e+01 6.665291511359275334e-02
3.431462999999999930e+00 2.481151399999999896e+01 6.685182429638102108e-02
3.436205999999999872e+00 2.478123200000000281e+01 6.695552433527721115e-02
3.440948999999999813e+00 2.465984900000000124e+01 6.691255635121706735e-02
3.445692000000000199e+00 2.474555700000000158e+01 6.716091788141523300e-02
3.450434000000000001e+00 2.477841700000000102e+01 6.729899273491617151e-02
3.455176999999999943e+00 2.484290800000000132e+01 6.749710996764379800e-02
3.459919999999999884e+00 2.475923799999999630e+01 6.748907396100793654e-02
3.464662999999999826e+00 2.477514300000000347e+01 6.761273030854174360e-02
3.469406000000000212e+00 2.474162099999999853e+01 6.766567891832683812e-02
3.474149000000000154e+00 2.468508799999999681e+01 6.768349205390042367e-02
3.478892000000000095e+00 2.471662900000000107e+01 6.781960000461886851e-02
3.483633999999999897e+00 2.475701099999999855e+01 6.796413825835431743e-02
3.488376999999999839e+00 2.471475299999999820e+01 6.799319571152395714e-02
3.493119999999999781e+00 2.474013399999999763e+01 6.811253802170272320e-02
3.497863000000000167e+00 2.468057200000000151e+01 6.811281816317248106e-02
3.502606000000000108e+00 2.479959400000000258e+01 6.835709109303876596e-02
3.507349000000000050e+00 2.472446499999999858e+01 6.833144635012858292e-02
3.512091999999999992e+00 2.466368499999999742e+01 6.832381119745151166e-02
3.516833999999999794e+00 2.470986800000000017e+01 6.846190088653250627e-02
3.521577000000000179e+00 2.472537900000000022e+01 6.855588865824656375e-02
3.526320000000000121e+00 2.469933600000000240e+01 6.859090523490851687e-02
3.531063000000000063e+00 2.471230000000000260e+01 6.867838654149280297e-02
3.535806000000000004e+00 2.477076800000000034e+01 6.882792000990514691e-02
3.540548999999999946e+00 2.464638599999999968e+01 6.872089106209915144e-02
3.545291999999999888e+00 2.477661500000000316e+01 6.896767780028337236e-02
3.550034999999999830e+00 2.470663799999999810e+01 6.893435162061800625e-02
3.554777000000000076e+00 2.468145500000000681e+01 6.896168739690176908e-02
3.559520000000000017e+00 2.465372099999999733e+01 6.898446107964677221e-02
3.564262999999999959e+00 2.471845199999999565e+01 6.913514919413929483e-02
3.569005999999999901e+00 2.465995300000000512e+01 6.912598782262789621e-02
3.573748999999999842e+00 2.469546100000000166e+01 6.925384703508101480e-02
3.578491999999999784e+00 2.472738900000000228e+01 6.932235390731117386e-02
3.583235000000000170e+00 2.466549099999999939e+01 6.929202425189280590e-02
3.587976999999999972e+00 2.464228899999999811e+01 6.929095820540728812e-02
3.592719999999999914e+00 2.462826899999999952e+01 6.921716004522868171e-02
3.597462999999999855e+00 2.473766399999999877e+01 6.930898751173111827e-02
3.602205999999999797e+00 2.466529099999999630e+01 6.914630558600870502e-02
3.606949000000000183e+00 2.461912300000000187e+01 6.902051580539730891e-02
3.611692000000000125e+00 2.471673100000000289e+01 6.914798178091027814e-02
3.616435000000000066e+00 2.485577800000000082e+01 6.941136757450036554e-02
3.621178000000000008e+00 2.488862400000000008e+01 7.029656829440041055e-02
3.625919999999999810e+00 2.481342599999999976e+01 7.270024139559097542e-02
3.630663000000000196e+00 2.480256899999999831e+01 7.409957040084172442e-02
3.635406000000000137e+00 2.471529400000000010e+01 7.502482430470130970e-02
3.640149000000000079e+00 2.468678299999999837e+01 7.575911781122124378e-02
3.644892000000000021e+00 2.466401700000000474e+01 7.624193570144319199e-02
3.649634999999999962e+00 2.472497900000000115e+01 7.682836853892513473e-02
3.654377999999999904e+00 2.466413800000000123e+01 7.716025081238461758e-02
3.659120000000000150e+00 2.479705099999999973e+01 7.779958158218462649e-02
3.663863000000000092e+00 2.473777900000000329e+01 7.812202758274262859e-02
3.668606000000000034e+00 2.464924899999999752e+01 7.838351065087159619e-02
3.673348999999999975e+00 2.470756800000000197e+01 7.886741881539741095e-02
3.678091999999999917e+00 2.482766600000000068e+01 7.944165070695913267e-02
3.682834999999999859e+00 2.467421700000000584e+01 7.956952809138935490e-02
3.687577999999999800e+00 2.461704300000000245e+01 7.984374649975224669e-02
3.692321000000000186e+00 2.465919999999999845e+01 8.027306975278883372e-02
3.697062999999999988e+00 2.457052300000000145e+01 8.048305864213038674e-02
3.701805999999999930e+00 2.452568300000000079e+01 8.075922004930954912e-02
3.706548999999999872e+00 2.464654300000000120e+01 8.130466220335091920e-02
3.711291999999999813e+00 2.466798800000000114e+01 8.168247131953526585e-02
3.716035000000000199e+00 2.455408300000000210e+01 8.183241653847025954e-02
3.720778000000000141e+00 2.459964599999999990e+01 8.224458969623654747e-02
3.725521000000000083e+00 2.451026099999999985e+01 8.242786232189391882e-02
3.730262999999999884e+00 2.453123300000000029e+01 8.279416249822327267e-02
3.735005999999999826e+00 2.464014399999999938e+01 8.330669660569431367e-02
3.739749000000000212e+00 2.474863400000000269e+01 8.381834360168244347e-02
3.744492000000000154e+00 2.470545100000000360e+01 8.407135977278766548e-02
3.749235000000000095e+00 2.464677499999999810e+01 8.429577579923266950e-02
3.753978000000000037e+00 2.468180199999999758e+01 8.467941869442421887e-02
3.758720999999999979e+00 2.468662700000000498e+01 8.500950782223126723e-02
3.763462999999999781e+00 2.455491500000000116e+01 8.510303120902097673e-02
3.768206000000000166e+00 2.466832899999999995e+01 8.561948561979101924e-02
3.772949000000000108e+00 2.465339900000000029e+01 8.591299674399502373e-02
3.777692000000000050e+00 2.468825199999999853e+01 8.629234937179078302e-02
3.782434999999999992e+00 2.473527500000000146e+01 8.669309263966305801e-02
3.787177999999999933e+00 2.461158400000000057e+01 8.679348441664673508e-02
3.791920999999999875e+00 2.467377499999999912e+01 8.722080147450721188e-02
3.796663999999999817e+00 2.463437499999999858e+01 8.746790674283511091e-02
3.801406000000000063e+00 2.467938899999999691e+01 8.786519589737565306e-02
3.806149000000000004e+00 2.467257199999999528e+01 8.817020309955002355e-02
3.810891999999999946e+00 2.466477300000000383e+01 8.847326958187937129e-02
3.815634999999999888e+00 2.457679599999999809e+01 8.863120910281038767e-02
3.820377999999999830e+00 2.453964900000000426e+01 8.888083707694813262e-02
3.825121000000000215e+00 2.474473100000000159e+01 8.956925140759579296e-02
3.829864000000000157e+00 2.475472500000000409e+01 8.990563314089224101e-02
3.834605999999999959e+00 2.477287099999999853e+01 9.025718435598520384e-02
3.839348999999999901e+00 2.468646400000000085e+01 9.041916359275727066e-02
3.844091999999999842e+00 2.467465599999999881e+01 9.071592329471712957e-02
3.848834999999999784e+00 2.451514999999999844e+01 9.074346472584403356e-02
3.853578000000000170e+00 2.460187599999999719e+01 9.127180998928037525e-02
3.858321000000000112e+00 2.473523299999999736e+01 9.178858127785557985e-02
3.863064000000000053e+00 2.481195499999999754e+01 9.225337354284122993e-02
3.867806999999999995e+00 2.478713099999999869e+01 9.253048734398408581e-02
3.872548999999999797e+00 2.469817399999999807e+01 9.268678031485827473e-02
3.877292000000000183e+00 2.451083900000000071e+01 9.265741240570178616e-02
3.882035000000000124e+00 2.466140999999999650e+01 9.326671940896494317e-02
3.886778000000000066e+00 2.465637800000000013e+01 9.358264522285636433e-02
3.891521000000000008e+00 2.462610899999999958e+01 9.385132885806893310e-02
3.896263999999999950e+00 2.467219599999999957e+01 9.426642629971923593e-02
3.901006999999999891e+00 2.467531600000000225e+01 9.460054477252179128e-02
3.905749000000000137e+00 2.465374700000000274e+01 9.488959431774961206e-02
3.910492000000000079e+00 2.465044700000000333e+01 9.521403075721510123e-02
3.915235000000000021e+00 2.484270199999999917e+01 9.591784436767435140e-02
3.919977999999999962e+00 2.476715300000000042e+01 9.606389258919867391e-02
3.924720999999999904e+00 2.462137700000000251e+01 9.586606681416892650e-02
3.929463999999999846e+00 2.462752800000000164e+01 9.595155866947185919e-02
3.934206999999999788e+00 2.457429300000000083e+01 9.597382334074119892e-02
3.938949000000000034e+00 2.455510699999999957e+01 9.604127413368952759e-02
3.943691999999999975e+00 2.469235200000000319e+01 9.641329536593953864e-02
3.948434999999999917e+00 2.473282999999999987e+01 9.659572395074639273e-02
3.953177999999999859e+00 2.466869699999999810e+01 9.660056467459493534e-02
3.957920999999999800e+00 2.456925999999999988e+01 9.657617944120330811e-02
3.962664000000000186e+00 2.465767899999999813e+01 9.675844305990666250e-02
3.967407000000000128e+00 2.471461000000000041e+01 9.711961672085718533e-02
3.972150000000000070e+00 2.467365200000000058e+01 9.736627436836328697e-02
3.976891999999999872e+00 2.452789900000000145e+01 9.740587912159717754e-02
3.981634999999999813e+00 2.452833599999999947e+01 9.773546717270961692e-02
3.986378000000000199e+00 2.479022199999999998e+01 9.858856015449460330e-02
3.991121000000000141e+00 2.454374800000000079e+01 9.842922688565221290e-02
3.995864000000000082e+00 2.463448299999999591e+01 9.894579275100230664e-02
4.000606999999999580e+00 2.465773200000000287e+01 9.932868420770406270e-02
4.005349999999999966e+00 2.473412499999999881e+01 9.982164581876919185e-02
4.010092000000000212e+00 2.468504699999999730e+01 1.000623978706961792e-01
4.014834999999999710e+00 2.454133099999999956e+01 1.001116615212428729e-01
4.019578000000000095e+00 2.460558199999999829e+01 1.005864499182071714e-01
4.024320999999999593e+00 2.477288399999999768e+01 1.012732463892660889e-01
4.029063999999999979e+00 2.473297400000000223e+01 1.015400811166373984e-01
4.033807000000000365e+00 2.471388299999999916e+01 1.018506417281604542e-01
4.038549999999999862e+00 2.453417800000000071e+01 1.018305043352035061e-01
4.043293000000000248e+00 2.475942699999999874e+01 1.026508580046138625e-01
4.048034999999999606e+00 2.462762900000000243e+01 1.027327419868218072e-01
4.052777999999999992e+00 2.475362299999999749e+01 1.033533297300773812e-01
4.057521000000000377e+00 2.477816300000000282e+01 1.037653038353755497e-01
4.062263999999999875e+00 2.466161799999999715e+01 1.038832839204619080e-01
4.067007000000000261e+00 2.467613099999999804e+01 1.042781820201680587e-01
4.071749999999999758e+00 2.480290500000000264e+01 1.049137166119749887e-01
4.076493000000000144e+00 2.475153399999999948e+01 1.051743771173739850e-01
4.081235000000000390e+00 2.482395800000000108e+01 1.057003810110455494e-01
4.085977999999999888e+00 2.471703499999999920e+01 1.058472994822050178e-01
4.090721000000000274e+00 2.454855799999999633e+01 1.058614114827678837e-01
4.095463999999999771e+00 2.462715899999999891e+01 1.064090892434034624e-01
4.100207000000000157e+00 2.469366700000000137e+01 1.069342090612901003e-01
4.104949999999999655e+00 2.475455499999999986e+01 1.074517948869757183e-01
4.109693000000000040e+00 2.476624100000000084e+01 1.078640538568943208e-01
4.114436000000000426e+00 2.470400800000000174e+01 1.081178315970918041e-01
4.119177999999999784e+00 2.477946899999999886e+01 1.086764676525290713e-01
4.123921000000000170e+00 2.470414299999999841e+01 1.089063371044853429e-01
4.128663999999999668e+00 2.462523300000000148e+01 1.091305016466038308e-01
4.133407000000000053e+00 2.459419600000000017e+01 1.094625986139992069e-01
4.138150000000000439e+00 2.470295499999999578e+01 1.101079762642062088e-01
4.142892999999999937e+00 2.463320099999999613e+01 1.103591201750113715e-01
4.147636000000000323e+00 2.486082700000000045e+01 1.112789984424060324e-01
4.152377999999999680e+00 2.471627799999999908e+01 1.113697335425339052e-01
4.157121000000000066e+00 2.471016599999999741e+01 1.117725369398001878e-01
4.161863999999999564e+00 2.467546399999999807e+01 1.121140389422952549e-01
4.166606999999999950e+00 2.471364999999999768e+01 1.126241688999519291e-01
4.171350000000000335e+00 2.459550899999999984e+01 1.127799115839585309e-01
4.176092999999999833e+00 2.465813699999999642e+01 1.133597193558377736e-01
4.180836000000000219e+00 2.479522800000000160e+01 1.142659879976207077e-01
4.185577999999999577e+00 2.459166800000000208e+01 1.141112517942201032e-01
4.190320999999999962e+00 2.462575099999999750e+01 1.145896749750478227e-01
4.195064000000000348e+00 2.468340599999999796e+01 1.151681550454595193e-01
4.199806999999999846e+00 2.469883899999999954e+01 1.156523262970594185e-01
4.204550000000000232e+00 2.489117900000000105e+01 1.165562616064778345e-01
4.209292999999999729e+00 2.471144000000000318e+01 1.165920391726527755e-01
4.214036000000000115e+00 2.478095100000000173e+01 1.172164427100131912e-01
4.218778999999999613e+00 2.468007700000000071e+01 1.174423954511930185e-01
4.223520999999999859e+00 2.471526999999999674e+01 1.179949253038697493e-01
4.228264000000000244e+00 2.481477899999999792e+01 1.187068978914687933e-01
4.233006999999999742e+00 2.467391099999999682e+01 1.188460899333360493e-01
4.237750000000000128e+00 2.460466000000000264e+01 1.191600573810780023e-01
4.242492999999999626e+00 2.501733800000000230e+01 1.206451227145204641e-01
4.247236000000000011e+00 2.462453400000000059e+01 1.201836079490102432e-01
4.251979000000000397e+00 2.456042699999999712e+01 1.205262852264280954e-01
4.256720999999999755e+00 2.469071000000000282e+01 1.215503933112752205e-01
4.261464000000000141e+00 2.469204700000000230e+01 1.218894883075087032e-01
4.266206999999999638e+00 2.482007099999999866e+01 1.226766436894378975e-01
4.270950000000000024e+00 2.480055200000000326e+01 1.231452889493345609e-01
4.275693000000000410e+00 2.493174500000000293e+01 1.239922985208839618e-01
4.280435999999999908e+00 2.491000299999999612e+01 1.244671685965636626e-01
4.285179000000000293e+00 2.480377200000000215e+01 1.247338531916788867e-01
4.289921999999999791e+00 2.479496300000000275e+01 1.252491320748718717e-01
4.294664000000000037e+00 2.489751700000000056e+01 1.260530768679511415e-01
4.299407000000000423e+00 2.482234799999999808e+01 1.264110497811741785e-01
4.304149999999999920e+00 2.480203300000000155e+01 1.269138555712476246e-01
4.308893000000000306e+00 2.477522899999999950e+01 1.274071911097128806e-01
4.313635999999999804e+00 2.458460499999999982e+01 1.274797135467063414e-01
4.318379000000000190e+00 2.471558200000000483e+01 1.283910980535021562e-01
4.323121999999999687e+00 2.468409100000000223e+01 1.289779259133065625e-01
4.327863999999999933e+00 2.478713600000000028e+01 1.298061703040594983e-01
4.332607000000000319e+00 2.456129300000000271e+01 1.297397788332791957e-01
4.337349999999999817e+00 2.478617599999999399e+01 1.309323377458044280e-01
4.342093000000000202e+00 2.478361199999999798e+01 1.315318953475874686e-01
4.346835999999999700e+00 2.463075900000000118e+01 1.317370103074819165e-01
4.351579000000000086e+00 2.472693299999999894e+01 1.326131903886683394e-01
4.356321999999999584e+00 2.474586600000000303e+01 1.332916585093849859e-01
4.361063999999999830e+00 2.469793500000000108e+01 1.337970540583031664e-01
4.365807000000000215e+00 2.479316499999999834e+01 1.346989132497705133e-01
4.370549999999999713e+00 2.492803599999999875e+01 1.357171159204689226e-01
4.375293000000000099e+00 2.473374700000000104e+01 1.358458521282199516e-01
4.380035999999999596e+00 2.482474300000000511e+01 1.368261251172775972e-01
4.384778999999999982e+00 2.466594799999999665e+01 1.371170601178321458e-01
4.389522000000000368e+00 2.465035000000000309e+01 1.376398987080334202e-01
4.394264999999999866e+00 2.481456299999999970e+01 1.387754175445867766e-01
4.399007000000000112e+00 2.456339600000000090e+01 1.383419605785778939e-01
4.403749999999999609e+00 2.470213199999999887e+01 1.388277012044707159e-01
4.408492999999999995e+00 2.461273700000000275e+01 1.386700174689110554e-01
4.413236000000000381e+00 2.474700999999999951e+01 1.391409531648198639e-01
4.417978999999999878e+00 2.457853800000000177e+01 1.387596662564911099e-01
4.422722000000000264e+00 2.458524299999999840e+01 1.388724601553731341e-01
4.427464999999999762e+00 2.488601900000000100e+01 1.398090532741688985e-01
4.432207000000000008e+00 2.479259099999999805e+01 1.396384958885088234e-01
4.436950000000000394e+00 2.476259100000000402e+01 1.397220482703281363e-01
4.441692999999999891e+00 2.478206699999999785e+01 1.404094688457370455e-01
4.446436000000000277e+00 2.487661000000000300e+01 1.413979787395180376e-01
4.451178999999999775e+00 2.472445700000000102e+01 1.416913598106070149e-01
4.455922000000000160e+00 2.482934099999999944e+01 1.427299632012311581e-01
4.460664999999999658e+00 2.479316200000000237e+01 1.433743101824587751e-01
4.465408000000000044e+00 2.483578599999999881e+01 1.442574445673130701e-01
4.470150000000000290e+00 2.468526599999999860e+01 1.445873591976186423e-01
4.474892999999999788e+00 2.471239299999999872e+01 1.454461307533517767e-01
4.479636000000000173e+00 2.471184000000000225e+01 1.462340918167747139e-01
4.484378999999999671e+00 2.491776799999999525e+01 1.476488617809866288e-01
4.489122000000000057e+00 2.489838400000000362e+01 1.484084437829808756e-01
4.493865000000000443e+00 2.468309400000000409e+01 1.485912033247318298e-01
4.498607999999999940e+00 2.479669999999999774e+01 1.497728874696027945e-01
4.503350000000000186e+00 2.465862999999999872e+01 1.502056021494371507e-01
4.508092999999999684e+00 2.465965900000000488e+01 1.510724139046437375e-01
4.512836000000000070e+00 2.479305499999999540e+01 1.523603925759477173e-01
4.517578999999999567e+00 2.478012400000000071e+01 1.532140249577352009e-01
4.522321999999999953e+00 2.468354799999999827e+01 1.538206253709128168e-01
4.527065000000000339e+00 2.494030899999999917e+01 1.555444807791350192e-01
4.531807999999999836e+00 2.478809999999999647e+01 1.560078754457815964e-01
4.536551000000000222e+00 2.478284500000000179e+01 1.569438919166263602e-01
4.541292999999999580e+00 2.477965100000000120e+01 1.579033749148310573e-01
4.546035999999999966e+00 2.469164400000000015e+01 1.586076644180803574e-01
4.550779000000000352e+00 2.473821900000000085e+01 1.597587815244914666e-01
4.555521999999999849e+00 2.476459299999999786e+01 1.608651694063805149e-01
4.560265000000000235e+00 2.481057799999999958e+01 1.620515461789624467e-01
4.565007999999999733e+00 2.483914899999999903e+01 1.632057774747766310e-01
4.569751000000000118e+00 2.506260499999999780e+01 1.650190877234136988e-01
4.574493000000000364e+00 2.479798000000000258e+01 1.652437058303202200e-01
4.579235999999999862e+00 2.472162000000000148e+01 1.661043922028617170e-01
4.583979000000000248e+00 2.476838400000000107e+01 1.673988019729746868e-01
4.588721999999999746e+00 2.458440099999999973e+01 1.679320618236922746e-01
4.593465000000000131e+00 2.486507300000000242e+01 1.700726443019764389e-01
4.598207999999999629e+00 2.508472300000000033e+01 1.720349647016047867e-01
4.602951000000000015e+00 2.487715199999999882e+01 1.725550077428647244e-01
4.607693000000000261e+00 2.468457400000000490e+01 1.731392908131773600e-01
4.612435999999999758e+00 2.492905199999999866e+01 1.752792848057156960e-01
4.617179000000000144e+00 2.484380599999999362e+01 1.762882567785962751e-01
4.621921999999999642e+00 2.483935699999999969e+01 1.776116457168656626e-01
4.626665000000000028e+00 2.475567800000000318e+01 1.786777290965040899e-01
4.631408000000000413e+00 2.473762599999999878e+01 1.800053238164146807e-01
4.636150999999999911e+00 2.494004500000000135e+01 1.821716536766760652e-01
4.640894000000000297e+00 2.466355700000000084e+01 1.826153057052562478e-01
4.645635999999999655e+00 2.478087099999999765e+01 1.845377550592737226e-01
4.650379000000000040e+00 2.512816899999999976e+01 1.873639222893446754e-01
4.655122000000000426e+00 2.495301800000000014e+01 1.882796272140100646e-01
4.659864999999999924e+00 2.483202800000000110e+01 1.894247010294758116e-01
4.664608000000000310e+00 2.506595599999999990e+01 1.919662846224461372e-01
4.669350999999999807e+00 2.487744700000000009e+01 1.929273467498737182e-01
4.674094000000000193e+00 2.478010200000000296e+01 1.942760539615917270e-01
4.678836000000000439e+00 2.471607900000000058e+01 1.957914934381414784e-01
4.683578999999999937e+00 2.469385999999999726e+01 1.975154708184267693e-01
4.688322000000000322e+00 2.483223100000000017e+01 1.999338695147162837e-01
4.693064999999999820e+00 2.513323700000000116e+01 2.030733095600692484e-01
4.697808000000000206e+00 2.493685999999999936e+01 2.042520096968994392e-01
4.702550999999999704e+00 2.517514899999999756e+01 2.072701334673334173e-01
4.707294000000000089e+00 2.508770300000000475e+01 2.090088723210906940e-01
4.712036999999999587e+00 2.531582999999999828e+01 2.121276203120791293e-01
4.716778999999999833e+00 2.511527800000000354e+01 2.135124146507366427e-01
4.721522000000000219e+00 2.522275599999999685e+01 2.162685894619484350e-01
4.726264999999999716e+00 2.468473699999999837e+01 2.162998661884091567e-01
4.731008000000000102e+00 2.475493700000000175e+01 2.190355024840267562e-01
4.735750999999999600e+00 2.468743299999999863e+01 2.212452311885564904e-01
4.740493999999999986e+00 2.493000699999999981e+01 2.249315998522617710e-01
4.745237000000000371e+00 2.540760399999999919e+01 2.297914017430041089e-01
4.749978999999999729e+00 2.503691300000000197e+01 2.309059534697910365e-01
4.754722000000000115e+00 2.467083099999999973e+01 2.320884773989415062e-01
4.759464999999999613e+00 2.502943099999999887e+01 2.367735267575131475e-01
4.764207999999999998e+00 2.520540300000000045e+01 2.407328354306212947e-01
4.768951000000000384e+00 2.507327300000000037e+01 2.433438368979993494e-01
4.773693999999999882e+00 2.530011100000000468e+01 2.478377079794547855e-01
4.778437000000000268e+00 2.540131499999999676e+01 2.518742572873460817e-01
4.783178999999999625e+00 2.513163300000000078e+01 2.542041642151922076e-01
4.787922000000000011e+00 2.506290600000000168e+01 2.576865005736297953e-01
4.792665000000000397e+00 2.503904800000000108e+01 2.615636226319814628e-01
4.797407999999999895e+00 2.504692400000000063e+01 2.657950445446738974e-01
4.802151000000000280e+00 2.499696899999999999e+01 2.699170534059938120e-01
4.806893999999999778e+00 2.522314199999999218e+01 2.757652656804747138e-01
4.811637000000000164e+00 2.473046499999999881e+01 2.778773762266653069e-01
4.816379999999999661e+00 2.527188299999999899e+01 2.860365088145656598e-01
4.821121999999999908e+00 2.514307799999999560e+01 2.907119393779797889e-01
4.825865000000000293e+00 2.484763500000000036e+01 2.946876734703821610e-01
4.830607999999999791e+00 2.501444000000000045e+01 3.017241709312205589e-01
4.835351000000000177e+00 2.501190899999999928e+01 3.081387216457472378e-01
4.840093999999999674e+00 2.530871499999999941e+01 3.168543711013137032e-01
4.844837000000000060e+00 2.532916399999999868e+01 3.243510230994809396e-01
4.849579999999999558e+00 2.525503800000000254e+01 3.317637747545985616e-01
4.854321999999999804e+00 2.471810900000000544e+01 3.366112394973168609e-01
4.859065000000000190e+00 2.511053400000000124e+01 3.484074796270165697e-01
4.863807999999999687e+00 2.499686599999999714e+01 3.575012886897192543e-01
4.868551000000000073e+00 2.510317499999999669e+01 3.690448967239893796e-01
4.873293999999999571e+00 2.520552599999999899e+01 3.816258252870211587e-01
4.878036999999999956e+00 2.492858100000000121e+01 3.924952449876940586e-01
4.882780000000000342e+00 2.550912600000000197e+01 4.115727620876531989e-01
4.887522999999999840e+00 2.563320600000000837e+01 4.288654759684090156e-01
4.892265000000000086e+00 2.555637099999999506e+01 4.465565717725470951e-01
4.897007999999999583e+00 2.546319199999999938e+01 4.665915317720629174e-01
4.901750999999999969e+00 2.549771599999999694e+01 4.909737919130917616e-01
4.906494000000000355e+00 2.563028899999999766e+01 5.205255649413869090e-01
4.911236999999999853e+00 2.552397399999999905e+01 5.531432057526423085e-01
4.915980000000000238e+00 2.573772399999999649e+01 5.967591950839634674e-01
4.920722999999999736e+00 2.602325599999999639e+01 6.525081398675651734e-01
4.925464999999999982e+00 2.462187899999999985e+01 7.018502046435122210e-01
4.930208000000000368e+00 2.546286400000000327e+01 8.094411852953553588e-01
4.934950999999999866e+00 2.487877900000000153e+01 9.469600724121318702e-01
4.939694000000000251e+00 2.325261200000000628e+01 1.182200524528550512e+00
4.944436999999999749e+00 7.404831699999998129e+00 1.155831780530198971e+00