# copyA
# Sample c= 0.0 mg/ml
#
# Number of frames collected: 10
# Exposure time per frame: 0.5
# No significant radiation damage detected, merging 10 files
# Merged from: /data/visitor/mx1905/bm29/20170412/Poker/1d/Sxl_10gs_144_00001.dat
# Merged from: /data/visitor/mx1905/bm29/20170412/Poker/1d/Sxl_10gs_144_00002.dat
# Merged from: /data/visitor/mx1905/bm29/20170412/Poker/1d/Sxl_10gs_144_00003.dat
# Merged from: /data/visitor/mx1905/bm29/20170412/Poker/1d/Sxl_10gs_144_00004.dat
# Merged from: /data/visitor/mx1905/bm29/20170412/Poker/1d/Sxl_10gs_144_00005.dat
# Merged from: /data/visitor/mx1905/bm29/20170412/Poker/1d/Sxl_10gs_144_00006.dat
# Merged from: /data/visitor/mx1905/bm29/20170412/Poker/1d/Sxl_10gs_144_00007.dat
# Merged from: /data/visitor/mx1905/bm29/20170412/Poker/1d/Sxl_10gs_144_00008.dat
# Merged from: /data/visitor/mx1905/bm29/20170412/Poker/1d/Sxl_10gs_144_00009.dat
# Merged from: /data/visitor/mx1905/bm29/20170412/Poker/1d/Sxl_10gs_144_00010.dat
#
# Sample Information:
# Storage Temperature (degrees C): 20.0
# Measurement Temperature (degrees C): 20.03
# Concentration: 0.0
# Code: 
3.082862000000000102e-02 6.228748799999999619e+02 8.365822218899705121e+00
3.557148999999999728e-02 1.206667399999999816e+03 4.801227435474286764e+00
4.031434999999999880e-02 1.168170699999999897e+03 3.111886566546847810e+00
4.505722000000000199e-02 9.142126699999998891e+02 1.957524820282917855e+00
4.980007999999999657e-02 6.232893900000000258e+02 1.447323686273374710e+00
5.454294999999999977e-02 4.455678599999999392e+02 1.151227876749177703e+00
5.928581000000000129e-02 3.218859099999999671e+02 9.302246980955140021e-01
6.402868000000000448e-02 2.522348799999999756e+02 7.851208272133850530e-01
6.877154000000000600e-02 2.027734800000000064e+02 6.761904097303437222e-01
7.351441000000000225e-02 1.656956999999999880e+02 5.889971707599196415e-01
7.825727999999999851e-02 1.366193199999999592e+02 5.148456381363252232e-01
8.300014000000000003e-02 1.154078299999999899e+02 4.580660044980853773e-01
8.774300999999999628e-02 9.970351999999999748e+01 4.131062414097370628e-01
9.248586999999999780e-02 8.792849000000001070e+01 3.770056743746172945e-01
9.722873999999999406e-02 7.823147800000000984e+01 3.452871392947325369e-01
1.019715999999999956e-01 6.985750099999999918e+01 3.179862527433693353e-01
1.067145000000000038e-01 6.487198699999999008e+01 2.991073558648519315e-01
1.114572999999999953e-01 5.929479300000000563e+01 2.794882453335626460e-01
1.162002000000000035e-01 5.518549000000000149e+01 2.637385857425344482e-01
1.209430999999999978e-01 5.146830599999999833e+01 2.493562405488733980e-01
1.256858999999999893e-01 4.955506299999999698e+01 2.397917975477109331e-01
1.304288000000000114e-01 4.692857500000000925e+01 2.288820720125060437e-01
1.351717000000000057e-01 4.435144700000000029e+01 2.183436892447306321e-01
1.399144999999999972e-01 4.226299399999999906e+01 2.092745772823873252e-01
1.446573999999999915e-01 4.101561999999999841e+01 2.025829737494054539e-01
1.494003000000000136e-01 3.939782300000000248e+01 1.952282092964766902e-01
1.541431000000000051e-01 3.839605200000000451e+01 1.899096473262969764e-01
1.588859999999999995e-01 3.752485800000000182e+01 1.847723803597975389e-01
1.636287999999999909e-01 3.652321400000001006e+01 1.795145531854729637e-01
1.683717000000000130e-01 3.541931200000000501e+01 1.741781184420169715e-01
1.731146000000000074e-01 3.458986099999999908e+01 1.696586060841859811e-01
1.778573999999999988e-01 3.384807299999999941e+01 1.654727389483929278e-01
1.826002999999999932e-01 3.332346399999999420e+01 1.619567449768270495e-01
1.873431999999999875e-01 3.280401900000000381e+01 1.585720435014482677e-01
1.920860000000000067e-01 3.239216299999999649e+01 1.555400463534876987e-01
1.968289000000000011e-01 3.188455600000000345e+01 1.523655241601747645e-01
2.015717999999999954e-01 3.144530100000000061e+01 1.494599242042722320e-01
2.063145999999999869e-01 3.109855400000000003e+01 1.468517771554957996e-01
2.110575000000000090e-01 3.067904700000000418e+01 1.440018102630987729e-01
2.158004000000000033e-01 3.037147100000000322e+01 1.416354820340581244e-01
2.205431999999999948e-01 3.017529499999999842e+01 1.396136413720528990e-01
2.252860999999999891e-01 2.989114100000000462e+01 1.374542215491182939e-01
2.300290000000000112e-01 2.971477800000000258e+01 1.355939314499575998e-01
2.347718000000000027e-01 2.936402799999999758e+01 1.333816888378588639e-01
2.395146999999999970e-01 2.915964800000000423e+01 1.315567820336739635e-01
2.442575999999999914e-01 2.907409499999999269e+01 1.300445495088529413e-01
2.490004000000000106e-01 2.891941100000000375e+01 1.284170422709933757e-01
2.537433000000000050e-01 2.866419499999999587e+01 1.266041443505871167e-01
2.584861999999999993e-01 2.823040599999999856e+01 1.244566582351928491e-01
2.632289999999999908e-01 2.842728200000000172e+01 1.237411212266338739e-01
2.679718999999999851e-01 2.829651199999999989e+01 1.223381183802640521e-01
2.727146999999999766e-01 2.813514199999999477e+01 1.208966703527847297e-01
2.774576000000000264e-01 2.798247000000000639e+01 1.195428395421197915e-01
2.822005000000000208e-01 2.786499699999999891e+01 1.183203837844574446e-01
2.869433000000000122e-01 2.787846099999999794e+01 1.173430467485376827e-01
2.916862000000000066e-01 2.746131300000000053e+01 1.154820596042731573e-01
2.964291000000000009e-01 2.740950000000000131e+01 1.144231407245203946e-01
3.011718999999999924e-01 2.736992700000000056e+01 1.134162756354413215e-01
3.059147999999999867e-01 2.730062900000000425e+01 1.123716649768526088e-01
3.106576999999999811e-01 2.702150699999999617e+01 1.109144271456982411e-01
3.154004999999999725e-01 2.712321300000000335e+01 1.102670823601055450e-01
3.201434000000000224e-01 2.717454500000000195e+01 1.095386182638597994e-01
3.248863000000000167e-01 2.699493000000000364e+01 1.083601646238759597e-01
3.296291000000000082e-01 2.694277200000000150e+01 1.074522589108730664e-01
3.343720000000000026e-01 2.711021300000000522e+01 1.070023113879471355e-01
3.391148999999999969e-01 2.716244799999999415e+01 1.074593297101666262e-01
3.438576999999999884e-01 2.697544699999999551e+01 1.084726650958641320e-01
3.486005999999999827e-01 2.694773700000000005e+01 1.111768030064851365e-01
3.533434999999999770e-01 2.687136199999999775e+01 1.130556321714805135e-01
3.580863000000000240e-01 2.683341999999999672e+01 1.143802352930841648e-01
3.628292000000000184e-01 2.675384900000000243e+01 1.153369014811049115e-01
3.675720000000000098e-01 2.686722500000000124e+01 1.165323802358031458e-01
3.723149000000000042e-01 2.679882699999999929e+01 1.172404826886813689e-01
3.770577999999999985e-01 2.668010499999999752e+01 1.177633418895379369e-01
3.818005999999999900e-01 2.649573799999999935e+01 1.179818727394238154e-01
3.865434999999999843e-01 2.658411199999999752e+01 1.187615304677162725e-01
3.912863999999999787e-01 2.654944400000000115e+01 1.191600123574641235e-01
3.960292000000000256e-01 2.667566699999999713e+01 1.199337264833191252e-01
4.007721000000000200e-01 2.661355300000000312e+01 1.203060810391199525e-01
4.055150000000000143e-01 2.650517300000000276e+01 1.241989366860960786e-01
4.102578000000000058e-01 2.656155900000000614e+01 1.275730691284645835e-01
4.150007000000000001e-01 2.670019700000000284e+01 1.307063008910041013e-01
4.197435999999999945e-01 2.663150799999999663e+01 1.325486148942745523e-01
4.244863999999999860e-01 2.648784600000000111e+01 1.343311226792194280e-01
4.292292999999999803e-01 2.644987999999999673e+01 1.362854548158360934e-01
4.339721999999999746e-01 2.663032400000000166e+01 1.388433564219077321e-01
4.387150000000000216e-01 2.626407700000000389e+01 1.398968594620540462e-01
4.434579000000000160e-01 2.641194299999999728e+01 1.423511328815369459e-01
4.482008000000000103e-01 2.615213200000000171e+01 1.440409152678470694e-01
4.529436000000000018e-01 2.645038599999999818e+01 1.472209331705073843e-01
4.576864999999999961e-01 2.663007300000000299e+01 1.492627657439684341e-01
4.624293999999999905e-01 2.647143100000000260e+01 1.500571785434532401e-01
4.671721999999999819e-01 2.653507700000000114e+01 1.494952870773350040e-01
4.719150999999999763e-01 2.657672099999999915e+01 1.437238964421212739e-01
4.766579000000000232e-01 2.674170399999999859e+01 1.414548189126227651e-01
4.814008000000000176e-01 2.657336400000000509e+01 1.392176633979442246e-01
4.861437000000000119e-01 2.639766999999999797e+01 1.373908491109160357e-01
4.908865000000000034e-01 2.632859799999999950e+01 1.360922664775192081e-01
4.956293999999999977e-01 2.638091400000000064e+01 1.352686876890638878e-01
5.003722999999999921e-01 2.612997399999999715e+01 1.337772470778204048e-01
5.051151000000000391e-01 2.644062399999999613e+01 1.338064948927237263e-01
5.098580000000000334e-01 2.630229100000000386e+01 1.327621946808273390e-01
5.146009000000000277e-01 2.615538600000000002e+01 1.317517104067252587e-01
5.193436999999999637e-01 2.617998700000000056e+01 1.312106162793388597e-01
5.240865999999999580e-01 2.623968400000000045e+01 1.307943027228166410e-01
5.288294999999999524e-01 2.624983300000000241e+01 1.302838914918978130e-01
5.335722999999999994e-01 2.622935199999999512e+01 1.294674032309990341e-01
5.383151999999999937e-01 2.636203300000000382e+01 1.288578054356405711e-01
5.430580999999999881e-01 2.620697900000000047e+01 1.275833440197144397e-01
5.478009000000000350e-01 2.631321499999999602e+01 1.269795802410009500e-01
5.525438000000000294e-01 2.614503200000000405e+01 1.257443690486309551e-01
5.572867000000000237e-01 2.627878199999999964e+01 1.252574056224321497e-01
5.620294999999999597e-01 2.617205199999999721e+01 1.242232400311974738e-01
5.667723999999999540e-01 2.616193999999999775e+01 1.234444890800504568e-01
5.715152000000000010e-01 2.617814599999999814e+01 1.227497321980418887e-01
5.762580999999999953e-01 2.610745500000000519e+01 1.218678387052219703e-01
5.810009999999999897e-01 2.621540300000000201e+01 1.214544196728398057e-01
5.857438000000000367e-01 2.608481899999999953e+01 1.207893285665848915e-01
5.904867000000000310e-01 2.590695799999999593e+01 1.200874468569758519e-01
5.952296000000000253e-01 2.613526399999999938e+01 1.203242994342580835e-01
5.999723999999999613e-01 2.600864299999999929e+01 1.198722183618977644e-01
6.047152999999999556e-01 2.608477099999999993e+01 1.197440261193329913e-01
6.094581999999999500e-01 2.615377799999999908e+01 1.195177955939574765e-01
6.142009999999999970e-01 2.599326599999999843e+01 1.189829302169743974e-01
6.189438999999999913e-01 2.615474199999999882e+01 1.189643217193827318e-01
6.236867999999999856e-01 2.605082300000000117e+01 1.184538067460421534e-01
6.284296000000000326e-01 2.592593499999999906e+01 1.179007016189373702e-01
6.331725000000000270e-01 2.609626300000000043e+01 1.180168278345389288e-01
6.379154000000000213e-01 2.585995899999999637e+01 1.172147981015827234e-01
6.426581999999999573e-01 2.585708699999999638e+01 1.169454151286184462e-01
6.474010999999999516e-01 2.581619699999999895e+01 1.165929018970580378e-01
6.521439999999999459e-01 2.598904200000000131e+01 1.167205872612942369e-01
6.568867999999999929e-01 2.611001699999999914e+01 1.167320771743825397e-01
6.616296999999999873e-01 2.594510900000000220e+01 1.161071896042277646e-01
6.663725999999999816e-01 2.627985199999999821e+01 1.165987763458750798e-01
6.711154000000000286e-01 2.598462900000000175e+01 1.156876066199612474e-01
6.758583000000000229e-01 2.584614700000000198e+01 1.151274812479770315e-01
6.806010999999999589e-01 2.595479000000000269e+01 1.151201584961295959e-01
6.853439999999999532e-01 2.582242699999999758e+01 1.145805031579387040e-01
6.900868999999999476e-01 2.575655500000000231e+01 1.141879446196935460e-01
6.948296999999999946e-01 2.618252099999999771e+01 1.148817314054149386e-01
6.995725999999999889e-01 2.604621999999999815e+01 1.143393879893320059e-01
7.043154999999999832e-01 2.591100700000000145e+01 1.138022833203732320e-01
7.090583000000000302e-01 2.605591299999999677e+01 1.138787087121833352e-01
7.138012000000000246e-01 2.615836500000000342e+01 1.138620421231606034e-01
7.185441000000000189e-01 2.581664699999999968e+01 1.128801740314812757e-01
7.232868999999999549e-01 2.582033299999999798e+01 1.126546874341822491e-01
7.280297999999999492e-01 2.582194700000000154e+01 1.124240627501159190e-01
7.327727000000000546e-01 2.588500800000000623e+01 1.123279503528952505e-01
7.375154999999999905e-01 2.585141499999999581e+01 1.120249645690147011e-01
7.422583999999999849e-01 2.585719000000000278e+01 1.118092766274283723e-01
7.470012999999999792e-01 2.589147500000000335e+01 1.116547750113845439e-01
7.517441000000000262e-01 2.585480799999999846e+01 1.113479707226238541e-01
7.564870000000000205e-01 2.585297200000000117e+01 1.111193990283195349e-01
7.612299000000000149e-01 2.605042499999999706e+01 1.113192762432023697e-01
7.659726999999999508e-01 2.580184300000000164e+01 1.105641753996921828e-01
7.707155999999999452e-01 2.573783199999999738e+01 1.102050664099917948e-01
7.754585000000000505e-01 2.589979599999999849e+01 1.103321590580665645e-01
7.802012999999999865e-01 2.588329999999999842e+01 1.101878305625970667e-01
7.849441999999999808e-01 2.585568699999999964e+01 1.098730163407781457e-01
7.896870000000000278e-01 2.591112299999999635e+01 1.097022457289389130e-01
7.944299000000000222e-01 2.566294199999999748e+01 1.089620942696991196e-01
7.991728000000000165e-01 2.582293299999999903e+01 1.090886224839749258e-01
8.039155999999999525e-01 2.571895299999999907e+01 1.086566355317511168e-01
8.086584999999999468e-01 2.589699800000000351e+01 1.088194926962559456e-01
8.134014000000000522e-01 2.573657199999999534e+01 1.082727075835743513e-01
8.181441999999999881e-01 2.590961199999999920e+01 1.085097359739576606e-01
8.228870999999999825e-01 2.588959300000000141e+01 1.081822841297155335e-01
8.276299999999999768e-01 2.593630699999999933e+01 1.080674599550826842e-01
8.323728000000000238e-01 2.582603300000000601e+01 1.076323227175921271e-01
8.371157000000000181e-01 2.585317099999999613e+01 1.074856713640031936e-01
8.418586000000000125e-01 2.589271199999999951e+01 1.073643721962038999e-01
8.466013999999999484e-01 2.588600699999999577e+01 1.071469853202319522e-01
8.513443000000000538e-01 2.587459899999999990e+01 1.069227304734526457e-01
8.560872000000000481e-01 2.560491299999999981e+01 1.061660294507056623e-01
8.608299999999999841e-01 2.572428400000000082e+01 1.062149445839722650e-01
8.655728999999999784e-01 2.566901699999999664e+01 1.059026840441194828e-01
8.703157999999999728e-01 2.591952600000000118e+01 1.062215821211108802e-01
8.750586000000000197e-01 2.580322700000000324e+01 1.057883008350309073e-01
8.798015000000000141e-01 2.570142700000000247e+01 1.053855974994386963e-01
8.845442999999999500e-01 2.574155800000000482e+01 1.052737399922169387e-01
8.892872000000000554e-01 2.578740199999999660e+01 1.051752094917409730e-01
8.940301000000000498e-01 2.581520100000000184e+01 1.050414817161624964e-01
8.987728999999999857e-01 2.591365399999999752e+01 1.050510277299484541e-01
9.035157999999999801e-01 2.567939199999999644e+01 1.043850873960883441e-01
9.082586999999999744e-01 2.563693500000000114e+01 1.041114832865986106e-01
9.130015000000000214e-01 2.567674400000000290e+01 1.040060930260126443e-01
9.177444000000000157e-01 2.554815599999999876e+01 1.035602004070371451e-01
9.224873000000000101e-01 2.560324800000000067e+01 1.034861150375484123e-01
9.272300999999999460e-01 2.583353000000000321e+01 1.037660890562769611e-01
9.319730000000000514e-01 2.571716299999999933e+01 1.033496346279453304e-01
9.367159000000000457e-01 2.585004200000000196e+01 1.034339467271514212e-01
9.414586999999999817e-01 2.568891300000000300e+01 1.029288354564812796e-01
9.462015999999999760e-01 2.565044599999999875e+01 1.026716264228822728e-01
9.509444999999999704e-01 2.571210999999999558e+01 1.026163944449326182e-01
9.556873000000000173e-01 2.580854000000000070e+01 1.026300774540076094e-01
9.604302000000000117e-01 2.578210299999999933e+01 1.023985934698812272e-01
9.651731000000000060e-01 2.590146100000000118e+01 1.024581270426636187e-01
9.699159000000000530e-01 2.582020299999999935e+01 1.021217764947471851e-01
9.746588000000000473e-01 2.551346099999999950e+01 1.013393820631846021e-01
9.794017000000000417e-01 2.553071799999999669e+01 1.011991833465527568e-01
9.841444999999999776e-01 2.564956200000000308e+01 1.012615233962935318e-01
9.888873999999999720e-01 2.568983099999999808e+01 1.011694574422982579e-01
9.936302000000000190e-01 2.562711299999999781e+01 1.008750774100654751e-01
9.983731000000000133e-01 2.551426000000000016e+01 1.004817106947607508e-01
1.003115999999999897e+00 2.558615900000000210e+01 1.004538891501006032e-01
1.007859000000000060e+00 2.577194700000000083e+01 1.006494007541282043e-01
1.012602000000000002e+00 2.562900399999999834e+01 1.002024176797236682e-01
1.017344999999999944e+00 2.555702900000000000e+01 9.989371133578230089e-02
1.022086999999999968e+00 2.558885000000000076e+01 9.978984665748263927e-02
1.026829999999999909e+00 2.555348600000000303e+01 9.955639542987482216e-02
1.031573000000000073e+00 2.556583699999999837e+01 9.941628538418140204e-02
1.036316000000000015e+00 2.556352000000000046e+01 9.924722988538874080e-02
1.041058999999999957e+00 2.563661099999999848e+01 9.922602445612996314e-02
1.045801999999999898e+00 2.552357999999999549e+01 9.884564176581131512e-02
1.050545000000000062e+00 2.569974000000000203e+01 9.902485365469518297e-02
1.055287000000000086e+00 2.558841699999999975e+01 9.864838416585849923e-02
1.060030000000000028e+00 2.550672199999999989e+01 9.833143893127213597e-02
1.064772999999999969e+00 2.560526600000000030e+01 9.836258105828912801e-02
1.069515999999999911e+00 2.562658200000000264e+01 9.824550200492133956e-02
1.074259000000000075e+00 2.556200299999999714e+01 9.796312069225131258e-02
1.079002000000000017e+00 2.564723200000000247e+01 9.796933890117355548e-02
1.083744999999999958e+00 2.550443099999999319e+01 9.756194553889543930e-02
1.088487999999999900e+00 2.564594399999999652e+01 9.769863743291715141e-02
1.093229999999999924e+00 2.551867599999999925e+01 9.725806871977973889e-02
1.097973000000000088e+00 2.554859499999999883e+01 9.716119186058391755e-02
1.102716000000000030e+00 2.566090300000000113e+01 9.722165671561507072e-02
1.107458999999999971e+00 2.555045700000000153e+01 9.686022560764712130e-02
1.112201999999999913e+00 2.543866700000000236e+01 9.649572726906616160e-02
1.116945000000000077e+00 2.545899999999999608e+01 9.638364928502760054e-02
1.121688000000000018e+00 2.550995400000000046e+01 9.633021769267263723e-02
1.126430000000000042e+00 2.561775099999999838e+01 9.638410137375977293e-02
1.131172999999999984e+00 2.549600899999999726e+01 9.600520187325528587e-02
1.135915999999999926e+00 2.551116599999999934e+01 9.588553609367890529e-02
1.140659000000000090e+00 2.562985100000000216e+01 9.596097051782251364e-02
1.145402000000000031e+00 2.556392200000000159e+01 9.569085320310295739e-02
1.150144999999999973e+00 2.546674499999999952e+01 9.536194091679132956e-02
1.154887999999999915e+00 2.558139699999999905e+01 9.543061448579381878e-02
1.159631000000000078e+00 2.552738099999999832e+01 9.518533756733964235e-02
1.164373000000000102e+00 2.547930200000000056e+01 9.495223641921395064e-02
1.169116000000000044e+00 2.551187399999999883e+01 9.493963189241202971e-02
1.173858999999999986e+00 2.546607399999999899e+01 9.468579595846729480e-02
1.178601999999999927e+00 2.561066000000000287e+01 9.476614547035454306e-02
1.183345000000000091e+00 2.545860800000000523e+01 9.434334192282835263e-02
1.188088000000000033e+00 2.538845800000000708e+01 9.407181557015523166e-02
1.192830999999999975e+00 2.544993900000000409e+01 9.404520348682224307e-02
1.197572999999999999e+00 2.556714099999999945e+01 9.412186575375883213e-02
1.202315999999999940e+00 2.543727399999999861e+01 9.374402454230082449e-02
1.207059000000000104e+00 2.563826300000000202e+01 9.427879770506568391e-02
1.211802000000000046e+00 2.555035000000000167e+01 9.719888832357601038e-02
1.216544999999999987e+00 2.565875100000000231e+01 9.943229957103627559e-02
1.221287999999999929e+00 2.556535399999999925e+01 1.007431806088297799e-01
1.226031000000000093e+00 2.554267399999999810e+01 1.019593393074881560e-01
1.230774000000000035e+00 2.542303700000000077e+01 1.028417232974059015e-01
1.235516000000000059e+00 2.552656800000000459e+01 1.040818333770442139e-01
1.240259000000000000e+00 2.548102200000000295e+01 1.049514783480733071e-01
1.245001999999999942e+00 2.536633400000000194e+01 1.056221550493843947e-01
1.249745000000000106e+00 2.535537200000000269e+01 1.064655318064137574e-01
1.254488000000000048e+00 2.532439000000000107e+01 1.072326577092743705e-01
1.259230999999999989e+00 2.533110700000000293e+01 1.077932083712364458e-01
1.263973999999999931e+00 2.528409500000000065e+01 1.079699704574827585e-01
1.268715999999999955e+00 2.529856800000000305e+01 1.082627139790468124e-01
1.273458999999999897e+00 2.563249200000000272e+01 1.071891548879559120e-01
1.278202000000000060e+00 2.569389899999999827e+01 1.033513241005102057e-01
1.282945000000000002e+00 2.545748000000000033e+01 1.009124711375283950e-01
1.287687999999999944e+00 2.556940600000000074e+01 9.970983543180031439e-02
1.292431000000000108e+00 2.559111300000000000e+01 9.860003971018166391e-02
1.297174000000000049e+00 2.554723000000000255e+01 9.753444915762532474e-02
1.301916000000000073e+00 2.554791599999999718e+01 9.667135928823127056e-02
1.306659000000000015e+00 2.555561499999999597e+01 9.590921940125307632e-02
1.311401999999999957e+00 2.558325200000000166e+01 9.525253020654569913e-02
1.316144999999999898e+00 2.562066200000000293e+01 9.466772030139840310e-02
1.320888000000000062e+00 2.556090499999999821e+01 9.408646966172819204e-02
1.325631000000000004e+00 2.541682399999999831e+01 9.357934631539857606e-02
1.330373999999999945e+00 2.557646700000000095e+01 9.364377680469641863e-02
1.335117000000000109e+00 2.550956299999999644e+01 9.330255168370529817e-02
1.339858999999999911e+00 2.561665599999999898e+01 9.328596684764917102e-02
1.344602000000000075e+00 2.550853299999999990e+01 9.288492961928485059e-02
1.349345000000000017e+00 2.541205300000000022e+01 9.251251348405792330e-02
1.354087999999999958e+00 2.534730699999999715e+01 9.220396977978226327e-02
1.358830999999999900e+00 2.517495999999999867e+01 9.170402085189885422e-02
1.363574000000000064e+00 2.536049899999999724e+01 9.185958896112042527e-02
1.368317000000000005e+00 2.537308100000000266e+01 9.170523457530163625e-02
1.373059000000000029e+00 2.550343300000000113e+01 9.176707041702594769e-02
1.377801999999999971e+00 2.543381500000000273e+01 9.147075482487723730e-02
1.382544999999999913e+00 2.536859700000000117e+01 9.118606708440166186e-02
1.387288000000000077e+00 2.552058900000000108e+01 9.129474959384958899e-02
1.392031000000000018e+00 2.546340399999999704e+01 9.103116655302458116e-02
1.396773999999999960e+00 2.555112899999999598e+01 9.102805132877392347e-02
1.401516999999999902e+00 2.560540600000000566e+01 9.096729242007260685e-02
1.406260000000000066e+00 2.554167500000000146e+01 9.069964515383618919e-02
1.411002000000000089e+00 2.553999599999999504e+01 9.054461800844211539e-02
1.415745000000000031e+00 2.544046099999999910e+01 9.021704397683566468e-02
1.420487999999999973e+00 2.552296799999999521e+01 9.021445660713975356e-02
1.425230999999999915e+00 2.558172199999999918e+01 9.017130979983045691e-02
1.429974000000000078e+00 2.543052799999999891e+01 8.975989675184903316e-02
1.434717000000000020e+00 2.545835199999999787e+01 8.966503261006321390e-02
1.439459999999999962e+00 2.550926900000000330e+01 8.961243952755053310e-02
1.444201999999999986e+00 2.542797099999999944e+01 8.932915598967842985e-02
1.448944999999999927e+00 2.549627800000000022e+01 8.931029932766881840e-02
1.453688000000000091e+00 2.547664599999999524e+01 8.913770465571682622e-02
1.458431000000000033e+00 2.540830100000000158e+01 8.888132558646895387e-02
1.463173999999999975e+00 2.535767700000000247e+01 8.868134730794743903e-02
1.467916999999999916e+00 2.533205099999999987e+01 8.850483026334945991e-02
1.472660000000000080e+00 2.536119699999999710e+01 8.839768873175643527e-02
1.477402000000000104e+00 2.538710599999999928e+01 8.831083773168556250e-02
1.482145000000000046e+00 2.546410200000000401e+01 8.831393127111712704e-02
1.486887999999999987e+00 2.529298800000000114e+01 8.788792529708047696e-02
1.491630999999999929e+00 2.536326599999999587e+01 8.788105458736597542e-02
1.496374000000000093e+00 2.560783999999999949e+01 8.817493680105134568e-02
1.501117000000000035e+00 2.556286700000000423e+01 8.801501262212940713e-02
1.505859999999999976e+00 2.553055299999999761e+01 8.953258154444949934e-02
1.510602999999999918e+00 2.547489799999999960e+01 9.195058767810949940e-02
1.515344999999999942e+00 2.544401600000000485e+01 9.341751763753039506e-02
1.520088000000000106e+00 2.541216799999999765e+01 9.458914439433946386e-02
1.524831000000000047e+00 2.548794899999999686e+01 9.580505078056114621e-02
1.529573999999999989e+00 2.546349099999999765e+01 9.651281433083069849e-02
1.534316999999999931e+00 2.563533700000000337e+01 9.414610075440246750e-02
1.539060000000000095e+00 2.553600200000000342e+01 9.250525264425528416e-02
1.543803000000000036e+00 2.565052599999999572e+01 9.173463129670114680e-02
1.548545000000000060e+00 2.552101400000000098e+01 9.054725328248726390e-02
1.553288000000000002e+00 2.543819799999999987e+01 8.959793454183528905e-02
1.558030999999999944e+00 2.548268400000000256e+01 8.892098548867864716e-02
1.562774000000000107e+00 2.549623499999999865e+01 8.805428420432023784e-02
1.567517000000000049e+00 2.534054800000000185e+01 8.697717101586427413e-02
1.572259999999999991e+00 2.551040800000000175e+01 8.675658560739812897e-02
1.577002999999999933e+00 2.541385899999999864e+01 8.625197116689217736e-02
1.581746000000000096e+00 2.544004500000000490e+01 8.612984053538064178e-02
1.586487999999999898e+00 2.548423000000000371e+01 8.622721303790584213e-02
1.591231000000000062e+00 2.535851000000000255e+01 8.612446804344801865e-02
1.595974000000000004e+00 2.534508700000000303e+01 8.620783875383955519e-02
1.600716999999999945e+00 2.538523299999999594e+01 8.635121089541766826e-02
1.605460000000000109e+00 2.544990700000000317e+01 8.634880874552872121e-02
1.610203000000000051e+00 2.537285400000000024e+01 8.607384411828368498e-02
1.614945999999999993e+00 2.541962499999999636e+01 8.601256014883872092e-02
1.619688000000000017e+00 2.545336800000000110e+01 8.593174865180795707e-02
1.624430999999999958e+00 2.542190899999999942e+01 8.574304703208127099e-02
1.629173999999999900e+00 2.528692500000000010e+01 8.538176576728605249e-02
1.633917000000000064e+00 2.528867699999999985e+01 8.525399410402659250e-02
1.638660000000000005e+00 2.527733800000000031e+01 8.510607046850418578e-02
1.643402999999999947e+00 2.530933300000000230e+01 8.503274936716088972e-02
1.648146000000000111e+00 2.544536800000000554e+01 8.513453601800621828e-02
1.652889000000000053e+00 2.536050799999999938e+01 8.486825297639276344e-02
1.657631000000000077e+00 2.537401599999999746e+01 8.476849306233716352e-02
1.662374000000000018e+00 2.545401499999999828e+01 8.478014917806526995e-02
1.667116999999999960e+00 2.534587599999999696e+01 8.447948567332129455e-02
1.671859999999999902e+00 2.531744699999999781e+01 8.431333328529362625e-02
1.676603000000000065e+00 2.538451099999999627e+01 8.430745523548258125e-02
1.681346000000000007e+00 2.533329900000000023e+01 8.410566048072984358e-02
1.686088999999999949e+00 2.520240100000000183e+01 8.377236288441433643e-02
1.690830999999999973e+00 2.530874999999999986e+01 8.383452499434644600e-02
1.695573999999999915e+00 2.524854499999999646e+01 8.362163360888077990e-02
1.700317000000000078e+00 2.524790100000000592e+01 8.350783198806324692e-02
1.705060000000000020e+00 2.535560300000000211e+01 8.357364193056505963e-02
1.709802999999999962e+00 2.528079400000000021e+01 8.333932952764439017e-02
1.714545999999999903e+00 2.520928900000000183e+01 8.311181144649898433e-02
1.719289000000000067e+00 2.526906299999999916e+01 8.310089256183654516e-02
1.724031000000000091e+00 2.534151799999999710e+01 8.311089275445787683e-02
1.728774000000000033e+00 2.536733699999999914e+01 8.304520472022451638e-02
1.733516999999999975e+00 2.526336900000000441e+01 8.276822968521556356e-02
1.738259999999999916e+00 2.533637000000000583e+01 8.278109667756883283e-02
1.743003000000000080e+00 2.526068800000000181e+01 8.255125613910971327e-02
1.747746000000000022e+00 2.521688400000000030e+01 8.237479139530066996e-02
1.752488999999999963e+00 2.521953399999999945e+01 8.227511124591810332e-02
1.757231999999999905e+00 2.532283299999999926e+01 8.233956282253993009e-02
1.761973999999999929e+00 2.531726300000000052e+01 8.222676946814826138e-02
1.766717000000000093e+00 2.523976299999999995e+01 8.199838863074263018e-02
1.771460000000000035e+00 2.530547999999999575e+01 8.200318030949897696e-02
1.776202999999999976e+00 2.534730599999999967e+01 8.200605591475668144e-02
1.780945999999999918e+00 2.541253599999999935e+01 8.201260259730878965e-02
1.785689000000000082e+00 2.524057699999999826e+01 8.159510364958302842e-02
1.790432000000000023e+00 2.515681700000000021e+01 8.136029059944599462e-02
1.795174000000000047e+00 2.519492399999999677e+01 8.132271953611550086e-02
1.799916999999999989e+00 2.525809200000000132e+01 8.132528628554160088e-02
1.804659999999999931e+00 2.526004400000000061e+01 8.123044191177283824e-02
1.809403000000000095e+00 2.522876400000000174e+01 8.108259597145185682e-02
1.814146000000000036e+00 2.528746600000000200e+01 8.107947678477889220e-02
1.818888999999999978e+00 2.525040800000000019e+01 8.092282718648738382e-02
1.823631999999999920e+00 2.527652799999999900e+01 8.086830166533980069e-02
1.828375000000000083e+00 2.511704800000000048e+01 8.051737840634529131e-02
1.833117000000000107e+00 2.520570899999999881e+01 8.056403642555655387e-02
1.837860000000000049e+00 2.527385999999999910e+01 8.057752849294833042e-02
1.842602999999999991e+00 2.517726399999999742e+01 8.032888663465777290e-02
1.847345999999999933e+00 2.522838000000000136e+01 8.031662402072188567e-02
1.852089000000000096e+00 2.519068800000000152e+01 8.022913935644455929e-02
1.856832000000000038e+00 2.514276299999999864e+01 7.999907224308354381e-02
1.861574999999999980e+00 2.518706499999999693e+01 7.997116835423688508e-02
1.866317000000000004e+00 2.523493000000000208e+01 7.995476852101630894e-02
1.871059999999999945e+00 2.526310799999999901e+01 7.990744440022906625e-02
1.875803000000000109e+00 2.513456299999999644e+01 7.961203365803123932e-02
1.880546000000000051e+00 2.519116400000000056e+01 7.961056020377950404e-02
1.885288999999999993e+00 2.519696100000000172e+01 7.952912616460336426e-02
1.890031999999999934e+00 2.524861800000000045e+01 7.952007377884026673e-02
1.894775000000000098e+00 2.515519799999999861e+01 7.928244000772932676e-02
1.899516999999999900e+00 2.517812899999999487e+01 7.922919033044953374e-02
1.904260000000000064e+00 2.518097700000000216e+01 7.914443811559786213e-02
1.909003000000000005e+00 2.526954799999999679e+01 7.919470175831146153e-02
1.913745999999999947e+00 2.506151300000000148e+01 7.877920335370877658e-02
1.918489000000000111e+00 2.509533099999999806e+01 7.874443027630272096e-02
1.923232000000000053e+00 2.521021000000000001e+01 7.883676030065796259e-02
1.927974999999999994e+00 2.512209900000000218e+01 7.860931366672463394e-02
1.932717999999999936e+00 2.516578200000000010e+01 7.852847217818961778e-02
1.937459999999999960e+00 2.511124399999999923e+01 7.826029057517738807e-02
1.942202999999999902e+00 2.517159800000000303e+01 7.814088484833851822e-02
1.946946000000000065e+00 2.525729399999999814e+01 7.808344763743849115e-02
1.951689000000000007e+00 2.516324399999999883e+01 7.778426408704011696e-02
1.956431999999999949e+00 2.514457999999999771e+01 7.767152351458930792e-02
1.961174999999999891e+00 2.508853699999999876e+01 7.750334348028606324e-02
1.965918000000000054e+00 2.508437400000000039e+01 7.741664662584721301e-02
1.970660000000000078e+00 2.501547800000000166e+01 7.727373005205197265e-02
1.975403000000000020e+00 2.513310299999999842e+01 7.743439202475990712e-02
1.980145999999999962e+00 2.500647400000000076e+01 7.726025441437077423e-02
1.984888999999999903e+00 2.509517599999999860e+01 7.741766666060984070e-02
1.989632000000000067e+00 2.510888199999999770e+01 7.745917906360033633e-02
1.994375000000000009e+00 2.511523600000000300e+01 7.744068535676386367e-02
1.999117999999999951e+00 2.508359500000000253e+01 7.728072053667137120e-02
2.003861000000000114e+00 2.515726099999999832e+01 7.731182952673218423e-02
2.008602999999999916e+00 2.497261999999999915e+01 7.694533083706182885e-02
2.013345999999999858e+00 2.528002900000000253e+01 7.802214241518556914e-02
2.018088999999999800e+00 2.518179399999999646e+01 8.014277806545702654e-02
2.022832000000000185e+00 2.505676799999999815e+01 8.126670127265225863e-02
2.027575000000000127e+00 2.513209100000000262e+01 8.241817254929280356e-02
2.032318000000000069e+00 2.505794200000000416e+01 8.317881537837865102e-02
2.037061000000000011e+00 2.507950600000000208e+01 8.400667974734032928e-02
2.041802999999999813e+00 2.502629800000000060e+01 8.462877183853136087e-02
2.046546000000000198e+00 2.491535099999999758e+01 8.482690876993927154e-02
2.051289000000000140e+00 2.489780100000000118e+01 8.505749458634376259e-02
2.056032000000000082e+00 2.508389100000000127e+01 8.561678380920823006e-02
2.060775000000000023e+00 2.509092499999999859e+01 8.585517389941096922e-02
2.065517999999999965e+00 2.499189500000000308e+01 8.589726991742926976e-02
2.070260999999999907e+00 2.493794299999999708e+01 8.600466215352689514e-02
2.075003000000000153e+00 2.497781000000000162e+01 8.626350176650435242e-02
2.079746000000000095e+00 2.527034599999999998e+01 8.468200638117226453e-02
2.084489000000000036e+00 2.525477899999999920e+01 8.250533493938073948e-02
2.089231999999999978e+00 2.510630499999999898e+01 8.108620642097766340e-02
2.093974999999999920e+00 2.513053099999999773e+01 8.023604532431542757e-02
2.098717999999999861e+00 2.506474399999999747e+01 7.939909875609105216e-02
2.103460999999999803e+00 2.500401399999999441e+01 7.867295822280995221e-02
2.108204000000000189e+00 2.507541900000000012e+01 7.834728572674486136e-02
2.112945999999999991e+00 2.510802999999999940e+01 7.818983584539809795e-02
2.117688999999999933e+00 2.506930799999999948e+01 7.794048536806785776e-02
2.122431999999999874e+00 2.506314800000000176e+01 7.775443208870025380e-02
2.127174999999999816e+00 2.508934199999999848e+01 7.763015300322870238e-02
2.131918000000000202e+00 2.501286400000000043e+01 7.735598940813311064e-02
2.136661000000000143e+00 2.498490799999999723e+01 7.716456237379695771e-02
2.141404000000000085e+00 2.494015800000000027e+01 7.695350061086565774e-02
2.146145999999999887e+00 2.502949500000000072e+01 7.695511277200886568e-02
2.150888999999999829e+00 2.507376699999999659e+01 7.689154096512892944e-02
2.155632000000000215e+00 2.484240700000000146e+01 7.640991172265611253e-02
2.160375000000000156e+00 2.502606700000000117e+01 7.656847929012564058e-02
2.165118000000000098e+00 2.496776700000000204e+01 7.635980082481881592e-02
2.169861000000000040e+00 2.503345399999999898e+01 7.634376104596432566e-02
2.174603999999999981e+00 2.500729700000000122e+01 7.619021826191077484e-02
2.179346999999999923e+00 2.505531700000000228e+01 7.615185335402283040e-02
2.184089000000000169e+00 2.512998900000000191e+01 7.615631885601285844e-02
2.188832000000000111e+00 2.494180599999999970e+01 7.576425681936238554e-02
2.193575000000000053e+00 2.492858299999999616e+01 7.563969198426048757e-02
2.198317999999999994e+00 2.508829800000000176e+01 7.577830905806950956e-02
2.203060999999999936e+00 2.506537199999999999e+01 7.564234107310072175e-02
2.207803999999999878e+00 2.504813000000000045e+01 7.551709685142232731e-02
2.212546999999999819e+00 2.491476100000000571e+01 7.521798307357423219e-02
2.217289000000000065e+00 2.497981999999999658e+01 7.521912905651394199e-02
2.222032000000000007e+00 2.496438799999999958e+01 7.510050704036889957e-02
2.226774999999999949e+00 2.501926400000000328e+01 7.508890456081643294e-02
2.231517999999999891e+00 2.505099799999999988e+01 7.504351235690530364e-02
2.236260999999999832e+00 2.489716899999999811e+01 7.472062638620008412e-02
2.241004000000000218e+00 2.489819899999999819e+01 7.463161810357993309e-02
2.245747000000000160e+00 2.502486999999999995e+01 7.473130718243325976e-02
2.250490000000000101e+00 2.512160300000000035e+01 7.478645758949611921e-02
2.255231999999999903e+00 2.503308600000000084e+01 7.456616100257341950e-02
2.259974999999999845e+00 2.492152600000000007e+01 7.431263087696129976e-02
2.264717999999999787e+00 2.485733800000000215e+01 7.413089532485561683e-02
2.269461000000000173e+00 2.499386000000000152e+01 7.424854026631365345e-02
2.274204000000000114e+00 2.492846199999999968e+01 7.406620413250633583e-02
2.278947000000000056e+00 2.503964600000000118e+01 7.414698000486601159e-02
2.283689999999999998e+00 2.504319000000000273e+01 7.406850807408368875e-02
2.288431999999999800e+00 2.496099399999999946e+01 7.386439576988090838e-02
2.293175000000000185e+00 2.483618899999999741e+01 7.359729128277207877e-02
2.297918000000000127e+00 2.480319999999999681e+01 7.346709886411535717e-02
2.302661000000000069e+00 2.478968899999999920e+01 7.336639101542885566e-02
2.307404000000000011e+00 2.489590699999999757e+01 7.344330955406352945e-02
2.312146999999999952e+00 2.498852499999999921e+01 7.349956766480875148e-02
2.316889999999999894e+00 2.490564400000000234e+01 7.329819125061272367e-02
2.321632000000000140e+00 2.497343100000000149e+01 7.331941883190631892e-02
2.326375000000000082e+00 2.492156100000000407e+01 7.316508084702702530e-02
2.331118000000000023e+00 2.493227699999999913e+01 7.310269113988006329e-02
2.335860999999999965e+00 2.488132100000000335e+01 7.295078459330235632e-02
2.340603999999999907e+00 2.483893400000000184e+01 7.281192280231309211e-02
2.345346999999999849e+00 2.483563699999999841e+01 7.273109604351155055e-02
2.350089999999999790e+00 2.485575599999999952e+01 7.268463439095362855e-02
2.354833000000000176e+00 2.485087000000000046e+01 7.260188339963020987e-02
2.359574999999999978e+00 2.493164300000000111e+01 7.264495355789210573e-02
2.364317999999999920e+00 2.505747600000000119e+01 7.275310230233691944e-02
2.369060999999999861e+00 2.497472400000000192e+01 7.255842880531317152e-02
2.373803999999999803e+00 2.490512799999999771e+01 7.238341807190443178e-02
2.378547000000000189e+00 2.477183000000000135e+01 7.211614587752177008e-02
2.383290000000000131e+00 2.479457700000000031e+01 7.207660098151827399e-02
2.388033000000000072e+00 2.492335900000000137e+01 7.219055687400324772e-02
2.392774999999999874e+00 2.497526900000000083e+01 7.219306983234125008e-02
2.397517999999999816e+00 2.487913799999999753e+01 7.198224944764784750e-02
2.402261000000000202e+00 2.486161500000000046e+01 7.188560475093536128e-02
2.407004000000000143e+00 2.487945300000000159e+01 7.183966186724990988e-02
2.411747000000000085e+00 2.495071000000000083e+01 7.187145201944648842e-02
2.416490000000000027e+00 2.490921600000000069e+01 7.174108595109360276e-02
2.421232999999999969e+00 2.483901600000000087e+01 7.156980655988250117e-02
2.425975999999999910e+00 2.486519399999999891e+01 7.153720696198237472e-02
2.430718000000000156e+00 2.486540299999999704e+01 7.146767762361318221e-02
2.435461000000000098e+00 2.495352000000000103e+01 7.152515112185922619e-02
2.440204000000000040e+00 2.479302200000000056e+01 7.125103481250709414e-02
2.444946999999999981e+00 2.489047900000000269e+01 7.129664277549749296e-02
2.449689999999999923e+00 2.492661500000000174e+01 7.127958384067137332e-02
2.454432999999999865e+00 2.482671800000000317e+01 7.106869820456471198e-02
2.459175999999999807e+00 2.489101400000000197e+01 7.109290328817285953e-02
2.463918000000000053e+00 2.492589099999999647e+01 7.107443141026595357e-02
2.468660999999999994e+00 2.483635999999999910e+01 7.087944574388191366e-02
2.473403999999999936e+00 2.475115100000000012e+01 7.069081619155560825e-02
2.478146999999999878e+00 2.481455700000000064e+01 7.071466277836371828e-02
2.482889999999999819e+00 2.480802699999999916e+01 7.063881444992123337e-02
2.487633000000000205e+00 2.477443399999999940e+01 7.052467398057150894e-02
2.492376000000000147e+00 2.474218400000000173e+01 7.041286243811709089e-02
2.497117999999999949e+00 2.483326999999999884e+01 7.047648252954739900e-02
2.501860999999999891e+00 2.474922199999999961e+01 7.029153472358816435e-02
2.506603999999999832e+00 2.475801799999999631e+01 7.023882838601452905e-02
2.511347000000000218e+00 2.477317300000000344e+01 7.019388214495689282e-02
2.516090000000000160e+00 2.482676499999999820e+01 7.015105249612296756e-02
2.520833000000000101e+00 2.481635600000000252e+01 6.999251795488285743e-02
2.525576000000000043e+00 2.473532600000000059e+01 6.973607633682869789e-02
2.530318999999999985e+00 2.470667399999999958e+01 6.958169726527371757e-02
2.535060999999999787e+00 2.474777099999999663e+01 6.957587452572264186e-02
2.539804000000000173e+00 2.480303400000000025e+01 6.959046304433388896e-02
2.544547000000000114e+00 2.474417299999999997e+01 6.944569781204087966e-02
2.549290000000000056e+00 2.471705299999999994e+01 6.934525022516754844e-02
2.554032999999999998e+00 2.473740699999999748e+01 6.931207271865054420e-02
2.558775999999999939e+00 2.472950600000000065e+01 6.923913993551190915e-02
2.563518999999999881e+00 2.476174499999999767e+01 6.922502610106838483e-02
2.568261000000000127e+00 2.472330900000000753e+01 6.916550367239870933e-02
2.573004000000000069e+00 2.478547499999999815e+01 6.926838919099245762e-02
2.577747000000000011e+00 2.465559000000000367e+01 6.910186363219301964e-02
2.582489999999999952e+00 2.473596200000000067e+01 6.919552907808421138e-02
2.587232999999999894e+00 2.479656699999999958e+01 6.921893805611582795e-02
2.591975999999999836e+00 2.466555300000000628e+01 6.897476057735611732e-02
2.596719000000000221e+00 2.464064199999999616e+01 6.887891653282809945e-02
2.601462000000000163e+00 2.476231100000000040e+01 6.898785003160411156e-02
2.606203999999999965e+00 2.479261100000000084e+01 6.896944446931987938e-02
2.610946999999999907e+00 2.472368999999999772e+01 6.881308657954750274e-02
2.615689999999999849e+00 2.467771800000000226e+01 6.868900317589635152e-02
2.620432999999999790e+00 2.468342200000000020e+01 6.863675788273947143e-02
2.625176000000000176e+00 2.465411500000000089e+01 6.853631197366254202e-02
2.629919000000000118e+00 2.463470900000000086e+01 6.844987779907280023e-02
2.634662000000000059e+00 2.486333599999999677e+01 6.872169553485857341e-02
2.639403999999999861e+00 2.464528500000000122e+01 6.837251011695928693e-02
2.644146999999999803e+00 2.482609700000000075e+01 6.854084834539692084e-02
2.648890000000000189e+00 2.464903500000000136e+01 6.823325634891098945e-02
2.653633000000000131e+00 2.474114099999999894e+01 6.831210147351492179e-02
2.658376000000000072e+00 2.462408900000000145e+01 6.809337128618908608e-02
2.663119000000000014e+00 2.466361799999999960e+01 6.807790324751343547e-02
2.667861999999999956e+00 2.467133300000000062e+01 6.803009849004042209e-02
2.672604999999999897e+00 2.470741100000000046e+01 6.802169338534509724e-02
2.677347000000000143e+00 2.471829500000000124e+01 6.797876593102068765e-02
2.682090000000000085e+00 2.469187999999999761e+01 6.788480724755208140e-02
2.686833000000000027e+00 2.463229199999999963e+01 6.774556322794651753e-02
2.691575999999999969e+00 2.468970800000000310e+01 6.776684652042323787e-02
2.696318999999999910e+00 2.472073999999999927e+01 6.775219839888518836e-02
2.701061999999999852e+00 2.471565799999999768e+01 6.768839729326216192e-02
2.705804999999999794e+00 2.456524600000000191e+01 6.742523843772744996e-02
2.710547000000000040e+00 2.471839399999999642e+01 6.757812927851436502e-02
2.715289999999999981e+00 2.486071499999999901e+01 6.771587433234912967e-02
2.720032999999999923e+00 2.474889399999999995e+01 6.750714810909212715e-02
2.724775999999999865e+00 2.465465000000000018e+01 6.732231582685269111e-02
2.729518999999999807e+00 2.462192600000000198e+01 6.722136028612110681e-02
2.734262000000000192e+00 2.459761599999999859e+01 6.713254797044798661e-02
2.739005000000000134e+00 2.466382500000000277e+01 6.716715703269343640e-02
2.743746999999999936e+00 2.463043099999999797e+01 6.706597766650389258e-02
2.748489999999999878e+00 2.457621200000000172e+01 6.693689455201443095e-02
2.753232999999999819e+00 2.456670300000000040e+01 6.686881917099404826e-02
2.757976000000000205e+00 2.459951700000000230e+01 6.685845937911447101e-02
2.762719000000000147e+00 2.469318400000000224e+01 6.693068239213013915e-02
2.767462000000000089e+00 2.470636000000000010e+01 6.689357188907242568e-02
2.772205000000000030e+00 2.467555999999999727e+01 6.679728417074604074e-02
2.776947999999999972e+00 2.462907299999999822e+01 6.667989756176820326e-02
2.781690000000000218e+00 2.464686799999999778e+01 6.664964414126604841e-02
2.786433000000000160e+00 2.473206499999999863e+01 6.671020515406919649e-02
2.791176000000000101e+00 2.468752599999999831e+01 6.659595099505374871e-02
2.795919000000000043e+00 2.470986900000000119e+01 6.657238916895352743e-02
2.800661999999999985e+00 2.461090799999999845e+01 6.640050093273092147e-02
2.805404999999999927e+00 2.454909500000000122e+01 6.625381251163815766e-02
2.810147999999999868e+00 2.469400500000000420e+01 6.642724086728651889e-02
2.814890000000000114e+00 2.478674000000000177e+01 6.650689853247329641e-02
2.819633000000000056e+00 2.484402400000000100e+01 6.781752270763509449e-02
2.824375999999999998e+00 2.460941100000000148e+01 6.891341128353320467e-02
2.829118999999999939e+00 2.465565299999999738e+01 6.986964334116999020e-02
2.833861999999999881e+00 2.468353299999999706e+01 7.063900697183957134e-02
2.838604999999999823e+00 2.463113900000000100e+01 7.118137513599606669e-02
2.843348000000000209e+00 2.456998100000000207e+01 7.139272214981159936e-02
2.848091000000000150e+00 2.459820599999999757e+01 7.165040155757607110e-02
2.852832999999999952e+00 2.451723199999999636e+01 7.174122573687599647e-02
2.857575999999999894e+00 2.463841400000000093e+01 7.211147946214666038e-02
2.862318999999999836e+00 2.461074200000000189e+01 7.225067780974861464e-02
2.867062000000000221e+00 2.468417799999999573e+01 7.252806015251546390e-02
2.871805000000000163e+00 2.467954399999999993e+01 7.268126778344266570e-02
2.876548000000000105e+00 2.464060100000000020e+01 7.277550729331813684e-02
2.881291000000000047e+00 2.470449900000000198e+01 7.267285552403250637e-02
2.886032999999999848e+00 2.484584800000000371e+01 7.080255443281832650e-02
2.890775999999999790e+00 2.469112100000000254e+01 6.947233539383428080e-02
2.895519000000000176e+00 2.470114900000000446e+01 6.873577335378136532e-02
2.900262000000000118e+00 2.467981599999999887e+01 6.811186473489036497e-02
2.905005000000000059e+00 2.470483199999999968e+01 6.777912023568614941e-02
2.909748000000000001e+00 2.470384599999999864e+01 6.760017772083812271e-02
2.914490999999999943e+00 2.459006600000000375e+01 6.728658187202557484e-02
2.919233000000000189e+00 2.456720699999999979e+01 6.711190105175982024e-02
2.923976000000000131e+00 2.462240999999999502e+01 6.705533999699202219e-02
2.928719000000000072e+00 2.460373099999999980e+01 6.690751543050452166e-02
2.933462000000000014e+00 2.452454800000000290e+01 6.668466580201029559e-02
2.938204999999999956e+00 2.457767000000000124e+01 6.664767223192194501e-02
2.942947999999999897e+00 2.462560900000000075e+01 6.660920089452207482e-02
2.947690999999999839e+00 2.466110600000000019e+01 6.655795138082375162e-02
2.952433999999999781e+00 2.458658700000000152e+01 6.636977442772123981e-02
2.957176000000000027e+00 2.468156300000000414e+01 6.641227128200405394e-02
2.961918999999999969e+00 2.459861500000000234e+01 6.619847171271252273e-02
2.966661999999999910e+00 2.469318700000000177e+01 6.623979925051404205e-02
2.971404999999999852e+00 2.465362499999999812e+01 6.610322352435014925e-02
2.976147999999999794e+00 2.458546500000000279e+01 6.593058989685439408e-02
2.980891000000000179e+00 2.467161500000000629e+01 6.596689634571721583e-02
2.985634000000000121e+00 2.467918900000000093e+01 6.589964622083566148e-02
2.990375999999999923e+00 2.465636199999999789e+01 6.581039135871326329e-02
2.995118999999999865e+00 2.469827200000000289e+01 6.577775424221322942e-02
2.999861999999999806e+00 2.460212099999999680e+01 6.557394187315797318e-02
3.004605000000000192e+00 2.460080800000000067e+01 6.550075213588925360e-02
3.009348000000000134e+00 2.461972100000000196e+01 6.545564062016427653e-02
3.014091000000000076e+00 2.454879200000000239e+01 6.531211958435816090e-02
3.018834000000000017e+00 2.454606499999999869e+01 6.522052912262288338e-02
3.023576999999999959e+00 2.468256099999999975e+01 6.533448160664703797e-02
3.028319000000000205e+00 2.456863999999999848e+01 6.511720415409893992e-02
3.033062000000000147e+00 2.459934600000000415e+01 6.509237133237426309e-02
3.037805000000000089e+00 2.460783099999999735e+01 6.503922709446507966e-02
3.042548000000000030e+00 2.449782099999999829e+01 6.483016583906445196e-02
3.047290999999999972e+00 2.457580099999999845e+01 6.487016356043893983e-02
3.052033999999999914e+00 2.461139800000000122e+01 6.485461152672414298e-02
3.056776999999999855e+00 2.460314599999999885e+01 6.478215178536909924e-02
3.061519000000000101e+00 2.457714500000000157e+01 6.468661715270014601e-02
3.066262000000000043e+00 2.458882800000000302e+01 6.464166493981493566e-02
3.071004999999999985e+00 2.462284000000000361e+01 6.463934774036554642e-02
3.075747999999999927e+00 2.452071099999999859e+01 6.444860697857092424e-02
3.080490999999999868e+00 2.460859499999999400e+01 6.449827956484420477e-02
3.085233999999999810e+00 2.458981800000000106e+01 6.440582208161307887e-02
3.089977000000000196e+00 2.450555999999999912e+01 6.425585141588818772e-02
3.094720000000000137e+00 2.447261300000000261e+01 6.413780983287471760e-02
3.099461999999999939e+00 2.455245500000000192e+01 6.418457969920189632e-02
3.104204999999999881e+00 2.462571799999999911e+01 6.422347360618077539e-02
3.108947999999999823e+00 2.465663599999999889e+01 6.420699157351324182e-02
3.113691000000000209e+00 2.452705499999999716e+01 6.398252949958370406e-02
3.118434000000000150e+00 2.462870200000000054e+01 6.405962851464251651e-02
3.123177000000000092e+00 2.455914100000000033e+01 6.391382806760990964e-02
3.127920000000000034e+00 2.454805499999999796e+01 6.384434743046325800e-02
3.132661999999999836e+00 2.456886200000000287e+01 6.381707554733687116e-02
3.137405000000000221e+00 2.463356999999999886e+01 6.384699086900416654e-02
3.142148000000000163e+00 2.455576800000000048e+01 6.369192077303761912e-02
3.146891000000000105e+00 2.456447099999999750e+01 6.365782096819211366e-02
3.151634000000000047e+00 2.457616599999999707e+01 6.362190833183486993e-02
3.156376999999999988e+00 2.459887699999999455e+01 6.358822103611880272e-02
3.161119999999999930e+00 2.456078099999999864e+01 6.348671839263705929e-02
3.165862000000000176e+00 2.452673200000000264e+01 6.343439656024088547e-02
3.170605000000000118e+00 2.459848500000000371e+01 6.345842599636000725e-02
3.175348000000000059e+00 2.464061800000000346e+01 6.343297517313452316e-02
3.180091000000000001e+00 2.458830200000000232e+01 6.331377727237966213e-02
3.184833999999999943e+00 2.444424199999999914e+01 6.307668571281468961e-02
3.189576999999999884e+00 2.463257700000000128e+01 6.326810685006072077e-02
3.194319999999999826e+00 2.456537999999999755e+01 6.311251757030059140e-02
3.199063000000000212e+00 2.450595000000000212e+01 6.292060075572149247e-02
3.203805000000000014e+00 2.453839699999999979e+01 6.284550912336536732e-02
3.208547999999999956e+00 2.462132099999999824e+01 6.287418350618161067e-02
3.213290999999999897e+00 2.468290000000000006e+01 6.290315895476791819e-02
3.218033999999999839e+00 2.462562299999999738e+01 6.278094038462868343e-02
3.222776999999999781e+00 2.455108800000000002e+01 6.263653059705015513e-02
3.227520000000000167e+00 2.457695700000000016e+01 6.262067597346103465e-02
3.232263000000000108e+00 2.457988499999999732e+01 6.257575371385390439e-02
3.237004999999999910e+00 2.455547200000000174e+01 6.249620405622088176e-02
3.241747999999999852e+00 2.457444799999999674e+01 6.247193472135546821e-02
3.246490999999999794e+00 2.452539500000000317e+01 6.236164731305852971e-02
3.251234000000000179e+00 2.450459999999999994e+01 6.230485162099337615e-02
3.255977000000000121e+00 2.455321599999999904e+01 6.238248435054586510e-02
3.260720000000000063e+00 2.447686000000000206e+01 6.230311956582993554e-02
3.265463000000000005e+00 2.452785500000000241e+01 6.234560051058614383e-02
3.270205999999999946e+00 2.458141300000000129e+01 6.236614415844625448e-02
3.274948000000000192e+00 2.457087399999999633e+01 6.230525080815742245e-02
3.279691000000000134e+00 2.455883599999999944e+01 6.224255314468470079e-02
3.284434000000000076e+00 2.451952299999999951e+01 6.214579008744840205e-02
3.289177000000000017e+00 2.453517199999999576e+01 6.211879626230051160e-02
3.293919999999999959e+00 2.447246700000000175e+01 6.199248896820484800e-02
3.298662999999999901e+00 2.450883499999999771e+01 6.199191536025967786e-02
3.303405999999999842e+00 2.447076099999999954e+01 6.189738717381938760e-02
3.308148000000000089e+00 2.449953199999999498e+01 6.188749996082650029e-02
3.312891000000000030e+00 2.455169800000000535e+01 6.190703488072903105e-02
3.317633999999999972e+00 2.451137999999999906e+01 6.181023757584337697e-02
3.322376999999999914e+00 2.461614999999999753e+01 6.189696189290309902e-02
3.327119999999999855e+00 2.460370400000000046e+01 6.185113568117969057e-02
3.331862999999999797e+00 2.455446199999999735e+01 6.172724568921166000e-02
3.336606000000000183e+00 2.456666600000000145e+01 6.169717416505961921e-02
3.341347999999999985e+00 2.449017200000000116e+01 6.155589109650107249e-02
3.346090999999999926e+00 2.453190199999999521e+01 6.156314863195919834e-02
3.350833999999999868e+00 2.440725499999999926e+01 6.136136491253433439e-02
3.355576999999999810e+00 2.445201099999999883e+01 6.137303707337204983e-02
3.360320000000000196e+00 2.442553099999999944e+01 6.129522948671617399e-02
3.365063000000000137e+00 2.451121799999999951e+01 6.135812758251346644e-02
3.369806000000000079e+00 2.460199499999999873e+01 6.142709300600834865e-02
3.374549000000000021e+00 2.467849700000000013e+01 6.147782771722256484e-02
3.379290999999999823e+00 2.458941300000000041e+01 6.200497125385593528e-02
3.384034000000000209e+00 2.458281000000000205e+01 6.345140221103076628e-02
3.388777000000000150e+00 2.454543100000000067e+01 6.424141996822455014e-02
3.393520000000000092e+00 2.446469300000000047e+01 6.479651093751345736e-02
3.398263000000000034e+00 2.446821100000000015e+01 6.519288801498826502e-02
3.403005999999999975e+00 2.456139100000000397e+01 6.549295266215060529e-02
3.407748999999999917e+00 2.440078899999999962e+01 6.524484859933540881e-02
3.412491000000000163e+00 2.450468699999999700e+01 6.541967678190943603e-02
3.417234000000000105e+00 2.453040899999999880e+01 6.562832722515940520e-02
3.421977000000000046e+00 2.448005599999999760e+01 6.571945714754726109e-02
3.426719999999999988e+00 2.445800299999999794e+01 6.582376082232616055e-02
3.431462999999999930e+00 2.446412699999999774e+01 6.596918980944363464e-02
3.436205999999999872e+00 2.455762599999999907e+01 6.623824993232838021e-02
3.440948999999999813e+00 2.451154899999999870e+01 6.629612469695495003e-02
3.445692000000000199e+00 2.447652200000000278e+01 6.637949636616716220e-02
3.450434000000000001e+00 2.456644700000000370e+01 6.659392356933777068e-02
3.455176999999999943e+00 2.454558699999999760e+01 6.667478932703875538e-02
3.459919999999999884e+00 2.448468199999999939e+01 6.669643736856564753e-02
3.464662999999999826e+00 2.459834900000000246e+01 6.695200342036450314e-02
3.469406000000000212e+00 2.456594099999999870e+01 6.700588695670330053e-02
3.474149000000000154e+00 2.451570800000000006e+01 6.703151006837754222e-02
3.478892000000000095e+00 2.454718099999999836e+01 6.716625624747295242e-02
3.483633999999999897e+00 2.449625499999999789e+01 6.718499544100453580e-02
3.488376999999999839e+00 2.446635199999999699e+01 6.723002664045582555e-02
3.493119999999999781e+00 2.462533599999999723e+01 6.753188579554328386e-02
3.497863000000000167e+00 2.444053299999999851e+01 6.735933984636725824e-02
3.502606000000000108e+00 2.437655799999999928e+01 6.735019559781545151e-02
3.507349000000000050e+00 2.442379900000000248e+01 6.749234326589720334e-02
3.512091999999999992e+00 2.445564599999999800e+01 6.761186985631813251e-02
3.516833999999999794e+00 2.440423399999999887e+01 6.761412223245155673e-02
3.521577000000000179e+00 2.448344999999999771e+01 6.779556704845383919e-02
3.526320000000000121e+00 2.449604899999999574e+01 6.788331120677157382e-02
3.531063000000000063e+00 2.444638400000000189e+01 6.788317787080169752e-02
3.535806000000000004e+00 2.445120000000000005e+01 6.795734445025791715e-02
3.540548999999999946e+00 2.449313599999999980e+01 6.808107590782698504e-02
3.545291999999999888e+00 2.449243900000000096e+01 6.814464869848402273e-02
3.550034999999999830e+00 2.437820700000000329e+01 6.804870584421793267e-02
3.554777000000000076e+00 2.445293600000000112e+01 6.821474109201544622e-02
3.559520000000000017e+00 2.447236600000000095e+01 6.830296041919559080e-02
3.564262999999999959e+00 2.444511800000000079e+01 6.832446875885314630e-02
3.569005999999999901e+00 2.449435500000000232e+01 6.846507906567114721e-02
3.573748999999999842e+00 2.440150699999999873e+01 6.841246226218071491e-02
3.578491999999999784e+00 2.443886400000000236e+01 6.848811831837549324e-02
3.583235000000000170e+00 2.434311100000000039e+01 6.840954855152459047e-02
3.587976999999999972e+00 2.444599400000000244e+01 6.858508285204953370e-02
3.592719999999999914e+00 2.449509700000000123e+01 6.860052077241177160e-02
3.597462999999999855e+00 2.444962600000000208e+01 6.847585218466797907e-02
3.602205999999999797e+00 2.443220000000000169e+01 6.839084458390465304e-02
3.606949000000000183e+00 2.440488500000000016e+01 6.829235919754346462e-02
3.611692000000000125e+00 2.449661300000000352e+01 6.841122989384344766e-02
3.616435000000000066e+00 2.458926600000000207e+01 6.860889032911988983e-02
3.621178000000000008e+00 2.471288700000000205e+01 6.961263324929606311e-02
3.625919999999999810e+00 2.457994400000000113e+01 7.190755076414090396e-02
3.630663000000000196e+00 2.451549999999999940e+01 7.321140897613499787e-02
3.635406000000000137e+00 2.448294700000000290e+01 7.420687033416313583e-02
3.640149000000000079e+00 2.446357600000000332e+01 7.494668248238542385e-02
3.644892000000000021e+00 2.441982699999999795e+01 7.539163488878390662e-02
3.649634999999999962e+00 2.446145199999999775e+01 7.594259065219660654e-02
3.654377999999999904e+00 2.448239999999999839e+01 7.639735584770981913e-02
3.659120000000000150e+00 2.443094800000000077e+01 7.674296695784897648e-02
3.663863000000000092e+00 2.438208200000000403e+01 7.707608325512201042e-02
3.668606000000000034e+00 2.439347699999999719e+01 7.749111785596977942e-02
3.673348999999999975e+00 2.450846700000000311e+01 7.806076529398620067e-02
3.678091999999999917e+00 2.443866099999999975e+01 7.832705791413589747e-02
3.682834999999999859e+00 2.444384799999999913e+01 7.870488439725517593e-02
3.687577999999999800e+00 2.448827800000000110e+01 7.913936462444021158e-02
3.692321000000000186e+00 2.433697500000000247e+01 7.925078208254604517e-02
3.697062999999999988e+00 2.445485400000000098e+01 7.979410219922647429e-02
3.701805999999999930e+00 2.437378999999999962e+01 8.000805203357846951e-02
3.706548999999999872e+00 2.434491299999999825e+01 8.030288588538024575e-02
3.711291999999999813e+00 2.421459600000000023e+01 8.042526373682712393e-02
3.716035000000000199e+00 2.435276700000000361e+01 8.098965017411545453e-02
3.720778000000000141e+00 2.440805300000000244e+01 8.141433570485422100e-02
3.725521000000000083e+00 2.448724699999999999e+01 8.187652877876053226e-02
3.730262999999999884e+00 2.434013399999999905e+01 8.195820139350301625e-02
3.735005999999999826e+00 2.432118099999999572e+01 8.225095444252425447e-02
3.739749000000000212e+00 2.433401500000000084e+01 8.259652319794157094e-02
3.744492000000000154e+00 2.446555700000000044e+01 8.314215879865280434e-02
3.749235000000000095e+00 2.438589800000000096e+01 8.332721098384608671e-02
3.753978000000000037e+00 2.447492099999999482e+01 8.379943350145035996e-02
3.758720999999999979e+00 2.439947599999999994e+01 8.398810108043162914e-02
3.763462999999999781e+00 2.428845999999999705e+01 8.411372590375723601e-02
3.768206000000000166e+00 2.438980099999999851e+01 8.460521095147152670e-02
3.772949000000000108e+00 2.431193999999999988e+01 8.478527264773935701e-02
3.777692000000000050e+00 2.455588099999999585e+01 8.552536755572934246e-02
3.782434999999999992e+00 2.452822099999999494e+01 8.579278665341451282e-02
3.787177999999999933e+00 2.455270600000000059e+01 8.615075418182652212e-02
3.791920999999999875e+00 2.452152799999999999e+01 8.641064382841387448e-02
3.796663999999999817e+00 2.440355700000000283e+01 8.651574696862357472e-02
3.801406000000000063e+00 2.430472899999999825e+01 8.665354568304634020e-02
3.806149000000000004e+00 2.444098999999999933e+01 8.720978014531224898e-02
3.810891999999999946e+00 2.448500499999999747e+01 8.760210471810081501e-02
3.815634999999999888e+00 2.451777699999999882e+01 8.797446116792588533e-02
3.820377999999999830e+00 2.458389799999999781e+01 8.840772922964144909e-02
3.825121000000000215e+00 2.453300300000000078e+01 8.863052924535540222e-02
3.829864000000000157e+00 2.436216699999999946e+01 8.863523542400393584e-02
3.834605999999999959e+00 2.452460599999999857e+01 8.924551962909735292e-02
3.839348999999999901e+00 2.445735599999999721e+01 8.943886817129173550e-02
3.844091999999999842e+00 2.445954700000000059e+01 8.975811946398665198e-02
3.848834999999999784e+00 2.450643099999999919e+01 9.016335748664974781e-02
3.853578000000000170e+00 2.445155299999999698e+01 9.042674749786758226e-02
3.858321000000000112e+00 2.433169199999999677e+01 9.047057416249716655e-02
3.863064000000000053e+00 2.450217899999999815e+01 9.110548426646718212e-02
3.867806999999999995e+00 2.447862999999999900e+01 9.138101413947977147e-02
3.872548999999999797e+00 2.441641299999999859e+01 9.158360351615292549e-02
3.877292000000000183e+00 2.443456500000000275e+01 9.193794759665673000e-02
3.882035000000000124e+00 2.441269800000000245e+01 9.221805785268794020e-02
3.886778000000000066e+00 2.448891800000000174e+01 9.268444455847431318e-02
3.891521000000000008e+00 2.446556700000000006e+01 9.296293472001945779e-02
3.896263999999999950e+00 2.446124800000000121e+01 9.327893535996109597e-02
3.901006999999999891e+00 2.438234899999999783e+01 9.345271703953288156e-02
3.905749000000000137e+00 2.435041299999999609e+01 9.371763013014466903e-02
3.910492000000000079e+00 2.448336599999999663e+01 9.430103969301187328e-02
3.915235000000000021e+00 2.438569299999999984e+01 9.444080757243289437e-02
3.919977999999999962e+00 2.461710000000000065e+01 9.517696445893406021e-02
3.924720999999999904e+00 2.461261300000000318e+01 9.525303954989991495e-02
3.929463999999999846e+00 2.439187100000000186e+01 9.489760354104732898e-02
3.934206999999999788e+00 2.455803199999999720e+01 9.534545264624527672e-02
3.938949000000000034e+00 2.449659999999999727e+01 9.533036287074649062e-02
3.943691999999999975e+00 2.455159399999999792e+01 9.554042002884800822e-02
3.948434999999999917e+00 2.450648699999999991e+01 9.555488067869113977e-02
3.953177999999999859e+00 2.444222100000000353e+01 9.555822343336914382e-02
3.957920999999999800e+00 2.438889899999999855e+01 9.562239952216636252e-02
3.962664000000000186e+00 2.447681800000000152e+01 9.580321073020672817e-02
3.967407000000000128e+00 2.443447199999999597e+01 9.596709433961310431e-02
3.972150000000000070e+00 2.452987099999999998e+01 9.647865158250606976e-02
3.976891999999999872e+00 2.455525700000000455e+01 9.685409950886436636e-02
3.981634999999999813e+00 2.424269500000000477e+01 9.656061501152113369e-02
3.986378000000000199e+00 2.421912700000000385e+01 9.684044299731234262e-02
3.991121000000000141e+00 2.425728300000000104e+01 9.724456489950120130e-02
3.995864000000000082e+00 2.429526699999999906e+01 9.765116143211252653e-02
4.000606999999999580e+00 2.452139799999999781e+01 9.843773506596389944e-02
4.005349999999999966e+00 2.460086199999999934e+01 9.893323068636594719e-02
4.010092000000000212e+00 2.456520500000000595e+01 9.919884282116400720e-02
4.014834999999999710e+00 2.452448800000000162e+01 9.945496773428212645e-02
4.019578000000000095e+00 2.454517699999999891e+01 9.983792982245275061e-02
4.024320999999999593e+00 2.444225599999999687e+01 9.996979274755149469e-02
4.029063999999999979e+00 2.436814600000000297e+01 1.001619975070759949e-01
4.033807000000000365e+00 2.447213800000000106e+01 1.007209016577438054e-01
4.038549999999999862e+00 2.441440599999999961e+01 1.009495637092533427e-01
4.043293000000000248e+00 2.443991800000000225e+01 1.013521640805108842e-01
4.048034999999999606e+00 2.450561900000000293e+01 1.018405909381804586e-01
4.052777999999999992e+00 2.450899100000000175e+01 1.022020013934203664e-01
4.057521000000000377e+00 2.431634899999999888e+01 1.021546823904425916e-01
4.062263999999999875e+00 2.438129299999999589e+01 1.026488936230644383e-01
4.067007000000000261e+00 2.444780800000000198e+01 1.031494710975727480e-01
4.071749999999999758e+00 2.458566600000000335e+01 1.038037663038533509e-01
4.076493000000000144e+00 2.447130500000000097e+01 1.039271011125659089e-01
4.081235000000000390e+00 2.444350499999999471e+01 1.042348785628673252e-01
4.085977999999999888e+00 2.459660699999999878e+01 1.049325749128348778e-01
4.090721000000000274e+00 2.460420900000000088e+01 1.053223839044820503e-01
4.095463999999999771e+00 2.451869099999999690e+01 1.055142648829450885e-01
4.100207000000000157e+00 2.457638999999999996e+01 1.060163851495220522e-01
4.104949999999999655e+00 2.446321499999999816e+01 1.061533477284385824e-01
4.109693000000000040e+00 2.452221300000000070e+01 1.066637650642869445e-01
4.114436000000000426e+00 2.460727800000000087e+01 1.072349337420889226e-01
4.119177999999999784e+00 2.446999999999999531e+01 1.073242484112164608e-01
4.123921000000000170e+00 2.447738999999999976e+01 1.077313514018286983e-01
4.128663999999999668e+00 2.454438499999999834e+01 1.082736463433715823e-01
4.133407000000000053e+00 2.433387800000000212e+01 1.082046019802785503e-01
4.138150000000000439e+00 2.444195199999999701e+01 1.088438621332976225e-01
4.142892999999999937e+00 2.437550599999999790e+01 1.090979783522320751e-01
4.147636000000000323e+00 2.437353200000000086e+01 1.094979789159603589e-01
4.152377999999999680e+00 2.438761799999999980e+01 1.099384881347224285e-01
4.157121000000000066e+00 2.444320200000000298e+01 1.104757500964043959e-01
4.161863999999999564e+00 2.455122400000000127e+01 1.111358670630751000e-01
4.166606999999999950e+00 2.473038499999999829e+01 1.119618173401597805e-01
4.171350000000000335e+00 2.455559199999999720e+01 1.119874962986747990e-01
4.176092999999999833e+00 2.462460399999999794e+01 1.125781603206030407e-01
4.180836000000000219e+00 2.447955700000000334e+01 1.128302298370844337e-01
4.185577999999999577e+00 2.455572300000000041e+01 1.133188823909973830e-01
4.190320999999999962e+00 2.438554799999999645e+01 1.133205312802724185e-01
4.195064000000000348e+00 2.434156200000000325e+01 1.136568384494844181e-01
4.199806999999999846e+00 2.447596300000000014e+01 1.144136218709219249e-01
4.204550000000000232e+00 2.478148399999999896e+01 1.155760891259502571e-01
4.209292999999999729e+00 2.442921499999999924e+01 1.152034189505207334e-01
4.214036000000000115e+00 2.463716600000000057e+01 1.161488766391022970e-01
4.218778999999999613e+00 2.462895400000000024e+01 1.165910535451850222e-01
4.223520999999999859e+00 2.454043100000000166e+01 1.168456121505454803e-01
4.228264000000000244e+00 2.440978000000000492e+01 1.170018510692168584e-01
4.233006999999999742e+00 2.447257799999999861e+01 1.176243322392922230e-01
4.237750000000000128e+00 2.451287400000000005e+01 1.181977954078788917e-01
4.242492999999999626e+00 2.467293599999999998e+01 1.190667282441648378e-01
4.247236000000000011e+00 2.444088999999999956e+01 1.189898665294679692e-01
4.251979000000000397e+00 2.437318999999999392e+01 1.193192789486317712e-01
4.256720999999999755e+00 2.432393100000000175e+01 1.198940110867731945e-01
4.261464000000000141e+00 2.451459599999999384e+01 1.206955434272827671e-01
4.266206999999999638e+00 2.457645300000000077e+01 1.213141184330686351e-01
4.270950000000000024e+00 2.460563199999999995e+01 1.218976320762930332e-01
4.275693000000000410e+00 2.468640500000000060e+01 1.226138649386165486e-01
4.280435999999999908e+00 2.439524700000000124e+01 1.224085488507265229e-01
4.285179000000000293e+00 2.429222700000000401e+01 1.226733289268360227e-01
4.289921999999999791e+00 2.447465400000000102e+01 1.236638472198908073e-01
4.294664000000000037e+00 2.464424700000000357e+01 1.246305130317780507e-01
4.299407000000000423e+00 2.461157299999999992e+01 1.250906135504287198e-01
4.304149999999999920e+00 2.459678199999999748e+01 1.256018234962597846e-01
4.308893000000000306e+00 2.442705400000000182e+01 1.257219950093490801e-01
4.313635999999999804e+00 2.448031500000000094e+01 1.264179425836894355e-01
4.318379000000000190e+00 2.453932299999999600e+01 1.271370867289572382e-01
4.323121999999999687e+00 2.457225100000000140e+01 1.278849410415397458e-01
4.327863999999999933e+00 2.465041899999999941e+01 1.286425145192439667e-01
4.332607000000000319e+00 2.472923100000000218e+01 1.293728606212126153e-01
4.337349999999999817e+00 2.441461399999999671e+01 1.291392573340786887e-01
4.342093000000000202e+00 2.426291799999999910e+01 1.293336769835478628e-01
4.346835999999999700e+00 2.453481100000000126e+01 1.306626142486323194e-01
4.351579000000000086e+00 2.458149699999999882e+01 1.314000128037680348e-01
4.356321999999999584e+00 2.437034699999999887e+01 1.314539467608055456e-01
4.361063999999999830e+00 2.451900499999999994e+01 1.324829020198236840e-01
4.365807000000000215e+00 2.457965399999999789e+01 1.332838796530251835e-01
4.370549999999999713e+00 2.473837300000000283e+01 1.343590871448738233e-01
4.375293000000000099e+00 2.447222599999999915e+01 1.342853987161612417e-01
4.380035999999999596e+00 2.453948200000000313e+01 1.351918880211079865e-01
4.384778999999999982e+00 2.454956800000000072e+01 1.359426564050206510e-01
4.389522000000000368e+00 2.476196700000000206e+01 1.370933447609405387e-01
4.394264999999999866e+00 2.454200500000000318e+01 1.371530603464585496e-01
4.399007000000000112e+00 2.443325099999999850e+01 1.371172766826325162e-01
4.403749999999999609e+00 2.451117400000000401e+01 1.374300225474764936e-01
4.408492999999999995e+00 2.447335700000000003e+01 1.374170460898886947e-01
4.413236000000000381e+00 2.446717399999999643e+01 1.374916525385472266e-01
4.417978999999999878e+00 2.440583199999999664e+01 1.374114344135425048e-01
4.422722000000000264e+00 2.443992099999999823e+01 1.376003296344300020e-01
4.427464999999999762e+00 2.443724700000000283e+01 1.376813274619350935e-01
4.432207000000000008e+00 2.461834799999999746e+01 1.382820206268182972e-01
4.436950000000000394e+00 2.452368100000000339e+01 1.381815219612705647e-01
4.441692999999999891e+00 2.470754699999999815e+01 1.393264277924877448e-01
4.446436000000000277e+00 2.453325000000000244e+01 1.395457518917935236e-01
4.451178999999999775e+00 2.425089099999999931e+01 1.394552613466103763e-01
4.455922000000000160e+00 2.465999799999999453e+01 1.413577857446879360e-01
4.460664999999999658e+00 2.458838499999999883e+01 1.418934426770402102e-01
4.465408000000000044e+00 2.436026100000000127e+01 1.419812626062129657e-01
4.470150000000000290e+00 2.470848200000000361e+01 1.437557127582267669e-01
4.474892999999999788e+00 2.460871699999999862e+01 1.442384487057854492e-01
4.479636000000000173e+00 2.456873499999999666e+01 1.449037244515395395e-01
4.484378999999999671e+00 2.449544699999999864e+01 1.454819081849289542e-01
4.489122000000000057e+00 2.464622999999999919e+01 1.467369994428225355e-01
4.493865000000000443e+00 2.457198400000000049e+01 1.473346730679855887e-01
4.498607999999999940e+00 2.462032400000000010e+01 1.483111697557321640e-01
4.503350000000000186e+00 2.459397600000000139e+01 1.490759383970042262e-01
4.508092999999999684e+00 2.458253800000000311e+01 1.498982824893594357e-01
4.512836000000000070e+00 2.441460800000000120e+01 1.502529912931493128e-01
4.517578999999999567e+00 2.436708699999999794e+01 1.509870885401003449e-01
4.522321999999999953e+00 2.461765299999999712e+01 1.526602679549397545e-01
4.527065000000000339e+00 2.442375200000000035e+01 1.529684217793911283e-01
4.531807999999999836e+00 2.455290000000000106e+01 1.543002544649502705e-01
4.536551000000000222e+00 2.467759199999999709e+01 1.556359638094743092e-01
4.541292999999999580e+00 2.473234599999999972e+01 1.567714094302172234e-01
4.546035999999999966e+00 2.471272700000000100e+01 1.576888405888999534e-01
4.550779000000000352e+00 2.448074300000000036e+01 1.579371044730847884e-01
4.555521999999999849e+00 2.451203699999999586e+01 1.590473342777655730e-01
4.560265000000000235e+00 2.483146699999999996e+01 1.611116116874786175e-01
4.565007999999999733e+00 2.474153000000000091e+01 1.618720135370864399e-01
4.569751000000000118e+00 2.481963400000000064e+01 1.631963088317327781e-01
4.574493000000000364e+00 2.476545199999999980e+01 1.641084450393132665e-01
4.579235999999999862e+00 2.455277799999999644e+01 1.645067694981714179e-01
4.583979000000000248e+00 2.447910100000000355e+01 1.653834910428809979e-01
4.588721999999999746e+00 2.452084999999999937e+01 1.666722130279603697e-01
4.593465000000000131e+00 2.445944300000000027e+01 1.676308787409491463e-01
4.598207999999999629e+00 2.467502600000000257e+01 1.695631264518993320e-01
4.602951000000000015e+00 2.464614000000000260e+01 1.706839517395551675e-01
4.607693000000000261e+00 2.450067399999999651e+01 1.714203018752224472e-01
4.612435999999999758e+00 2.462901299999999694e+01 1.731379700470538074e-01
4.617179000000000144e+00 2.446763299999999930e+01 1.738604443625723084e-01
4.621921999999999642e+00 2.459746299999999763e+01 1.756456287428662388e-01
4.626665000000000028e+00 2.440190400000000182e+01 1.762933650979298661e-01
4.631408000000000413e+00 2.465580100000000030e+01 1.785898175682966993e-01
4.636150999999999911e+00 2.482306800000000280e+01 1.806134357189038142e-01
4.640894000000000297e+00 2.467978899999999953e+01 1.815395473701317264e-01
4.645635999999999655e+00 2.443790900000000121e+01 1.821167770951622189e-01
4.650379000000000040e+00 2.440763799999999861e+01 1.835102195131750880e-01
4.655122000000000426e+00 2.497819300000000453e+01 1.872032629646753488e-01
4.659864999999999924e+00 2.492999499999999813e+01 1.886178716465738425e-01
4.664608000000000310e+00 2.456145699999999721e+01 1.888430602022139193e-01
4.669350999999999807e+00 2.489272699999999716e+01 1.917866426001451352e-01
4.674094000000000193e+00 2.466886399999999568e+01 1.926343022054026743e-01
4.678836000000000439e+00 2.452975299999999947e+01 1.938394345711896283e-01
4.683578999999999937e+00 2.490644899999999851e+01 1.971306616423209035e-01
4.688322000000000322e+00 2.473382999999999754e+01 1.982964695576630576e-01
4.693064999999999820e+00 2.482823899999999639e+01 2.005823933029379780e-01
4.697808000000000206e+00 2.478792200000000179e+01 2.023747732481010198e-01
4.702550999999999704e+00 2.481495900000000177e+01 2.045026261512455645e-01
4.707294000000000089e+00 2.502278800000000203e+01 2.074406487838555135e-01
4.712036999999999587e+00 2.450534000000000034e+01 2.074066879097207217e-01
4.716778999999999833e+00 2.458295299999999628e+01 2.099240098583863845e-01
4.721522000000000219e+00 2.494612700000000061e+01 2.137419944501569025e-01
4.726264999999999716e+00 2.492560399999999987e+01 2.160007593260940550e-01
4.731008000000000102e+00 2.458917599999999837e+01 2.169437583307475825e-01
4.735750999999999600e+00 2.469004699999999985e+01 2.198814162165993180e-01
4.740493999999999986e+00 2.468422999999999945e+01 2.224283047852691764e-01
4.745237000000000371e+00 2.458546499999999568e+01 2.246374410899689700e-01
4.749978999999999729e+00 2.476037299999999775e+01 2.281992188764214169e-01
4.754722000000000115e+00 2.461579900000000265e+01 2.303873203153819493e-01
4.759464999999999613e+00 2.433577899999999872e+01 2.320174718210333276e-01
4.764207999999999998e+00 2.484468300000000340e+01 2.375180511699100383e-01
4.768951000000000384e+00 2.477956499999999807e+01 2.404103087283656903e-01
4.773693999999999882e+00 2.463974999999999937e+01 2.430612892945365755e-01
4.778437000000000268e+00 2.429952300000000065e+01 2.448193162143126322e-01
4.783178999999999625e+00 2.460762799999999828e+01 2.499760705798223237e-01
4.787922000000000011e+00 2.500376499999999780e+01 2.557820245341994037e-01
4.792665000000000397e+00 2.478911399999999432e+01 2.586367574546348247e-01
4.797407999999999895e+00 2.442802400000000063e+01 2.608586754262056107e-01
4.802151000000000280e+00 2.454278100000000151e+01 2.657907954838880649e-01
4.806893999999999778e+00 2.496100999999999814e+01 2.726224278245645283e-01
4.811637000000000164e+00 2.523796000000000106e+01 2.789685682923970789e-01
4.816379999999999661e+00 2.535789299999999713e+01 2.847412256743699910e-01
4.821121999999999908e+00 2.478736200000000167e+01 2.868532957233463909e-01
4.825865000000000293e+00 2.457279799999999881e+01 2.912306254554357099e-01
4.830607999999999791e+00 2.483207900000000024e+01 2.987530984661802558e-01
4.835351000000000177e+00 2.446442800000000162e+01 3.028526278161230989e-01
4.840093999999999674e+00 2.477302499999999696e+01 3.115340103581117903e-01
4.844837000000000060e+00 2.497940900000000042e+01 3.201012390091336202e-01
4.849579999999999558e+00 2.490960799999999864e+01 3.274385826798668631e-01
4.854321999999999804e+00 2.492776500000000084e+01 3.359342932264581805e-01
4.859065000000000190e+00 2.471285999999999916e+01 3.434884609149192469e-01
4.863807999999999687e+00 2.534189699999999945e+01 3.577213011672774057e-01
4.868551000000000073e+00 2.507270700000000119e+01 3.665276616067060234e-01
4.873293999999999571e+00 2.514083699999999766e+01 3.787650988168524413e-01
4.878036999999999956e+00 2.475967100000000087e+01 3.887299773716711981e-01
4.882780000000000342e+00 2.522447500000000176e+01 4.067241956999484986e-01
4.887522999999999840e+00 2.495735900000000385e+01 4.205427199819894435e-01
4.892265000000000086e+00 2.569769100000000250e+01 4.450052329239960747e-01
4.897007999999999583e+00 2.533318500000000384e+01 4.625051997261328540e-01
4.901750999999999969e+00 2.454678500000000341e+01 4.787363700964655244e-01
4.906494000000000355e+00 2.436720199999999892e+01 5.043818849146547434e-01
4.911236999999999853e+00 2.454732700000000278e+01 5.390849399861398217e-01
4.915980000000000238e+00 2.582390600000000092e+01 5.940403653403866224e-01
4.920722999999999736e+00 2.497548799999999858e+01 6.352629844550129468e-01
4.925464999999999982e+00 2.443665200000000226e+01 6.948578741271771442e-01
4.930208000000000368e+00 2.588025400000000076e+01 8.109748579511881772e-01
4.934950999999999866e+00 2.453179900000000302e+01 9.344844738387632077e-01
4.939694000000000251e+00 2.457674700000000101e+01 1.207835058141578433e+00
4.944436999999999749e+00 6.617713499999998916e+00 1.085882974602636386e+00