# [18] Sgs_R03_0.1
# Sample c= 1.0 mg/ml
#
# Number of frames collected: 10
# Exposure time per frame: 0.5
# No significant radiation damage detected, merging 10 files
# Merged from: /data/visitor/mx1905/bm29/20170412/Poker/1d/Sxl_10gs_101_00001.dat
# Merged from: /data/visitor/mx1905/bm29/20170412/Poker/1d/Sxl_10gs_101_00002.dat
# Merged from: /data/visitor/mx1905/bm29/20170412/Poker/1d/Sxl_10gs_101_00003.dat
# Merged from: /data/visitor/mx1905/bm29/20170412/Poker/1d/Sxl_10gs_101_00004.dat
# Merged from: /data/visitor/mx1905/bm29/20170412/Poker/1d/Sxl_10gs_101_00005.dat
# Merged from: /data/visitor/mx1905/bm29/20170412/Poker/1d/Sxl_10gs_101_00006.dat
# Merged from: /data/visitor/mx1905/bm29/20170412/Poker/1d/Sxl_10gs_101_00007.dat
# Merged from: /data/visitor/mx1905/bm29/20170412/Poker/1d/Sxl_10gs_101_00008.dat
# Merged from: /data/visitor/mx1905/bm29/20170412/Poker/1d/Sxl_10gs_101_00009.dat
# Merged from: /data/visitor/mx1905/bm29/20170412/Poker/1d/Sxl_10gs_101_00010.dat
#
# Sample Information:
# Storage Temperature (degrees C): 20.0
# Measurement Temperature (degrees C): 20.03
# Concentration: 1.0
# Code: 
3.082862000000000102e-02 6.280100199999999404e+02 8.347387510177540548e+00
3.557148999999999728e-02 1.273085799999999608e+03 4.900559709544002551e+00
4.031434999999999880e-02 1.427992499999999836e+03 3.418907424680797114e+00
4.505722000000000199e-02 1.009209510000000023e+03 2.043769023261550188e+00
4.980007999999999657e-02 6.864098900000000185e+02 1.509283085596412999e+00
5.454294999999999977e-02 4.949896499999999833e+02 1.205760053260349185e+00
5.928581000000000129e-02 3.651531200000000013e+02 9.845391088292430037e-01
6.402868000000000448e-02 2.925429900000000316e+02 8.402094139737130707e-01
6.877154000000000600e-02 2.400597500000000366e+02 7.311085386613741521e-01
7.351441000000000225e-02 2.013933499999999981e+02 6.452666437739362770e-01
7.825727999999999851e-02 1.726107000000000085e+02 5.750610614652065244e-01
8.300014000000000003e-02 1.514013799999999890e+02 5.213559559660750908e-01
8.774300999999999628e-02 1.351927599999999927e+02 4.780159823361452842e-01
9.248586999999999780e-02 1.228840099999999893e+02 4.428838299982287841e-01
9.722873999999999406e-02 1.125292099999999920e+02 4.115111969650764867e-01
1.019715999999999956e-01 1.043162700000000029e+02 3.861329820278630587e-01
1.067145000000000038e-01 9.902002500000000396e+01 3.672138593522581429e-01
1.114572999999999953e-01 9.273768700000000820e+01 3.473301375235958721e-01
1.162002000000000035e-01 8.773211599999999066e+01 3.304453172695900331e-01
1.209430999999999978e-01 8.500670099999999252e+01 3.184460632485539011e-01
1.256858999999999893e-01 8.290844300000000544e+01 3.082114972268297781e-01
1.304288000000000114e-01 8.012720100000001366e+01 2.971954714177614809e-01
1.351717000000000057e-01 7.740590000000000259e+01 2.866373339774578310e-01
1.399144999999999972e-01 7.557517199999999491e+01 2.780896680419892575e-01
1.446573999999999915e-01 7.376607300000000578e+01 2.699701302985019202e-01
1.494003000000000136e-01 7.212282200000001353e+01 2.624833499504469758e-01
1.541431000000000051e-01 7.060208200000001000e+01 2.559008233202331728e-01
1.588859999999999995e-01 6.992580700000000604e+01 2.506429451790798124e-01
1.636287999999999909e-01 6.844844699999998738e+01 2.442058945917546797e-01
1.683717000000000130e-01 6.796769999999999357e+01 2.397641417792898133e-01
1.731146000000000074e-01 6.670439699999998595e+01 2.341197150087089562e-01
1.778573999999999988e-01 6.586538600000000088e+01 2.293755929587223963e-01
1.826002999999999932e-01 6.531675399999998888e+01 2.253178093044102825e-01
1.873431999999999875e-01 6.453303099999999404e+01 2.210107311703612409e-01
1.920860000000000067e-01 6.377659400000001000e+01 2.168763348132652369e-01
1.968289000000000011e-01 6.337395099999999815e+01 2.134574511984364820e-01
2.015717999999999954e-01 6.281427599999999245e+01 2.099110566429486791e-01
2.063145999999999869e-01 6.218906799999999890e+01 2.063599201323752796e-01
2.110575000000000090e-01 6.182233899999999949e+01 2.031322881644565259e-01
2.158004000000000033e-01 6.101638200000000012e+01 1.994903176585209326e-01
2.205431999999999948e-01 6.083959399999999818e+01 1.969946311994050236e-01
2.252860999999999891e-01 6.059592699999999610e+01 1.944767947795821295e-01
2.300290000000000112e-01 6.027787099999999043e+01 1.919075367014148881e-01
2.347718000000000027e-01 5.985093500000000688e+01 1.892270328637966903e-01
2.395146999999999970e-01 5.951963200000001564e+01 1.867719033390715933e-01
2.442575999999999914e-01 5.929189299999999463e+01 1.845423311904436647e-01
2.490004000000000106e-01 5.915151100000000639e+01 1.825030139672665919e-01
2.537433000000000050e-01 5.899711099999999675e+01 1.804897433753156477e-01
2.584861999999999993e-01 5.845983700000000738e+01 1.779703998362098527e-01
2.632289999999999908e-01 5.810489199999999244e+01 1.757971638184532837e-01
2.679718999999999851e-01 5.783747300000000280e+01 1.738038008630147790e-01
2.727146999999999766e-01 5.760236700000000098e+01 1.718973864032888599e-01
2.774576000000000264e-01 5.751428700000000305e+01 1.703051069004120899e-01
2.822005000000000208e-01 5.720505199999998780e+01 1.684637451122935059e-01
2.869433000000000122e-01 5.684876699999999516e+01 1.665109720896584267e-01
2.916862000000000066e-01 5.671908099999999564e+01 1.649216918236900697e-01
2.964291000000000009e-01 5.611914199999999653e+01 1.626964318993938396e-01
3.011718999999999924e-01 5.593655499999999847e+01 1.611186046905095925e-01
3.059147999999999867e-01 5.590068800000000238e+01 1.597858039527345064e-01
3.106576999999999811e-01 5.587933500000000464e+01 1.584959074043405802e-01
3.154004999999999725e-01 5.545411599999999908e+01 1.566756516493925389e-01
3.201434000000000224e-01 5.531973100000000443e+01 1.553050258023931651e-01
3.248863000000000167e-01 5.527741699999999980e+01 1.540855071890312455e-01
3.296291000000000082e-01 5.478208800000000167e+01 1.522555020842196183e-01
3.343720000000000026e-01 5.471126000000000289e+01 1.510512470011472486e-01
3.391148999999999969e-01 5.477787600000000623e+01 1.516427047431883612e-01
3.438576999999999884e-01 5.470544099999999332e+01 1.535007022378207242e-01
3.486005999999999827e-01 5.411856099999999969e+01 1.565616331556847207e-01
3.533434999999999770e-01 5.404676600000000519e+01 1.593278013795435821e-01
3.580863000000000240e-01 5.390603399999999823e+01 1.610982643268744074e-01
3.628292000000000184e-01 5.377575399999999206e+01 1.624903954267925277e-01
3.675720000000000098e-01 5.348400000000000176e+01 1.633828391877261976e-01
3.723149000000000042e-01 5.330915400000001370e+01 1.643160600246345582e-01
3.770577999999999985e-01 5.313509100000000274e+01 1.651453934268519164e-01
3.818005999999999900e-01 5.293323599999998663e+01 1.657107807009202960e-01
3.865434999999999843e-01 5.286832199999999915e+01 1.664262990192875435e-01
3.912863999999999787e-01 5.250879899999999623e+01 1.665245005843875858e-01
3.960292000000000256e-01 5.222861000000000331e+01 1.667620635516612049e-01
4.007721000000000200e-01 5.212857000000000340e+01 1.673144118816597969e-01
4.055150000000000143e-01 5.223384800000000183e+01 1.732557321641910453e-01
4.102578000000000058e-01 5.210449799999999243e+01 1.775534607236671225e-01
4.150007000000000001e-01 5.180065400000000864e+01 1.809115136218903130e-01
4.197435999999999945e-01 5.127147200000000282e+01 1.827571464921002864e-01
4.244863999999999860e-01 5.140853899999999754e+01 1.859645471708483988e-01
4.292292999999999803e-01 5.117751800000000628e+01 1.883808457377017798e-01
4.339721999999999746e-01 5.114438400000000229e+01 1.912032297490630639e-01
4.387150000000000216e-01 5.096615200000000101e+01 1.936543514912009711e-01
4.434579000000000160e-01 5.114819100000001129e+01 1.968498154652152388e-01
4.482008000000000103e-01 5.064017200000000685e+01 1.991769299944444183e-01
4.529436000000000018e-01 5.033303399999999783e+01 2.018085328443108839e-01
4.576864999999999961e-01 4.984636300000000375e+01 2.029278349153104677e-01
4.624293999999999905e-01 4.947857499999999931e+01 2.038618667477458679e-01
4.671721999999999819e-01 4.959301399999999660e+01 2.030893102352930302e-01
4.719150999999999763e-01 5.002928900000000567e+01 1.959519467943569571e-01
4.766579000000000232e-01 4.948690900000000426e+01 1.912175854328458657e-01
4.814008000000000176e-01 4.959214999999999662e+01 1.889890892418802926e-01
4.861437000000000119e-01 4.922764800000000207e+01 1.864398443722617982e-01
4.908865000000000034e-01 4.892627200000000443e+01 1.843528045253966519e-01
4.956293999999999977e-01 4.873050100000000384e+01 1.826888539003513057e-01
5.003722999999999921e-01 4.862534300000000087e+01 1.813439976397415720e-01
5.051151000000000391e-01 4.851756699999999967e+01 1.801150811869275670e-01
5.098580000000000334e-01 4.833348999999999762e+01 1.788385113630903411e-01
5.146009000000000277e-01 4.806621900000000380e+01 1.774822560174698360e-01
5.193436999999999637e-01 4.790369299999999697e+01 1.763713657685271607e-01
5.240865999999999580e-01 4.744492199999999826e+01 1.747686677428654523e-01
5.288294999999999524e-01 4.759258799999999923e+01 1.743237603826968130e-01
5.335722999999999994e-01 4.695677899999999738e+01 1.721373981246951401e-01
5.383151999999999937e-01 4.706758500000000112e+01 1.710967836298900036e-01
5.430580999999999881e-01 4.719391099999999994e+01 1.701327530061910176e-01
5.478009000000000350e-01 4.657411700000000110e+01 1.678720439871541070e-01
5.525438000000000294e-01 4.639761699999999678e+01 1.664566085428938191e-01
5.572867000000000237e-01 4.638165099999999796e+01 1.653610261058252040e-01
5.620294999999999597e-01 4.614972099999999955e+01 1.639184922129888755e-01
5.667723999999999540e-01 4.598957199999999546e+01 1.626394215848860625e-01
5.715152000000000010e-01 4.604274500000000359e+01 1.617673594252239666e-01
5.762580999999999953e-01 4.560832200000000114e+01 1.600619033630379384e-01
5.810009999999999897e-01 4.581163600000000002e+01 1.595446380826663624e-01
5.857438000000000367e-01 4.538772699999999816e+01 1.583299907752125646e-01
5.904867000000000310e-01 4.534812900000000013e+01 1.578804607170649910e-01
5.952296000000000253e-01 4.503742200000000651e+01 1.569588772537810206e-01
5.999723999999999613e-01 4.470566499999999621e+01 1.561709230820100547e-01
6.047152999999999556e-01 4.452201700000000528e+01 1.554557905013351227e-01
6.094581999999999500e-01 4.448168799999999834e+01 1.548871879087979908e-01
6.142009999999999970e-01 4.382835499999999485e+01 1.535292781748986146e-01
6.189438999999999913e-01 4.435132900000000689e+01 1.539409512379581180e-01
6.236867999999999856e-01 4.395846699999999885e+01 1.529039915653764292e-01
6.284296000000000326e-01 4.385957700000000159e+01 1.523844726045537612e-01
6.331725000000000270e-01 4.360549899999999468e+01 1.515950034044169781e-01
6.379154000000000213e-01 4.337823299999999449e+01 1.508563905707365205e-01
6.426581999999999573e-01 4.317403900000000050e+01 1.501632712433556560e-01
6.474010999999999516e-01 4.324356500000000381e+01 1.499497834017372022e-01
6.521439999999999459e-01 4.327757000000000431e+01 1.496728350872224833e-01
6.568867999999999929e-01 4.305142399999999725e+01 1.489497277496323602e-01
6.616296999999999873e-01 4.281119400000000041e+01 1.482071795840596284e-01
6.663725999999999816e-01 4.271874799999999084e+01 1.477240563195436063e-01
6.711154000000000286e-01 4.241150999999999982e+01 1.468688103458229144e-01
6.758583000000000229e-01 4.238054299999999586e+01 1.464952729642058915e-01
6.806010999999999589e-01 4.210184199999999777e+01 1.456975975288268277e-01
6.853439999999999532e-01 4.192093699999999501e+01 1.450731812557762013e-01
6.900868999999999476e-01 4.159722399999999709e+01 1.442008413289960767e-01
6.948296999999999946e-01 4.175488299999999242e+01 1.441645123004090812e-01
6.995725999999999889e-01 4.141467999999998995e+01 1.432715744560884574e-01
7.043154999999999832e-01 4.142055299999999818e+01 1.429802525774832300e-01
7.090583000000000302e-01 4.126247000000000043e+01 1.424053085751805781e-01
7.138012000000000246e-01 4.128161800000000881e+01 1.421383538684562742e-01
7.185441000000000189e-01 4.099532099999999701e+01 1.413495347546817882e-01
7.232868999999999549e-01 4.098398600000000158e+01 1.410375104816683212e-01
7.280297999999999492e-01 4.078606200000000115e+01 1.404041414236969765e-01
7.327727000000000546e-01 4.058191500000000218e+01 1.397620339513993559e-01
7.375154999999999905e-01 4.011441299999999899e+01 1.386699028114468102e-01
7.422583999999999849e-01 4.026004700000000014e+01 1.386384134975396920e-01
7.470012999999999792e-01 4.008342599999998868e+01 1.380513184316937425e-01
7.517441000000000262e-01 3.997144000000000119e+01 1.375770512124663836e-01
7.564870000000000205e-01 3.998078199999999782e+01 1.373155257168034160e-01
7.612299000000000149e-01 3.952893999999999863e+01 1.362635962297289449e-01
7.659726999999999508e-01 3.937379200000000168e+01 1.357224790540631221e-01
7.707155999999999452e-01 3.949453599999999653e+01 1.356573049529847252e-01
7.754585000000000505e-01 3.932724199999999826e+01 1.351013871832887348e-01
7.802012999999999865e-01 3.933959800000000229e+01 1.349888869149671877e-01
7.849441999999999808e-01 3.899066400000000243e+01 1.340764761308075037e-01
7.896870000000000278e-01 3.879461999999999477e+01 1.333881900083699334e-01
7.944299000000000222e-01 3.880840999999999497e+01 1.331510118861696790e-01
7.991728000000000165e-01 3.859544299999998884e+01 1.325268927889656778e-01
8.039155999999999525e-01 3.844458600000000104e+01 1.320099398553983838e-01
8.086584999999999468e-01 3.846534300000000428e+01 1.317880347923111040e-01
8.134014000000000522e-01 3.820095799999999997e+01 1.310810748388332447e-01
8.181441999999999881e-01 3.812254899999999935e+01 1.307941891932829503e-01
8.228870999999999825e-01 3.808943699999999666e+01 1.303932355966006262e-01
8.276299999999999768e-01 3.782332000000000249e+01 1.296820522746151005e-01
8.323728000000000238e-01 3.774034600000000239e+01 1.292933185436819232e-01
8.371157000000000181e-01 3.757769799999999805e+01 1.287709645869246633e-01
8.418586000000000125e-01 3.746828200000000209e+01 1.283401151382801419e-01
8.466013999999999484e-01 3.726357600000000048e+01 1.277464974210980320e-01
8.513443000000000538e-01 3.732036300000000040e+01 1.276044140043454678e-01
8.560872000000000481e-01 3.721288100000000298e+01 1.271832179398854623e-01
8.608299999999999841e-01 3.694528599999999585e+01 1.264890440074518951e-01
8.655728999999999784e-01 3.685588700000000273e+01 1.260999734246300297e-01
8.703157999999999728e-01 3.680013700000000654e+01 1.257718204103490667e-01
8.750586000000000197e-01 3.665802099999999797e+01 1.252980596336798758e-01
8.798015000000000141e-01 3.664515999999999707e+01 1.250461415547664823e-01
8.845442999999999500e-01 3.655954200000000043e+01 1.246701178777488705e-01
8.892872000000000554e-01 3.626902600000000376e+01 1.239471959059885303e-01
8.940301000000000498e-01 3.610734999999999673e+01 1.234468826269140840e-01
8.987728999999999857e-01 3.618458099999999433e+01 1.233550688617512658e-01
9.035157999999999801e-01 3.605267500000000069e+01 1.229063007367177385e-01
9.082586999999999744e-01 3.605855499999999836e+01 1.226955777325821062e-01
9.130015000000000214e-01 3.571276400000000706e+01 1.218877354950119452e-01
9.177444000000000157e-01 3.571554100000000176e+01 1.216749274932140690e-01
9.224873000000000101e-01 3.571644700000000228e+01 1.214584536308926516e-01
9.272300999999999460e-01 3.554212499999999864e+01 1.209468377539503897e-01
9.319730000000000514e-01 3.533503600000000233e+01 1.203814466995229981e-01
9.367159000000000457e-01 3.506748699999999985e+01 1.197138572395831657e-01
9.414586999999999817e-01 3.512441599999999653e+01 1.195991118618319887e-01
9.462015999999999760e-01 3.502808499999999725e+01 1.192259095740414165e-01
9.509444999999999704e-01 3.494764899999999841e+01 1.188820597566726950e-01
9.556873000000000173e-01 3.475691700000000139e+01 1.183512103925781628e-01
9.604302000000000117e-01 3.485207899999999626e+01 1.183064346594803889e-01
9.651731000000000060e-01 3.448158500000000259e+01 1.174727782220140460e-01
9.699159000000000530e-01 3.466957599999999218e+01 1.175904495524190130e-01
9.746588000000000473e-01 3.460586599999999891e+01 1.172810580322474899e-01
9.794017000000000417e-01 3.440236099999999908e+01 1.167343783957725256e-01
9.841444999999999776e-01 3.434481899999999399e+01 1.164378884303477052e-01
9.888873999999999720e-01 3.424660300000000035e+01 1.160744761228673372e-01
9.936302000000000190e-01 3.401087700000000780e+01 1.154787953468228850e-01
9.983731000000000133e-01 3.379080700000000803e+01 1.149091086838811143e-01
1.003115999999999897e+00 3.388134599999999352e+01 1.148692483810506149e-01
1.007859000000000060e+00 3.395558400000000177e+01 1.148027814121282547e-01
1.012602000000000002e+00 3.371543700000000143e+01 1.142052571953060258e-01
1.017344999999999944e+00 3.371935000000000571e+01 1.140202306903226742e-01
1.022086999999999968e+00 3.362004299999999546e+01 1.136631056779318361e-01
1.026829999999999909e+00 3.336681800000000209e+01 1.130474462401942076e-01
1.031573000000000073e+00 3.318937999999999988e+01 1.125605823194620880e-01
1.036316000000000015e+00 3.331188999999999822e+01 1.125814449362660258e-01
1.041058999999999957e+00 3.317778299999999803e+01 1.121703544259716745e-01
1.045801999999999898e+00 3.324048799999999915e+01 1.120933063492562110e-01
1.050545000000000062e+00 3.325650700000000626e+01 1.119380313029628982e-01
1.055287000000000086e+00 3.296433600000001007e+01 1.112627942562831873e-01
1.060030000000000028e+00 3.280630299999999977e+01 1.108161226489710743e-01
1.064772999999999969e+00 3.271769100000000208e+01 1.104881822610020159e-01
1.069515999999999911e+00 3.273954099999999556e+01 1.103475919680755729e-01
1.074259000000000075e+00 3.264295499999999350e+01 1.100067205403851556e-01
1.079002000000000017e+00 3.249937799999999299e+01 1.095889913556558071e-01
1.083744999999999958e+00 3.242725899999999228e+01 1.093167706093909619e-01
1.088487999999999900e+00 3.234870400000000501e+01 1.090351955830845404e-01
1.093229999999999924e+00 3.225929899999999861e+01 1.086633478555897314e-01
1.097973000000000088e+00 3.246687799999999413e+01 1.088400774930948778e-01
1.102716000000000030e+00 3.232289200000000307e+01 1.084280231143540663e-01
1.107458999999999971e+00 3.207302900000000534e+01 1.078389628737280725e-01
1.112201999999999913e+00 3.208099099999999737e+01 1.076822194160410168e-01
1.116945000000000077e+00 3.200669799999999299e+01 1.073896082380609157e-01
1.121688000000000018e+00 3.205958099999999433e+01 1.073114165613915372e-01
1.126430000000000042e+00 3.176625900000000158e+01 1.066540099826616961e-01
1.131172999999999984e+00 3.170583800000000707e+01 1.063867378329963753e-01
1.135915999999999926e+00 3.177662099999999867e+01 1.063410386788440076e-01
1.140659000000000090e+00 3.153885100000000463e+01 1.057800229878883974e-01
1.145402000000000031e+00 3.157001799999999747e+01 1.056703873553972439e-01
1.150144999999999973e+00 3.150431100000000839e+01 1.053981039121757723e-01
1.154887999999999915e+00 3.149140899999999732e+01 1.052157434647234685e-01
1.159631000000000078e+00 3.147417899999999236e+01 1.050275749081373416e-01
1.164373000000000102e+00 3.134261099999999800e+01 1.046497564898237059e-01
1.169116000000000044e+00 3.143235800000000069e+01 1.047186208871994373e-01
1.173858999999999986e+00 3.119318000000000168e+01 1.041340360617089428e-01
1.178601999999999927e+00 3.122664200000000534e+01 1.039835391958438826e-01
1.183345000000000091e+00 3.112933899999999809e+01 1.036664253988754114e-01
1.188088000000000033e+00 3.098248099999999994e+01 1.032663233790798857e-01
1.192830999999999975e+00 3.098343899999999707e+01 1.031139232353289054e-01
1.197572999999999999e+00 3.098718600000000123e+01 1.029674010381669280e-01
1.202315999999999940e+00 3.089722400000000491e+01 1.026662075611673719e-01
1.207059000000000104e+00 3.099894800000000217e+01 1.030154664278097598e-01
1.211802000000000046e+00 3.083224299999999829e+01 1.061022314256010457e-01
1.216544999999999987e+00 3.087299600000000055e+01 1.083823080812269801e-01
1.221287999999999929e+00 3.065654699999999622e+01 1.096253216595239888e-01
1.226031000000000093e+00 3.071709700000000254e+01 1.111073950071627819e-01
1.230774000000000035e+00 3.064331899999999820e+01 1.121973491222751501e-01
1.235516000000000059e+00 3.038253900000000129e+01 1.128366257395483074e-01
1.240259000000000000e+00 3.043404499999999757e+01 1.139775989730789085e-01
1.245001999999999942e+00 3.033234299999999806e+01 1.147727172065948764e-01
1.249745000000000106e+00 3.016521700000000195e+01 1.153948902944983146e-01
1.254488000000000048e+00 3.025553300000000334e+01 1.164713996514328970e-01
1.259230999999999989e+00 3.027889300000000006e+01 1.171099118611776541e-01
1.263973999999999931e+00 3.004141200000000111e+01 1.169495803954947871e-01
1.268715999999999955e+00 3.009313900000000075e+01 1.173341862254206891e-01
1.273458999999999897e+00 3.039399300000000181e+01 1.159868679576614853e-01
1.278202000000000060e+00 3.034570999999999685e+01 1.116115595648788650e-01
1.282945000000000002e+00 3.010752499999999898e+01 1.090520614595826832e-01
1.287687999999999944e+00 2.996094800000000191e+01 1.072542901317052183e-01
1.292431000000000108e+00 3.012967700000000448e+01 1.063136829344816653e-01
1.297174000000000049e+00 3.006011099999999914e+01 1.051333174261071396e-01
1.301916000000000073e+00 3.000888899999999992e+01 1.041128681330502070e-01
1.306659000000000015e+00 2.983856499999999912e+01 1.029830223295233188e-01
1.311401999999999957e+00 2.991922799999999683e+01 1.023606584720961055e-01
1.316144999999999898e+00 2.978867100000000434e+01 1.014359393007084054e-01
1.320888000000000062e+00 2.959376599999999868e+01 1.006001433351399327e-01
1.325631000000000004e+00 2.973501399999999961e+01 1.005801875036947679e-01
1.330373999999999945e+00 2.957850899999999683e+01 1.000705035150943056e-01
1.335117000000000109e+00 2.944832799999999651e+01 9.961669361027246372e-02
1.339858999999999911e+00 2.959484800000000249e+01 9.963748636879644904e-02
1.344602000000000075e+00 2.964560100000000631e+01 9.950433078327194925e-02
1.349345000000000017e+00 2.945154100000000241e+01 9.896769316586245813e-02
1.354087999999999958e+00 2.929489000000000232e+01 9.850056036708318419e-02
1.358830999999999900e+00 2.935383800000000321e+01 9.840016544773286244e-02
1.363574000000000064e+00 2.926855800000000229e+01 9.806305524803976548e-02
1.368317000000000005e+00 2.924264299999999750e+01 9.783059937223935465e-02
1.373059000000000029e+00 2.913091799999999765e+01 9.745942453553375906e-02
1.377801999999999971e+00 2.919177399999999878e+01 9.737918745358528638e-02
1.382544999999999913e+00 2.899916800000000450e+01 9.687958446200675700e-02
1.387288000000000077e+00 2.908099999999999952e+01 9.684217906941995635e-02
1.392031000000000018e+00 2.908796299999999491e+01 9.668249206341548996e-02
1.396773999999999960e+00 2.903110099999999960e+01 9.641864348406899154e-02
1.401516999999999902e+00 2.898484700000000203e+01 9.617551453932751682e-02
1.406260000000000066e+00 2.901829900000000251e+01 9.606744080514584283e-02
1.411002000000000089e+00 2.887303700000000362e+01 9.566606873843516712e-02
1.415745000000000031e+00 2.885904599999999931e+01 9.548310799310996688e-02
1.420487999999999973e+00 2.877873500000000107e+01 9.519317099948872152e-02
1.425230999999999915e+00 2.878336399999999884e+01 9.504593985620268803e-02
1.429974000000000078e+00 2.883888099999999710e+01 9.498465358571561712e-02
1.434717000000000020e+00 2.888731999999999900e+01 9.491209124334316904e-02
1.439459999999999962e+00 2.866469000000000023e+01 9.439577874618812481e-02
1.444201999999999986e+00 2.862529299999999211e+01 9.418285618160397721e-02
1.448944999999999927e+00 2.873506699999999725e+01 9.421686004904059053e-02
1.453688000000000091e+00 2.844744999999999635e+01 9.359903477621603352e-02
1.458431000000000033e+00 2.862270599999999376e+01 9.374264566742822324e-02
1.463173999999999975e+00 2.856075900000000090e+01 9.352366622563404452e-02
1.467916999999999916e+00 2.848077500000000128e+01 9.325397422326889285e-02
1.472660000000000080e+00 2.854022799999999549e+01 9.318455657577172369e-02
1.477402000000000104e+00 2.854499299999999806e+01 9.305330569218753234e-02
1.482145000000000046e+00 2.833835400000000249e+01 9.257887285361708629e-02
1.486887999999999987e+00 2.829524399999999673e+01 9.237302780835647542e-02
1.491630999999999929e+00 2.837965499999999608e+01 9.237522851144293334e-02
1.496374000000000093e+00 2.832021900000000159e+01 9.214390538196870484e-02
1.501117000000000035e+00 2.839732700000000065e+01 9.218286739125389206e-02
1.505859999999999976e+00 2.840681700000000021e+01 9.384727088441517651e-02
1.510602999999999918e+00 2.853497399999999828e+01 9.670434080320282344e-02
1.515344999999999942e+00 2.833423499999999962e+01 9.796043470785029128e-02
1.520088000000000106e+00 2.809769200000000211e+01 9.883590778308559699e-02
1.524831000000000047e+00 2.812916299999999836e+01 1.000135156394669489e-01
1.529573999999999989e+00 2.832081900000000019e+01 1.011435939362389791e-01
1.534316999999999931e+00 2.840188299999999799e+01 9.847272170366827559e-02
1.539060000000000095e+00 2.822524900000000159e+01 9.664243628731532254e-02
1.543803000000000036e+00 2.813956100000000404e+01 9.547793459555249662e-02
1.548545000000000060e+00 2.807582500000000181e+01 9.437389387402642105e-02
1.553288000000000002e+00 2.795103599999999844e+01 9.332822197086955429e-02
1.558030999999999944e+00 2.798346700000000098e+01 9.259588576397170812e-02
1.562774000000000107e+00 2.797921100000000294e+01 9.166202352260230390e-02
1.567517000000000049e+00 2.796551000000000187e+01 9.079629409511381921e-02
1.572259999999999991e+00 2.783488799999999941e+01 9.005292743999331051e-02
1.577002999999999933e+00 2.782877799999999979e+01 8.968917300756987232e-02
1.581746000000000096e+00 2.774781600000000026e+01 8.938569377119137682e-02
1.586487999999999898e+00 2.783073699999999917e+01 8.954265462381547080e-02
1.591231000000000062e+00 2.774887899999999874e+01 8.952543369551749231e-02
1.595974000000000004e+00 2.772059199999999990e+01 8.959019106892673889e-02
1.600716999999999945e+00 2.776612499999999883e+01 8.974179632429195308e-02
1.605460000000000109e+00 2.756702900000000156e+01 8.930329528351459156e-02
1.610203000000000051e+00 2.766274600000000561e+01 8.930868751221629487e-02
1.614945999999999993e+00 2.760609099999999927e+01 8.907163402056740564e-02
1.619688000000000017e+00 2.766022399999999948e+01 8.901603710134146918e-02
1.624430999999999958e+00 2.752474700000000141e+01 8.865751987563209868e-02
1.629173999999999900e+00 2.746060299999999899e+01 8.841600994160277172e-02
1.633917000000000064e+00 2.745783499999999933e+01 8.827624204626235982e-02
1.638660000000000005e+00 2.749099199999999854e+01 8.819606210214263331e-02
1.643402999999999947e+00 2.734620499999999765e+01 8.783218025251279815e-02
1.648146000000000111e+00 2.735478999999999772e+01 8.771575893462929541e-02
1.652889000000000053e+00 2.748477500000000262e+01 8.779536154834775841e-02
1.657631000000000077e+00 2.733767899999999784e+01 8.743396279896559209e-02
1.662374000000000018e+00 2.742199900000000667e+01 8.744304825525582581e-02
1.667116999999999960e+00 2.738941300000000112e+01 8.726675253126875420e-02
1.671859999999999902e+00 2.739806899999999956e+01 8.715775616085466582e-02
1.676603000000000065e+00 2.730827000000000382e+01 8.689360093091090531e-02
1.681346000000000007e+00 2.731866999999999734e+01 8.678967177581212167e-02
1.686088999999999949e+00 2.726605099999999737e+01 8.658646318595765445e-02
1.690830999999999973e+00 2.726034299999999888e+01 8.645957195365994163e-02
1.695573999999999915e+00 2.710149100000000288e+01 8.609071229274618819e-02
1.700317000000000078e+00 2.705983900000000020e+01 8.590859206356311895e-02
1.705060000000000020e+00 2.711795900000000259e+01 8.588550521364300694e-02
1.709802999999999962e+00 2.706671600000000311e+01 8.569023048401608333e-02
1.714545999999999903e+00 2.719427200000000155e+01 8.577892485708306369e-02
1.719289000000000067e+00 2.712053399999999925e+01 8.554995858931727093e-02
1.724031000000000091e+00 2.712571000000000510e+01 8.544598592654074898e-02
1.728774000000000033e+00 2.703401399999999555e+01 8.519075190429357958e-02
1.733516999999999975e+00 2.705505800000000249e+01 8.511421998723892046e-02
1.738259999999999916e+00 2.696984600000000043e+01 8.487069792196126616e-02
1.743003000000000080e+00 2.701072199999999768e+01 8.482593765240795114e-02
1.747746000000000022e+00 2.689768400000000526e+01 8.454063664585748095e-02
1.752488999999999963e+00 2.690542800000000057e+01 8.444597688107409461e-02
1.757231999999999905e+00 2.698298199999999980e+01 8.446102571814587123e-02
1.761973999999999929e+00 2.698653800000000302e+01 8.436021241850508168e-02
1.766717000000000093e+00 2.691420399999999447e+01 8.414193237708948725e-02
1.771460000000000035e+00 2.683559399999999684e+01 8.391470599618758297e-02
1.776202999999999976e+00 2.671498100000000164e+01 8.365983038841041941e-02
1.780945999999999918e+00 2.673502099999999970e+01 8.359041032279061756e-02
1.785689000000000082e+00 2.676138900000000120e+01 8.348882995199000123e-02
1.790432000000000023e+00 2.687812000000000268e+01 8.356866240993809924e-02
1.795174000000000047e+00 2.685008700000000204e+01 8.342335401155001606e-02
1.799916999999999989e+00 2.675921299999999903e+01 8.318051392061605320e-02
1.804659999999999931e+00 2.679688900000000018e+01 8.313866331208182026e-02
1.809403000000000095e+00 2.669013100000000094e+01 8.287320927349019206e-02
1.814146000000000036e+00 2.664809000000000339e+01 8.270850656144868029e-02
1.818888999999999978e+00 2.664782000000000295e+01 8.260901579229412706e-02
1.823631999999999920e+00 2.678085399999999794e+01 8.271638829635877266e-02
1.828375000000000083e+00 2.666673999999999722e+01 8.244225535305484132e-02
1.833117000000000107e+00 2.664647699999999730e+01 8.231349981730032295e-02
1.837860000000000049e+00 2.665088499999999527e+01 8.222304249915347862e-02
1.842602999999999991e+00 2.661861900000000247e+01 8.207670981670744936e-02
1.847345999999999933e+00 2.669014800000000065e+01 8.209103980491415375e-02
1.852089000000000096e+00 2.664574200000000204e+01 8.199456685354523933e-02
1.856832000000000038e+00 2.661713300000000260e+01 8.179349025803275830e-02
1.861574999999999980e+00 2.656527200000000022e+01 8.161339697154627870e-02
1.866317000000000004e+00 2.641085300000000302e+01 8.128197196820953485e-02
1.871059999999999945e+00 2.646218700000000013e+01 8.126739548037269223e-02
1.875803000000000109e+00 2.646234299999999706e+01 8.117393480934874395e-02
1.880546000000000051e+00 2.644773099999999744e+01 8.105881986746661660e-02
1.885288999999999993e+00 2.645633000000000123e+01 8.097976689655941862e-02
1.890031999999999934e+00 2.635890699999999853e+01 8.073857255046994197e-02
1.894775000000000098e+00 2.643458700000000050e+01 8.076228731340018285e-02
1.899516999999999900e+00 2.641554300000000310e+01 8.064220349663878129e-02
1.904260000000000064e+00 2.644871500000000353e+01 8.060203206508256835e-02
1.909003000000000005e+00 2.648785199999999662e+01 8.057115883441294535e-02
1.913745999999999947e+00 2.631403599999999798e+01 8.021596513590482924e-02
1.918489000000000111e+00 2.625476000000000454e+01 8.003626231500068910e-02
1.923232000000000053e+00 2.631029899999999699e+01 8.003183671881272665e-02
1.927974999999999994e+00 2.618492999999999782e+01 7.975009697117929619e-02
1.932717999999999936e+00 2.622467999999999932e+01 7.965922042041084783e-02
1.937459999999999960e+00 2.630851800000000296e+01 7.960027346990336539e-02
1.942202999999999902e+00 2.621663299999999452e+01 7.924471622428462536e-02
1.946946000000000065e+00 2.632660600000000528e+01 7.921779969950945577e-02
1.951689000000000007e+00 2.618956499999999821e+01 7.885551195662734991e-02
1.956431999999999949e+00 2.631016500000000136e+01 7.895159896558459622e-02
1.961174999999999891e+00 2.632048499999999791e+01 7.888400213846087639e-02
1.965918000000000054e+00 2.622502100000000524e+01 7.865915127850287014e-02
1.970660000000000078e+00 2.618851799999999841e+01 7.856738504569756032e-02
1.975403000000000020e+00 2.627671099999999882e+01 7.867840341798949810e-02
1.980145999999999962e+00 2.618184999999999718e+01 7.855786962699280729e-02
1.984888999999999903e+00 2.613957800000000020e+01 7.851517648207065325e-02
1.989632000000000067e+00 2.604753000000000185e+01 7.839739670529818905e-02
1.994375000000000009e+00 2.591981600000000441e+01 7.817646687646481740e-02
1.999117999999999951e+00 2.599594400000000149e+01 7.817863143646670843e-02
2.003861000000000114e+00 2.611914100000000261e+01 7.828037294792353218e-02
2.008602999999999916e+00 2.611361000000000132e+01 7.818853343133314038e-02
2.013345999999999858e+00 2.632874600000000243e+01 7.912324467673832740e-02
2.018088999999999800e+00 2.613613399999999842e+01 8.113366293540801022e-02
2.022832000000000185e+00 2.620727400000000173e+01 8.258863253017269257e-02
2.027575000000000127e+00 2.605532000000000181e+01 8.339038833341824719e-02
2.032318000000000069e+00 2.603590899999999664e+01 8.425303901296202214e-02
2.037061000000000011e+00 2.605104900000000612e+01 8.507965970285201462e-02
2.041802999999999813e+00 2.596572400000000513e+01 8.566013241491515773e-02
2.046546000000000198e+00 2.594875900000000257e+01 8.602369055978650869e-02
2.051289000000000140e+00 2.589532300000000120e+01 8.619905677080347273e-02
2.056032000000000082e+00 2.599865100000000240e+01 8.661559706111077173e-02
2.060775000000000023e+00 2.598782800000000037e+01 8.682653904303050396e-02
2.065517999999999965e+00 2.579363399999999729e+01 8.671522544800135124e-02
2.070260999999999907e+00 2.578821499999999745e+01 8.690843031548492470e-02
2.075003000000000153e+00 2.573232900000000001e+01 8.700593137902036533e-02
2.079746000000000095e+00 2.599623000000000417e+01 8.534939154972752406e-02
2.084489000000000036e+00 2.591485899999999631e+01 8.305086795210631090e-02
2.089231999999999978e+00 2.581117599999999968e+01 8.169921055844971136e-02
2.093974999999999920e+00 2.593071600000000032e+01 8.099054630386005871e-02
2.098717999999999861e+00 2.582687999999999917e+01 8.009005301751211114e-02
2.103460999999999803e+00 2.573814600000000041e+01 7.931738111918344714e-02
2.108204000000000189e+00 2.581828500000000304e+01 7.899921831713527243e-02
2.112945999999999991e+00 2.578869500000000059e+01 7.874406679605454318e-02
2.117688999999999933e+00 2.578166000000000579e+01 7.854284710326586705e-02
2.122431999999999874e+00 2.579429599999999567e+01 7.838417347198603502e-02
2.127174999999999816e+00 2.573658299999999599e+01 7.813046390325414925e-02
2.131918000000000202e+00 2.577065200000000189e+01 7.802510713536893461e-02
2.136661000000000143e+00 2.585467699999999880e+01 7.800240777910319445e-02
2.141404000000000085e+00 2.574983599999999839e+01 7.770079105534447028e-02
2.146145999999999887e+00 2.568423699999999599e+01 7.746473072772988577e-02
2.150888999999999829e+00 2.574345600000000189e+01 7.742151695095556008e-02
2.155632000000000215e+00 2.580229600000000190e+01 7.738234013123665433e-02
2.160375000000000156e+00 2.589599299999999715e+01 7.739801224195230755e-02
2.165118000000000098e+00 2.572689599999999999e+01 7.702435069488219876e-02
2.169861000000000040e+00 2.567362600000000228e+01 7.682739922365783292e-02
2.174603999999999981e+00 2.565408100000000147e+01 7.668376423298153832e-02
2.179346999999999923e+00 2.562615100000000012e+01 7.652993540071297007e-02
2.184089000000000169e+00 2.553278699999999901e+01 7.628129005018988162e-02
2.188832000000000111e+00 2.544436200000000170e+01 7.604235109688679828e-02
2.193575000000000053e+00 2.558835499999999996e+01 7.615201056264962742e-02
2.198317999999999994e+00 2.559873299999999929e+01 7.606380768693216110e-02
2.203060999999999936e+00 2.552065199999999834e+01 7.584605135429464684e-02
2.207803999999999878e+00 2.556907599999999903e+01 7.581832572338101373e-02
2.212546999999999819e+00 2.558955100000000371e+01 7.575017672960968063e-02
2.217289000000000065e+00 2.558403700000000214e+01 7.564457319457423834e-02
2.222032000000000007e+00 2.556384299999999854e+01 7.551874935245748988e-02
2.226774999999999949e+00 2.564839700000000633e+01 7.554882205011008434e-02
2.231517999999999891e+00 2.553453099999999765e+01 7.528766628506158853e-02
2.236260999999999832e+00 2.549218799999999874e+01 7.513252631832434414e-02
2.241004000000000218e+00 2.551320799999999878e+01 7.507240090068054150e-02
2.245747000000000160e+00 2.552313900000000402e+01 7.499688299385581791e-02
2.250490000000000101e+00 2.550885799999999648e+01 7.488672374494093065e-02
2.255231999999999903e+00 2.563843499999999764e+01 7.498770505707053058e-02
2.259974999999999845e+00 2.557758000000000109e+01 7.481088434264696052e-02
2.264717999999999787e+00 2.555118300000000175e+01 7.468563985331115596e-02
2.269461000000000173e+00 2.554265400000000241e+01 7.458712431208822102e-02
2.274204000000000114e+00 2.552234600000000242e+01 7.447184925313322934e-02
2.278947000000000056e+00 2.555615399999999937e+01 7.443659926133514015e-02
2.283689999999999998e+00 2.552383900000000239e+01 7.430571512027253633e-02
2.288431999999999800e+00 2.558488599999999735e+01 7.431136775903132707e-02
2.293175000000000185e+00 2.526446200000000175e+01 7.376206717300769211e-02
2.297918000000000127e+00 2.539416499999999743e+01 7.386951619289380822e-02
2.302661000000000069e+00 2.546015799999999984e+01 7.388408473845704816e-02
2.307404000000000011e+00 2.540351100000000173e+01 7.372154503385493218e-02
2.312146999999999952e+00 2.552317300000000699e+01 7.381438024988221103e-02
2.316889999999999894e+00 2.549211699999999681e+01 7.368956509935854771e-02
2.321632000000000140e+00 2.542709600000000592e+01 7.351692073081611545e-02
2.326375000000000082e+00 2.537945299999999449e+01 7.336971026541402874e-02
2.331118000000000023e+00 2.542714499999999944e+01 7.336018743228170380e-02
2.335860999999999965e+00 2.540345099999999690e+01 7.324864461165271623e-02
2.340603999999999907e+00 2.540330499999999958e+01 7.317121907188986474e-02
2.345346999999999849e+00 2.543972500000000281e+01 7.314732012089779356e-02
2.350089999999999790e+00 2.542592399999999841e+01 7.305112536354042840e-02
2.354833000000000176e+00 2.535025599999999457e+01 7.286648774388539140e-02
2.359574999999999978e+00 2.540701699999999974e+01 7.287298141604403590e-02
2.364317999999999920e+00 2.527963299999999691e+01 7.261526794766579029e-02
2.369060999999999861e+00 2.533119500000000102e+01 7.261473118571946939e-02
2.373803999999999803e+00 2.543601600000000218e+01 7.269084078721403663e-02
2.378547000000000189e+00 2.549274499999999932e+01 7.269782284571320308e-02
2.383290000000000131e+00 2.531309499999999701e+01 7.236827562981862361e-02
2.388033000000000072e+00 2.536496599999999901e+01 7.236918391145155671e-02
2.392774999999999874e+00 2.529085699999999903e+01 7.219068341030510094e-02
2.397517999999999816e+00 2.530081500000000005e+01 7.213305472722543465e-02
2.402261000000000202e+00 2.530542899999999662e+01 7.206809342082112768e-02
2.407004000000000143e+00 2.527629600000000210e+01 7.195480066526901974e-02
2.411747000000000085e+00 2.521092600000000061e+01 7.179073539303869322e-02
2.416490000000000027e+00 2.520801600000000420e+01 7.171613789497172098e-02
2.421232999999999969e+00 2.525939699999999988e+01 7.171877670641908786e-02
2.425975999999999910e+00 2.513827500000000015e+01 7.147635320488657240e-02
2.430718000000000156e+00 2.519046099999999910e+01 7.148075546763689447e-02
2.435461000000000098e+00 2.516334900000000019e+01 7.137333674592634403e-02
2.440204000000000040e+00 2.516940300000000263e+01 7.133821429318930318e-02
2.444946999999999981e+00 2.533139599999999447e+01 7.147296007537536078e-02
2.449689999999999923e+00 2.529632300000000100e+01 7.135456121317892975e-02
2.454432999999999865e+00 2.522848899999999617e+01 7.119075229088747681e-02
2.459175999999999807e+00 2.524312700000000120e+01 7.114358728637669438e-02
2.463918000000000053e+00 2.529063400000000073e+01 7.114222768403587194e-02
2.468660999999999994e+00 2.525718600000000080e+01 7.102783234952689262e-02
2.473403999999999936e+00 2.532777000000000456e+01 7.105962882616824461e-02
2.478146999999999878e+00 2.528638099999999866e+01 7.093467609994000278e-02
2.482889999999999819e+00 2.521975200000000328e+01 7.077435322838422638e-02
2.487633000000000205e+00 2.519200299999999970e+01 7.066911974003779739e-02
2.492376000000000147e+00 2.513609699999999947e+01 7.052467445009441560e-02
2.497117999999999949e+00 2.519603700000000046e+01 7.054283613892058102e-02
2.501860999999999891e+00 2.529738100000000145e+01 7.061873363708669193e-02
2.506603999999999832e+00 2.518805000000000049e+01 7.040064152760400207e-02
2.511347000000000218e+00 2.517062100000000058e+01 7.030969112026165535e-02
2.516090000000000160e+00 2.515338099999999955e+01 7.016670771015623420e-02
2.520833000000000101e+00 2.518260700000000085e+01 7.006365628966346182e-02
2.525576000000000043e+00 2.517982700000000307e+01 6.991737006332474080e-02
2.530318999999999985e+00 2.510806099999999930e+01 6.970325608083025037e-02
2.535060999999999787e+00 2.518635899999999950e+01 6.974811136560832292e-02
2.539804000000000173e+00 2.516513199999999628e+01 6.965560422988878453e-02
2.544547000000000114e+00 2.516915999999999798e+01 6.959888929779770028e-02
2.549290000000000056e+00 2.521551900000000046e+01 6.960032620610337450e-02
2.554032999999999998e+00 2.515230499999999836e+01 6.945110205793209035e-02
2.558775999999999939e+00 2.510450300000000112e+01 6.932320270311520538e-02
2.563518999999999881e+00 2.515961399999999770e+01 6.934002397059652045e-02
2.568261000000000127e+00 2.501866600000000318e+01 6.913967684651411982e-02
2.573004000000000069e+00 2.517520999999999987e+01 6.937171306082255684e-02
2.577747000000000011e+00 2.515784699999999674e+01 6.936303077838437692e-02
2.582489999999999952e+00 2.518954899999999952e+01 6.938771406323168689e-02
2.587232999999999894e+00 2.525653700000000157e+01 6.941864179073874153e-02
2.591975999999999836e+00 2.515943700000000405e+01 6.922368991052701981e-02
2.596719000000000221e+00 2.512646399999999858e+01 6.911698467306787164e-02
2.601462000000000163e+00 2.508934599999999904e+01 6.900497510591320494e-02
2.606203999999999965e+00 2.517830199999999863e+01 6.906671964525243346e-02
2.610946999999999907e+00 2.511053200000000274e+01 6.891304827746048967e-02
2.615689999999999849e+00 2.498708500000000043e+01 6.868336900541062440e-02
2.620432999999999790e+00 2.506560800000000455e+01 6.873098065186906969e-02
2.625176000000000176e+00 2.506866700000000137e+01 6.867532776939619388e-02
2.629919000000000118e+00 2.510578799999999688e+01 6.866643982518680356e-02
2.634662000000000059e+00 2.504300400000000337e+01 6.853571502439803620e-02
2.639403999999999861e+00 2.508286800000000127e+01 6.854280130266052207e-02
2.644146999999999803e+00 2.501892000000000138e+01 6.837366360643547247e-02
2.648890000000000189e+00 2.513934599999999975e+01 6.847503672292114263e-02
2.653633000000000131e+00 2.500029699999999977e+01 6.823696740741853894e-02
2.658376000000000072e+00 2.493576200000000043e+01 6.809193653450752726e-02
2.663119000000000014e+00 2.503700399999999959e+01 6.815979813144401600e-02
2.667861999999999956e+00 2.511967700000000292e+01 6.821355556561320421e-02
2.672604999999999897e+00 2.507706699999999600e+01 6.809742351171224617e-02
2.677347000000000143e+00 2.508982599999999863e+01 6.805697396094981255e-02
2.682090000000000085e+00 2.505390500000000031e+01 6.795049466439520569e-02
2.686833000000000027e+00 2.499459999999999837e+01 6.781266593125137576e-02
2.691575999999999969e+00 2.503434200000000232e+01 6.780898181546304859e-02
2.696318999999999910e+00 2.507701600000000042e+01 6.780955673248793836e-02
2.701061999999999852e+00 2.500292600000000220e+01 6.765219607256220402e-02
2.705804999999999794e+00 2.514208599999999905e+01 6.778320095925981226e-02
2.710547000000000040e+00 2.506776299999999935e+01 6.762606221149505825e-02
2.715289999999999981e+00 2.509530299999999770e+01 6.760662025021439703e-02
2.720032999999999923e+00 2.504373899999999864e+01 6.748079361936475118e-02
2.724775999999999865e+00 2.499127299999999963e+01 6.735388133334485605e-02
2.729518999999999807e+00 2.505474500000000404e+01 6.738308487364540189e-02
2.734262000000000192e+00 2.506581699999999913e+01 6.734197371060487991e-02
2.739005000000000134e+00 2.509352200000000011e+01 6.732350631998232360e-02
2.743746999999999936e+00 2.501315699999999964e+01 6.715988903854218373e-02
2.748489999999999878e+00 2.506964400000000026e+01 6.718027130995453400e-02
2.753232999999999819e+00 2.497915499999999867e+01 6.700363415850292548e-02
2.757976000000000205e+00 2.510028299999999746e+01 6.711068067551692606e-02
2.762719000000000147e+00 2.504860700000000051e+01 6.698652927675534385e-02
2.767462000000000089e+00 2.489546800000000104e+01 6.672666512671078520e-02
2.772205000000000030e+00 2.497600900000000124e+01 6.678003686721503684e-02
2.776947999999999972e+00 2.498666500000000212e+01 6.673974584261614662e-02
2.781690000000000218e+00 2.510568500000000114e+01 6.684387917160852788e-02
2.786433000000000160e+00 2.505306599999999762e+01 6.671937556172120865e-02
2.791176000000000101e+00 2.498285100000000014e+01 6.657179380068783958e-02
2.795919000000000043e+00 2.497239400000000131e+01 6.650418033993577005e-02
2.800661999999999985e+00 2.502876400000000245e+01 6.654058611923627242e-02
2.805404999999999927e+00 2.495682899999999904e+01 6.638148006902377940e-02
2.810147999999999868e+00 2.491725699999999932e+01 6.630694405310577633e-02
2.814890000000000114e+00 2.504890100000000075e+01 6.643720485703097367e-02
2.819633000000000056e+00 2.504687700000000206e+01 6.766564297250267368e-02
2.824375999999999998e+00 2.510794100000000029e+01 6.917009932034505482e-02
2.829118999999999939e+00 2.499264200000000002e+01 6.990284409589998804e-02
2.833861999999999881e+00 2.491369700000000265e+01 7.052108901656581330e-02
2.838604999999999823e+00 2.487956999999999752e+01 7.108946070722296784e-02
2.843348000000000209e+00 2.495715699999999870e+01 7.150035115863836999e-02
2.848091000000000150e+00 2.497638299999999845e+01 7.174493639169596260e-02
2.852832999999999952e+00 2.484464100000000286e+01 7.176451593116685290e-02
2.857575999999999894e+00 2.488274299999999783e+01 7.201243382782171465e-02
2.862318999999999836e+00 2.502064299999999974e+01 7.239168737906101492e-02
2.867062000000000221e+00 2.499271200000000093e+01 7.252080281222622604e-02
2.871805000000000163e+00 2.490227699999999800e+01 7.254917186840523224e-02
2.876548000000000105e+00 2.488950499999999977e+01 7.268206571246101089e-02
2.881291000000000047e+00 2.497990300000000019e+01 7.261707243559670233e-02
2.886032999999999848e+00 2.512603900000000223e+01 7.075279057432222463e-02
2.890775999999999790e+00 2.510475299999999521e+01 6.961109992890357479e-02
2.895519000000000176e+00 2.499704799999999949e+01 6.871119795633096050e-02
2.900262000000000118e+00 2.503207400000000149e+01 6.816466235088236569e-02
2.905005000000000059e+00 2.510314899999999838e+01 6.789363907748649507e-02
2.909748000000000001e+00 2.496180999999999983e+01 6.752474730727023311e-02
2.914490999999999943e+00 2.503623100000000079e+01 6.746716375257300058e-02
2.919233000000000189e+00 2.493708199999999664e+01 6.719004884739331052e-02
2.923976000000000131e+00 2.498368900000000181e+01 6.712073123671105646e-02
2.928719000000000072e+00 2.498446600000000117e+01 6.699908955113045850e-02
2.933462000000000014e+00 2.500589199999999934e+01 6.691227355261812615e-02
2.938204999999999956e+00 2.491302400000000361e+01 6.667865057351415881e-02
2.942947999999999897e+00 2.502836499999999731e+01 6.672916548814769588e-02
2.947690999999999839e+00 2.495828999999999809e+01 6.653665120645012310e-02
2.952433999999999781e+00 2.498655000000000115e+01 6.648644345539697631e-02
2.957176000000000027e+00 2.487856899999999882e+01 6.625733460635660488e-02
2.961918999999999969e+00 2.497945700000000357e+01 6.628919989837259164e-02
2.966661999999999910e+00 2.494359999999999644e+01 6.615601404973625588e-02
2.971404999999999852e+00 2.497223400000000026e+01 6.611046993725123999e-02
2.976147999999999794e+00 2.489777400000000185e+01 6.593053549058963680e-02
2.980891000000000179e+00 2.490279500000000112e+01 6.585830974249491654e-02
2.985634000000000121e+00 2.491430899999999937e+01 6.579621694514889430e-02
2.990375999999999923e+00 2.498866800000000055e+01 6.583559633033106429e-02
2.995118999999999865e+00 2.495314299999999719e+01 6.570044382034265218e-02
2.999861999999999806e+00 2.482767999999999731e+01 6.545950460429179885e-02
3.004605000000000192e+00 2.491704599999999914e+01 6.550581343327017969e-02
3.009348000000000134e+00 2.499836400000000225e+01 6.554232262712314516e-02
3.014091000000000076e+00 2.495248700000000142e+01 6.543270145588137021e-02
3.018834000000000017e+00 2.487902300000000011e+01 6.524821712962278197e-02
3.023576999999999959e+00 2.494388099999999753e+01 6.526626838019085330e-02
3.028319000000000205e+00 2.496735999999999578e+01 6.523054446507096926e-02
3.033062000000000147e+00 2.489051800000000014e+01 6.506453064517640772e-02
3.037805000000000089e+00 2.484995300000000285e+01 6.494719823943831405e-02
3.042548000000000030e+00 2.495654100000000142e+01 6.502258504384149373e-02
3.047290999999999972e+00 2.492959300000000056e+01 6.492432939442192852e-02
3.052033999999999914e+00 2.488843200000000166e+01 6.480829253155032110e-02
3.056776999999999855e+00 2.490161400000000214e+01 6.476393223746763905e-02
3.061519000000000101e+00 2.489206800000000186e+01 6.469022257668154141e-02
3.066262000000000043e+00 2.487361399999999634e+01 6.460584823284420963e-02
3.071004999999999985e+00 2.499747099999999733e+01 6.471950538515726381e-02
3.075747999999999927e+00 2.498953000000000202e+01 6.465252553725416018e-02
3.080490999999999868e+00 2.498691600000000079e+01 6.458333514418559962e-02
3.085233999999999810e+00 2.493079099999999926e+01 6.444297479934876782e-02
3.089977000000000196e+00 2.497678799999999910e+01 6.446251593801161084e-02
3.094720000000000137e+00 2.486081000000000074e+01 6.423791005737733428e-02
3.099461999999999939e+00 2.479786399999999702e+01 6.409880918297780616e-02
3.104204999999999881e+00 2.489641999999999911e+01 6.416922472985162051e-02
3.108947999999999823e+00 2.491247299999999854e+01 6.413327770295230990e-02
3.113691000000000209e+00 2.485671699999999618e+01 6.400589215347443628e-02
3.118434000000000150e+00 2.483008500000000041e+01 6.391638496870657993e-02
3.123177000000000092e+00 2.479723199999999750e+01 6.381883999584840594e-02
3.127920000000000034e+00 2.494794499999999715e+01 6.395744616002502214e-02
3.132661999999999836e+00 2.492398800000000136e+01 6.387214992955067561e-02
3.137405000000000221e+00 2.492804200000000492e+01 6.382339679875555227e-02
3.142148000000000163e+00 2.478735500000000158e+01 6.358895309797527040e-02
3.146891000000000105e+00 2.486529799999999923e+01 6.364346208353298395e-02
3.151634000000000047e+00 2.491973099999999874e+01 6.366203736414424719e-02
3.156376999999999988e+00 2.486218899999999721e+01 6.352546154202659556e-02
3.161119999999999930e+00 2.478002400000000094e+01 6.336838613967851752e-02
3.165862000000000176e+00 2.480730699999999800e+01 6.339491796109211763e-02
3.170605000000000118e+00 2.497578999999999994e+01 6.354108102215526299e-02
3.175348000000000059e+00 2.482407199999999747e+01 6.326814889815965404e-02
3.180091000000000001e+00 2.483415200000000311e+01 6.322919360651771403e-02
3.184833999999999943e+00 2.486516800000000060e+01 6.321723193470432656e-02
3.189576999999999884e+00 2.481754400000000160e+01 6.310571364138987949e-02
3.194319999999999826e+00 2.477401400000000109e+01 6.298128543202496932e-02
3.199063000000000212e+00 2.486598800000000153e+01 6.298237706170115024e-02
3.203805000000000014e+00 2.483392700000000275e+01 6.282514893340165885e-02
3.208547999999999956e+00 2.498782899999999785e+01 6.294204729086907979e-02
3.213290999999999897e+00 2.484339399999999998e+01 6.271031660323125867e-02
3.218033999999999839e+00 2.485265000000000413e+01 6.267285902835452449e-02
3.222776999999999781e+00 2.486423599999999823e+01 6.263825370878486898e-02
3.227520000000000167e+00 2.483212499999999778e+01 6.254894109422717841e-02
3.232263000000000108e+00 2.484031600000000140e+01 6.251061121924020303e-02
3.237004999999999910e+00 2.484239499999999623e+01 6.246480767379660598e-02
3.241747999999999852e+00 2.479247100000000259e+01 6.235371591196149643e-02
3.246490999999999794e+00 2.485639499999999558e+01 6.238615044284108457e-02
3.251234000000000179e+00 2.491659100000000038e+01 6.243125624986332889e-02
3.255977000000000121e+00 2.488184000000000395e+01 6.240363049595672174e-02
3.260720000000000063e+00 2.486022499999999980e+01 6.239425445013907501e-02
3.265463000000000005e+00 2.486478699999999975e+01 6.237751873629874405e-02
3.270205999999999946e+00 2.482168499999999511e+01 6.227612976235276376e-02
3.274948000000000192e+00 2.499304399999999760e+01 6.244287111756714748e-02
3.279691000000000134e+00 2.489589699999999794e+01 6.227392519619748962e-02
3.284434000000000076e+00 2.476924599999999899e+01 6.206844158761358476e-02
3.289177000000000017e+00 2.488609700000000302e+01 6.216782552448171101e-02
3.293919999999999959e+00 2.491124999999999901e+01 6.215226271218611542e-02
3.298662999999999901e+00 2.481843600000000194e+01 6.198975312921482100e-02
3.303405999999999842e+00 2.484185599999999638e+01 6.197261029710625369e-02
3.308148000000000089e+00 2.480525599999999997e+01 6.188078485029339243e-02
3.312891000000000030e+00 2.481088400000000149e+01 6.184160819094536299e-02
3.317633999999999972e+00 2.483767399999999981e+01 6.182897909345989179e-02
3.322376999999999914e+00 2.488504200000000566e+01 6.184276269819614230e-02
3.327119999999999855e+00 2.489420799999999900e+01 6.182375109618389736e-02
3.331862999999999797e+00 2.489774799999999999e+01 6.176623176925478964e-02
3.336606000000000183e+00 2.479350699999999819e+01 6.159155802227200827e-02
3.341347999999999985e+00 2.482870299999999730e+01 6.158997829252012973e-02
3.346090999999999926e+00 2.480046700000000115e+01 6.150982871145634773e-02
3.350833999999999868e+00 2.483891100000000307e+01 6.151215688297070189e-02
3.355576999999999810e+00 2.481561800000000062e+01 6.143876346806631528e-02
3.360320000000000196e+00 2.486189800000000361e+01 6.145133045573870911e-02
3.365063000000000137e+00 2.487572200000000322e+01 6.142374704700048760e-02
3.369806000000000079e+00 2.480784399999999579e+01 6.129525751189972282e-02
3.374549000000000021e+00 2.487078400000000045e+01 6.132858951889077342e-02
3.379290999999999823e+00 2.492729600000000190e+01 6.203675867200107025e-02
3.384034000000000209e+00 2.490766699999999645e+01 6.346748231346112379e-02
3.388777000000000150e+00 2.491924000000000206e+01 6.432142453273403948e-02
3.393520000000000092e+00 2.484581299999999970e+01 6.488831540996653491e-02
3.398263000000000034e+00 2.489447899999999692e+01 6.534454011096106629e-02
3.403005999999999975e+00 2.473220200000000091e+01 6.530677202506107726e-02
3.407748999999999917e+00 2.481643400000000099e+01 6.538429097929027156e-02
3.412491000000000163e+00 2.478769199999999984e+01 6.538248607051432015e-02
3.417234000000000105e+00 2.483911899999999662e+01 6.562442367957299627e-02
3.421977000000000046e+00 2.477206799999999731e+01 6.569448375564801434e-02
3.426719999999999988e+00 2.475594699999999904e+01 6.580693038253494775e-02
3.431462999999999930e+00 2.479041499999999942e+01 6.598993762842939037e-02
3.436205999999999872e+00 2.486199500000000029e+01 6.622830218749457820e-02
3.440948999999999813e+00 2.477463800000000305e+01 6.623175253779640947e-02
3.445692000000000199e+00 2.486561999999999983e+01 6.648423127951018363e-02
3.450434000000000001e+00 2.475746599999999731e+01 6.643181616631746444e-02
3.455176999999999943e+00 2.475939299999999932e+01 6.654328348507534963e-02
3.459919999999999884e+00 2.476784799999999720e+01 6.665927290434542352e-02
3.464662999999999826e+00 2.474561899999999781e+01 6.672985490269103814e-02
3.469406000000000212e+00 2.479012999999999778e+01 6.688748033524061221e-02
3.474149000000000154e+00 2.486527799999999644e+01 6.708309687735949933e-02
3.478892000000000095e+00 2.477339799999999670e+01 6.705045769745497652e-02
3.483633999999999897e+00 2.484030200000000121e+01 6.722965851340016730e-02
3.488376999999999839e+00 2.485501300000000313e+01 6.733554665025004438e-02
3.493119999999999781e+00 2.483573800000000276e+01 6.739298021066214561e-02
3.497863000000000167e+00 2.477693000000000012e+01 6.739469722470234347e-02
3.502606000000000108e+00 2.475677200000000155e+01 6.744647083577538782e-02
3.507349000000000050e+00 2.478385999999999711e+01 6.756028367269115154e-02
3.512091999999999992e+00 2.478811099999999712e+01 6.764161729319753680e-02
3.516833999999999794e+00 2.482065800000000166e+01 6.775954019058866296e-02
3.521577000000000179e+00 2.483462000000000103e+01 6.785039556331268207e-02
3.526320000000000121e+00 2.485034699999999930e+01 6.794219905612638999e-02
3.531063000000000063e+00 2.474725300000000061e+01 6.786998525646444069e-02
3.535806000000000004e+00 2.479336699999999993e+01 6.800064743983251503e-02
3.540548999999999946e+00 2.470156399999999763e+01 6.793974385288260864e-02
3.545291999999999888e+00 2.479919100000000043e+01 6.813871539913780861e-02
3.550034999999999830e+00 2.477939100000000039e+01 6.817482256139431596e-02
3.554777000000000076e+00 2.476621899999999954e+01 6.821862965618921693e-02
3.559520000000000017e+00 2.471369500000000130e+01 6.820686718702816120e-02
3.564262999999999959e+00 2.475152300000000238e+01 6.831858695323476949e-02
3.569005999999999901e+00 2.473319599999999951e+01 6.836519320639561359e-02
3.573748999999999842e+00 2.477145000000000152e+01 6.849541843700861221e-02
3.578491999999999784e+00 2.479319100000000020e+01 6.854897969320696005e-02
3.583235000000000170e+00 2.478668200000000610e+01 6.859569444943465488e-02
3.587976999999999972e+00 2.482656599999999969e+01 6.868217229331786966e-02
3.592719999999999914e+00 2.486232399999999387e+01 6.867792801344621556e-02
3.597462999999999855e+00 2.485946500000000015e+01 6.861298999499511331e-02
3.602205999999999797e+00 2.469827099999999831e+01 6.832953148894919948e-02
3.606949000000000183e+00 2.486207200000000128e+01 6.849531306176503964e-02
3.611692000000000125e+00 2.475451400000000035e+01 6.833770730223395762e-02
3.616435000000000066e+00 2.484233500000000205e+01 6.852731702242909062e-02
3.621178000000000008e+00 2.494187000000000154e+01 6.949439193862552711e-02
3.625919999999999810e+00 2.480524699999999783e+01 7.178186931954057270e-02
3.630663000000000196e+00 2.479793700000000101e+01 7.316879009647418719e-02
3.635406000000000137e+00 2.483782500000000226e+01 7.427276716926803357e-02
3.640149000000000079e+00 2.475978299999999876e+01 7.492477781650407065e-02
3.644892000000000021e+00 2.472254600000000124e+01 7.538043035050874530e-02
3.649634999999999962e+00 2.477953400000000173e+01 7.595377045827614304e-02
3.654377999999999904e+00 2.462785299999999822e+01 7.614184311686841844e-02
3.659120000000000150e+00 2.474440899999999743e+01 7.674790347033658144e-02
3.663863000000000092e+00 2.475112100000000126e+01 7.716872914160567698e-02
3.668606000000000034e+00 2.489093199999999939e+01 7.778489664162638317e-02
3.673348999999999975e+00 2.486595000000000155e+01 7.813324875898479405e-02
3.678091999999999917e+00 2.470621100000000325e+01 7.825883696235333420e-02
3.682834999999999859e+00 2.486982499999999874e+01 7.888817184303613395e-02
3.687577999999999800e+00 2.470912600000000126e+01 7.899537194941043394e-02
3.692321000000000186e+00 2.470402800000000099e+01 7.934396839112976829e-02
3.697062999999999988e+00 2.472339699999999851e+01 7.972613674871371903e-02
3.701805999999999930e+00 2.468497700000000350e+01 8.001074652590738079e-02
3.706548999999999872e+00 2.468065599999999549e+01 8.034615545880524623e-02
3.711291999999999813e+00 2.472322400000000542e+01 8.075422646115495984e-02
3.716035000000000199e+00 2.474659899999999979e+01 8.112832211075118871e-02
3.720778000000000141e+00 2.475538199999999733e+01 8.147558481796984831e-02
3.725521000000000083e+00 2.466466699999999790e+01 8.165579354449138683e-02
3.730262999999999884e+00 2.487190500000000171e+01 8.232763005882472174e-02
3.735005999999999826e+00 2.488507700000000256e+01 8.267581008085678196e-02
3.739749000000000212e+00 2.463238999999999734e+01 8.257838455031679681e-02
3.744492000000000154e+00 2.470637699999999981e+01 8.302455557297491739e-02
3.749235000000000095e+00 2.469000799999999884e+01 8.331766186687189490e-02
3.753978000000000037e+00 2.468491199999999708e+01 8.362861013992281545e-02
3.758720999999999979e+00 2.476503599999999850e+01 8.408259772805250221e-02
3.763462999999999781e+00 2.487888200000000083e+01 8.459440622153040212e-02
3.768206000000000166e+00 2.468829199999999702e+01 8.458618384055696660e-02
3.772949000000000108e+00 2.466939599999999899e+01 8.486904814700528543e-02
3.777692000000000050e+00 2.471836200000000261e+01 8.526810393593667325e-02
3.782434999999999992e+00 2.477213499999999868e+01 8.567599103354801848e-02
3.787177999999999933e+00 2.472168399999999977e+01 8.590271440214332366e-02
3.791920999999999875e+00 2.461137800000000198e+01 8.602420534112710515e-02
3.796663999999999817e+00 2.471121000000000123e+01 8.651196006321669463e-02
3.801406000000000063e+00 2.482336300000000051e+01 8.702225896014881279e-02
3.806149000000000004e+00 2.479303300000000121e+01 8.728287689031108409e-02
3.810891999999999946e+00 2.497771499999999634e+01 8.792247765431715489e-02
3.815634999999999888e+00 2.483619700000000208e+01 8.798688532561713127e-02
3.820377999999999830e+00 2.470449299999999937e+01 8.806688110085481025e-02
3.825121000000000215e+00 2.472583599999999748e+01 8.841851947312395765e-02
3.829864000000000157e+00 2.472251999999999583e+01 8.872679089118179485e-02
3.834605999999999959e+00 2.469126800000000088e+01 8.898492175150629624e-02
3.839348999999999901e+00 2.487943900000000141e+01 8.963992394284590881e-02
3.844091999999999842e+00 2.494201699999999988e+01 9.006879763763642188e-02
3.848834999999999784e+00 2.485045799999999971e+01 9.022275404803048460e-02
3.853578000000000170e+00 2.484653599999999685e+01 9.058062515614086208e-02
3.858321000000000112e+00 2.457610499999999831e+01 9.035190197498832454e-02
3.863064000000000053e+00 2.464916799999999952e+01 9.080365589408445626e-02
3.867806999999999995e+00 2.483329899999999668e+01 9.146160914888662452e-02
3.872548999999999797e+00 2.477786400000000100e+01 9.167863898052641680e-02
3.877292000000000183e+00 2.474082399999999993e+01 9.193014720643005733e-02
3.882035000000000124e+00 2.473082699999999789e+01 9.223319207834726474e-02
3.886778000000000066e+00 2.468410199999999932e+01 9.246776062217251790e-02
3.891521000000000008e+00 2.469063700000000239e+01 9.280243284123429470e-02
3.896263999999999950e+00 2.479518700000000209e+01 9.332267516022083043e-02
3.901006999999999891e+00 2.466869200000000006e+01 9.340825634743268879e-02
3.905749000000000137e+00 2.459017899999999912e+01 9.358549711212736655e-02
3.910492000000000079e+00 2.479837399999999903e+01 9.430876447915856331e-02
3.915235000000000021e+00 2.474904500000000240e+01 9.454312593102842666e-02
3.919977999999999962e+00 2.460674300000000159e+01 9.455813460523795899e-02
3.924720999999999904e+00 2.485553299999999766e+01 9.511962024453052278e-02
3.929463999999999846e+00 2.477781699999999887e+01 9.504375734421435795e-02
3.934206999999999788e+00 2.470189999999999841e+01 9.502300294253492041e-02
3.938949000000000034e+00 2.473447800000000285e+01 9.518951060461913749e-02
3.943691999999999975e+00 2.477484899999999612e+01 9.537020572527774021e-02
3.948434999999999917e+00 2.479061200000000298e+01 9.550273658740257576e-02
3.953177999999999859e+00 2.492659199999999942e+01 9.589347079325109824e-02
3.957920999999999800e+00 2.473260299999999745e+01 9.568835310062243082e-02
3.962664000000000186e+00 2.476845100000000244e+01 9.576611965893992717e-02
3.967407000000000128e+00 2.458819300000000041e+01 9.566280580934212463e-02
3.972150000000000070e+00 2.462781899999999879e+01 9.606293914463266692e-02
3.976891999999999872e+00 2.471106599999999887e+01 9.654981212684311809e-02
3.981634999999999813e+00 2.463069700000000140e+01 9.671790963045416578e-02
3.986378000000000199e+00 2.463042399999999787e+01 9.704469002351751028e-02
3.991121000000000141e+00 2.474334800000000101e+01 9.759607952601170866e-02
3.995864000000000082e+00 2.476782499999999843e+01 9.797604770619602887e-02
4.000606999999999580e+00 2.473060199999999753e+01 9.823494579915081903e-02
4.005349999999999966e+00 2.460893399999999787e+01 9.832687101937598317e-02
4.010092000000000212e+00 2.468692699999999718e+01 9.881859430683528900e-02
4.014834999999999710e+00 2.477537200000000084e+01 9.933375981684475220e-02
4.019578000000000095e+00 2.485261299999999807e+01 9.982936219404990597e-02
4.024320999999999593e+00 2.472918500000000108e+01 9.992197287593204691e-02
4.029063999999999979e+00 2.451576899999999881e+01 9.983268191225606880e-02
4.033807000000000365e+00 2.473188300000000339e+01 1.006172073064682121e-01
4.038549999999999862e+00 2.486754499999999979e+01 1.012414391852115986e-01
4.043293000000000248e+00 2.483090999999999582e+01 1.015169845594854070e-01
4.048034999999999606e+00 2.473640699999999981e+01 1.016754869751101686e-01
4.052777999999999992e+00 2.474773599999999973e+01 1.020527341294572982e-01
4.057521000000000377e+00 2.472261799999999710e+01 1.023564176381945162e-01
4.062263999999999875e+00 2.459547900000000098e+01 1.024503778471943932e-01
4.067007000000000261e+00 2.470709499999999892e+01 1.030425867785388083e-01
4.071749999999999758e+00 2.482475699999999819e+01 1.036509741824827302e-01
4.076493000000000144e+00 2.483505699999999905e+01 1.040379145607547295e-01
4.081235000000000390e+00 2.481870399999999677e+01 1.043711543517671370e-01
4.085977999999999888e+00 2.463849600000000351e+01 1.043610397760514896e-01
4.090721000000000274e+00 2.470085399999999964e+01 1.048646857437960378e-01
4.095463999999999771e+00 2.466354399999999814e+01 1.051596138285972454e-01
4.100207000000000157e+00 2.468520299999999779e+01 1.055824125333334196e-01
4.104949999999999655e+00 2.489638899999999566e+01 1.064153905579249548e-01
4.109693000000000040e+00 2.467829200000000256e+01 1.063298271158098079e-01
4.114436000000000426e+00 2.460751599999999684e+01 1.065610283395632407e-01
4.119177999999999784e+00 2.486517300000000574e+01 1.075068191178582822e-01
4.123921000000000170e+00 2.476081399999999988e+01 1.076715018166055915e-01
4.128663999999999668e+00 2.468453900000000090e+01 1.078993861752920169e-01
4.133407000000000053e+00 2.464123700000000028e+01 1.082008721391583828e-01
4.138150000000000439e+00 2.477521999999999736e+01 1.088937854203751165e-01
4.142892999999999937e+00 2.491225199999999873e+01 1.095985907660417952e-01
4.147636000000000323e+00 2.473071399999999898e+01 1.096035198145953737e-01
4.152377999999999680e+00 2.467406599999999983e+01 1.098868071024661219e-01
4.157121000000000066e+00 2.472778500000000079e+01 1.104180085471350992e-01
4.161863999999999564e+00 2.467064599999999785e+01 1.107050629642560569e-01
4.166606999999999950e+00 2.461979000000000184e+01 1.110082908948462344e-01
4.171350000000000335e+00 2.483718300000000312e+01 1.119194717008407808e-01
4.176092999999999833e+00 2.475714499999999774e+01 1.121707169954226507e-01
4.180836000000000219e+00 2.476716800000000163e+01 1.127771861932833630e-01
4.185577999999999577e+00 2.468219199999999702e+01 1.128957610158282110e-01
4.190320999999999962e+00 2.470801300000000111e+01 1.133498105263652384e-01
4.195064000000000348e+00 2.469483000000000317e+01 1.137584258348637717e-01
4.199806999999999846e+00 2.483236400000000188e+01 1.145187334360308895e-01
4.204550000000000232e+00 2.472159899999999766e+01 1.147100954887096957e-01
4.209292999999999729e+00 2.478495499999999652e+01 1.153091050033651921e-01
4.214036000000000115e+00 2.477671899999999994e+01 1.157447055271549063e-01
4.218778999999999613e+00 2.458547400000000138e+01 1.157553208099446340e-01
4.223520999999999859e+00 2.477975400000000050e+01 1.166755246563588450e-01
4.228264000000000244e+00 2.466776399999999825e+01 1.168789377191806061e-01
4.233006999999999742e+00 2.473310099999999778e+01 1.175048385608001150e-01
4.237750000000000128e+00 2.477710099999999827e+01 1.180857029191362262e-01
4.242492999999999626e+00 2.494627900000000054e+01 1.189713050433872377e-01
4.247236000000000011e+00 2.474643700000000024e+01 1.189781859048140850e-01
4.251979000000000397e+00 2.489585300000000245e+01 1.198331306435782839e-01
4.256720999999999755e+00 2.486719899999999939e+01 1.204629012053358011e-01
4.261464000000000141e+00 2.496080699999999908e+01 1.210230058852489465e-01
4.266206999999999638e+00 2.479701399999999722e+01 1.210907968601643986e-01
4.270950000000000024e+00 2.486511399999999838e+01 1.217678896317768988e-01
4.275693000000000410e+00 2.480773400000000350e+01 1.221413584934136765e-01
4.280435999999999908e+00 2.458380999999999972e+01 1.221075386754965908e-01
4.285179000000000293e+00 2.461919899999999828e+01 1.227191950524509495e-01
4.289921999999999791e+00 2.477535599999999860e+01 1.236384371527066844e-01
4.294664000000000037e+00 2.477027999999999963e+01 1.241630455012166651e-01
4.299407000000000423e+00 2.474160099999999929e+01 1.246317234225800819e-01
4.304149999999999920e+00 2.474501599999999968e+01 1.251870594867808273e-01
4.308893000000000306e+00 2.478593099999999794e+01 1.258456273943413806e-01
4.313635999999999804e+00 2.487815999999999761e+01 1.266394174869341360e-01
4.318379000000000190e+00 2.469702000000000197e+01 1.267422756834956088e-01
4.323121999999999687e+00 2.488034999999999997e+01 1.278747029495290732e-01
4.327863999999999933e+00 2.486008499999999799e+01 1.283758636509413908e-01
4.332607000000000319e+00 2.497377699999999834e+01 1.291931655355429420e-01
4.337349999999999817e+00 2.484566000000000230e+01 1.294549671651516742e-01
4.342093000000000202e+00 2.490098300000000364e+01 1.301991308585998264e-01
4.346835999999999700e+00 2.497100800000000476e+01 1.309900072080973643e-01
4.351579000000000086e+00 2.478114900000000276e+01 1.311028536103997222e-01
4.356321999999999584e+00 2.463752399999999909e+01 1.313409543069004037e-01
4.361063999999999830e+00 2.457959199999999811e+01 1.318118957885781872e-01
4.365807000000000215e+00 2.491346700000000070e+01 1.333416496353840019e-01
4.370549999999999713e+00 2.486617199999999883e+01 1.338582295307139680e-01
4.375293000000000099e+00 2.500369699999999895e+01 1.348816293125064403e-01
4.380035999999999596e+00 2.509712400000000088e+01 1.358593939006147722e-01
4.384778999999999982e+00 2.489547300000000263e+01 1.360358089257148462e-01
4.389522000000000368e+00 2.482352200000000053e+01 1.363999823536696798e-01
4.394264999999999866e+00 2.498479600000000289e+01 1.375145649869954911e-01
4.399007000000000112e+00 2.464546899999999852e+01 1.368450332508220901e-01
4.403749999999999609e+00 2.488499799999999951e+01 1.376030343776589726e-01
4.408492999999999995e+00 2.461175600000000330e+01 1.369382889550442850e-01
4.413236000000000381e+00 2.474634499999999804e+01 1.374041914525932495e-01
4.417978999999999878e+00 2.492026500000000055e+01 1.379785079507424572e-01
4.422722000000000264e+00 2.491355399999999776e+01 1.380533130639189088e-01
4.427464999999999762e+00 2.495573699999999917e+01 1.382589846585645932e-01
4.432207000000000008e+00 2.495414200000000093e+01 1.383459729742452793e-01
4.436950000000000394e+00 2.494047300000000433e+01 1.384744922804795886e-01
4.441692999999999891e+00 2.485596299999999914e+01 1.388652753921490457e-01
4.446436000000000277e+00 2.489643000000000228e+01 1.396905808582862285e-01
4.451178999999999775e+00 2.482903300000000257e+01 1.402203819604849744e-01
4.455922000000000160e+00 2.461167100000000119e+01 1.403307298241496803e-01
4.460664999999999658e+00 2.484305499999999967e+01 1.417290381849559411e-01
4.465408000000000044e+00 2.506422200000000089e+01 1.431122070650508726e-01
4.470150000000000290e+00 2.486096400000000273e+01 1.432914868337194503e-01
4.474892999999999788e+00 2.497621999999999787e+01 1.443974639354902167e-01
4.479636000000000173e+00 2.500310500000000147e+01 1.452591876546289185e-01
4.484378999999999671e+00 2.470587599999999995e+01 1.451862149679638281e-01
4.489122000000000057e+00 2.472611200000000053e+01 1.460502734861379714e-01
4.493865000000000443e+00 2.472303299999999737e+01 1.468572000469619554e-01
4.498607999999999940e+00 2.466667899999999847e+01 1.475171575514811206e-01
4.503350000000000186e+00 2.503065699999999794e+01 1.494473071381940410e-01
4.508092999999999684e+00 2.499175900000000183e+01 1.501898504129310363e-01
4.512836000000000070e+00 2.492049100000000195e+01 1.508467348567750776e-01
4.517578999999999567e+00 2.503892499999999899e+01 1.520912547104434909e-01
4.522321999999999953e+00 2.491874100000000425e+01 1.526244320266427756e-01
4.527065000000000339e+00 2.500841100000000239e+01 1.538144771157318735e-01
4.531807999999999836e+00 2.483563000000000187e+01 1.542099681304584247e-01
4.536551000000000222e+00 2.492966699999999847e+01 1.554448350373652532e-01
4.541292999999999580e+00 2.474504600000000210e+01 1.558252678108855427e-01
4.546035999999999966e+00 2.479684800000000067e+01 1.569633321448171970e-01
4.550779000000000352e+00 2.488844999999999885e+01 1.582448590607214711e-01
4.555521999999999849e+00 2.495121200000000172e+01 1.594563340227568293e-01
4.560265000000000235e+00 2.498045499999999919e+01 1.605776542387598316e-01
4.565007999999999733e+00 2.475709200000000010e+01 1.609044153548133682e-01
4.569751000000000118e+00 2.474951100000000537e+01 1.619403652667669447e-01
4.574493000000000364e+00 2.489247699999999952e+01 1.634937591430571935e-01
4.579235999999999862e+00 2.489480199999999854e+01 1.646065182175359687e-01
4.583979000000000248e+00 2.519839399999999685e+01 1.667403628285146211e-01
4.588721999999999746e+00 2.511259199999999936e+01 1.676101762079176549e-01
4.593465000000000131e+00 2.473106699999999947e+01 1.674985446018907864e-01
4.598207999999999629e+00 2.497455000000000069e+01 1.695160666679981776e-01
4.602951000000000015e+00 2.483277000000000001e+01 1.702511219050655833e-01
4.607693000000000261e+00 2.507524799999999843e+01 1.723276168727850555e-01
4.612435999999999758e+00 2.510492100000000093e+01 1.737031467072784330e-01
4.617179000000000144e+00 2.487056100000000214e+01 1.741835983524619713e-01
4.621921999999999642e+00 2.513297699999999679e+01 1.764305326324803191e-01
4.626665000000000028e+00 2.480785999999999802e+01 1.766358574896034761e-01
4.631408000000000413e+00 2.474908599999999836e+01 1.778018143010160756e-01
4.636150999999999911e+00 2.509733699999999956e+01 1.804660569697443262e-01
4.640894000000000297e+00 2.481821099999999802e+01 1.809024604708031614e-01
4.645635999999999655e+00 2.496606700000000245e+01 1.829160890814525986e-01
4.650379000000000040e+00 2.495717500000000300e+01 1.843971639229334825e-01
4.655122000000000426e+00 2.475953000000000159e+01 1.852095025748471124e-01
4.659864999999999924e+00 2.493502900000000722e+01 1.874501423773356490e-01
4.664608000000000310e+00 2.495913599999999377e+01 1.891680040773370264e-01
4.669350999999999807e+00 2.491169200000000217e+01 1.906526540771934786e-01
4.674094000000000193e+00 2.487391300000000172e+01 1.922161940212939180e-01
4.678836000000000439e+00 2.495341299999999762e+01 1.942760885596930831e-01
4.683578999999999937e+00 2.490249099999999771e+01 1.958748953617463762e-01
4.688322000000000322e+00 2.500084300000000326e+01 1.981100203213694289e-01
4.693064999999999820e+00 2.528510899999999850e+01 2.011455803445454382e-01
4.697808000000000206e+00 2.487007399999999890e+01 2.014341892031660530e-01
4.702550999999999704e+00 2.487338500000000252e+01 2.034550881876398543e-01
4.707294000000000089e+00 2.515282499999999999e+01 2.066703615965920504e-01
4.712036999999999587e+00 2.529402900000000187e+01 2.093924872361246359e-01
4.716778999999999833e+00 2.506484399999999724e+01 2.106385604777213927e-01
4.721522000000000219e+00 2.480562099999999859e+01 2.117985845726033101e-01
4.726264999999999716e+00 2.507245899999999850e+01 2.152735924611709206e-01
4.731008000000000102e+00 2.511821899999999985e+01 2.178858302521618773e-01
4.735750999999999600e+00 2.517344899999999797e+01 2.206266966142086949e-01
4.740493999999999986e+00 2.531635700000000355e+01 2.238412341789385029e-01
4.745237000000000371e+00 2.497240800000000149e+01 2.249744317601089227e-01
4.749978999999999729e+00 2.498050600000000188e+01 2.277696866955357113e-01
4.754722000000000115e+00 2.515477100000000021e+01 2.314312618886631978e-01
4.759464999999999613e+00 2.508995400000000231e+01 2.341036607710289541e-01
4.764207999999999998e+00 2.519600600000000057e+01 2.376865679996019165e-01
4.768951000000000384e+00 2.508782300000000021e+01 2.403791872393313267e-01
4.773693999999999882e+00 2.492204499999999712e+01 2.429115759524526630e-01
4.778437000000000268e+00 2.494039000000000073e+01 2.464663645246056856e-01
4.783178999999999625e+00 2.486443399999999926e+01 2.496966591157546989e-01
4.787922000000000011e+00 2.498718400000000273e+01 2.540882754636589191e-01
4.792665000000000397e+00 2.516245199999999826e+01 2.589380394250093143e-01
4.797407999999999895e+00 2.512404899999999941e+01 2.628849322111447839e-01
4.802151000000000280e+00 2.498002100000000070e+01 2.664613020521343634e-01
4.806893999999999778e+00 2.492353899999999811e+01 2.707041393132390006e-01
4.811637000000000164e+00 2.545764900000000353e+01 2.784176335675655478e-01
4.816379999999999661e+00 2.518360000000000198e+01 2.819759723280904073e-01
4.821121999999999908e+00 2.488444400000000201e+01 2.856061315643634857e-01
4.825865000000000293e+00 2.526916199999999790e+01 2.934703543953970373e-01
4.830607999999999791e+00 2.504434799999999939e+01 2.981397299451805649e-01
4.835351000000000177e+00 2.488310300000000197e+01 3.035120757804964375e-01
4.840093999999999674e+00 2.482698099999999997e+01 3.099108917815763253e-01
4.844837000000000060e+00 2.545291200000000131e+01 3.210876069157166945e-01
4.849579999999999558e+00 2.550444499999999692e+01 3.292405795052001372e-01
4.854321999999999804e+00 2.489579199999999659e+01 3.336070558865175117e-01
4.859065000000000190e+00 2.513348099999999974e+01 3.442197337537898916e-01
4.863807999999999687e+00 2.541531099999999910e+01 3.559853300401296106e-01
4.868551000000000073e+00 2.514226199999999878e+01 3.647260191005297636e-01
4.873293999999999571e+00 2.481997600000000048e+01 3.739721799824553550e-01
4.878036999999999956e+00 2.491862700000000075e+01 3.875232656186077262e-01
4.882780000000000342e+00 2.502299699999999660e+01 4.025487079831457926e-01
4.887522999999999840e+00 2.596425500000000142e+01 4.262441308245429328e-01
4.892265000000000086e+00 2.536123399999999961e+01 4.393008621722019891e-01
4.897007999999999583e+00 2.473804899999999662e+01 4.541643987022210283e-01
4.901750999999999969e+00 2.509260400000000146e+01 4.809845863483361295e-01
4.906494000000000355e+00 2.596498000000000417e+01 5.173804678868346718e-01
4.911236999999999853e+00 2.481323100000000181e+01 5.385871028769626534e-01
4.915980000000000238e+00 2.600676500000000146e+01 5.923902163186862690e-01
4.920722999999999736e+00 2.593459999999999965e+01 6.432732975982292656e-01
4.925464999999999982e+00 2.563978099999999927e+01 7.072808705918391947e-01
4.930208000000000368e+00 2.667283499999999918e+01 8.181186982639255811e-01
4.934950999999999866e+00 2.666261800000000193e+01 9.680965883084290402e-01
4.939694000000000251e+00 2.588085099999999628e+01 1.231664823494078576e+00
4.944436999999999749e+00 8.449614700000001477e+00 1.219278285411632412e+00