# 
# Sample c= 0.0 mg/ml
#
# Number of frames collected: 10
# Exposure time per frame: 0.5
# No significant radiation damage detected, merging 10 files
# Merged from: /data/visitor/mx1905/bm29/20170412/Poker/1d/plate1_053_00001.dat
# Merged from: /data/visitor/mx1905/bm29/20170412/Poker/1d/plate1_053_00002.dat
# Merged from: /data/visitor/mx1905/bm29/20170412/Poker/1d/plate1_053_00003.dat
# Merged from: /data/visitor/mx1905/bm29/20170412/Poker/1d/plate1_053_00004.dat
# Merged from: /data/visitor/mx1905/bm29/20170412/Poker/1d/plate1_053_00005.dat
# Merged from: /data/visitor/mx1905/bm29/20170412/Poker/1d/plate1_053_00006.dat
# Merged from: /data/visitor/mx1905/bm29/20170412/Poker/1d/plate1_053_00007.dat
# Merged from: /data/visitor/mx1905/bm29/20170412/Poker/1d/plate1_053_00008.dat
# Merged from: /data/visitor/mx1905/bm29/20170412/Poker/1d/plate1_053_00009.dat
# Merged from: /data/visitor/mx1905/bm29/20170412/Poker/1d/plate1_053_00010.dat
#
# Sample Information:
# Storage Temperature (degrees C): 20.0
# Measurement Temperature (degrees C): 20.0
# Concentration: 0.0
# Code: null
3.082862000000000102e-02 6.059417600000000448e+02 7.988211017539533998e+00
3.557148999999999728e-02 1.194634400000000142e+03 4.624896870187377829e+00
4.031434999999999880e-02 1.169771099999999706e+03 3.014721506427225250e+00
4.505722000000000199e-02 9.208793900000000576e+02 1.902002627347186392e+00
4.980007999999999657e-02 6.275981199999999944e+02 1.406007612026386022e+00
5.454294999999999977e-02 4.481582899999999654e+02 1.117753902684768041e+00
5.928581000000000129e-02 3.263067799999999465e+02 9.067257669243220519e-01
6.402868000000000448e-02 2.543977400000000273e+02 7.633374007139700490e-01
6.877154000000000600e-02 2.035697399999999959e+02 6.559127216033394658e-01
7.351441000000000225e-02 1.646646499999999946e+02 5.684389882140562511e-01
7.825727999999999851e-02 1.374522299999999859e+02 4.999457908553187058e-01
8.300014000000000003e-02 1.158702900000000255e+02 4.443473247352908162e-01
8.774300999999999628e-02 1.000451549999999941e+02 4.006181403131540142e-01
9.248586999999999780e-02 8.825535600000000613e+01 3.656618285487015507e-01
9.722873999999999406e-02 7.777599799999998709e+01 3.333024317950890048e-01
1.019715999999999956e-01 7.004037599999999486e+01 3.082492400901233331e-01
1.067145000000000038e-01 6.547919099999998593e+01 2.909216816928984484e-01
1.114572999999999953e-01 5.947563900000000103e+01 2.709884603478821541e-01
1.162002000000000035e-01 5.472447500000000531e+01 2.542599692007469492e-01
1.209430999999999978e-01 5.160081999999999880e+01 2.417155553504531651e-01
1.256858999999999893e-01 4.914622699999999611e+01 2.311859278099023807e-01
1.304288000000000114e-01 4.685261100000000312e+01 2.214043116235840380e-01
1.351717000000000057e-01 4.444723199999999963e+01 2.116094775929837635e-01
1.399144999999999972e-01 4.220120900000000574e+01 2.024532807634437659e-01
1.446573999999999915e-01 4.062736999999999910e+01 1.951927000860321504e-01
1.494003000000000136e-01 3.950686499999999768e+01 1.892642086921293709e-01
1.541431000000000051e-01 3.833911099999999550e+01 1.837175781998951485e-01
1.588859999999999995e-01 3.736259599999999637e+01 1.784933753092453057e-01
1.636287999999999909e-01 3.614792000000000627e+01 1.728951809337602730e-01
1.683717000000000130e-01 3.523785299999999410e+01 1.681915703744319701e-01
1.731146000000000074e-01 3.462148200000000031e+01 1.643237517101913125e-01
1.778573999999999988e-01 3.379923700000000508e+01 1.600806835639909109e-01
1.826002999999999932e-01 3.309845099999999718e+01 1.562621478313254431e-01
1.873431999999999875e-01 3.261848799999999926e+01 1.530809420997734649e-01
1.920860000000000067e-01 3.220307199999999881e+01 1.501401507331369956e-01
1.968289000000000011e-01 3.165391500000000136e+01 1.469724864063730041e-01
2.015717999999999954e-01 3.146747700000000236e+01 1.447451088812216069e-01
2.063145999999999869e-01 3.126614000000000004e+01 1.425516156023431402e-01
2.110575000000000090e-01 3.056463100000000210e+01 1.391498381845573673e-01
2.158004000000000033e-01 3.022443899999999672e+01 1.367868289729413100e-01
2.205431999999999948e-01 2.987615100000000368e+01 1.344901384043082904e-01
2.252860999999999891e-01 2.946477499999999594e+01 1.321187584459852515e-01
2.300290000000000112e-01 2.938070300000000046e+01 1.305302221061130363e-01
2.347718000000000027e-01 2.949865500000000296e+01 1.294241839217597778e-01
2.395146999999999970e-01 2.889017400000000180e+01 1.267719820095284111e-01
2.442575999999999914e-01 2.906420300000000267e+01 1.258763875311855185e-01
2.490004000000000106e-01 2.877252399999999710e+01 1.240060583794626581e-01
2.537433000000000050e-01 2.874104699999999823e+01 1.227313231698456686e-01
2.584861999999999993e-01 2.828190000000000026e+01 1.205979560405158607e-01
2.632289999999999908e-01 2.826994300000000138e+01 1.194633736606948576e-01
2.679718999999999851e-01 2.810844799999999921e+01 1.180428724591667117e-01
2.727146999999999766e-01 2.803798199999999952e+01 1.168393730714081674e-01
2.774576000000000264e-01 2.773869599999999735e+01 1.152257587580971521e-01
2.822005000000000208e-01 2.771813099999999963e+01 1.142452184448592145e-01
2.869433000000000122e-01 2.764554999999999652e+01 1.131257938908037108e-01
2.916862000000000066e-01 2.763413799999999654e+01 1.121509215002899629e-01
2.964291000000000009e-01 2.722235699999999881e+01 1.103957106349608142e-01
3.011718999999999924e-01 2.749141799999999947e+01 1.100431962384144785e-01
3.059147999999999867e-01 2.723046899999999937e+01 1.086485856985004717e-01
3.106576999999999811e-01 2.721551400000000243e+01 1.077624619770265885e-01
3.154004999999999725e-01 2.713170400000000271e+01 1.067676938475655979e-01
3.201434000000000224e-01 2.698376000000000019e+01 1.056728929174365061e-01
3.248863000000000167e-01 2.705460400000000121e+01 1.050208112265992727e-01
3.296291000000000082e-01 2.697299599999999486e+01 1.040842817942469190e-01
3.343720000000000026e-01 2.694117099999999709e+01 1.032668176764332257e-01
3.391148999999999969e-01 2.688449699999999964e+01 1.034990919727400288e-01
3.438576999999999884e-01 2.702153799999999961e+01 1.051034745238591112e-01
3.486005999999999827e-01 2.696591100000000552e+01 1.076679733843941278e-01
3.533434999999999770e-01 2.683554199999999668e+01 1.093776589467154448e-01
3.580863000000000240e-01 2.684055500000000194e+01 1.107476824754066724e-01
3.628292000000000184e-01 2.686705600000000160e+01 1.118951234206388284e-01
3.675720000000000098e-01 2.662102299999999744e+01 1.122984046459730434e-01
3.723149000000000042e-01 2.652314700000000158e+01 1.129167296348069921e-01
3.770577999999999985e-01 2.656307199999999824e+01 1.137578966938862790e-01
3.818005999999999900e-01 2.655978499999999798e+01 1.143577394154785543e-01
3.865434999999999843e-01 2.638454099999999514e+01 1.145422350385974647e-01
3.912863999999999787e-01 2.647237500000000665e+01 1.151927838071808291e-01
3.960292000000000256e-01 2.638181700000000163e+01 1.154681359066920265e-01
4.007721000000000200e-01 2.671737799999999652e+01 1.166968393088934491e-01
4.055150000000000143e-01 2.646246100000000112e+01 1.201416173598678638e-01
4.102578000000000058e-01 2.633807499999999635e+01 1.229844883009056505e-01
4.150007000000000001e-01 2.645549200000000312e+01 1.259572668475098245e-01
4.197435999999999945e-01 2.638042499999999535e+01 1.277156459045206416e-01
4.244863999999999860e-01 2.662851300000000521e+01 1.303925057189261882e-01
4.292292999999999803e-01 2.636051500000000303e+01 1.317166405477303293e-01
4.339721999999999746e-01 2.638568599999999975e+01 1.337972096941610345e-01
4.387150000000000216e-01 2.634882099999999738e+01 1.356543129260710245e-01
4.434579000000000160e-01 2.643473499999999987e+01 1.378714224915787434e-01
4.482008000000000103e-01 2.648016799999999904e+01 1.403197385553671683e-01
4.529436000000000018e-01 2.638368699999999833e+01 1.423466554488316826e-01
4.576864999999999961e-01 2.649753000000000114e+01 1.441432054813465702e-01
4.624293999999999905e-01 2.622609699999999933e+01 1.445975924908945165e-01
4.671721999999999819e-01 2.629610800000000381e+01 1.440752196884134695e-01
4.719150999999999763e-01 2.627878199999999609e+01 1.383587958625753511e-01
4.766579000000000232e-01 2.646394500000000249e+01 1.362311798003606744e-01
4.814008000000000176e-01 2.640078299999999700e+01 1.343400598873842888e-01
4.861437000000000119e-01 2.639610100000000514e+01 1.330058994203302258e-01
4.908865000000000034e-01 2.631295000000000073e+01 1.317134747385012294e-01
4.956293999999999977e-01 2.635546300000000386e+01 1.308922043755383346e-01
5.003722999999999921e-01 2.609108500000000319e+01 1.294150006649399109e-01
5.051151000000000391e-01 2.637830100000000044e+01 1.293870255487910292e-01
5.098580000000000334e-01 2.612540100000000010e+01 1.280958731061738742e-01
5.146009000000000277e-01 2.649770900000000395e+01 1.283825184998884650e-01
5.193436999999999637e-01 2.609043000000000490e+01 1.268092034473902174e-01
5.240865999999999580e-01 2.625251300000000043e+01 1.266545437762925386e-01
5.288294999999999524e-01 2.615006100000000089e+01 1.258896312881374602e-01
5.335722999999999994e-01 2.627427799999999891e+01 1.254464176992244884e-01
5.383151999999999937e-01 2.622980299999999687e+01 1.244357149261420964e-01
5.430580999999999881e-01 2.632968100000000078e+01 1.238039474756980479e-01
5.478009000000000350e-01 2.599995399999999535e+01 1.221966040733382941e-01
5.525438000000000294e-01 2.600575699999999912e+01 1.214100519005654605e-01
5.572867000000000237e-01 2.596055700000000144e+01 1.205268329070443983e-01
5.620294999999999597e-01 2.585986100000000221e+01 1.195427108421249496e-01
5.667723999999999540e-01 2.605087199999999825e+01 1.192542490030187585e-01
5.715152000000000010e-01 2.598823300000000103e+01 1.184037700332527532e-01
5.762580999999999953e-01 2.613236900000000063e+01 1.180381269359858099e-01
5.810009999999999897e-01 2.606506800000000368e+01 1.172439596784990157e-01
5.857438000000000367e-01 2.598137499999999633e+01 1.167056144823782615e-01
5.904867000000000310e-01 2.599265199999999965e+01 1.164503126597524474e-01
5.952296000000000253e-01 2.605318799999999868e+01 1.163044134980741051e-01
5.999723999999999613e-01 2.607010100000000108e+01 1.161869044763371994e-01
6.047152999999999556e-01 2.589150300000000016e+01 1.154954956398529797e-01
6.094581999999999500e-01 2.597258699999999720e+01 1.153052105294756491e-01
6.142009999999999970e-01 2.591928599999999960e+01 1.150248639653392441e-01
6.189438999999999913e-01 2.588122500000000059e+01 1.145671317446404353e-01
6.236867999999999856e-01 2.596102799999999888e+01 1.144788559865938665e-01
6.284296000000000326e-01 2.596532399999999896e+01 1.142278686342150795e-01
6.331725000000000270e-01 2.585267099999999729e+01 1.137191463163538668e-01
6.379154000000000213e-01 2.601360999999999279e+01 1.138137881673771529e-01
6.426581999999999573e-01 2.596841200000000072e+01 1.134598199684355296e-01
6.474010999999999516e-01 2.587335100000000310e+01 1.129999367108875941e-01
6.521439999999999459e-01 2.610434000000000054e+01 1.132490660119539472e-01
6.568867999999999929e-01 2.615008999999999872e+01 1.130965215478274555e-01
6.616296999999999873e-01 2.584851199999999949e+01 1.121954117715715515e-01
6.663725999999999816e-01 2.599227900000000346e+01 1.122614966064358066e-01
6.711154000000000286e-01 2.591111299999999318e+01 1.118401204383243641e-01
6.758583000000000229e-01 2.593916100000000213e+01 1.116567810530076921e-01
6.806010999999999589e-01 2.594461700000000093e+01 1.114274939110137252e-01
6.853439999999999532e-01 2.597036500000000458e+01 1.112441780281116649e-01
6.900868999999999476e-01 2.582285499999999701e+01 1.106890327633149040e-01
6.948296999999999946e-01 2.576213100000000367e+01 1.103220178139169283e-01
6.995725999999999889e-01 2.583507100000000634e+01 1.102438345650104817e-01
7.043154999999999832e-01 2.584528800000000004e+01 1.100336649550209128e-01
7.090583000000000302e-01 2.590031100000000563e+01 1.099177691040552352e-01
7.138012000000000246e-01 2.589435500000000800e+01 1.096736491860506035e-01
7.185441000000000189e-01 2.580978700000000003e+01 1.092662763176841245e-01
7.232868999999999549e-01 2.569078299999999970e+01 1.087884964319757453e-01
7.280297999999999492e-01 2.575140999999999991e+01 1.086904629479012729e-01
7.327727000000000546e-01 2.592071299999999923e+01 1.088210796172207617e-01
7.375154999999999905e-01 2.570386900000000452e+01 1.081428850819622783e-01
7.422583999999999849e-01 2.576119899999999774e+01 1.080428897788692916e-01
7.470012999999999792e-01 2.574620499999999623e+01 1.077907639973699344e-01
7.517441000000000262e-01 2.568540399999999835e+01 1.074436858687405627e-01
7.564870000000000205e-01 2.559698600000000113e+01 1.070422428165525713e-01
7.612299000000000149e-01 2.581782299999999708e+01 1.072874322694093580e-01
7.659726999999999508e-01 2.575213400000000163e+01 1.069354398957469143e-01
7.707155999999999452e-01 2.577139399999999725e+01 1.067604571899259114e-01
7.754585000000000505e-01 2.573635500000000320e+01 1.064764009330353839e-01
7.802012999999999865e-01 2.579457800000000134e+01 1.064912753517587574e-01
7.849441999999999808e-01 2.573418000000000205e+01 1.061192623416041120e-01
7.896870000000000278e-01 2.576865300000000047e+01 1.059117784541006718e-01
7.944299000000000222e-01 2.581597099999999756e+01 1.058016359539926954e-01
7.991728000000000165e-01 2.567060999999999993e+01 1.052981523169499861e-01
8.039155999999999525e-01 2.560644500000000079e+01 1.049615712169082310e-01
8.086584999999999468e-01 2.574184900000000198e+01 1.050335278465638345e-01
8.134014000000000522e-01 2.569824599999999393e+01 1.047421377412610377e-01
8.181441999999999881e-01 2.581339899999999687e+01 1.048544383908325550e-01
8.228870999999999825e-01 2.594572399999999490e+01 1.048461074892902134e-01
8.276299999999999768e-01 2.588534199999999785e+01 1.045186499240427364e-01
8.323728000000000238e-01 2.572925000000000040e+01 1.040047877372075602e-01
8.371157000000000181e-01 2.570795000000000030e+01 1.037655791363634172e-01
8.418586000000000125e-01 2.574374399999999952e+01 1.036414172688226165e-01
8.466013999999999484e-01 2.568216899999999825e+01 1.033211384749345568e-01
8.513443000000000538e-01 2.566190700000000291e+01 1.030870037237148623e-01
8.560872000000000481e-01 2.567043300000000272e+01 1.029121667219960179e-01
8.608299999999999841e-01 2.570301200000000108e+01 1.027855338790916589e-01
8.655728999999999784e-01 2.541491099999999648e+01 1.020170237075548048e-01
8.703157999999999728e-01 2.567597900000000166e+01 1.023502056097441298e-01
8.750586000000000197e-01 2.583099299999999943e+01 1.024701093656184281e-01
8.798015000000000141e-01 2.585603999999999658e+01 1.023315866035863914e-01
8.845442999999999500e-01 2.549414699999999812e+01 1.014259361524817438e-01
8.892872000000000554e-01 2.562328599999999668e+01 1.014969472197996686e-01
8.940301000000000498e-01 2.561197800000000058e+01 1.012908897983357537e-01
8.987728999999999857e-01 2.571465200000000095e+01 1.013099900474903753e-01
9.035157999999999801e-01 2.566372599999999693e+01 1.010257139303271517e-01
9.082586999999999744e-01 2.552701400000000120e+01 1.005753284526414160e-01
9.130015000000000214e-01 2.557688299999999870e+01 1.004936304173498496e-01
9.177444000000000157e-01 2.541898199999999619e+01 1.000042406446326471e-01
9.224873000000000101e-01 2.543958900000000156e+01 9.986551346276098529e-02
9.272300999999999460e-01 2.540454000000000079e+01 9.961970103355310968e-02
9.319730000000000514e-01 2.557705999999999946e+01 9.978116477324765199e-02
9.367159000000000457e-01 2.550099200000000010e+01 9.945740625313230499e-02
9.414586999999999817e-01 2.535556500000000213e+01 9.899811788028901882e-02
9.462015999999999760e-01 2.544191500000000161e+01 9.899291204096835606e-02
9.509444999999999704e-01 2.557044700000000148e+01 9.907023895744118680e-02
9.556873000000000173e-01 2.578014999999999901e+01 9.930285011384365479e-02
9.604302000000000117e-01 2.571997900000000215e+01 9.901388680377010143e-02
9.651731000000000060e-01 2.560586500000000143e+01 9.862343106343086918e-02
9.699159000000000530e-01 2.548400799999999577e+01 9.821961596213099610e-02
9.746588000000000473e-01 2.546520599999999845e+01 9.801515865131933680e-02
9.794017000000000417e-01 2.550417600000000107e+01 9.792127215057512546e-02
9.841444999999999776e-01 2.535959599999999625e+01 9.747690877050110836e-02
9.888873999999999720e-01 2.543734099999999998e+01 9.746097753025464994e-02
9.936302000000000190e-01 2.560703299999999416e+01 9.762019958521903074e-02
9.983731000000000133e-01 2.555700499999999664e+01 9.735910604197176021e-02
1.003115999999999897e+00 2.543028100000000080e+01 9.695396170232033206e-02
1.007859000000000060e+00 2.545495400000000430e+01 9.683885710463027707e-02
1.012602000000000002e+00 2.553482900000000200e+01 9.682889169629020631e-02
1.017344999999999944e+00 2.566850200000000015e+01 9.691906940959089944e-02
1.022086999999999968e+00 2.551468500000000361e+01 9.646776358121504635e-02
1.026829999999999909e+00 2.546604699999999966e+01 9.621677585281944445e-02
1.031573000000000073e+00 2.543621800000000022e+01 9.600188739819390249e-02
1.036316000000000015e+00 2.540804899999999833e+01 9.578993235536290007e-02
1.041058999999999957e+00 2.544894299999999632e+01 9.570978622095339949e-02
1.045801999999999898e+00 2.558572599999999753e+01 9.581019632940483699e-02
1.050545000000000062e+00 2.542285300000000348e+01 9.534941487529591253e-02
1.055287000000000086e+00 2.546892500000000226e+01 9.527952764048477907e-02
1.060030000000000028e+00 2.533416599999999974e+01 9.487339461942215224e-02
1.064772999999999969e+00 2.552893600000000163e+01 9.508401621648351898e-02
1.069515999999999911e+00 2.558148699999999920e+01 9.502900303635727908e-02
1.074259000000000075e+00 2.532939499999999811e+01 9.440689570588156609e-02
1.079002000000000017e+00 2.553025399999999934e+01 9.462885134170762047e-02
1.083744999999999958e+00 2.542186900000000094e+01 9.429795015947960157e-02
1.088487999999999900e+00 2.551304700000000025e+01 9.433787148066941075e-02
1.093229999999999924e+00 2.549902999999999764e+01 9.412053142742396461e-02
1.097973000000000088e+00 2.546399100000000004e+01 9.390708528710066394e-02
1.102716000000000030e+00 2.547021299999999755e+01 9.377113287099393679e-02
1.107458999999999971e+00 2.545860599999999607e+01 9.360293691296175944e-02
1.112201999999999913e+00 2.564275800000000416e+01 9.379276577506018286e-02
1.116945000000000077e+00 2.549408500000000188e+01 9.337446327190533635e-02
1.121688000000000018e+00 2.540286100000000147e+01 9.306253274775086459e-02
1.126430000000000042e+00 2.540736399999999762e+01 9.292677223371260953e-02
1.131172999999999984e+00 2.547547100000000242e+01 9.290646711722118367e-02
1.135915999999999926e+00 2.524463200000000285e+01 9.234182351603741068e-02
1.140659000000000090e+00 2.540510000000000446e+01 9.249284592122787585e-02
1.145402000000000031e+00 2.533815299999999837e+01 9.222957258582412110e-02
1.150144999999999973e+00 2.537695000000000078e+01 9.215822259693759455e-02
1.154887999999999915e+00 2.532971699999999515e+01 9.193197694101329365e-02
1.159631000000000078e+00 2.536735000000000184e+01 9.186080649305175538e-02
1.164373000000000102e+00 2.551363300000000223e+01 9.198638938057088210e-02
1.169116000000000044e+00 2.536449299999999951e+01 9.164639230462975905e-02
1.173858999999999986e+00 2.531709000000000032e+01 9.139799632457869250e-02
1.178601999999999927e+00 2.529798800000000014e+01 9.118256876227112673e-02
1.183345000000000091e+00 2.529671300000000045e+01 9.104413148058089489e-02
1.188088000000000033e+00 2.535826200000000341e+01 9.101795050460156911e-02
1.192830999999999975e+00 2.549351800000000168e+01 9.112429422430003145e-02
1.197572999999999999e+00 2.548025999999999769e+01 9.096561766121252779e-02
1.202315999999999940e+00 2.529723200000000105e+01 9.050466596321926627e-02
1.207059000000000104e+00 2.561075400000000357e+01 9.122351047581320205e-02
1.211802000000000046e+00 2.548509800000000070e+01 9.397925527445619154e-02
1.216544999999999987e+00 2.544532199999999733e+01 9.586050878798735297e-02
1.221287999999999929e+00 2.534238500000000016e+01 9.710457803794217413e-02
1.226031000000000093e+00 2.531737700000000046e+01 9.827186507558864637e-02
1.230774000000000035e+00 2.530347499999999883e+01 9.932803517597335596e-02
1.235516000000000059e+00 2.534120699999999715e+01 1.003963970476341450e-01
1.240259000000000000e+00 2.520178900000000155e+01 1.010466465797074387e-01
1.245001999999999942e+00 2.529477100000000078e+01 1.021098564241200018e-01
1.249745000000000106e+00 2.546302700000000030e+01 1.032892024309269158e-01
1.254488000000000048e+00 2.540835399999999922e+01 1.039852589418399226e-01
1.259230999999999989e+00 2.517380299999999949e+01 1.040314809970885601e-01
1.263973999999999931e+00 2.520581400000000372e+01 1.043651881323854197e-01
1.268715999999999955e+00 2.510156900000000135e+01 1.044017162964258894e-01
1.273458999999999897e+00 2.540069300000000041e+01 1.033010145178603761e-01
1.278202000000000060e+00 2.550630400000000009e+01 9.968979448674322730e-02
1.282945000000000002e+00 2.540268800000000127e+01 9.758944674458605584e-02
1.287687999999999944e+00 2.548172599999999832e+01 9.636471092221052248e-02
1.292431000000000108e+00 2.560870099999999638e+01 9.548875052021782439e-02
1.297174000000000049e+00 2.540282199999999690e+01 9.415709217283049770e-02
1.301916000000000073e+00 2.538682400000000072e+01 9.329327631365616491e-02
1.306659000000000015e+00 2.533629899999999679e+01 9.245168699685582525e-02
1.311401999999999957e+00 2.533250400000000013e+01 9.176223171876761453e-02
1.316144999999999898e+00 2.528268599999999822e+01 9.104251463473150840e-02
1.320888000000000062e+00 2.545444699999999827e+01 9.089644905952101728e-02
1.325631000000000004e+00 2.528878499999999718e+01 9.036688620597368993e-02
1.330373999999999945e+00 2.517701399999999978e+01 8.994702064683632314e-02
1.335117000000000109e+00 2.541875699999999583e+01 9.016657036532885194e-02
1.339858999999999911e+00 2.543180199999999758e+01 8.998493960944631276e-02
1.344602000000000075e+00 2.536871799999999766e+01 8.967636875811263453e-02
1.349345000000000017e+00 2.539272700000000071e+01 8.952854135218779597e-02
1.354087999999999958e+00 2.527311499999999711e+01 8.913313578981781060e-02
1.358830999999999900e+00 2.536644300000000385e+01 8.911680694827098237e-02
1.363574000000000064e+00 2.536241100000000515e+01 8.893380941378201121e-02
1.368317000000000005e+00 2.528078199999999853e+01 8.861937020645203889e-02
1.373059000000000029e+00 2.524499600000000044e+01 8.838960605642327828e-02
1.377801999999999971e+00 2.513220199999999949e+01 8.802738389227639237e-02
1.382544999999999913e+00 2.529645700000000019e+01 8.815279058020511482e-02
1.387288000000000077e+00 2.532861799999999874e+01 8.805055263699597401e-02
1.392031000000000018e+00 2.534651700000000218e+01 8.792592005782821907e-02
1.396773999999999960e+00 2.542597900000000166e+01 8.790933337427374317e-02
1.401516999999999902e+00 2.533164999999999978e+01 8.759466021231887556e-02
1.406260000000000066e+00 2.533960100000000182e+01 8.745947517386780390e-02
1.411002000000000089e+00 2.525778699999999688e+01 8.717176577829659212e-02
1.415745000000000031e+00 2.526786700000000252e+01 8.704354450305433477e-02
1.420487999999999973e+00 2.534990800000000277e+01 8.704116014205923180e-02
1.425230999999999915e+00 2.533309099999999958e+01 8.687070508971651839e-02
1.429974000000000078e+00 2.545794899999999927e+01 8.694452368818636478e-02
1.434717000000000020e+00 2.530902800000000141e+01 8.655102873798670160e-02
1.439459999999999962e+00 2.519386099999999828e+01 8.621698088827514650e-02
1.444201999999999986e+00 2.528987300000000005e+01 8.624559695622263655e-02
1.448944999999999927e+00 2.526066199999999995e+01 8.606198966594254263e-02
1.453688000000000091e+00 2.530757000000000190e+01 8.600858245965166404e-02
1.458431000000000033e+00 2.524396700000000138e+01 8.576844824211347917e-02
1.463173999999999975e+00 2.520828599999999753e+01 8.560025693251216428e-02
1.467916999999999916e+00 2.525081399999999832e+01 8.554508442909038168e-02
1.472660000000000080e+00 2.512738499999999675e+01 8.518351281107981732e-02
1.477402000000000104e+00 2.534052799999999905e+01 8.541637311543846811e-02
1.482145000000000046e+00 2.532485900000000001e+01 8.526382771346592560e-02
1.486887999999999987e+00 2.536183399999999821e+01 8.520117526730897062e-02
1.491630999999999929e+00 2.531353100000000111e+01 8.499529667509490849e-02
1.496374000000000093e+00 2.525269300000000072e+01 8.476935810510836944e-02
1.501117000000000035e+00 2.533168199999999715e+01 8.482235763576252696e-02
1.505859999999999976e+00 2.540855799999999576e+01 8.647032465112410027e-02
1.510602999999999918e+00 2.525117399999999890e+01 8.862679036038594027e-02
1.515344999999999942e+00 2.528914999999999935e+01 9.016303306689443797e-02
1.520088000000000106e+00 2.540852699999999942e+01 9.156641697964051918e-02
1.524831000000000047e+00 2.536486200000000224e+01 9.252586557130174083e-02
1.529573999999999989e+00 2.531231800000000121e+01 9.315752593539664006e-02
1.534316999999999931e+00 2.551693600000000117e+01 9.093329767800241437e-02
1.539060000000000095e+00 2.548116700000000279e+01 8.945932181721141796e-02
1.543803000000000036e+00 2.552581699999999643e+01 8.859330915351283642e-02
1.548545000000000060e+00 2.545946500000000157e+01 8.755417693650199840e-02
1.553288000000000002e+00 2.532228199999999774e+01 8.654306781528257886e-02
1.558030999999999944e+00 2.532627300000000403e+01 8.582095453579680067e-02
1.562774000000000107e+00 2.540631999999999735e+01 8.509603486403582995e-02
1.567517000000000049e+00 2.524297799999999725e+01 8.404148537930061780e-02
1.572259999999999991e+00 2.523843200000000309e+01 8.354119843668272871e-02
1.577002999999999933e+00 2.540061400000000091e+01 8.347993867686955005e-02
1.581746000000000096e+00 2.530923999999999552e+01 8.316881204255655025e-02
1.586487999999999898e+00 2.521164399999999972e+01 8.303012092195519167e-02
1.591231000000000062e+00 2.532677499999999426e+01 8.332604697823903228e-02
1.595974000000000004e+00 2.513473499999999916e+01 8.311190308978852470e-02
1.600716999999999945e+00 2.515081500000000148e+01 8.321083217740946059e-02
1.605460000000000109e+00 2.498535800000000151e+01 8.282891882167062181e-02
1.610203000000000051e+00 2.529746400000000150e+01 8.320536554258264883e-02
1.614945999999999993e+00 2.512845499999999888e+01 8.279159235962732510e-02
1.619688000000000017e+00 2.510406099999999796e+01 8.261881694162655221e-02
1.624430999999999958e+00 2.520990200000000669e+01 8.266212157007586658e-02
1.629173999999999900e+00 2.524552899999999767e+01 8.259142928603911693e-02
1.633917000000000064e+00 2.516564799999999735e+01 8.233449033066761458e-02
1.638660000000000005e+00 2.515111399999999975e+01 8.218629703091688554e-02
1.643402999999999947e+00 2.511652099999999521e+01 8.200715057386459561e-02
1.648146000000000111e+00 2.523929499999999848e+01 8.208554379212334995e-02
1.652889000000000053e+00 2.528614599999999513e+01 8.204152759778793325e-02
1.657631000000000077e+00 2.525230700000000184e+01 8.186839576098764448e-02
1.662374000000000018e+00 2.522910600000000159e+01 8.171337639409351206e-02
1.667116999999999960e+00 2.518697500000000034e+01 8.152894330194646044e-02
1.671859999999999902e+00 2.519169699999999779e+01 8.142196897820022650e-02
1.676603000000000065e+00 2.523886000000000607e+01 8.138474021032629513e-02
1.681346000000000007e+00 2.516982199999999992e+01 8.116066685529450819e-02
1.686088999999999949e+00 2.526249499999999770e+01 8.119774865111654971e-02
1.690830999999999973e+00 2.528974300000000142e+01 8.113084849102343565e-02
1.695573999999999915e+00 2.514575199999999811e+01 8.079024348203191208e-02
1.700317000000000078e+00 2.520285600000000059e+01 8.077287361344401284e-02
1.705060000000000020e+00 2.524226000000000170e+01 8.072766859678284779e-02
1.709802999999999962e+00 2.527879999999999683e+01 8.067863748343796770e-02
1.714545999999999903e+00 2.500308499999999867e+01 8.013192640266549038e-02
1.719289000000000067e+00 2.511805799999999778e+01 8.021032640266027858e-02
1.724031000000000091e+00 2.511644199999999927e+01 8.010259445122860922e-02
1.728774000000000033e+00 2.512717799999999713e+01 8.001572346221710874e-02
1.733516999999999975e+00 2.518465599999999682e+01 8.000414537053188169e-02
1.738259999999999916e+00 2.518076300000000245e+01 7.989505198852929480e-02
1.743003000000000080e+00 2.527848700000000193e+01 7.994710957787216909e-02
1.747746000000000022e+00 2.531432999999999822e+01 7.990208350951619187e-02
1.752488999999999963e+00 2.519914800000000099e+01 7.961938386192271566e-02
1.757231999999999905e+00 2.517142199999999974e+01 7.947535264315157277e-02
1.761973999999999929e+00 2.516041299999999836e+01 7.935783029923575149e-02
1.766717000000000093e+00 2.519684000000000168e+01 7.931611759438367271e-02
1.771460000000000035e+00 2.522099000000000046e+01 7.925569834793394497e-02
1.776202999999999976e+00 2.509381500000000287e+01 7.899317582792136916e-02
1.780945999999999918e+00 2.517966500000000352e+01 7.903291038208892783e-02
1.785689000000000082e+00 2.517324799999999740e+01 7.888786940803382830e-02
1.790432000000000023e+00 2.506061599999999956e+01 7.861517449146823711e-02
1.795174000000000047e+00 2.517265199999999936e+01 7.869474044379012878e-02
1.799916999999999989e+00 2.517612300000000047e+01 7.860419997996034858e-02
1.804659999999999931e+00 2.502870499999999510e+01 7.827932322070624283e-02
1.809403000000000095e+00 2.506019900000000078e+01 7.823434498318050656e-02
1.814146000000000036e+00 2.496789199999999909e+01 7.799644955963379311e-02
1.818888999999999978e+00 2.506221400000000088e+01 7.804995711720602580e-02
1.823631999999999920e+00 2.523226500000000527e+01 7.822112276174575385e-02
1.828375000000000083e+00 2.512493400000000321e+01 7.796221015871727944e-02
1.833117000000000107e+00 2.510599000000000203e+01 7.784059235217959116e-02
1.837860000000000049e+00 2.513175600000000287e+01 7.778852707916894538e-02
1.842602999999999991e+00 2.513434799999999569e+01 7.770122083122503465e-02
1.847345999999999933e+00 2.514298500000000303e+01 7.762388021150966322e-02
1.852089000000000096e+00 2.508000600000000446e+01 7.750007969538161290e-02
1.856832000000000038e+00 2.499060800000000171e+01 7.721352630930801431e-02
1.861574999999999980e+00 2.517965799999999987e+01 7.740975641114238026e-02
1.866317000000000004e+00 2.513998799999999889e+01 7.725954469192981844e-02
1.871059999999999945e+00 2.506322100000000219e+01 7.705284446864826831e-02
1.875803000000000109e+00 2.502616300000000393e+01 7.690710789871765818e-02
1.880546000000000051e+00 2.508067100000000238e+01 7.690270750295011282e-02
1.885288999999999993e+00 2.503158400000000228e+01 7.674010926900351470e-02
1.890031999999999934e+00 2.498203799999999930e+01 7.657698708749580141e-02
1.894775000000000098e+00 2.497242899999999821e+01 7.647499615051968347e-02
1.899516999999999900e+00 2.512677800000000161e+01 7.662453258222330643e-02
1.904260000000000064e+00 2.515994699999999895e+01 7.658877556837163925e-02
1.909003000000000005e+00 2.494935300000000211e+01 7.618200164252773854e-02
1.913745999999999947e+00 2.498447600000000079e+01 7.614976732184544628e-02
1.918489000000000111e+00 2.505776000000000181e+01 7.617637266611018698e-02
1.923232000000000053e+00 2.498055000000000092e+01 7.597446058087085896e-02
1.927974999999999994e+00 2.490956000000000259e+01 7.578005406500776253e-02
1.932717999999999936e+00 2.490442199999999673e+01 7.562867611698356751e-02
1.937459999999999960e+00 2.496783999999999892e+01 7.554822007266021044e-02
1.942202999999999902e+00 2.509751700000000341e+01 7.553771869620302948e-02
1.946946000000000065e+00 2.504723999999999862e+01 7.527866129719762434e-02
1.951689000000000007e+00 2.502068399999999571e+01 7.509036888853856673e-02
1.956431999999999949e+00 2.500802600000000098e+01 7.499046791117389144e-02
1.961174999999999891e+00 2.492093499999999651e+01 7.478094037764368429e-02
1.965918000000000054e+00 2.501243299999999792e+01 7.484043729765949005e-02
1.970660000000000078e+00 2.491269800000000245e+01 7.465582375045834440e-02
1.975403000000000020e+00 2.494080600000000203e+01 7.467790778976471366e-02
1.980145999999999962e+00 2.489914499999999720e+01 7.463597811388286707e-02
1.984888999999999903e+00 2.496929400000000143e+01 7.476085196261275656e-02
1.989632000000000067e+00 2.483461799999999897e+01 7.457863769918635088e-02
1.994375000000000009e+00 2.499451599999999729e+01 7.479093028751281069e-02
1.999117999999999951e+00 2.502785199999999932e+01 7.473322309259181062e-02
2.003861000000000114e+00 2.499752000000000152e+01 7.460853524378158186e-02
2.008602999999999916e+00 2.495238700000000165e+01 7.446159640015381775e-02
2.013345999999999858e+00 2.514114699999999658e+01 7.532649096200619288e-02
2.018088999999999800e+00 2.506808799999999593e+01 7.741186803283976736e-02
2.022832000000000185e+00 2.494497500000000301e+01 7.849963120053241039e-02
2.027575000000000127e+00 2.490262299999999840e+01 7.942498845560004572e-02
2.032318000000000069e+00 2.479927999999999955e+01 8.010980463631027504e-02
2.037061000000000011e+00 2.491194600000000037e+01 8.105581571197958968e-02
2.041802999999999813e+00 2.493577900000000014e+01 8.178184650650352494e-02
2.046546000000000198e+00 2.501210899999999526e+01 8.228136945082646647e-02
2.051289000000000140e+00 2.473127000000000209e+01 8.206947056880348201e-02
2.056032000000000082e+00 2.483465800000000101e+01 8.247387689684171352e-02
2.060775000000000023e+00 2.487149699999999797e+01 8.275318839039859375e-02
2.065517999999999965e+00 2.488378400000000212e+01 8.297816483365247353e-02
2.070260999999999907e+00 2.495499799999999979e+01 8.329073517086639511e-02
2.075003000000000153e+00 2.480475699999999506e+01 8.322297850397208929e-02
2.079746000000000095e+00 2.508623200000000253e+01 8.168261440430699127e-02
2.084489000000000036e+00 2.499758500000000083e+01 7.946673854087758782e-02
2.089231999999999978e+00 2.504610999999999876e+01 7.840635598080106239e-02
2.093974999999999920e+00 2.500732299999999952e+01 7.748679741985145530e-02
2.098717999999999861e+00 2.495718700000000112e+01 7.670208352896419612e-02
2.103460999999999803e+00 2.488092199999999821e+01 7.597660267133099499e-02
2.108204000000000189e+00 2.489720600000000061e+01 7.557909646039770446e-02
2.112945999999999991e+00 2.489812099999999617e+01 7.537947619913128172e-02
2.117688999999999933e+00 2.488270199999999477e+01 7.517377062517749398e-02
2.122431999999999874e+00 2.486752099999999999e+01 7.498073459118481665e-02
2.127174999999999816e+00 2.486096099999999964e+01 7.481187630410027212e-02
2.131918000000000202e+00 2.499257999999999669e+01 7.485896075973402786e-02
2.136661000000000143e+00 2.495756300000000039e+01 7.466316363884067941e-02
2.141404000000000085e+00 2.496367500000000206e+01 7.453478293417444001e-02
2.146145999999999887e+00 2.501204200000000100e+01 7.447521438149608264e-02
2.150888999999999829e+00 2.486777299999999968e+01 7.413336092994637916e-02
2.155632000000000215e+00 2.494061699999999959e+01 7.411959113842776781e-02
2.160375000000000156e+00 2.498932300000000239e+01 7.407255735170549527e-02
2.165118000000000098e+00 2.492766499999999752e+01 7.386551602756932788e-02
2.169861000000000040e+00 2.481748999999999938e+01 7.358993179495207371e-02
2.174603999999999981e+00 2.487666000000000111e+01 7.356784325659411483e-02
2.179346999999999923e+00 2.497470500000000371e+01 7.360495771016786759e-02
2.184089000000000169e+00 2.493305099999999896e+01 7.343836888837469712e-02
2.188832000000000111e+00 2.488504599999999911e+01 7.326474747606859239e-02
2.193575000000000053e+00 2.481712699999999927e+01 7.306395517735130019e-02
2.198317999999999994e+00 2.482211299999999810e+01 7.297177450855571457e-02
2.203060999999999936e+00 2.482248500000000391e+01 7.287459297190071461e-02
2.207803999999999878e+00 2.482924799999999976e+01 7.278890371940904824e-02
2.212546999999999819e+00 2.481315000000000026e+01 7.267080968618830350e-02
2.217289000000000065e+00 2.485715100000000177e+01 7.264159840873271601e-02
2.222032000000000007e+00 2.488653899999999908e+01 7.259232286886403707e-02
2.226774999999999949e+00 2.487647199999999970e+01 7.248672346023096735e-02
2.231517999999999891e+00 2.487839400000000012e+01 7.239981652145603686e-02
2.236260999999999832e+00 2.482646999999999693e+01 7.223519016342865029e-02
2.241004000000000218e+00 2.474161600000000050e+01 7.202412482091538615e-02
2.245747000000000160e+00 2.466458400000000140e+01 7.182570122205281238e-02
2.250490000000000101e+00 2.489246699999999990e+01 7.207085014304256965e-02
2.255231999999999903e+00 2.478144799999999748e+01 7.182477453138227941e-02
2.259974999999999845e+00 2.473443599999999876e+01 7.167256137616193068e-02
2.264717999999999787e+00 2.480111699999999431e+01 7.168590533814929444e-02
2.269461000000000173e+00 2.475002300000000233e+01 7.152947098973191919e-02
2.274204000000000114e+00 2.479123800000000344e+01 7.150684050297985428e-02
2.278947000000000056e+00 2.478413099999999503e+01 7.141540078823895021e-02
2.283689999999999998e+00 2.486440599999999890e+01 7.145032906056555944e-02
2.288431999999999800e+00 2.469847500000000196e+01 7.113204133455471034e-02
2.293175000000000185e+00 2.472769999999999868e+01 7.109461211973239214e-02
2.297918000000000127e+00 2.476062999999999903e+01 7.106326948572941338e-02
2.302661000000000069e+00 2.482492100000000335e+01 7.107733341787028647e-02
2.307404000000000011e+00 2.483550600000000230e+01 7.101518183693118769e-02
2.312146999999999952e+00 2.483358700000000141e+01 7.093491183135636202e-02
2.316889999999999894e+00 2.487523500000000354e+01 7.091759527985984357e-02
2.321632000000000140e+00 2.474678400000000167e+01 7.065861183295564507e-02
2.326375000000000082e+00 2.481328700000000254e+01 7.067810302567549552e-02
2.331118000000000023e+00 2.474620600000000081e+01 7.050708732972452153e-02
2.335860999999999965e+00 2.473706899999999820e+01 7.041956204881281989e-02
2.340603999999999907e+00 2.469111600000000095e+01 7.028004353748509847e-02
2.345346999999999849e+00 2.475220300000000151e+01 7.029363380983658094e-02
2.350089999999999790e+00 2.477298499999999848e+01 7.024970032268892939e-02
2.354833000000000176e+00 2.471895399999999654e+01 7.009998243779023974e-02
2.359574999999999978e+00 2.479211199999999593e+01 7.013148118799145125e-02
2.364317999999999920e+00 2.478685000000000116e+01 7.005183084790148063e-02
2.369060999999999861e+00 2.480684899999999971e+01 7.000829861199955872e-02
2.373803999999999803e+00 2.471048199999999895e+01 6.980103176181352842e-02
2.378547000000000189e+00 2.468627599999999944e+01 6.969592289641769745e-02
2.383290000000000131e+00 2.475400300000000087e+01 6.972116777015355260e-02
2.388033000000000072e+00 2.472134799999999899e+01 6.960478553715973571e-02
2.392774999999999874e+00 2.471391699999999858e+01 6.952448636272619276e-02
2.397517999999999816e+00 2.472128000000000014e+01 6.946552559370798574e-02
2.402261000000000202e+00 2.475990799999999936e+01 6.945092976715286359e-02
2.407004000000000143e+00 2.467298599999999809e+01 6.925967686613113128e-02
2.411747000000000085e+00 2.476321000000000083e+01 6.931774961227030185e-02
2.416490000000000027e+00 2.466975199999999901e+01 6.911887237895522618e-02
2.421232999999999969e+00 2.470437600000000344e+01 6.909950951117307949e-02
2.425975999999999910e+00 2.466818400000000011e+01 6.898117411653705011e-02
2.430718000000000156e+00 2.474413000000000196e+01 6.901981387775180110e-02
2.435461000000000098e+00 2.469182799999999745e+01 6.888037674480591843e-02
2.440204000000000040e+00 2.465826899999999711e+01 6.879127567178558444e-02
2.444946999999999981e+00 2.470668799999999976e+01 6.876799784384449166e-02
2.449689999999999923e+00 2.479396299999999798e+01 6.882293560398161647e-02
2.454432999999999865e+00 2.469913799999999782e+01 6.862549558170928654e-02
2.459175999999999807e+00 2.475788899999999870e+01 6.864160800765159443e-02
2.463918000000000053e+00 2.479821399999999798e+01 6.863167486549413832e-02
2.468660999999999994e+00 2.469003299999999612e+01 6.841687506435163713e-02
2.473403999999999936e+00 2.474252100000000354e+01 6.842475798373276463e-02
2.478146999999999878e+00 2.470702299999999951e+01 6.831129504588534518e-02
2.482889999999999819e+00 2.468916199999999961e+01 6.822220528079622759e-02
2.487633000000000205e+00 2.463247599999999693e+01 6.807991166371987757e-02
2.492376000000000147e+00 2.465537699999999788e+01 6.804783646342328629e-02
2.497117999999999949e+00 2.472686299999999804e+01 6.808286399581836568e-02
2.501860999999999891e+00 2.459917899999999946e+01 6.784361783410212954e-02
2.506603999999999832e+00 2.462533800000000284e+01 6.781680177353986705e-02
2.511347000000000218e+00 2.461025400000000118e+01 6.773175976096074136e-02
2.516090000000000160e+00 2.472774700000000081e+01 6.777860010009059688e-02
2.520833000000000101e+00 2.462336999999999776e+01 6.749674515565176613e-02
2.525576000000000043e+00 2.463280999999999921e+01 6.737238690245953010e-02
2.530318999999999985e+00 2.473687100000000072e+01 6.740404605418578998e-02
2.535060999999999787e+00 2.474180600000000041e+01 6.734910726453766094e-02
2.539804000000000173e+00 2.454853399999999652e+01 6.702489772657845013e-02
2.544547000000000114e+00 2.454495100000000107e+01 6.696006233230746008e-02
2.549290000000000056e+00 2.467068799999999840e+01 6.707102010042563511e-02
2.554032999999999998e+00 2.458726300000000009e+01 6.689792574047717655e-02
2.558775999999999939e+00 2.467772000000000077e+01 6.696095969294869887e-02
2.563518999999999881e+00 2.466151400000000038e+01 6.688180913279859197e-02
2.568261000000000127e+00 2.455883600000000300e+01 6.673684725204059864e-02
2.573004000000000069e+00 2.458078400000000130e+01 6.678209251996002072e-02
2.577747000000000011e+00 2.454987500000000367e+01 6.675490237209173727e-02
2.582489999999999952e+00 2.460459499999999622e+01 6.681105554514236988e-02
2.587232999999999894e+00 2.473002699999999976e+01 6.692204444076629843e-02
2.591975999999999836e+00 2.470355400000000046e+01 6.682692664999789756e-02
2.596719000000000221e+00 2.468055599999999927e+01 6.673663540907497083e-02
2.601462000000000163e+00 2.446769300000000058e+01 6.638945233218904174e-02
2.606203999999999965e+00 2.459677100000000038e+01 6.650604403145175814e-02
2.610946999999999907e+00 2.460325800000000385e+01 6.645648170235390895e-02
2.615689999999999849e+00 2.456279099999999715e+01 6.634358965860831514e-02
2.620432999999999790e+00 2.457245400000000046e+01 6.629863924781939644e-02
2.625176000000000176e+00 2.459106600000000142e+01 6.626597008366888475e-02
2.629919000000000118e+00 2.450392000000000081e+01 6.609096688515989082e-02
2.634662000000000059e+00 2.456129400000000018e+01 6.612504101167046566e-02
2.639403999999999861e+00 2.458610599999999380e+01 6.611266908836763156e-02
2.644146999999999803e+00 2.470370600000000394e+01 6.619162970704151050e-02
2.648890000000000189e+00 2.471733699999999700e+01 6.614893266842557240e-02
2.653633000000000131e+00 2.451103400000000221e+01 6.582555316904445397e-02
2.658376000000000072e+00 2.451748800000000372e+01 6.577924570308479879e-02
2.663119000000000014e+00 2.458699500000000171e+01 6.580455160031258022e-02
2.667861999999999956e+00 2.461573999999999884e+01 6.578652915640328946e-02
2.672604999999999897e+00 2.454680600000000013e+01 6.563830769478749827e-02
2.677347000000000143e+00 2.448517600000000272e+01 6.550011525875126805e-02
2.682090000000000085e+00 2.455832099999999940e+01 6.554215223532944279e-02
2.686833000000000027e+00 2.462183799999999678e+01 6.557143743867065167e-02
2.691575999999999969e+00 2.465552599999999828e+01 6.556053957794734377e-02
2.696318999999999910e+00 2.453176100000000304e+01 6.534063595438141525e-02
2.701061999999999852e+00 2.459622600000000503e+01 6.537147419283888261e-02
2.705804999999999794e+00 2.460969700000000060e+01 6.533435113257879401e-02
2.710547000000000040e+00 2.468429599999999979e+01 6.537821960156685319e-02
2.715289999999999981e+00 2.467544699999999835e+01 6.531195385673208009e-02
2.720032999999999923e+00 2.448946499999999915e+01 6.501112742916707876e-02
2.724775999999999865e+00 2.455530900000000116e+01 6.504413348120489935e-02
2.729518999999999807e+00 2.457479500000000172e+01 6.501554340923945685e-02
2.734262000000000192e+00 2.460898600000000158e+01 6.500673528714004390e-02
2.739005000000000134e+00 2.461006100000000174e+01 6.495438281861662388e-02
2.743746999999999936e+00 2.460267699999999991e+01 6.489076258001211239e-02
2.748489999999999878e+00 2.471876800000000074e+01 6.499005940904500900e-02
2.753232999999999819e+00 2.450287700000000157e+01 6.465237582849141240e-02
2.757976000000000205e+00 2.453069900000000203e+01 6.463592934327005990e-02
2.762719000000000147e+00 2.464267799999999653e+01 6.473010407861243265e-02
2.767462000000000089e+00 2.460175999999999874e+01 6.462332741796958380e-02
2.772205000000000030e+00 2.456353099999999756e+01 6.452033571970779147e-02
2.776947999999999972e+00 2.449955399999999983e+01 6.438365309848534390e-02
2.781690000000000218e+00 2.450703999999999994e+01 6.434114667263243770e-02
2.786433000000000160e+00 2.456385800000000330e+01 6.436310366830906571e-02
2.791176000000000101e+00 2.451339300000000065e+01 6.424482945424790648e-02
2.795919000000000043e+00 2.455267800000000022e+01 6.424426836704578980e-02
2.800661999999999985e+00 2.453272700000000128e+01 6.418093713225446473e-02
2.805404999999999927e+00 2.452134799999999970e+01 6.410494859239963816e-02
2.810147999999999868e+00 2.455062099999999958e+01 6.412207687489621111e-02
2.814890000000000114e+00 2.468573100000000053e+01 6.425501914160713923e-02
2.819633000000000056e+00 2.462653599999999798e+01 6.536716852857021864e-02
2.824375999999999998e+00 2.451615200000000172e+01 6.658942181074783973e-02
2.829118999999999939e+00 2.449043300000000301e+01 6.741461220382788389e-02
2.833861999999999881e+00 2.455414599999999936e+01 6.820709588931930800e-02
2.838604999999999823e+00 2.447037500000000065e+01 6.868641066326075517e-02
2.843348000000000209e+00 2.446403799999999862e+01 6.896705614704964904e-02
2.848091000000000150e+00 2.450811600000000468e+01 6.923865051451247310e-02
2.852832999999999952e+00 2.455546000000000006e+01 6.950771459779339634e-02
2.857575999999999894e+00 2.450345899999999943e+01 6.962058773279423962e-02
2.862318999999999836e+00 2.448483199999999727e+01 6.976772349965562614e-02
2.867062000000000221e+00 2.446436299999999875e+01 6.990203641387637834e-02
2.871805000000000163e+00 2.439702100000000229e+01 6.995984006125013921e-02
2.876548000000000105e+00 2.444698199999999844e+01 7.017762714536307511e-02
2.881291000000000047e+00 2.447977099999999950e+01 7.003469044361872176e-02
2.886032999999999848e+00 2.461897599999999997e+01 6.823115009818389587e-02
2.890775999999999790e+00 2.459621200000000130e+01 6.712770986558755371e-02
2.895519000000000176e+00 2.454908899999999861e+01 6.633894522502147006e-02
2.900262000000000118e+00 2.456719899999999868e+01 6.578922215430046960e-02
2.905005000000000059e+00 2.457493000000000194e+01 6.544519299660594980e-02
2.909748000000000001e+00 2.447623800000000216e+01 6.514258864712776931e-02
2.914490999999999943e+00 2.465495999999999910e+01 6.522679730105333806e-02
2.919233000000000189e+00 2.457082899999999626e+01 6.497667445679181086e-02
2.923976000000000131e+00 2.457759599999999978e+01 6.485807837138177212e-02
2.928719000000000072e+00 2.455992699999999829e+01 6.471639585668997885e-02
2.933462000000000014e+00 2.461016400000000104e+01 6.467091649558479038e-02
2.938204999999999956e+00 2.452223499999999845e+01 6.444965909775472734e-02
2.942947999999999897e+00 2.459455899999999673e+01 6.444454601715182696e-02
2.947690999999999839e+00 2.464155600000000135e+01 6.441004223395681294e-02
2.952433999999999781e+00 2.459926100000000204e+01 6.427007504605156130e-02
2.957176000000000027e+00 2.459386300000000247e+01 6.418031157278530907e-02
2.961918999999999969e+00 2.462796900000000022e+01 6.412576720481166781e-02
2.966661999999999910e+00 2.448012500000000458e+01 6.385043025439531006e-02
2.971404999999999852e+00 2.439946299999999724e+01 6.366458555154271004e-02
2.976147999999999794e+00 2.455636300000000105e+01 6.379046684352215890e-02
2.980891000000000179e+00 2.451275399999999749e+01 6.365739941287815173e-02
2.985634000000000121e+00 2.450736799999999960e+01 6.357574154039259684e-02
2.990375999999999923e+00 2.452600199999999830e+01 6.354333709135365216e-02
2.995118999999999865e+00 2.445800799999999953e+01 6.336996664660950185e-02
2.999861999999999806e+00 2.445546399999999920e+01 6.329352046531067089e-02
3.004605000000000192e+00 2.459479199999999821e+01 6.340443788480502885e-02
3.009348000000000134e+00 2.449310399999999888e+01 6.320545494607723858e-02
3.014091000000000076e+00 2.450532000000000465e+01 6.317347988158875105e-02
3.018834000000000017e+00 2.451301700000000139e+01 6.309822839362053126e-02
3.023576999999999959e+00 2.445722300000000615e+01 6.296180555893073072e-02
3.028319000000000205e+00 2.449610299999999796e+01 6.294787669027765431e-02
3.033062000000000147e+00 2.443745100000000292e+01 6.280907639217042648e-02
3.037805000000000089e+00 2.448646800000000212e+01 6.280975719855078077e-02
3.042548000000000030e+00 2.450356199999999873e+01 6.277017667902090592e-02
3.047290999999999972e+00 2.445611999999999853e+01 6.264855009358318016e-02
3.052033999999999914e+00 2.447344000000000008e+01 6.261033811000224492e-02
3.056776999999999855e+00 2.443039300000000225e+01 6.249581917010689491e-02
3.061519000000000101e+00 2.442999300000000318e+01 6.243623110340661142e-02
3.066262000000000043e+00 2.445988300000000137e+01 6.241601630595947775e-02
3.071004999999999985e+00 2.444553900000000013e+01 6.235252188749305230e-02
3.075747999999999927e+00 2.447495699999999630e+01 6.233546102838335295e-02
3.080490999999999868e+00 2.448538399999999626e+01 6.228522927934600217e-02
3.085233999999999810e+00 2.445165000000000077e+01 6.217677754586353744e-02
3.089977000000000196e+00 2.439376800000000145e+01 6.206482677104802059e-02
3.094720000000000137e+00 2.444419500000000056e+01 6.205665269484973712e-02
3.099461999999999939e+00 2.451226100000000230e+01 6.208720776708435973e-02
3.104204999999999881e+00 2.450234599999999929e+01 6.201972959186132645e-02
3.108947999999999823e+00 2.448909099999999839e+01 6.194827121508154205e-02
3.113691000000000209e+00 2.443599099999999780e+01 6.182725382132866349e-02
3.118434000000000150e+00 2.448115699999999961e+01 6.183095976003283312e-02
3.123177000000000092e+00 2.439300200000000274e+01 6.166609080043342767e-02
3.127920000000000034e+00 2.449280200000000463e+01 6.173898613547844361e-02
3.132661999999999836e+00 2.445547499999999985e+01 6.163934295849608086e-02
3.137405000000000221e+00 2.444172700000000376e+01 6.156991735378162384e-02
3.142148000000000163e+00 2.437429000000000201e+01 6.143271703936348249e-02
3.146891000000000105e+00 2.445899000000000356e+01 6.149540550324633648e-02
3.151634000000000047e+00 2.446620699999999715e+01 6.145527861587644219e-02
3.156376999999999988e+00 2.452098399999999856e+01 6.146311612893297360e-02
3.161119999999999930e+00 2.446391200000000055e+01 6.134100702923127313e-02
3.165862000000000176e+00 2.448025000000000162e+01 6.135340705447089871e-02
3.170605000000000118e+00 2.452135600000000082e+01 6.133862975008489565e-02
3.175348000000000059e+00 2.450711199999999934e+01 6.124371305229377865e-02
3.180091000000000001e+00 2.441141199999999856e+01 6.107402263631239725e-02
3.184833999999999943e+00 2.448309799999999470e+01 6.111400141216004334e-02
3.189576999999999884e+00 2.446281199999999600e+01 6.103919796080712473e-02
3.194319999999999826e+00 2.443411900000000259e+01 6.093657526994358115e-02
3.199063000000000212e+00 2.444261099999999942e+01 6.083556450771128443e-02
3.203805000000000014e+00 2.447777199999999809e+01 6.076643058184181406e-02
3.208547999999999956e+00 2.437870500000000362e+01 6.056877167387828692e-02
3.213290999999999897e+00 2.430039500000000174e+01 6.042373163719533258e-02
3.218033999999999839e+00 2.430208000000000013e+01 6.037836650180757742e-02
3.222776999999999781e+00 2.438772399999999863e+01 6.043709982324350916e-02
3.227520000000000167e+00 2.439852900000000346e+01 6.040347950592334092e-02
3.232263000000000108e+00 2.437744599999999906e+01 6.033040293433071521e-02
3.237004999999999910e+00 2.443498699999999957e+01 6.035480865849712773e-02
3.241747999999999852e+00 2.443029100000000042e+01 6.030226884787254216e-02
3.246490999999999794e+00 2.441195199999999943e+01 6.023331279980871644e-02
3.251234000000000179e+00 2.442177899999999724e+01 6.021600675044219697e-02
3.255977000000000121e+00 2.444338599999999673e+01 6.025820974345404840e-02
3.260720000000000063e+00 2.443103800000000092e+01 6.026018335704597106e-02
3.265463000000000005e+00 2.438033200000000278e+01 6.017581225256955768e-02
3.270205999999999946e+00 2.449812800000000124e+01 6.027511748486517884e-02
3.274948000000000192e+00 2.443905500000000330e+01 6.015642774035871720e-02
3.279691000000000134e+00 2.433143500000000259e+01 5.997819970371150861e-02
3.284434000000000076e+00 2.433469699999999847e+01 5.993705027038034178e-02
3.289177000000000017e+00 2.438490900000000039e+01 5.995352564797253037e-02
3.293919999999999959e+00 2.429190900000000042e+01 5.979372944105511289e-02
3.298662999999999901e+00 2.445978199999999703e+01 5.995504088393734804e-02
3.303405999999999842e+00 2.447660599999999675e+01 5.993078684197714751e-02
3.308148000000000089e+00 2.443965700000000041e+01 5.984090548641957108e-02
3.312891000000000030e+00 2.445822799999999830e+01 5.981882282531477552e-02
3.317633999999999972e+00 2.436254500000000078e+01 5.965736927019410496e-02
3.322376999999999914e+00 2.445657800000000037e+01 5.972886457117195652e-02
3.327119999999999855e+00 2.438788899999999771e+01 5.961564727035009031e-02
3.331862999999999797e+00 2.450914099999999962e+01 5.970374294484476208e-02
3.336606000000000183e+00 2.438914600000000021e+01 5.951379496809542508e-02
3.341347999999999985e+00 2.440077699999999794e+01 5.948426362055010685e-02
3.346090999999999926e+00 2.442838199999999915e+01 5.947423295440387031e-02
3.350833999999999868e+00 2.445273900000000111e+01 5.946002982610167076e-02
3.355576999999999810e+00 2.438377799999999951e+01 5.933303009816875973e-02
3.360320000000000196e+00 2.442300900000000041e+01 5.933763513227839625e-02
3.365063000000000137e+00 2.438995899999999750e+01 5.925441460577683672e-02
3.369806000000000079e+00 2.436844799999999722e+01 5.918530118544552965e-02
3.374549000000000021e+00 2.440699799999999797e+01 5.918918715609042952e-02
3.379290999999999823e+00 2.452905699999999811e+01 5.995419435719823165e-02
3.384034000000000209e+00 2.447210299999999705e+01 6.128957133219076203e-02
3.388777000000000150e+00 2.439951399999999637e+01 6.200762310198641714e-02
3.393520000000000092e+00 2.441560799999999887e+01 6.266716970848532076e-02
3.398263000000000034e+00 2.437091099999999955e+01 6.298852944538711751e-02
3.403005999999999975e+00 2.434662499999999596e+01 6.312683984150165017e-02
3.407748999999999917e+00 2.429974099999999737e+01 6.303342538310606480e-02
3.412491000000000163e+00 2.436173099999999891e+01 6.314870140651190900e-02
3.417234000000000105e+00 2.426472000000000051e+01 6.319060196740335089e-02
3.421977000000000046e+00 2.432094700000000032e+01 6.341691238893612526e-02
3.426719999999999988e+00 2.441737099999999572e+01 6.367193046779248689e-02
3.431462999999999930e+00 2.446558600000000183e+01 6.386746580630234260e-02
3.436205999999999872e+00 2.436575999999999809e+01 6.387523031336873880e-02
3.440948999999999813e+00 2.441500599999999821e+01 6.405567648538885994e-02
3.445692000000000199e+00 2.441031000000000262e+01 6.417589797163884835e-02
3.450434000000000001e+00 2.432036400000000143e+01 6.414675536070083006e-02
3.455176999999999943e+00 2.432701700000000145e+01 6.426066340274974586e-02
3.459919999999999884e+00 2.441174799999999934e+01 6.447356354903457931e-02
3.464662999999999826e+00 2.442376499999999950e+01 6.458691342129999069e-02
3.469406000000000212e+00 2.441983800000000215e+01 6.467594433437674761e-02
3.474149000000000154e+00 2.448339599999999905e+01 6.485124867408183225e-02
3.478892000000000095e+00 2.432879499999999950e+01 6.473454604235283349e-02
3.483633999999999897e+00 2.437658800000000170e+01 6.488352329495679360e-02
3.488376999999999839e+00 2.437871799999999922e+01 6.496941955717781825e-02
3.493119999999999781e+00 2.446422299999999694e+01 6.516416681260644994e-02
3.497863000000000167e+00 2.438322000000000145e+01 6.513492778216692369e-02
3.502606000000000108e+00 2.441738099999999889e+01 6.525726242327822835e-02
3.507349000000000050e+00 2.438734600000000086e+01 6.529146931858556546e-02
3.512091999999999992e+00 2.443935300000000055e+01 6.543413551342219803e-02
3.516833999999999794e+00 2.432841499999999968e+01 6.535640770876027794e-02
3.521577000000000179e+00 2.431197500000000034e+01 6.540343360522060667e-02
3.526320000000000121e+00 2.435170900000000316e+01 6.552469377646949478e-02
3.531063000000000063e+00 2.429800499999999985e+01 6.551882094522154532e-02
3.535806000000000004e+00 2.442902300000000082e+01 6.576046992585211914e-02
3.540548999999999946e+00 2.427879899999999935e+01 6.562090972312331627e-02
3.545291999999999888e+00 2.439647400000000133e+01 6.584237135420700771e-02
3.550034999999999830e+00 2.431168800000000019e+01 6.578909192434108377e-02
3.554777000000000076e+00 2.440782800000000208e+01 6.597872852763836393e-02
3.559520000000000017e+00 2.441702199999999578e+01 6.605004160004745994e-02
3.564262999999999959e+00 2.443676900000000174e+01 6.613441726761036532e-02
3.569005999999999901e+00 2.441264800000000079e+01 6.617135727153630742e-02
3.573748999999999842e+00 2.443131199999999836e+01 6.627138311904241796e-02
3.578491999999999784e+00 2.426750200000000035e+01 6.607157310126647587e-02
3.583235000000000170e+00 2.434512699999999796e+01 6.623109362328467864e-02
3.587976999999999972e+00 2.423594900000000152e+01 6.611236671909197227e-02
3.592719999999999914e+00 2.438384100000000387e+01 6.626204921904166323e-02
3.597462999999999855e+00 2.431370199999999926e+01 6.610776651460703590e-02
3.602205999999999797e+00 2.422152399999999872e+01 6.592398565578844183e-02
3.606949000000000183e+00 2.438311099999999598e+01 6.608526547769404125e-02
3.611692000000000125e+00 2.435370499999999794e+01 6.603639204061727275e-02
3.616435000000000066e+00 2.441925799999999924e+01 6.619114331266609530e-02
3.621178000000000008e+00 2.466303999999999874e+01 6.732469553145561947e-02
3.625919999999999810e+00 2.453366600000000020e+01 6.954896503814848863e-02
3.630663000000000196e+00 2.450212299999999388e+01 7.085755700394841261e-02
3.635406000000000137e+00 2.439686100000000124e+01 7.171442554382069512e-02
3.640149000000000079e+00 2.439087400000000017e+01 7.244909100630386733e-02
3.644892000000000021e+00 2.430771899999999874e+01 7.281998315868316862e-02
3.649634999999999962e+00 2.434279399999999782e+01 7.334244617488291929e-02
3.654377999999999904e+00 2.435298900000000089e+01 7.376547420779519526e-02
3.659120000000000150e+00 2.435436100000000437e+01 7.417934093869869849e-02
3.663863000000000092e+00 2.430979999999999919e+01 7.450754869620190846e-02
3.668606000000000034e+00 2.439788399999999768e+01 7.502679033815320975e-02
3.673348999999999975e+00 2.424598600000000204e+01 7.516591390487711855e-02
3.678091999999999917e+00 2.425889400000000151e+01 7.554985141761763612e-02
3.682834999999999859e+00 2.431187500000000057e+01 7.598919767656518720e-02
3.687577999999999800e+00 2.433852200000000110e+01 7.638131869199561719e-02
3.692321000000000186e+00 2.436291299999999893e+01 7.676450498850559412e-02
3.697062999999999988e+00 2.439917600000000064e+01 7.716155040445857316e-02
3.701805999999999930e+00 2.438631200000000021e+01 7.747693884819792376e-02
3.706548999999999872e+00 2.438942300000000074e+01 7.781346808848708940e-02
3.711291999999999813e+00 2.430361899999999764e+01 7.800389107996856530e-02
3.716035000000000199e+00 2.428553800000000251e+01 7.829894673194590093e-02
3.720778000000000141e+00 2.437350599999999901e+01 7.876235811115293861e-02
3.725521000000000083e+00 2.447133400000000236e+01 7.924024063548078256e-02
3.730262999999999884e+00 2.433440399999999926e+01 7.933544308034713721e-02
3.735005999999999826e+00 2.421432800000000185e+01 7.945333313147598386e-02
3.739749000000000212e+00 2.426495699999999900e+01 7.984896468448479667e-02
3.744492000000000154e+00 2.428434299999999979e+01 8.019228417124556196e-02
3.749235000000000095e+00 2.415438499999999777e+01 8.028633789075698135e-02
3.753978000000000037e+00 2.413098399999999799e+01 8.055521597132987710e-02
3.758720999999999979e+00 2.429580600000000246e+01 8.113732189754045698e-02
3.763462999999999781e+00 2.421647600000000011e+01 8.131084910274335997e-02
3.768206000000000166e+00 2.433559500000000497e+01 8.181641737297348782e-02
3.772949000000000108e+00 2.429876900000000362e+01 8.205950152364502315e-02
3.777692000000000050e+00 2.424230700000000027e+01 8.226796758014932875e-02
3.782434999999999992e+00 2.441298800000000213e+01 8.286165376730117438e-02
3.787177999999999933e+00 2.428191800000000100e+01 8.294211965429386380e-02
3.791920999999999875e+00 2.423588700000000173e+01 8.316667535776393894e-02
3.796663999999999817e+00 2.431741199999999736e+01 8.360911664324829906e-02
3.801406000000000063e+00 2.436530499999999932e+01 8.399487006527957267e-02
3.806149000000000004e+00 2.428826000000000107e+01 8.416473623284753680e-02
3.810891999999999946e+00 2.443824899999999900e+01 8.472760343973563535e-02
3.815634999999999888e+00 2.433040199999999942e+01 8.484299172126182065e-02
3.820377999999999830e+00 2.426390199999999808e+01 8.502978779062429771e-02
3.825121000000000215e+00 2.432450700000000055e+01 8.543890393025417584e-02
3.829864000000000157e+00 2.429332700000000145e+01 8.568767658497399020e-02
3.834605999999999959e+00 2.423281100000000166e+01 8.588404371084945588e-02
3.839348999999999901e+00 2.435479099999999875e+01 8.640522471280367989e-02
3.844091999999999842e+00 2.431321900000000369e+01 8.663589669393917392e-02
3.848834999999999784e+00 2.418653899999999624e+01 8.671673527085935196e-02
3.853578000000000170e+00 2.434131599999999906e+01 8.734558141972151302e-02
3.858321000000000112e+00 2.432380099999999956e+01 8.757147796150412111e-02
3.863064000000000053e+00 2.440920200000000051e+01 8.803302172813903814e-02
3.867806999999999995e+00 2.443413300000000277e+01 8.838673341291383712e-02
3.872548999999999797e+00 2.427823199999999915e+01 8.841191222225487645e-02
3.877292000000000183e+00 2.435351199999999849e+01 8.885848463636322747e-02
3.882035000000000124e+00 2.430701799999999935e+01 8.908398352018223609e-02
3.886778000000000066e+00 2.434324600000000061e+01 8.946174611796095522e-02
3.891521000000000008e+00 2.433513699999999957e+01 8.975868543854462200e-02
3.896263999999999950e+00 2.430018400000000156e+01 9.000684416463727855e-02
3.901006999999999891e+00 2.434507799999999733e+01 9.040347465551587525e-02
3.905749000000000137e+00 2.423122000000000398e+01 9.050691992096404626e-02
3.910492000000000079e+00 2.423574699999999638e+01 9.083116279385947123e-02
3.915235000000000021e+00 2.442707600000000312e+01 9.150677727079944979e-02
3.919977999999999962e+00 2.430124699999999649e+01 9.154910054021721255e-02
3.924720999999999904e+00 2.424682800000000071e+01 9.152779388787594950e-02
3.929463999999999846e+00 2.430767099999999914e+01 9.171277301542571370e-02
3.934206999999999788e+00 2.412696000000000041e+01 9.149135755998759334e-02
3.938949000000000034e+00 2.425371300000000474e+01 9.183181037356609455e-02
3.943691999999999975e+00 2.422117700000000085e+01 9.186938995261206831e-02
3.948434999999999917e+00 2.439043799999999962e+01 9.228892859976649266e-02
3.953177999999999859e+00 2.439092799999999883e+01 9.241415876300178300e-02
3.957920999999999800e+00 2.431698199999999943e+01 9.243706293852914369e-02
3.962664000000000186e+00 2.425158000000000058e+01 9.232076527085820994e-02
3.967407000000000128e+00 2.425916899999999643e+01 9.257292588103770148e-02
3.972150000000000070e+00 2.436045099999999763e+01 9.307887380011643785e-02
3.976891999999999872e+00 2.425280599999999964e+01 9.318640808060207892e-02
3.981634999999999813e+00 2.424738399999999672e+01 9.349057917839101450e-02
3.986378000000000199e+00 2.433361900000000233e+01 9.397390455444373791e-02
3.991121000000000141e+00 2.445160600000000173e+01 9.452007953000038376e-02
3.995864000000000082e+00 2.433734599999999659e+01 9.461932639897305264e-02
4.000606999999999580e+00 2.438995499999999694e+01 9.504331872528126723e-02
4.005349999999999966e+00 2.441724500000000120e+01 9.542050419312926579e-02
4.010092000000000212e+00 2.430442200000000241e+01 9.552419113370183568e-02
4.014834999999999710e+00 2.429857299999999753e+01 9.583921569171097166e-02
4.019578000000000095e+00 2.436918399999999707e+01 9.630735828016621924e-02
4.024320999999999593e+00 2.432576399999999950e+01 9.655095640926143752e-02
4.029063999999999979e+00 2.424087600000000364e+01 9.671440442571624385e-02
4.033807000000000365e+00 2.443702399999999741e+01 9.743936389233871787e-02
4.038549999999999862e+00 2.430319899999999933e+01 9.750818315784937074e-02
4.043293000000000248e+00 2.421288100000000298e+01 9.766344943597886352e-02
4.048034999999999606e+00 2.446904499999999771e+01 9.851964650765906995e-02
4.052777999999999992e+00 2.437637499999999946e+01 9.867498406430477709e-02
4.057521000000000377e+00 2.433926399999999646e+01 9.894372531173009633e-02
4.062263999999999875e+00 2.438776100000000469e+01 9.938882464684800633e-02
4.067007000000000261e+00 2.427083499999999816e+01 9.949823354121267727e-02
4.071749999999999758e+00 2.436443999999999832e+01 1.000404354990225980e-01
4.076493000000000144e+00 2.428250899999999746e+01 1.002240212227717420e-01
4.081235000000000390e+00 2.443798300000000268e+01 1.008998026046656615e-01
4.085977999999999888e+00 2.443172299999999808e+01 1.012455429898388160e-01
4.090721000000000274e+00 2.437241999999999820e+01 1.014825082727856265e-01
4.095463999999999771e+00 2.453362299999999863e+01 1.021809901489230121e-01
4.100207000000000157e+00 2.439892199999999889e+01 1.022648149710808363e-01
4.104949999999999655e+00 2.430606099999999969e+01 1.024376466004163905e-01
4.109693000000000040e+00 2.426471199999999939e+01 1.027190396292965852e-01
4.114436000000000426e+00 2.438163000000000125e+01 1.033386159662030845e-01
4.119177999999999784e+00 2.413714900000000085e+01 1.031929727307417111e-01
4.123921000000000170e+00 2.421649700000000038e+01 1.037387388662456278e-01
4.128663999999999668e+00 2.410633699999999990e+01 1.038814781126366216e-01
4.133407000000000053e+00 2.431933200000000284e+01 1.047228449402163586e-01
4.138150000000000439e+00 2.443340500000000048e+01 1.053546241725416693e-01
4.142892999999999937e+00 2.440430200000000127e+01 1.056813439683684103e-01
4.147636000000000323e+00 2.447006100000000117e+01 1.062159829879905509e-01
4.152377999999999680e+00 2.453256099999999407e+01 1.067487364641493131e-01
4.157121000000000066e+00 2.441500199999999765e+01 1.068911650751922515e-01
4.161863999999999564e+00 2.442013100000000136e+01 1.073044519698218291e-01
4.166606999999999950e+00 2.447184299999999979e+01 1.078234327107716328e-01
4.171350000000000335e+00 2.447077000000000169e+01 1.082292402366425987e-01
4.176092999999999833e+00 2.442800799999999839e+01 1.085525835325060334e-01
4.180836000000000219e+00 2.444210900000000208e+01 1.091487694062841796e-01
4.185577999999999577e+00 2.434374099999999785e+01 1.092306639741968260e-01
4.190320999999999962e+00 2.422603200000000001e+01 1.093475738518893819e-01
4.195064000000000348e+00 2.416353300000000104e+01 1.096298427300294864e-01
4.199806999999999846e+00 2.431052200000000241e+01 1.103903897993797206e-01
4.204550000000000232e+00 2.442894700000000086e+01 1.110919582398487704e-01
4.209292999999999729e+00 2.441941600000000179e+01 1.115077990230647631e-01
4.214036000000000115e+00 2.450384799999999785e+01 1.121405406423742895e-01
4.218778999999999613e+00 2.433969099999999841e+01 1.122083974267835266e-01
4.223520999999999859e+00 2.447473899999999958e+01 1.129683556446423598e-01
4.228264000000000244e+00 2.432361900000000077e+01 1.130711845418385098e-01
4.233006999999999742e+00 2.435839800000000110e+01 1.136075272587582508e-01
4.237750000000000128e+00 2.445653599999999983e+01 1.142973289986096014e-01
4.242492999999999626e+00 2.447120100000000065e+01 1.147978489680124559e-01
4.247236000000000011e+00 2.435809199999999919e+01 1.150004058302582788e-01
4.251979000000000397e+00 2.452594899999999711e+01 1.158759013571665913e-01
4.256720999999999755e+00 2.436896700000000138e+01 1.161784496355993818e-01
4.261464000000000141e+00 2.423345699999999781e+01 1.161750914280849506e-01
4.266206999999999638e+00 2.427455800000000252e+01 1.167223448719528489e-01
4.270950000000000024e+00 2.440355399999999619e+01 1.175252967567872175e-01
4.275693000000000410e+00 2.435680900000000193e+01 1.179089718337357900e-01
4.280435999999999908e+00 2.444437400000000338e+01 1.186248195699976665e-01
4.285179000000000293e+00 2.429855099999999624e+01 1.187771875993576531e-01
4.289921999999999791e+00 2.451851900000000128e+01 1.198278311797564000e-01
4.294664000000000037e+00 2.438275499999999951e+01 1.200147125675843779e-01
4.299407000000000423e+00 2.441304299999999827e+01 1.206123449342914461e-01
4.304149999999999920e+00 2.442419900000000155e+01 1.211692905561326528e-01
4.308893000000000306e+00 2.426641800000000160e+01 1.213123960673347657e-01
4.313635999999999804e+00 2.434174599999999700e+01 1.220399482559366700e-01
4.318379000000000190e+00 2.445147700000000057e+01 1.228623730832751892e-01
4.323121999999999687e+00 2.443352700000000155e+01 1.234574251917259086e-01
4.327863999999999933e+00 2.442495399999999961e+01 1.239698134587198519e-01
4.332607000000000319e+00 2.443703899999999862e+01 1.245053110532558793e-01
4.337349999999999817e+00 2.435936500000000038e+01 1.248797789326922814e-01
4.342093000000000202e+00 2.450631399999999971e+01 1.258361031811637831e-01
4.346835999999999700e+00 2.461439500000000180e+01 1.267013405872443876e-01
4.351579000000000086e+00 2.462723000000000084e+01 1.273285852905195192e-01
4.356321999999999584e+00 2.451443199999999933e+01 1.276378921585259452e-01
4.361063999999999830e+00 2.431759699999999924e+01 1.277305112677605270e-01
4.365807000000000215e+00 2.438223399999999685e+01 1.285143796530598403e-01
4.370549999999999713e+00 2.444597600000000170e+01 1.293034524128574836e-01
4.375293000000000099e+00 2.453408499999999748e+01 1.301675325520599835e-01
4.380035999999999596e+00 2.442153499999999866e+01 1.305663999278034171e-01
4.384778999999999982e+00 2.427305800000000247e+01 1.308644939554541586e-01
4.389522000000000368e+00 2.454996799999999979e+01 1.321522518229488741e-01
4.394264999999999866e+00 2.445809700000000220e+01 1.325525816290422099e-01
4.399007000000000112e+00 2.431443200000000004e+01 1.324216960559835843e-01
4.403749999999999609e+00 2.438430799999999721e+01 1.327030917972693569e-01
4.408492999999999995e+00 2.425870700000000113e+01 1.324506816486861194e-01
4.413236000000000381e+00 2.430941999999999581e+01 1.326777597684336840e-01
4.417978999999999878e+00 2.449855099999999908e+01 1.332821136633862147e-01
4.422722000000000264e+00 2.435141299999999731e+01 1.329710824101232869e-01
4.427464999999999762e+00 2.445395299999999850e+01 1.333366445881105089e-01
4.432207000000000008e+00 2.452763799999999961e+01 1.336255399549232670e-01
4.436950000000000394e+00 2.465875700000000137e+01 1.341433657324837825e-01
4.441692999999999891e+00 2.427404999999999902e+01 1.336951305979780236e-01
4.446436000000000277e+00 2.435884300000000025e+01 1.346150789018938088e-01
4.451178999999999775e+00 2.434026200000000273e+01 1.352569699424099881e-01
4.455922000000000160e+00 2.461162600000000111e+01 1.367160111600985994e-01
4.460664999999999658e+00 2.445777999999999608e+01 1.370035647726864925e-01
4.465408000000000044e+00 2.450303000000000253e+01 1.378560344710622332e-01
4.470150000000000290e+00 2.434372400000000169e+01 1.381408665658826751e-01
4.474892999999999788e+00 2.453207800000000205e+01 1.394214238161650132e-01
4.479636000000000173e+00 2.450209100000000007e+01 1.400927466954931255e-01
4.484378999999999671e+00 2.428122300000000067e+01 1.402255114463676899e-01
4.489122000000000057e+00 2.448499699999999990e+01 1.415924740230277978e-01
4.493865000000000443e+00 2.460451699999999775e+01 1.427308317117261804e-01
4.498607999999999940e+00 2.463737000000000066e+01 1.436317390851384879e-01
4.503350000000000186e+00 2.455456899999999720e+01 1.442065315359134514e-01
4.508092999999999684e+00 2.469991600000000531e+01 1.454645599035438441e-01
4.512836000000000070e+00 2.426101799999999997e+01 1.450034636026240054e-01
4.517578999999999567e+00 2.458420600000000178e+01 1.468221369618334937e-01
4.522321999999999953e+00 2.443596900000000005e+01 1.472457235356765815e-01
4.527065000000000339e+00 2.469745499999999794e+01 1.489178723417615702e-01
4.531807999999999836e+00 2.437786000000000541e+01 1.488470111605755264e-01
4.536551000000000222e+00 2.430459399999999803e+01 1.495307659704594172e-01
4.541292999999999580e+00 2.446177999999999741e+01 1.509402840995640038e-01
4.546035999999999966e+00 2.466054799999999858e+01 1.524995646488192524e-01
4.550779000000000352e+00 2.453198300000000032e+01 1.530607485848942129e-01
4.555521999999999849e+00 2.477391900000000291e+01 1.547963232935669620e-01
4.560265000000000235e+00 2.464035399999999854e+01 1.553728428254146365e-01
4.565007999999999733e+00 2.468982000000000099e+01 1.565465064229233927e-01
4.569751000000000118e+00 2.457133400000000023e+01 1.572001937532874205e-01
4.574493000000000364e+00 2.455239499999999708e+01 1.581910576781289102e-01
4.579235999999999862e+00 2.464550600000000458e+01 1.595618418117392412e-01
4.583979000000000248e+00 2.447761500000000012e+01 1.601051146524607449e-01
4.588721999999999746e+00 2.452167900000000245e+01 1.613600764845127267e-01
4.593465000000000131e+00 2.467867799999999789e+01 1.630112902359575899e-01
4.598207999999999629e+00 2.435819299999999998e+01 1.630988441820471757e-01
4.602951000000000015e+00 2.450919600000000287e+01 1.647818002051036623e-01
4.607693000000000261e+00 2.453197300000000070e+01 1.660601738928419169e-01
4.612435999999999758e+00 2.474579099999999698e+01 1.680138931762769627e-01
4.617179000000000144e+00 2.448537099999999711e+01 1.683777031053206308e-01
4.621921999999999642e+00 2.473276200000000102e+01 1.705118934887939197e-01
4.626665000000000028e+00 2.441649199999999809e+01 1.707230332110271920e-01
4.631408000000000413e+00 2.443650299999999831e+01 1.721244184386370168e-01
4.636150999999999911e+00 2.442317700000000258e+01 1.734399960526489815e-01
4.640894000000000297e+00 2.459518000000000271e+01 1.754490822688788143e-01
4.645635999999999655e+00 2.451687899999999587e+01 1.765941856867717097e-01
4.650379000000000040e+00 2.467342799999999770e+01 1.786231074772690330e-01
4.655122000000000426e+00 2.446417000000000286e+01 1.793593544975432830e-01
4.659864999999999924e+00 2.466744399999999970e+01 1.816395426675075642e-01
4.664608000000000310e+00 2.467706000000000088e+01 1.832512380715702049e-01
4.669350999999999807e+00 2.447983299999999574e+01 1.841246184578984868e-01
4.674094000000000193e+00 2.471955300000000122e+01 1.866831252298040700e-01
4.678836000000000439e+00 2.447114300000000142e+01 1.874337433756955440e-01
4.683578999999999937e+00 2.456501699999999744e+01 1.895321537846016979e-01
4.688322000000000322e+00 2.477961299999999767e+01 1.921511395743878969e-01
4.693064999999999820e+00 2.480514400000000208e+01 1.940959938272495688e-01
4.697808000000000206e+00 2.455638599999999983e+01 1.950045140670015331e-01
4.702550999999999704e+00 2.439809400000000039e+01 1.963118508443155719e-01
4.707294000000000089e+00 2.445862499999999784e+01 1.985489200335342763e-01
4.712036999999999587e+00 2.460255599999999987e+01 2.011908552885851298e-01
4.716778999999999833e+00 2.467752899999999983e+01 2.036207379103712467e-01
4.721522000000000219e+00 2.490387199999999979e+01 2.067511836490913413e-01
4.726264999999999716e+00 2.479584099999999935e+01 2.085684431752859724e-01
4.731008000000000102e+00 2.474470400000000225e+01 2.106891581743040032e-01
4.735750999999999600e+00 2.449365699999999890e+01 2.120216002398461197e-01
4.740493999999999986e+00 2.481432900000000075e+01 2.159024963944403130e-01
4.745237000000000371e+00 2.458687800000000223e+01 2.174808604253381239e-01
4.749978999999999729e+00 2.482115499999999741e+01 2.211936251566118394e-01
4.754722000000000115e+00 2.481225399999999937e+01 2.239293140400773763e-01
4.759464999999999613e+00 2.456437100000000129e+01 2.256722148442117937e-01
4.764207999999999998e+00 2.454780300000000182e+01 2.285661533734360817e-01
4.768951000000000384e+00 2.460498799999999875e+01 2.319229440715381008e-01
4.773693999999999882e+00 2.466446400000000239e+01 2.354290390346024942e-01
4.778437000000000268e+00 2.463007499999999794e+01 2.386194386439857984e-01
4.783178999999999625e+00 2.412025799999999975e+01 2.395966138911621024e-01
4.787922000000000011e+00 2.469516199999999984e+01 2.460926934939745292e-01
4.792665000000000397e+00 2.476863600000000076e+01 2.502860277393380573e-01
4.797407999999999895e+00 2.437514799999999937e+01 2.522668621360445451e-01
4.802151000000000280e+00 2.415394299999999816e+01 2.552688624529750872e-01
4.806893999999999778e+00 2.441313400000000300e+01 2.610169053248171944e-01
4.811637000000000164e+00 2.448962200000000067e+01 2.660392224763583613e-01
4.816379999999999661e+00 2.488594199999999290e+01 2.730844142191414248e-01
4.821121999999999908e+00 2.460345600000000132e+01 2.766741099370166879e-01
4.825865000000000293e+00 2.480613900000000172e+01 2.832799129819956185e-01
4.830607999999999791e+00 2.470262200000000163e+01 2.884715633525176126e-01
4.835351000000000177e+00 2.492276700000000389e+01 2.959297510272131948e-01
4.840093999999999674e+00 2.497249899999999911e+01 3.028114997963315402e-01
4.844837000000000060e+00 2.453320099999999826e+01 3.071138630423229654e-01
4.849579999999999558e+00 2.480588200000000043e+01 3.163365252417850160e-01
4.854321999999999804e+00 2.521053699999999864e+01 3.270614707579034275e-01
4.859065000000000190e+00 2.453035600000000471e+01 3.313050974086423350e-01
4.863807999999999687e+00 2.465549299999999988e+01 3.415931933844847390e-01
4.868551000000000073e+00 2.478070000000000306e+01 3.527673153903575498e-01
4.873293999999999571e+00 2.480645999999999773e+01 3.642405650487051116e-01
4.878036999999999956e+00 2.510664900000000088e+01 3.789627472831729738e-01
4.882780000000000342e+00 2.490793100000000138e+01 3.912771530396197406e-01
4.887522999999999840e+00 2.448386800000000108e+01 4.032525312223098624e-01
4.892265000000000086e+00 2.471135999999999910e+01 4.224674237544238653e-01
4.897007999999999583e+00 2.461894799999999606e+01 4.414001027639436470e-01
4.901750999999999969e+00 2.463205700000000320e+01 4.642749374426860531e-01
4.906494000000000355e+00 2.405108800000000002e+01 4.851211748809363122e-01
4.911236999999999853e+00 2.478195299999999790e+01 5.243827207524099920e-01
4.915980000000000238e+00 2.525714900000000185e+01 5.687527964889754761e-01
4.920722999999999736e+00 2.529799799999999976e+01 6.189643122381531803e-01
4.925464999999999982e+00 2.575342499999999291e+01 6.905873842617457070e-01
4.930208000000000368e+00 2.499753499999999562e+01 7.716096526143254586e-01
4.934950999999999866e+00 2.663259299999999641e+01 9.426274035703607890e-01
4.939694000000000251e+00 2.540308500000000080e+01 1.188810266493896872e+00
4.944436999999999749e+00 8.187470999999998611e+00 1.169303505801817078e+00