# copyC
# Sample c= 0.0 mg/ml
#
# Number of frames collected: 10
# Exposure time per frame: 0.5
# No significant radiation damage detected, merging 10 files
# Merged from: /data/visitor/mx1905/bm29/20170412/Poker/1d/Sxl_10gs_241_00001.dat
# Merged from: /data/visitor/mx1905/bm29/20170412/Poker/1d/Sxl_10gs_241_00002.dat
# Merged from: /data/visitor/mx1905/bm29/20170412/Poker/1d/Sxl_10gs_241_00003.dat
# Merged from: /data/visitor/mx1905/bm29/20170412/Poker/1d/Sxl_10gs_241_00004.dat
# Merged from: /data/visitor/mx1905/bm29/20170412/Poker/1d/Sxl_10gs_241_00005.dat
# Merged from: /data/visitor/mx1905/bm29/20170412/Poker/1d/Sxl_10gs_241_00006.dat
# Merged from: /data/visitor/mx1905/bm29/20170412/Poker/1d/Sxl_10gs_241_00007.dat
# Merged from: /data/visitor/mx1905/bm29/20170412/Poker/1d/Sxl_10gs_241_00008.dat
# Merged from: /data/visitor/mx1905/bm29/20170412/Poker/1d/Sxl_10gs_241_00009.dat
# Merged from: /data/visitor/mx1905/bm29/20170412/Poker/1d/Sxl_10gs_241_00010.dat
#
# Sample Information:
# Storage Temperature (degrees C): 20.0
# Measurement Temperature (degrees C): 20.03
# Concentration: 0.0
# Code: 
3.082862000000000102e-02 6.166991900000000442e+02 8.420863710343137853e+00
3.557148999999999728e-02 1.174039800000000014e+03 4.790843999821221999e+00
4.031434999999999880e-02 1.141329799999999977e+03 3.111632759401447679e+00
4.505722000000000199e-02 8.956868300000002137e+02 1.960079905111544063e+00
4.980007999999999657e-02 6.091120800000001054e+02 1.447376290783585429e+00
5.454294999999999977e-02 4.356574300000000335e+02 1.151566381289129248e+00
5.928581000000000129e-02 3.165150099999999611e+02 9.331383246413416099e-01
6.402868000000000448e-02 2.470885400000000232e+02 7.860899169748012394e-01
6.877154000000000600e-02 1.984369999999999834e+02 6.766853931264364963e-01
7.351441000000000225e-02 1.612075399999999945e+02 5.877090233523898366e-01
7.825727999999999851e-02 1.340590200000000038e+02 5.159184495550823701e-01
8.300014000000000003e-02 1.130354299999999910e+02 4.585956160516910241e-01
8.774300999999999628e-02 9.835606599999999844e+01 4.150679232953565778e-01
9.248586999999999780e-02 8.628301199999999938e+01 3.777963739361456241e-01
9.722873999999999406e-02 7.718876500000000362e+01 3.469596199533743763e-01
1.019715999999999956e-01 6.859815100000000143e+01 3.187646089813610528e-01
1.067145000000000038e-01 6.338222900000000948e+01 2.990847791661220834e-01
1.114572999999999953e-01 5.871027000000000129e+01 2.813353728025401734e-01
1.162002000000000035e-01 5.502072299999999672e+01 2.664013915595671578e-01
1.209430999999999978e-01 5.123581899999999223e+01 2.516802310927872544e-01
1.256858999999999893e-01 4.884628999999999621e+01 2.408341574117082717e-01
1.304288000000000114e-01 4.649595300000000009e+01 2.304690828102863021e-01
1.351717000000000057e-01 4.384464999999998724e+01 2.196124969102901114e-01
1.399144999999999972e-01 4.227110699999999355e+01 2.117240993312256292e-01
1.446573999999999915e-01 4.034173400000000242e+01 2.032438681095100341e-01
1.494003000000000136e-01 3.916829100000000352e+01 1.969181248588280642e-01
1.541431000000000051e-01 3.806735400000000169e+01 1.912898596577199684e-01
1.588859999999999995e-01 3.729296200000000283e+01 1.863386987741250111e-01
1.636287999999999909e-01 3.615842800000000068e+01 1.806891213475775304e-01
1.683717000000000130e-01 3.534590000000000032e+01 1.760171614750842828e-01
1.731146000000000074e-01 3.469178999999999746e+01 1.718805726482364737e-01
1.778573999999999988e-01 3.366084200000000948e+01 1.669298421529302190e-01
1.826002999999999932e-01 3.314007900000000006e+01 1.633852292653641403e-01
1.873431999999999875e-01 3.257639400000000052e+01 1.598551806255180396e-01
1.920860000000000067e-01 3.235749900000000423e+01 1.572612659231417409e-01
1.968289000000000011e-01 3.184839699999999851e+01 1.540466482210330335e-01
2.015717999999999954e-01 3.159290599999999927e+01 1.515492083291839764e-01
2.063145999999999869e-01 3.107127600000000456e+01 1.484911990911063906e-01
2.110575000000000090e-01 3.076160499999999587e+01 1.458692161946577304e-01
2.158004000000000033e-01 3.052562199999999848e+01 1.436427007731270189e-01
2.205431999999999948e-01 3.008591499999999286e+01 1.410248726214772819e-01
2.252860999999999891e-01 2.983044899999999799e+01 1.389084839393962267e-01
2.300290000000000112e-01 2.956415199999999999e+01 1.368196928844963578e-01
2.347718000000000027e-01 2.927623600000000081e+01 1.347280314280732694e-01
2.395146999999999970e-01 2.910775100000000037e+01 1.329653736943814113e-01
2.442575999999999914e-01 2.897019700000000242e+01 1.313187758938618166e-01
2.490004000000000106e-01 2.895841200000000271e+01 1.299951941660156263e-01
2.537433000000000050e-01 2.869766900000000120e+01 1.281484577699162075e-01
2.584861999999999993e-01 2.848343699999999856e+01 1.264642764252680296e-01
2.632289999999999908e-01 2.847349600000000081e+01 1.252791175423390302e-01
2.679718999999999851e-01 2.819488000000000127e+01 1.235357126765547903e-01
2.727146999999999766e-01 2.800347700000000373e+01 1.220134719668910239e-01
2.774576000000000264e-01 2.800174000000000163e+01 1.209720667165097990e-01
2.822005000000000208e-01 2.774799000000000504e+01 1.194421877707265434e-01
2.869433000000000122e-01 2.753088100000000082e+01 1.179628185766642412e-01
2.916862000000000066e-01 2.773562899999999942e+01 1.174045271121322703e-01
2.964291000000000009e-01 2.761422500000000468e+01 1.161827910054716168e-01
3.011718999999999924e-01 2.756519999999999726e+01 1.151412969998583946e-01
3.059147999999999867e-01 2.730961399999999983e+01 1.136947121133225769e-01
3.106576999999999811e-01 2.709680999999999784e+01 1.123581104855319313e-01
3.154004999999999725e-01 2.688907599999999576e+01 1.110645393349438959e-01
3.201434000000000224e-01 2.694898600000000144e+01 1.103492881147227767e-01
3.248863000000000167e-01 2.705761000000000038e+01 1.097451629725984812e-01
3.296291000000000082e-01 2.700736699999999857e+01 1.088297225129082058e-01
3.343720000000000026e-01 2.689713699999999719e+01 1.078180959475782963e-01
3.391148999999999969e-01 2.704937899999999829e+01 1.084801507029313494e-01
3.438576999999999884e-01 2.699040800000000218e+01 1.097621659879436801e-01
3.486005999999999827e-01 2.687611700000000070e+01 1.123177228022292085e-01
3.533434999999999770e-01 2.678716700000000017e+01 1.141886239904273542e-01
3.580863000000000240e-01 2.678032299999999921e+01 1.155933389829868069e-01
3.628292000000000184e-01 2.669124799999999453e+01 1.165391342831295363e-01
3.675720000000000098e-01 2.656184900000000226e+01 1.172131645566870661e-01
3.723149000000000042e-01 2.658493200000000201e+01 1.181270882743606920e-01
3.770577999999999985e-01 2.658117200000000224e+01 1.189092353166035787e-01
3.818005999999999900e-01 2.666674900000000292e+01 1.197359241793489737e-01
3.865434999999999843e-01 2.671575200000000194e+01 1.204371660920070808e-01
3.912863999999999787e-01 2.665077100000000243e+01 1.207729537110126400e-01
3.960292000000000256e-01 2.673717900000000469e+01 1.214656634437852184e-01
4.007721000000000200e-01 2.664840799999999987e+01 1.217822013023072969e-01
4.055150000000000143e-01 2.666028799999999777e+01 1.260076508436495657e-01
4.102578000000000058e-01 2.648790699999999987e+01 1.288748589768601849e-01
4.150007000000000001e-01 2.679690099999999831e+01 1.324627054972293272e-01
4.197435999999999945e-01 2.648608399999999818e+01 1.337205468012059029e-01
4.244863999999999860e-01 2.630566600000000221e+01 1.354221985695868158e-01
4.292292999999999803e-01 2.639041900000000140e+01 1.377123124171168445e-01
4.339721999999999746e-01 2.668348400000000353e+01 1.405950863440568466e-01
4.387150000000000216e-01 2.661558600000000041e+01 1.424645699292522161e-01
4.434579000000000160e-01 2.625530300000000494e+01 1.435758101542536913e-01
4.482008000000000103e-01 2.660398700000000005e+01 1.469662943063010652e-01
4.529436000000000018e-01 2.645539000000000129e+01 1.489439248083781475e-01
4.576864999999999961e-01 2.640932500000000260e+01 1.503682821935832803e-01
4.624293999999999905e-01 2.637462799999999419e+01 1.515211843412025972e-01
4.671721999999999819e-01 2.630011900000000225e+01 1.505595655070201822e-01
4.719150999999999763e-01 2.649452499999999944e+01 1.451671376659128820e-01
4.766579000000000232e-01 2.625937400000000110e+01 1.418004108044652323e-01
4.814008000000000176e-01 2.638442099999999613e+01 1.403320798572585681e-01
4.861437000000000119e-01 2.634654300000000404e+01 1.388509500357638926e-01
4.908865000000000034e-01 2.645982700000000065e+01 1.380146306406682954e-01
4.956293999999999977e-01 2.624604199999999921e+01 1.364885767850427256e-01
5.003722999999999921e-01 2.643373699999999715e+01 1.361143876097989924e-01
5.051151000000000391e-01 2.620392700000000019e+01 1.347524483237518278e-01
5.098580000000000334e-01 2.630401900000000026e+01 1.343076577028253504e-01
5.146009000000000277e-01 2.643394599999999883e+01 1.339888913162792794e-01
5.193436999999999637e-01 2.629056200000000132e+01 1.330136655866009099e-01
5.240865999999999580e-01 2.635589500000000385e+01 1.326051458108964132e-01
5.288294999999999524e-01 2.635626399999999947e+01 1.320630914634357556e-01
5.335722999999999994e-01 2.609100500000000267e+01 1.306243209324932653e-01
5.383151999999999937e-01 2.622038500000000028e+01 1.300028557967470300e-01
5.430580999999999881e-01 2.630582000000000065e+01 1.293074802697863901e-01
5.478009000000000350e-01 2.614065800000000195e+01 1.280316223437526213e-01
5.525438000000000294e-01 2.605230700000000255e+01 1.269781205601768215e-01
5.572867000000000237e-01 2.614242100000000235e+01 1.263820928157632639e-01
5.620294999999999597e-01 2.598881999999999692e+01 1.252244895063629460e-01
5.667723999999999540e-01 2.596127499999999344e+01 1.243975558427757033e-01
5.715152000000000010e-01 2.602947599999999895e+01 1.238214624936993663e-01
5.762580999999999953e-01 2.610368799999999823e+01 1.232735052227331013e-01
5.810009999999999897e-01 2.614559100000000313e+01 1.227004518336766437e-01
5.857438000000000367e-01 2.624652000000000385e+01 1.225695226526207077e-01
5.904867000000000310e-01 2.594561999999999813e+01 1.215719818090603421e-01
5.952296000000000253e-01 2.587995499999999538e+01 1.211249767896349222e-01
5.999723999999999613e-01 2.605477600000000393e+01 1.213711425104011254e-01
6.047152999999999556e-01 2.604531799999999819e+01 1.210423245952642057e-01
6.094581999999999500e-01 2.585450200000000365e+01 1.202113416887046482e-01
6.142009999999999970e-01 2.616322399999999604e+01 1.207569009245662156e-01
6.189438999999999913e-01 2.599848000000000070e+01 1.199852049955918709e-01
6.236867999999999856e-01 2.579257700000000142e+01 1.192333584521488021e-01
6.284296000000000326e-01 2.601849800000000101e+01 1.194819783421709192e-01
6.331725000000000270e-01 2.595485599999999948e+01 1.190628442859929248e-01
6.379154000000000213e-01 2.591637800000000169e+01 1.187046584284184580e-01
6.426581999999999573e-01 2.588263100000000350e+01 1.183612441532113230e-01
6.474010999999999516e-01 2.595155199999999951e+01 1.182550363473746646e-01
6.521439999999999459e-01 2.627802200000000354e+01 1.187300391703333818e-01
6.568867999999999929e-01 2.591855899999999835e+01 1.176533249404996678e-01
6.616296999999999873e-01 2.597321299999999766e+01 1.175185139985040761e-01
6.663725999999999816e-01 2.582475099999999912e+01 1.169264582536377883e-01
6.711154000000000286e-01 2.607270799999999866e+01 1.172286592782950942e-01
6.758583000000000229e-01 2.588441300000000211e+01 1.165499936878277853e-01
6.806010999999999589e-01 2.594812599999999492e+01 1.164414580307070041e-01
6.853439999999999532e-01 2.584686099999999698e+01 1.159653243640106357e-01
6.900868999999999476e-01 2.605371600000000143e+01 1.161778192729421011e-01
6.948296999999999946e-01 2.600567399999999907e+01 1.158221175646478168e-01
6.995725999999999889e-01 2.605904999999999561e+01 1.156950553780878022e-01
7.043154999999999832e-01 2.574028799999999961e+01 1.147433549385828283e-01
7.090583000000000302e-01 2.591696499999999759e+01 1.148929986682004217e-01
7.138012000000000246e-01 2.595651700000000162e+01 1.147384334439755238e-01
7.185441000000000189e-01 2.604274500000000359e+01 1.146894136252208651e-01
7.232868999999999549e-01 2.589586899999999758e+01 1.141288666753507985e-01
7.280297999999999492e-01 2.594802999999999926e+01 1.140063337513403247e-01
7.327727000000000546e-01 2.607865500000000480e+01 1.140560445122098809e-01
7.375154999999999905e-01 2.597337900000000133e+01 1.135923100827938848e-01
7.422583999999999849e-01 2.591769800000000146e+01 1.132393500004415382e-01
7.470012999999999792e-01 2.581392000000000309e+01 1.127814990434800879e-01
7.517441000000000262e-01 2.575668200000000141e+01 1.124265059812129125e-01
7.564870000000000205e-01 2.580207100000000153e+01 1.122985092923592665e-01
7.612299000000000149e-01 2.585509799999999814e+01 1.121884100628014885e-01
7.659726999999999508e-01 2.580761400000000094e+01 1.118600106804612249e-01
7.707155999999999452e-01 2.589101299999999739e+01 1.118155508571173629e-01
7.754585000000000505e-01 2.588149699999999598e+01 1.115733992283120396e-01
7.802012999999999865e-01 2.596782999999999930e+01 1.116486787662760438e-01
7.849441999999999808e-01 2.583801300000000012e+01 1.111103667968542930e-01
7.896870000000000278e-01 2.570475700000000074e+01 1.105328371983796687e-01
7.944299000000000222e-01 2.583990299999999962e+01 1.106062348952982777e-01
7.991728000000000165e-01 2.579308499999999782e+01 1.102910297757696140e-01
8.039155999999999525e-01 2.574286199999999525e+01 1.099689631660938360e-01
8.086584999999999468e-01 2.587702200000000019e+01 1.100401349874290113e-01
8.134014000000000522e-01 2.582850700000000188e+01 1.097249136049507079e-01
8.181441999999999881e-01 2.572961700000000107e+01 1.093873201841607246e-01
8.228870999999999825e-01 2.593122400000000383e+01 1.095259744781478667e-01
8.276299999999999768e-01 2.592486999999999853e+01 1.092977516849115982e-01
8.323728000000000238e-01 2.604031100000000265e+01 1.093324263380475864e-01
8.371157000000000181e-01 2.570558900000000335e+01 1.084225204469841664e-01
8.418586000000000125e-01 2.556348899999999702e+01 1.079179107691698170e-01
8.466013999999999484e-01 2.567746900000000210e+01 1.079531916365194799e-01
8.513443000000000538e-01 2.578066999999999709e+01 1.079673406626638077e-01
8.560872000000000481e-01 2.577245900000000489e+01 1.077491981629557227e-01
8.608299999999999841e-01 2.587315199999999749e+01 1.077582857386029519e-01
8.655728999999999784e-01 2.577538200000000046e+01 1.073536287529010258e-01
8.703157999999999728e-01 2.567684799999999612e+01 1.069503549844052631e-01
8.750586000000000197e-01 2.580560200000000037e+01 1.070211560506426213e-01
8.798015000000000141e-01 2.595764399999999839e+01 1.071389154612146510e-01
8.845442999999999500e-01 2.590163999999999689e+01 1.068263441337327785e-01
8.892872000000000554e-01 2.575364600000000337e+01 1.063263711083496793e-01
8.940301000000000498e-01 2.576693000000000211e+01 1.061613731973588270e-01
8.987728999999999857e-01 2.587688699999999997e+01 1.061950111357708726e-01
9.035157999999999801e-01 2.553716700000000017e+01 1.053038717039796179e-01
9.082586999999999744e-01 2.573686599999999913e+01 1.055249940492293953e-01
9.130015000000000214e-01 2.576847799999999822e+01 1.054011326168888818e-01
9.177444000000000157e-01 2.587428399999999939e+01 1.054288167776509660e-01
9.224873000000000101e-01 2.574998999999999683e+01 1.049869309173541848e-01
9.272300999999999460e-01 2.591289100000000190e+01 1.051316829698183825e-01
9.319730000000000514e-01 2.579710700000000045e+01 1.047116156840266765e-01
9.367159000000000457e-01 2.575168100000000138e+01 1.044353093502398827e-01
9.414586999999999817e-01 2.564290500000000250e+01 1.040302923394311047e-01
9.462015999999999760e-01 2.580939700000000059e+01 1.041847547935574880e-01
9.509444999999999704e-01 2.576107400000000069e+01 1.039063364084120700e-01
9.556873000000000173e-01 2.563195799999999736e+01 1.034655800280972759e-01
9.604302000000000117e-01 2.556913699999999778e+01 1.031584176208393544e-01
9.651731000000000060e-01 2.577911300000000239e+01 1.034023141215558023e-01
9.699159000000000530e-01 2.581432399999999916e+01 1.032953250314441879e-01
9.746588000000000473e-01 2.592803299999999922e+01 1.033452431937488952e-01
9.794017000000000417e-01 2.577487400000000406e+01 1.028622092333331128e-01
9.841444999999999776e-01 2.556275600000000026e+01 1.022633755191999227e-01
9.888873999999999720e-01 2.565442399999999878e+01 1.022732091701971519e-01
9.936302000000000190e-01 2.560319800000000257e+01 1.019983547115775879e-01
9.983731000000000133e-01 2.573460200000000242e+01 1.020860369744080176e-01
1.003115999999999897e+00 2.580186999999999742e+01 1.020473369876994940e-01
1.007859000000000060e+00 2.580575200000000180e+01 1.018843970340076177e-01
1.012602000000000002e+00 2.560204300000000188e+01 1.013121525857515193e-01
1.017344999999999944e+00 2.562574799999999797e+01 1.011890253544276419e-01
1.022086999999999968e+00 2.578558500000000464e+01 1.013354458692702631e-01
1.026829999999999909e+00 2.558487600000000128e+01 1.007738319565600199e-01
1.031573000000000073e+00 2.550936700000000457e+01 1.004591902733189546e-01
1.036316000000000015e+00 2.547148599999999519e+01 1.002183978824387339e-01
1.041058999999999957e+00 2.575216100000000097e+01 1.006037686709951168e-01
1.045801999999999898e+00 2.557547900000000141e+01 1.000945874789491291e-01
1.050545000000000062e+00 2.569929700000000139e+01 1.001734430590733027e-01
1.055287000000000086e+00 2.555305200000000099e+01 9.972450119626921627e-02
1.060030000000000028e+00 2.566093400000000457e+01 9.977306870205557288e-02
1.064772999999999969e+00 2.589206699999999728e+01 1.000600292308122252e-01
1.069515999999999911e+00 2.563535599999999448e+01 9.940286577703431881e-02
1.074259000000000075e+00 2.561218699999999870e+01 9.919747763648126271e-02
1.079002000000000017e+00 2.547820699999999761e+01 9.877937876012887752e-02
1.083744999999999958e+00 2.550063399999999803e+01 9.868703945495274632e-02
1.088487999999999900e+00 2.557475400000000221e+01 9.869538508475003691e-02
1.093229999999999924e+00 2.559939700000000329e+01 9.854244153994612399e-02
1.097973000000000088e+00 2.550886999999999460e+01 9.821251812124917602e-02
1.102716000000000030e+00 2.560914299999999955e+01 9.825087387873759903e-02
1.107458999999999971e+00 2.560159499999999611e+01 9.808248260436161492e-02
1.112201999999999913e+00 2.559825300000000325e+01 9.792147663261005497e-02
1.116945000000000077e+00 2.548676400000000086e+01 9.755556085771430186e-02
1.121688000000000018e+00 2.565025299999999930e+01 9.771594917005002601e-02
1.126430000000000042e+00 2.550968499999999750e+01 9.729702669400232262e-02
1.131172999999999984e+00 2.562112599999999674e+01 9.735755860773009918e-02
1.135915999999999926e+00 2.556372700000000009e+01 9.709836827486598154e-02
1.140659000000000090e+00 2.553226899999999944e+01 9.688982992689017248e-02
1.145402000000000031e+00 2.563579399999999708e+01 9.693754447638232297e-02
1.150144999999999973e+00 2.557621800000000079e+01 9.667598610376518242e-02
1.154887999999999915e+00 2.546467799999999926e+01 9.631784247674622657e-02
1.159631000000000078e+00 2.558509099999999847e+01 9.639895898509484584e-02
1.164373000000000102e+00 2.552720499999999859e+01 9.614460949400335799e-02
1.169116000000000044e+00 2.537540600000000168e+01 9.578437148924452693e-02
1.173858999999999986e+00 2.551732799999999912e+01 9.588117320550003375e-02
1.178601999999999927e+00 2.574108199999999869e+01 9.610989499431418781e-02
1.183345000000000091e+00 2.553000800000000226e+01 9.557220080256287331e-02
1.188088000000000033e+00 2.563700899999999905e+01 9.562840939978925481e-02
1.192830999999999975e+00 2.552704400000000362e+01 9.528083858530003725e-02
1.197572999999999999e+00 2.546643599999999807e+01 9.502671853851631101e-02
1.202315999999999940e+00 2.547012399999999843e+01 9.489336141570073324e-02
1.207059000000000104e+00 2.564978300000000289e+01 9.539453539490980183e-02
1.211802000000000046e+00 2.545348800000000011e+01 9.814056538226992310e-02
1.216544999999999987e+00 2.547632800000000231e+01 1.002282689088342948e-01
1.221287999999999929e+00 2.557485700000000151e+01 1.019315123050757166e-01
1.226031000000000093e+00 2.538934700000000433e+01 1.028327779535124636e-01
1.230774000000000035e+00 2.542001499999999936e+01 1.040292559364648095e-01
1.235516000000000059e+00 2.545550399999999769e+01 1.051433131309989777e-01
1.240259000000000000e+00 2.540326999999999913e+01 1.060076521831877089e-01
1.245001999999999942e+00 2.546698199999999801e+01 1.070599443771464987e-01
1.249745000000000106e+00 2.549857099999999832e+01 1.080049675656513386e-01
1.254488000000000048e+00 2.531437500000000185e+01 1.084558750393859600e-01
1.259230999999999989e+00 2.543318799999999769e+01 1.092639207470562923e-01
1.263973999999999931e+00 2.543132700000000312e+01 1.095407621396364134e-01
1.268715999999999955e+00 2.530418999999999841e+01 1.095315533326524926e-01
1.273458999999999897e+00 2.564491900000000513e+01 1.084596935471412865e-01
1.278202000000000060e+00 2.577734099999999984e+01 1.047205830518871811e-01
1.282945000000000002e+00 2.563842100000000457e+01 1.024460032061256243e-01
1.287687999999999944e+00 2.554693099999999362e+01 1.008229244071976866e-01
1.292431000000000108e+00 2.553292700000000082e+01 9.963110876804595617e-02
1.297174000000000049e+00 2.554001700000000241e+01 9.865256249897313978e-02
1.301916000000000073e+00 2.559462399999999960e+01 9.788282038390597184e-02
1.306659000000000015e+00 2.559355300000000000e+01 9.709444460688829159e-02
1.311401999999999957e+00 2.552701300000000018e+01 9.625225347142424281e-02
1.316144999999999898e+00 2.550128500000000287e+01 9.554324994262965165e-02
1.320888000000000062e+00 2.564220500000000769e+01 9.532986282212305151e-02
1.325631000000000004e+00 2.549676299999999429e+01 9.481424410939687242e-02
1.330373999999999945e+00 2.546790599999999927e+01 9.452943751805360784e-02
1.335117000000000109e+00 2.541804199999999625e+01 9.421615581565721820e-02
1.339858999999999911e+00 2.542572599999999738e+01 9.401647455441200507e-02
1.344602000000000075e+00 2.546928100000000228e+01 9.389079676649411677e-02
1.349345000000000017e+00 2.545356699999999961e+01 9.366275894962361459e-02
1.354087999999999958e+00 2.545524899999999846e+01 9.347258260798510521e-02
1.358830999999999900e+00 2.550089600000000090e+01 9.336705510185430712e-02
1.363574000000000064e+00 2.543052600000000041e+01 9.305405995818882836e-02
1.368317000000000005e+00 2.549028599999999756e+01 9.298369418415951271e-02
1.373059000000000029e+00 2.550072700000000125e+01 9.282738048006093645e-02
1.377801999999999971e+00 2.548567200000000099e+01 9.262676291543389673e-02
1.382544999999999913e+00 2.537838799999999750e+01 9.226228869635144658e-02
1.387288000000000077e+00 2.552868599999999688e+01 9.236907228326698971e-02
1.392031000000000018e+00 2.546961900000000156e+01 9.209903871746599746e-02
1.396773999999999960e+00 2.541013200000000083e+01 9.183022111748234684e-02
1.401516999999999902e+00 2.546318100000000229e+01 9.176729704947454713e-02
1.406260000000000066e+00 2.551349699999999743e+01 9.170181660602148843e-02
1.411002000000000089e+00 2.556084999999999852e+01 9.163298990932304544e-02
1.415745000000000031e+00 2.540810799999999858e+01 9.120621228718360507e-02
1.420487999999999973e+00 2.536933799999999906e+01 9.098654074294450222e-02
1.425230999999999915e+00 2.539165699999999859e+01 9.087841210516389712e-02
1.429974000000000078e+00 2.540577299999999994e+01 9.075753138664691133e-02
1.434717000000000020e+00 2.547940500000000341e+01 9.074338197202758138e-02
1.439459999999999962e+00 2.547411999999999921e+01 9.059010185715546393e-02
1.444201999999999986e+00 2.555388100000000051e+01 9.058950502119492154e-02
1.448944999999999927e+00 2.546413600000000343e+01 9.028998520786456206e-02
1.453688000000000091e+00 2.550143099999999663e+01 9.021623045573064215e-02
1.458431000000000033e+00 2.545909400000000034e+01 9.000282156681589651e-02
1.463173999999999975e+00 2.538101300000000293e+01 8.975194040976328114e-02
1.467916999999999916e+00 2.542933800000000133e+01 8.970385307147570042e-02
1.472660000000000080e+00 2.546341000000000321e+01 8.960373426011217224e-02
1.477402000000000104e+00 2.555889200000000017e+01 8.963765257460895586e-02
1.482145000000000046e+00 2.546253500000000614e+01 8.933635546838028518e-02
1.486887999999999987e+00 2.545581999999999923e+01 8.919378912561569395e-02
1.491630999999999929e+00 2.555328000000000088e+01 8.923350771769482381e-02
1.496374000000000093e+00 2.547647899999999765e+01 8.896936821992218469e-02
1.501117000000000035e+00 2.549608899999999778e+01 8.892030156169680732e-02
1.505859999999999976e+00 2.560270599999999419e+01 9.069971079509900336e-02
1.510602999999999918e+00 2.539211799999999997e+01 9.286661295683609763e-02
1.515344999999999942e+00 2.537803000000000253e+01 9.437928766098735434e-02
1.520088000000000106e+00 2.546545100000000161e+01 9.578729527761757623e-02
1.524831000000000047e+00 2.548200299999999885e+01 9.690573554119126520e-02
1.529573999999999989e+00 2.553633600000000214e+01 9.777269457248224938e-02
1.534316999999999931e+00 2.559001300000000256e+01 9.515462080562246683e-02
1.539060000000000095e+00 2.567891899999999694e+01 9.384053831815863944e-02
1.543803000000000036e+00 2.554068500000000341e+01 9.260050189219656835e-02
1.548545000000000060e+00 2.547979399999999828e+01 9.152426650347654513e-02
1.553288000000000002e+00 2.543914600000000092e+01 9.063966356166101856e-02
1.558030999999999944e+00 2.541222599999999687e+01 8.982872560208343682e-02
1.562774000000000107e+00 2.550498800000000088e+01 8.909167570262666036e-02
1.567517000000000049e+00 2.546432100000000176e+01 8.820140713158378110e-02
1.572259999999999991e+00 2.532806700000000077e+01 8.744933595997113340e-02
1.577002999999999933e+00 2.527996100000000013e+01 8.702295590442385431e-02
1.581746000000000096e+00 2.535351000000000354e+01 8.698127139962832932e-02
1.586487999999999898e+00 2.533948299999999776e+01 8.698006681027441178e-02
1.591231000000000062e+00 2.531312999999999747e+01 8.704613291717042123e-02
1.595974000000000004e+00 2.529488599999999821e+01 8.712207942883191947e-02
1.600716999999999945e+00 2.526260599999999812e+01 8.714225631854272125e-02
1.605460000000000109e+00 2.532510299999999859e+01 8.713665896282689338e-02
1.610203000000000051e+00 2.526178699999999822e+01 8.688217627039332425e-02
1.614945999999999993e+00 2.549175500000000127e+01 8.713431039803035127e-02
1.619688000000000017e+00 2.537949100000000158e+01 8.680297938841904926e-02
1.624430999999999958e+00 2.536891500000000121e+01 8.664789512780676772e-02
1.629173999999999900e+00 2.526750200000000035e+01 8.633954979514371630e-02
1.633917000000000064e+00 2.543234700000000004e+01 8.648814462077794585e-02
1.638660000000000005e+00 2.525973300000000421e+01 8.606391020121442748e-02
1.643402999999999947e+00 2.548291700000000048e+01 8.631422815935388404e-02
1.648146000000000111e+00 2.525765899999999675e+01 8.580453491090898888e-02
1.652889000000000053e+00 2.527351600000000076e+01 8.570605343586706892e-02
1.657631000000000077e+00 2.543902800000000042e+01 8.586222086237288442e-02
1.662374000000000018e+00 2.551483599999999896e+01 8.586662337092101915e-02
1.667116999999999960e+00 2.527638300000000271e+01 8.534287407981525075e-02
1.671859999999999902e+00 2.529069600000000051e+01 8.524693769229484130e-02
1.676603000000000065e+00 2.538888600000000295e+01 8.529337873120866609e-02
1.681346000000000007e+00 2.541165499999999966e+01 8.521341936387130667e-02
1.686088999999999949e+00 2.527304500000000331e+01 8.486350385801660900e-02
1.690830999999999973e+00 2.540443499999999943e+01 8.496788938415265890e-02
1.695573999999999915e+00 2.538646599999999864e+01 8.482306923039804880e-02
1.700317000000000078e+00 2.528347600000000028e+01 8.453665610662335073e-02
1.705060000000000020e+00 2.530825000000000458e+01 8.446471898837051850e-02
1.709802999999999962e+00 2.531038900000000069e+01 8.435592265189742478e-02
1.714545999999999903e+00 2.533372999999999564e+01 8.428378438909941983e-02
1.719289000000000067e+00 2.535223500000000030e+01 8.420371823805170020e-02
1.724031000000000091e+00 2.531788199999999733e+01 8.403641728628903629e-02
1.728774000000000033e+00 2.529929400000000328e+01 8.389647539854698521e-02
1.733516999999999975e+00 2.528498999999999697e+01 8.376481131187607510e-02
1.738259999999999916e+00 2.545795899999999889e+01 8.394264391940962911e-02
1.743003000000000080e+00 2.540030399999999844e+01 8.373984102351877956e-02
1.747746000000000022e+00 2.522638900000000461e+01 8.334667802226672362e-02
1.752488999999999963e+00 2.519469199999999631e+01 8.318906800294735560e-02
1.757231999999999905e+00 2.530582400000000121e+01 8.326741026363675136e-02
1.761973999999999929e+00 2.524278999999999584e+01 8.305878665158430985e-02
1.766717000000000093e+00 2.530154399999999981e+01 8.305164909663022288e-02
1.771460000000000035e+00 2.522042799999999829e+01 8.281549000210226830e-02
1.776202999999999976e+00 2.526849399999999690e+01 8.282884828537820376e-02
1.780945999999999918e+00 2.520245500000000050e+01 8.262091684858925700e-02
1.785689000000000082e+00 2.524417799999999801e+01 8.254807029167912646e-02
1.790432000000000023e+00 2.524865899999999996e+01 8.245478510601370048e-02
1.795174000000000047e+00 2.526829199999999886e+01 8.238630732863258532e-02
1.799916999999999989e+00 2.531443200000000004e+01 8.236095324575595789e-02
1.804659999999999931e+00 2.517955599999999805e+01 8.204227089882140667e-02
1.809403000000000095e+00 2.516445499999999669e+01 8.191908714807252800e-02
1.814146000000000036e+00 2.528823399999999566e+01 8.202179811278036137e-02
1.818888999999999978e+00 2.522198699999999860e+01 8.181609117907064077e-02
1.823631999999999920e+00 2.531039899999999676e+01 8.186184454667815025e-02
1.828375000000000083e+00 2.520787800000000090e+01 8.159914780615848406e-02
1.833117000000000107e+00 2.527572300000000283e+01 8.161221126827344907e-02
1.837860000000000049e+00 2.523762299999999925e+01 8.145437803722092862e-02
1.842602999999999991e+00 2.519152100000000161e+01 8.128444009161531203e-02
1.847345999999999933e+00 2.527802300000000457e+01 8.132888084159893560e-02
1.852089000000000096e+00 2.528451100000000196e+01 8.131144014407873377e-02
1.856832000000000038e+00 2.514649299999999954e+01 8.093373674769996362e-02
1.861574999999999980e+00 2.529670800000000241e+01 8.107531056963704352e-02
1.866317000000000004e+00 2.523254000000000019e+01 8.087907343706590702e-02
1.871059999999999945e+00 2.514525099999999824e+01 8.064629258792868627e-02
1.875803000000000109e+00 2.516825899999999905e+01 8.059015451718652689e-02
1.880546000000000051e+00 2.522606800000000504e+01 8.059036808737443658e-02
1.885288999999999993e+00 2.525353899999999641e+01 8.054257562771940937e-02
1.890031999999999934e+00 2.526293400000000133e+01 8.046585943346408476e-02
1.894775000000000098e+00 2.526101700000000250e+01 8.037120037114227344e-02
1.899516999999999900e+00 2.502397399999999905e+01 7.990305896505903172e-02
1.904260000000000064e+00 2.512444399999999689e+01 7.997316742668381107e-02
1.909003000000000005e+00 2.511852000000000018e+01 7.987413015661516680e-02
1.913745999999999947e+00 2.515498500000000348e+01 7.984206020821105199e-02
1.918489000000000111e+00 2.518447899999999962e+01 7.979981795360061025e-02
1.923232000000000053e+00 2.518293399999999949e+01 7.970867740171769245e-02
1.927974999999999994e+00 2.518025099999999838e+01 7.961371953992540940e-02
1.932717999999999936e+00 2.521588500000000010e+01 7.951902739828814459e-02
1.937459999999999960e+00 2.511092500000000172e+01 7.916822756363060820e-02
1.942202999999999902e+00 2.526444500000000204e+01 7.919345144531964031e-02
1.946946000000000065e+00 2.525756899999999661e+01 7.899029909373997405e-02
1.951689000000000007e+00 2.516213099999999869e+01 7.868549033507639401e-02
1.956431999999999949e+00 2.515302700000000158e+01 7.858640067218308767e-02
1.961174999999999891e+00 2.516574699999999964e+01 7.852347744199565660e-02
1.965918000000000054e+00 2.508458899999999758e+01 7.831545648354799882e-02
1.970660000000000078e+00 2.517066900000000018e+01 7.841274685203165895e-02
1.975403000000000020e+00 2.517132199999999642e+01 7.839270799207793960e-02
1.980145999999999962e+00 2.504941400000000584e+01 7.822426899327279692e-02
1.984888999999999903e+00 2.503755300000000261e+01 7.822648590220897258e-02
1.989632000000000067e+00 2.506047299999999822e+01 7.828275259580873280e-02
1.994375000000000009e+00 2.493802300000000116e+01 7.806274594922983645e-02
1.999117999999999951e+00 2.501796200000000070e+01 7.807528406089216111e-02
2.003861000000000114e+00 2.517576200000000242e+01 7.823796775616106980e-02
2.008602999999999916e+00 2.518152199999999752e+01 7.816334665187257835e-02
2.013345999999999858e+00 2.538728199999999902e+01 7.909502082533513556e-02
2.018088999999999800e+00 2.519443099999999802e+01 8.109341052363935876e-02
2.022832000000000185e+00 2.521067199999999531e+01 8.246207654279875954e-02
2.027575000000000127e+00 2.515349900000000360e+01 8.341027687171168048e-02
2.032318000000000069e+00 2.506184200000000217e+01 8.415081447586350571e-02
2.037061000000000011e+00 2.499812100000000115e+01 8.484370040287728121e-02
2.041802999999999813e+00 2.498003500000000088e+01 8.553179850792277938e-02
2.046546000000000198e+00 2.499707099999999826e+01 8.595208791246318480e-02
2.051289000000000140e+00 2.492584500000000247e+01 8.609328519737877161e-02
2.056032000000000082e+00 2.492031899999999922e+01 8.632778126433807153e-02
2.060775000000000023e+00 2.503074099999999902e+01 8.674745414063574078e-02
2.065517999999999965e+00 2.502127700000000132e+01 8.694529319174212900e-02
2.070260999999999907e+00 2.499702500000000072e+01 8.710593795421353591e-02
2.075003000000000153e+00 2.492975600000000114e+01 8.718090090792363078e-02
2.079746000000000095e+00 2.514139499999999927e+01 8.544618453442785755e-02
2.084489000000000036e+00 2.500210799999999978e+01 8.304449965776360132e-02
2.089231999999999978e+00 2.509899899999999917e+01 8.201529450459407733e-02
2.093974999999999920e+00 2.514634200000000419e+01 8.119272307279451484e-02
2.098717999999999861e+00 2.511441199999999796e+01 8.040009795897266887e-02
2.103460999999999803e+00 2.511932900000000046e+01 7.976939793259317513e-02
2.108204000000000189e+00 2.508295800000000142e+01 7.926860480145277166e-02
2.112945999999999991e+00 2.505536700000000394e+01 7.901433819843775574e-02
2.117688999999999933e+00 2.509479999999999933e+01 7.888517939160688552e-02
2.122431999999999874e+00 2.494403499999999596e+01 7.846983682950602057e-02
2.127174999999999816e+00 2.502678099999999262e+01 7.843324879823670992e-02
2.131918000000000202e+00 2.501714899999999986e+01 7.826065050937348888e-02
2.136661000000000143e+00 2.500600200000000584e+01 7.809327867153037506e-02
2.141404000000000085e+00 2.498165799999999948e+01 7.791155191834778226e-02
2.146145999999999887e+00 2.499337899999999735e+01 7.779214763952528588e-02
2.150888999999999829e+00 2.498617500000000291e+01 7.764810052170111054e-02
2.155632000000000215e+00 2.504766500000000207e+01 7.761558179654456935e-02
2.160375000000000156e+00 2.515412800000000360e+01 7.765528043532518576e-02
2.165118000000000098e+00 2.494171699999999703e+01 7.720592115037097636e-02
2.169861000000000040e+00 2.510978599999999972e+01 7.734765434876289536e-02
2.174603999999999981e+00 2.496220499999999731e+01 7.700515602182038399e-02
2.179346999999999923e+00 2.493021900000000102e+01 7.684320936325408913e-02
2.184089000000000169e+00 2.501161300000000409e+01 7.685868776313317663e-02
2.188832000000000111e+00 2.475677300000000258e+01 7.635883581501815009e-02
2.193575000000000053e+00 2.489577799999999996e+01 7.646730444113614134e-02
2.198317999999999994e+00 2.496837700000000027e+01 7.647449187645184721e-02
2.203060999999999936e+00 2.489503899999999703e+01 7.625987928902590307e-02
2.207803999999999878e+00 2.492324599999999890e+01 7.620296141559985970e-02
2.212546999999999819e+00 2.482103199999999887e+01 7.594778693024503702e-02
2.217289000000000065e+00 2.499435600000000335e+01 7.611427029704088965e-02
2.222032000000000007e+00 2.499264500000000311e+01 7.601517822171503791e-02
2.226774999999999949e+00 2.494947099999999907e+01 7.585447017381044543e-02
2.231517999999999891e+00 2.504623299999999730e+01 7.590732945786790586e-02
2.236260999999999832e+00 2.500028999999999613e+01 7.574433469901428739e-02
2.241004000000000218e+00 2.495150399999999991e+01 7.557851519622491021e-02
2.245747000000000160e+00 2.506957700000000244e+01 7.566617414886522841e-02
2.250490000000000101e+00 2.496143699999999654e+01 7.541299197983461489e-02
2.255231999999999903e+00 2.497698000000000107e+01 7.534718238181903338e-02
2.259974999999999845e+00 2.485141699999999787e+01 7.506944027580197965e-02
2.264717999999999787e+00 2.499161400000000199e+01 7.519371613762017292e-02
2.269461000000000173e+00 2.499339499999999958e+01 7.510968632526300592e-02
2.274204000000000114e+00 2.491251500000000263e+01 7.490200505135694020e-02
2.278947000000000056e+00 2.479378299999999768e+01 7.463843299806474652e-02
2.283689999999999998e+00 2.498464299999999838e+01 7.484070060894139342e-02
2.288431999999999800e+00 2.486763999999999797e+01 7.458188194808508531e-02
2.293175000000000185e+00 2.498419500000000326e+01 7.467298737806128683e-02
2.297918000000000127e+00 2.484737900000000010e+01 7.438605442223764075e-02
2.302661000000000069e+00 2.487765199999999410e+01 7.434945671826728719e-02
2.307404000000000011e+00 2.505550500000000014e+01 7.453353649244076617e-02
2.312146999999999952e+00 2.510432200000000336e+01 7.452473872823103807e-02
2.316889999999999894e+00 2.505519300000000271e+01 7.437130998646655777e-02
2.321632000000000140e+00 2.487414500000000217e+01 7.402280487412038479e-02
2.326375000000000082e+00 2.493747300000000067e+01 7.403801236331443436e-02
2.331118000000000023e+00 2.499860400000000382e+01 7.404949187635455343e-02
2.335860999999999965e+00 2.494079499999999783e+01 7.388574817377029091e-02
2.340603999999999907e+00 2.490896299999999997e+01 7.376072675639591680e-02
2.345346999999999849e+00 2.487805099999999925e+01 7.363807008007949850e-02
2.350089999999999790e+00 2.491888700000000156e+01 7.362159904603945981e-02
2.354833000000000176e+00 2.475428500000000298e+01 7.330176120300384290e-02
2.359574999999999978e+00 2.482937500000000242e+01 7.333739267210759305e-02
2.364317999999999920e+00 2.482115200000000144e+01 7.324982237788156547e-02
2.369060999999999861e+00 2.487598400000000254e+01 7.325544826221186412e-02
2.373803999999999803e+00 2.487821699999999936e+01 7.318406764434114142e-02
2.378547000000000189e+00 2.493635900000000305e+01 7.319516438533832381e-02
2.383290000000000131e+00 2.479565299999999795e+01 7.291470351969828179e-02
2.388033000000000072e+00 2.493989900000000404e+01 7.305272951212568588e-02
2.392774999999999874e+00 2.491657399999999711e+01 7.294526656831613887e-02
2.397517999999999816e+00 2.482779799999999781e+01 7.274258105448691558e-02
2.402261000000000202e+00 2.481908400000000015e+01 7.265768967542388101e-02
2.407004000000000143e+00 2.483761000000000152e+01 7.261239462191698690e-02
2.411747000000000085e+00 2.491498099999999738e+01 7.265360747863797153e-02
2.416490000000000027e+00 2.479424999999999812e+01 7.240615788401978670e-02
2.421232999999999969e+00 2.472804800000000114e+01 7.223868162811389326e-02
2.425975999999999910e+00 2.480815600000000032e+01 7.228452707736145177e-02
2.430718000000000156e+00 2.482971599999999768e+01 7.224539576752071757e-02
2.435461000000000098e+00 2.483063999999999893e+01 7.217705940945086385e-02
2.440204000000000040e+00 2.485506299999999769e+01 7.216818941201449955e-02
2.444946999999999981e+00 2.483235399999999871e+01 7.204012722149925885e-02
2.449689999999999923e+00 2.478385600000000011e+01 7.190023068487402802e-02
2.454432999999999865e+00 2.473901199999999534e+01 7.176644121938959009e-02
2.459175999999999807e+00 2.475512499999999960e+01 7.172147188804828266e-02
2.463918000000000053e+00 2.482049600000000211e+01 7.174727974586422863e-02
2.468660999999999994e+00 2.482455600000000118e+01 7.168521817637719951e-02
2.473403999999999936e+00 2.479759100000000416e+01 7.157839220160158722e-02
2.478146999999999878e+00 2.477921200000000113e+01 7.148451013953652233e-02
2.482889999999999819e+00 2.468698300000000145e+01 7.128405334546288052e-02
2.487633000000000205e+00 2.476661000000000001e+01 7.133194186097346901e-02
2.492376000000000147e+00 2.485414200000000307e+01 7.139103160113460800e-02
2.497117999999999949e+00 2.472245400000000615e+01 7.113525933222918096e-02
2.501860999999999891e+00 2.471518900000000230e+01 7.105857432749970726e-02
2.506603999999999832e+00 2.484091199999999944e+01 7.117302150954811502e-02
2.511347000000000218e+00 2.483959699999999771e+01 7.110375342884438232e-02
2.516090000000000160e+00 2.474372100000000074e+01 7.084648014803840432e-02
2.520833000000000101e+00 2.481901200000000429e+01 7.080886956420430478e-02
2.525576000000000043e+00 2.476122600000000062e+01 7.058252998462934136e-02
2.530318999999999985e+00 2.469781000000000049e+01 7.037668760852985872e-02
2.535060999999999787e+00 2.466594099999999656e+01 7.026690275710535671e-02
2.539804000000000173e+00 2.478954399999999936e+01 7.037899163649050105e-02
2.544547000000000114e+00 2.475217199999999806e+01 7.026307626669073270e-02
2.549290000000000056e+00 2.477027999999999608e+01 7.022571529612282870e-02
2.554032999999999998e+00 2.471595399999999643e+01 7.008623973841797417e-02
2.558775999999999939e+00 2.476553100000000285e+01 7.009374747385889448e-02
2.563518999999999881e+00 2.478561499999999995e+01 7.006234162289967649e-02
2.568261000000000127e+00 2.470389400000000180e+01 6.994083945753581943e-02
2.573004000000000069e+00 2.472316999999999965e+01 6.998421327211230836e-02
2.577747000000000011e+00 2.464663700000000190e+01 6.989113328615727261e-02
2.582489999999999952e+00 2.476884399999999786e+01 7.004515179628423294e-02
2.587232999999999894e+00 2.482288899999999998e+01 7.005957272291489513e-02
2.591975999999999836e+00 2.484949499999999745e+01 7.003516971228455901e-02
2.596719000000000221e+00 2.482225999999999999e+01 6.993478753278370430e-02
2.601462000000000163e+00 2.467175499999999744e+01 6.966088885121048124e-02
2.606203999999999965e+00 2.469652200000000519e+01 6.963468454416089914e-02
2.610946999999999907e+00 2.481922499999999943e+01 6.974618002610322165e-02
2.615689999999999849e+00 2.472462700000000524e+01 6.955221322207008616e-02
2.620432999999999790e+00 2.471524299999999741e+01 6.947815045354978347e-02
2.625176000000000176e+00 2.477454300000000131e+01 6.950094649104930633e-02
2.629919000000000118e+00 2.472231599999999929e+01 6.936725563330800592e-02
2.634662000000000059e+00 2.476397700000000057e+01 6.938033583534890247e-02
2.639403999999999861e+00 2.484507399999999677e+01 6.944570403074404319e-02
2.644146999999999803e+00 2.470934400000000508e+01 6.917319372172865688e-02
2.648890000000000189e+00 2.460305900000000179e+01 6.896080546814110923e-02
2.653633000000000131e+00 2.473736699999999900e+01 6.909972809058513576e-02
2.658376000000000072e+00 2.467271900000000073e+01 6.895173088084591284e-02
2.663119000000000014e+00 2.474911900000000031e+01 6.898741559820456559e-02
2.667861999999999956e+00 2.457305500000000009e+01 6.868255766453226774e-02
2.672604999999999897e+00 2.464310599999999951e+01 6.872155432048594748e-02
2.677347000000000143e+00 2.465676200000000051e+01 6.868223467834823348e-02
2.682090000000000085e+00 2.476735199999999892e+01 6.877756980582913626e-02
2.686833000000000027e+00 2.473915200000000070e+01 6.868042798094446677e-02
2.691575999999999969e+00 2.475750900000000243e+01 6.864745738961566812e-02
2.696318999999999910e+00 2.482022599999999812e+01 6.867641533466710413e-02
2.701061999999999852e+00 2.474468199999999740e+01 6.851417566487170985e-02
2.705804999999999794e+00 2.478224599999999711e+01 6.850846227329511484e-02
2.710547000000000040e+00 2.477678699999999878e+01 6.844331682835805286e-02
2.715289999999999981e+00 2.461937700000000007e+01 6.816863816981236224e-02
2.720032999999999923e+00 2.466770199999999846e+01 6.817857666260275507e-02
2.724775999999999865e+00 2.460655999999999821e+01 6.803723803544717286e-02
2.729518999999999807e+00 2.465077799999999897e+01 6.804156928878918320e-02
2.734262000000000192e+00 2.470475300000000018e+01 6.805938130166774847e-02
2.739005000000000134e+00 2.461944599999999994e+01 6.788561994659178533e-02
2.743746999999999936e+00 2.473185199999999639e+01 6.798398290391495513e-02
2.748489999999999878e+00 2.469041100000000455e+01 6.787102097615224650e-02
2.753232999999999819e+00 2.471411800000000270e+01 6.784763635399909676e-02
2.757976000000000205e+00 2.472573099999999968e+01 6.780780538813432901e-02
2.762719000000000147e+00 2.481834500000000077e+01 6.787889456740144045e-02
2.767462000000000089e+00 2.462433300000000003e+01 6.755756110128977032e-02
2.772205000000000030e+00 2.463807399999999603e+01 6.752130902068398388e-02
2.776947999999999972e+00 2.455107500000000442e+01 6.734695157108003261e-02
2.781690000000000218e+00 2.465108899999999892e+01 6.742908150391638267e-02
2.786433000000000160e+00 2.471690500000000057e+01 6.746398445939952304e-02
2.791176000000000101e+00 2.463330199999999692e+01 6.729513796471628395e-02
2.795919000000000043e+00 2.457013100000000350e+01 6.715450505075665211e-02
2.800661999999999985e+00 2.459910400000000053e+01 6.715501017737916800e-02
2.805404999999999927e+00 2.462614500000000106e+01 6.712786670195396155e-02
2.810147999999999868e+00 2.464713899999999924e+01 6.713449229346640790e-02
2.814890000000000114e+00 2.483472000000000435e+01 6.734400890106037596e-02
2.819633000000000056e+00 2.482161699999999627e+01 6.857390551383593658e-02
2.824375999999999998e+00 2.463449299999999909e+01 6.974884889679829059e-02
2.829118999999999939e+00 2.467683599999999799e+01 7.071097348433551255e-02
2.833861999999999881e+00 2.468805100000000152e+01 7.146549209028787986e-02
2.838604999999999823e+00 2.457660700000000276e+01 7.192793941131567226e-02
2.843348000000000209e+00 2.475546399999999991e+01 7.249355222269977805e-02
2.848091000000000150e+00 2.473862199999999945e+01 7.268881321423124875e-02
2.852832999999999952e+00 2.463257500000000277e+01 7.274448869852614963e-02
2.857575999999999894e+00 2.464332499999999726e+01 7.295585675441691731e-02
2.862318999999999836e+00 2.459027999999999992e+01 7.305896857333669947e-02
2.867062000000000221e+00 2.464375799999999828e+01 7.330976908844755169e-02
2.871805000000000163e+00 2.456323900000000293e+01 7.335121458493989999e-02
2.876548000000000105e+00 2.464144399999999990e+01 7.362158570852028738e-02
2.881291000000000047e+00 2.468404799999999710e+01 7.348597514866425651e-02
2.886032999999999848e+00 2.488915399999999778e+01 7.168670501455133570e-02
2.890775999999999790e+00 2.484529500000000013e+01 7.049777989875000150e-02
2.895519000000000176e+00 2.479512999999999678e+01 6.966575205277122929e-02
2.900262000000000118e+00 2.482120199999999954e+01 6.909953173279106964e-02
2.905005000000000059e+00 2.470516100000000037e+01 6.856635470081226535e-02
2.909748000000000001e+00 2.463117199999999940e+01 6.828431907497869990e-02
2.914490999999999943e+00 2.459671900000000022e+01 6.807680066286606047e-02
2.919233000000000189e+00 2.468952399999999869e+01 6.805990818271061282e-02
2.923976000000000131e+00 2.465025800000000089e+01 6.787215913758233576e-02
2.928719000000000072e+00 2.465467100000000045e+01 6.775415420944165545e-02
2.933462000000000014e+00 2.470585799999999921e+01 6.770751579489828198e-02
2.938204999999999956e+00 2.456145200000000273e+01 6.739893757237572225e-02
2.942947999999999897e+00 2.450437000000000154e+01 6.721616319888915059e-02
2.947690999999999839e+00 2.456029100000000298e+01 6.719268676655816563e-02
2.952433999999999781e+00 2.455531300000000527e+01 6.709746057308055289e-02
2.957176000000000027e+00 2.464497300000000024e+01 6.713334970962940573e-02
2.961918999999999969e+00 2.455864499999999850e+01 6.691250093092022955e-02
2.966661999999999910e+00 2.456344299999999947e+01 6.683250549554012321e-02
2.971404999999999852e+00 2.454772499999999624e+01 6.672681580521731826e-02
2.976147999999999794e+00 2.451820500000000180e+01 6.660466442786720787e-02
2.980891000000000179e+00 2.458247999999999678e+01 6.661202211542974205e-02
2.985634000000000121e+00 2.460973000000000255e+01 6.657065190369701457e-02
2.990375999999999923e+00 2.462058700000000044e+01 6.652607402370816492e-02
2.995118999999999865e+00 2.451368099999999828e+01 6.629225920731394994e-02
2.999861999999999806e+00 2.468663600000000002e+01 6.644893885580567539e-02
3.004605000000000192e+00 2.467355500000000035e+01 6.635901869883474580e-02
3.009348000000000134e+00 2.468332200000000043e+01 6.630100076364610351e-02
3.014091000000000076e+00 2.451532499999999715e+01 6.602524330208939252e-02
3.018834000000000017e+00 2.454884299999999797e+01 6.598124391520593379e-02
3.023576999999999959e+00 2.458625799999999728e+01 6.596381897288845775e-02
3.028319000000000205e+00 2.460175100000000015e+01 6.591748998752758326e-02
3.033062000000000147e+00 2.454721600000000237e+01 6.577806881090762781e-02
3.037805000000000089e+00 2.461003900000000044e+01 6.579713057860883674e-02
3.042548000000000030e+00 2.465904199999999946e+01 6.579807743371078599e-02
3.047290999999999972e+00 2.457774699999999868e+01 6.562578246121641978e-02
3.052033999999999914e+00 2.459108400000000216e+01 6.558029805018576741e-02
3.056776999999999855e+00 2.457902800000000099e+01 6.550178245182722292e-02
3.061519000000000101e+00 2.457587699999999842e+01 6.543573556057347140e-02
3.066262000000000043e+00 2.459168599999999927e+01 6.539569098028018279e-02
3.071004999999999985e+00 2.458972999999999942e+01 6.534563164509928079e-02
3.075747999999999927e+00 2.456230099999999794e+01 6.525211263502048165e-02
3.080490999999999868e+00 2.453389299999999906e+01 6.514772588761330585e-02
3.085233999999999810e+00 2.460121099999999572e+01 6.516856617824501319e-02
3.089977000000000196e+00 2.462936200000000042e+01 6.516565027022365453e-02
3.094720000000000137e+00 2.461305399999999821e+01 6.506825139518043755e-02
3.099461999999999939e+00 2.456345800000000423e+01 6.494409767790140786e-02
3.104204999999999881e+00 2.467043900000000534e+01 6.502787681157827515e-02
3.108947999999999823e+00 2.459914999999999807e+01 6.487673614648396814e-02
3.113691000000000209e+00 2.462048600000000320e+01 6.484843494135922315e-02
3.118434000000000150e+00 2.467599600000000493e+01 6.486529424432682656e-02
3.123177000000000092e+00 2.455155700000000252e+01 6.464550023032383796e-02
3.127920000000000034e+00 2.467743300000000062e+01 6.475552162833528302e-02
3.132661999999999836e+00 2.455457500000000692e+01 6.453903630406096492e-02
3.137405000000000221e+00 2.451757899999999779e+01 6.443577815957762800e-02
3.142148000000000163e+00 2.456278000000000006e+01 6.444031087204421526e-02
3.146891000000000105e+00 2.458021500000000259e+01 6.441724735366452514e-02
3.151634000000000047e+00 2.457296700000000556e+01 6.435615778591664837e-02
3.156376999999999988e+00 2.460596199999999811e+01 6.433571622405007129e-02
3.161119999999999930e+00 2.458727599999999924e+01 6.425830025009375557e-02
3.165862000000000176e+00 2.449787300000000201e+01 6.413300548564834780e-02
3.170605000000000118e+00 2.455964200000000019e+01 6.414436627306406569e-02
3.175348000000000059e+00 2.461030599999999779e+01 6.412977360675305161e-02
3.180091000000000001e+00 2.455060899999999791e+01 6.399949914816756291e-02
3.184833999999999943e+00 2.456931599999999349e+01 6.397199106657927570e-02
3.189576999999999884e+00 2.462294300000000291e+01 6.398987167501275775e-02
3.194319999999999826e+00 2.461288800000000165e+01 6.390684332249169097e-02
3.199063000000000212e+00 2.456821800000000167e+01 6.373170768551396359e-02
3.203805000000000014e+00 2.461076399999999964e+01 6.366863467020320022e-02
3.208547999999999956e+00 2.454997700000000194e+01 6.351177771799416949e-02
3.213290999999999897e+00 2.458682499999999749e+01 6.350932797001319907e-02
3.218033999999999839e+00 2.462683600000000084e+01 6.351101120737648320e-02
3.222776999999999781e+00 2.453961500000000129e+01 6.334878301667523637e-02
3.227520000000000167e+00 2.454826999999999870e+01 6.331066925992569205e-02
3.232263000000000108e+00 2.458087199999999939e+01 6.330332408703116809e-02
3.237004999999999910e+00 2.456053799999999754e+01 6.322799903054816817e-02
3.241747999999999852e+00 2.447236900000000048e+01 6.306571563511906287e-02
3.246490999999999794e+00 2.468877199999999306e+01 6.329514500945392086e-02
3.251234000000000179e+00 2.461286600000000391e+01 6.316703623792080391e-02
3.255977000000000121e+00 2.462194099999999963e+01 6.319495669368402346e-02
3.260720000000000063e+00 2.452715399999999946e+01 6.309113448558917314e-02
3.265463000000000005e+00 2.458236899999999636e+01 6.313944263244411492e-02
3.270205999999999946e+00 2.463798900000000103e+01 6.316282442253749740e-02
3.274948000000000192e+00 2.448876700000000284e+01 6.292307421703106918e-02
3.279691000000000134e+00 2.445604300000000109e+01 6.283296525535700394e-02
3.284434000000000076e+00 2.453986799999999491e+01 6.289324657627556880e-02
3.289177000000000017e+00 2.458903399999999806e+01 6.290879794939019387e-02
3.293919999999999959e+00 2.458116400000000112e+01 6.285107624162612761e-02
3.298662999999999901e+00 2.460840600000000222e+01 6.283881588028054910e-02
3.303405999999999842e+00 2.448569499999999977e+01 6.263488829554660076e-02
3.308148000000000089e+00 2.457959899999999820e+01 6.270814497195080495e-02
3.312891000000000030e+00 2.459699300000000122e+01 6.268344990094754099e-02
3.317633999999999972e+00 2.454807500000000076e+01 6.257443678201186910e-02
3.322376999999999914e+00 2.459471800000000030e+01 6.258821911220513456e-02
3.327119999999999855e+00 2.457624399999999909e+01 6.253397495744532353e-02
3.331862999999999797e+00 2.451737199999999817e+01 6.239649766494029942e-02
3.336606000000000183e+00 2.460108100000000064e+01 6.245702794010134229e-02
3.341347999999999985e+00 2.445254399999999961e+01 6.222255379117125340e-02
3.346090999999999926e+00 2.454397200000000367e+01 6.229311662572999120e-02
3.350833999999999868e+00 2.454551799999999773e+01 6.224923811764767473e-02
3.355576999999999810e+00 2.457560099999999892e+01 6.224206508294612139e-02
3.360320000000000196e+00 2.461695999999999884e+01 6.224907860628942080e-02
3.365063000000000137e+00 2.459634799999999899e+01 6.217790984524086684e-02
3.369806000000000079e+00 2.457232300000000436e+01 6.210259186432239009e-02
3.374549000000000021e+00 2.464686099999999769e+01 6.215146995930265206e-02
3.379290999999999823e+00 2.474072600000000222e+01 6.291718869365826861e-02
3.384034000000000209e+00 2.451947799999999944e+01 6.410494782545728132e-02
3.388777000000000150e+00 2.450368899999999783e+01 6.493169966358265655e-02
3.393520000000000092e+00 2.447394399999999948e+01 6.556084222397313976e-02
3.398263000000000034e+00 2.452424299999999846e+01 6.602503219023221626e-02
3.403005999999999975e+00 2.447455500000000228e+01 6.613589360363855696e-02
3.407748999999999917e+00 2.455017199999999988e+01 6.620408993795851016e-02
3.412491000000000163e+00 2.452760199999999813e+01 6.620995939599494395e-02
3.417234000000000105e+00 2.458246700000000118e+01 6.646035916561240930e-02
3.421977000000000046e+00 2.455461500000000186e+01 6.658353635093362810e-02
3.426719999999999988e+00 2.446114299999999986e+01 6.659206815497999143e-02
3.431462999999999930e+00 2.447289799999999715e+01 6.674687313164714975e-02
3.436205999999999872e+00 2.443047599999999875e+01 6.683351830374785474e-02
3.440948999999999813e+00 2.446748799999999946e+01 6.700546462397077851e-02
3.445692000000000199e+00 2.452101400000000098e+01 6.721090256723978584e-02
3.450434000000000001e+00 2.449584700000000481e+01 6.726993578751432057e-02
3.455176999999999943e+00 2.440878500000000173e+01 6.726046637388860550e-02
3.459919999999999884e+00 2.443428899999999970e+01 6.740154560208244661e-02
3.464662999999999826e+00 2.453446200000000132e+01 6.764149154327467328e-02
3.469406000000000212e+00 2.447382799999999747e+01 6.765645591341376552e-02
3.474149000000000154e+00 2.444942900000000208e+01 6.771786602832520485e-02
3.478892000000000095e+00 2.451077800000000195e+01 6.789543141627424339e-02
3.483633999999999897e+00 2.457922800000000407e+01 6.807973139800274631e-02
3.488376999999999839e+00 2.454888300000000001e+01 6.812485719178866528e-02
3.493119999999999781e+00 2.446505499999999955e+01 6.809286616429506556e-02
3.497863000000000167e+00 2.452566999999999808e+01 6.825967046767952850e-02
3.502606000000000108e+00 2.443151299999999893e+01 6.820870618625307635e-02
3.507349000000000050e+00 2.449455599999999933e+01 6.837460655412139210e-02
3.512091999999999992e+00 2.440293499999999938e+01 6.832289018944530390e-02
3.516833999999999794e+00 2.450531499999999596e+01 6.854045512935917628e-02
3.521577000000000179e+00 2.454408600000000007e+01 6.866732492313719349e-02
3.526320000000000121e+00 2.439741099999999818e+01 6.853281730856466969e-02
3.531063000000000063e+00 2.446506899999999973e+01 6.869715706923831822e-02
3.535806000000000004e+00 2.440450499999999678e+01 6.868023589778357585e-02
3.540548999999999946e+00 2.442940600000000018e+01 6.878139090579805937e-02
3.545291999999999888e+00 2.444049099999999797e+01 6.886248862883985467e-02
3.550034999999999830e+00 2.445570699999999675e+01 6.894806242986818712e-02
3.554777000000000076e+00 2.450824899999999928e+01 6.908469221745219824e-02
3.559520000000000017e+00 2.450796400000000119e+01 6.914597614343295784e-02
3.564262999999999959e+00 2.444716400000000078e+01 6.912025872836560780e-02
3.569005999999999901e+00 2.459738599999999664e+01 6.940507864216062528e-02
3.573748999999999842e+00 2.455681799999999981e+01 6.942643848334581480e-02
3.578491999999999784e+00 2.443650199999999728e+01 6.927985786564375137e-02
3.583235000000000170e+00 2.443979099999999960e+01 6.934095679848598093e-02
3.587976999999999972e+00 2.452701400000000120e+01 6.949594178656622045e-02
3.592719999999999914e+00 2.451584099999999822e+01 6.942617547547755286e-02
3.597462999999999855e+00 2.455407100000000042e+01 6.941834360800752668e-02
3.602205999999999797e+00 2.449075200000000407e+01 6.926755692852606949e-02
3.606949000000000183e+00 2.446331299999999942e+01 6.916764373303893598e-02
3.611692000000000125e+00 2.443857799999999969e+01 6.912341968030444317e-02
3.616435000000000066e+00 2.448124300000000275e+01 6.925280330697596021e-02
3.621178000000000008e+00 2.469175600000000159e+01 7.039051869597921784e-02
3.625919999999999810e+00 2.458691999999999922e+01 7.275238453405290240e-02
3.630663000000000196e+00 2.451113700000000151e+01 7.405456827783819806e-02
3.635406000000000137e+00 2.453867799999999733e+01 7.515358746865848094e-02
3.640149000000000079e+00 2.451216900000000010e+01 7.589193788792455986e-02
3.644892000000000021e+00 2.443559699999999779e+01 7.629155676106498529e-02
3.649634999999999962e+00 2.440746700000000402e+01 7.673921576385896171e-02
3.654377999999999904e+00 2.447337200000000479e+01 7.727015230538762658e-02
3.659120000000000150e+00 2.446966300000000061e+01 7.769540871624977529e-02
3.663863000000000092e+00 2.441720700000000122e+01 7.802706540332207674e-02
3.668606000000000034e+00 2.445427199999999601e+01 7.848796704340546548e-02
3.673348999999999975e+00 2.450751599999999897e+01 7.896514317365857516e-02
3.678091999999999917e+00 2.440373299999999901e+01 7.917931717372347911e-02
3.682834999999999859e+00 2.446631399999999701e+01 7.965481672137661451e-02
3.687577999999999800e+00 2.439861399999999847e+01 7.991126503481534027e-02
3.692321000000000186e+00 2.433871200000000101e+01 8.017344789215691270e-02
3.697062999999999988e+00 2.443310500000000118e+01 8.068425779761191630e-02
3.701805999999999930e+00 2.445070300000000074e+01 8.106444184358083116e-02
3.706548999999999872e+00 2.429290199999999444e+01 8.114842093446673899e-02
3.711291999999999813e+00 2.455062799999999612e+01 8.192136519404567829e-02
3.716035000000000199e+00 2.451187599999999733e+01 8.219663176205702082e-02
3.720778000000000141e+00 2.454872499999999746e+01 8.259628823329531744e-02
3.725521000000000083e+00 2.452205200000000218e+01 8.288601733503787872e-02
3.730262999999999884e+00 2.441456000000000159e+01 8.303614887176306858e-02
3.735005999999999826e+00 2.459032600000000457e+01 8.366485972927104053e-02
3.739749000000000212e+00 2.452789999999999537e+01 8.388746337180365276e-02
3.744492000000000154e+00 2.451281800000000288e+01 8.418820443609603688e-02
3.749235000000000095e+00 2.441596200000000039e+01 8.434630575369854444e-02
3.753978000000000037e+00 2.445579000000000036e+01 8.473892443453068246e-02
3.758720999999999979e+00 2.437732599999999650e+01 8.492440548838889325e-02
3.763462999999999781e+00 2.442381200000000163e+01 8.532668849904935515e-02
3.768206000000000166e+00 2.460587100000000049e+01 8.596584944660758121e-02
3.772949000000000108e+00 2.449276899999999912e+01 8.608788132962094664e-02
3.777692000000000050e+00 2.428688300000000311e+01 8.604284124634889452e-02
3.782434999999999992e+00 2.439259899999999703e+01 8.654825364294994883e-02
3.787177999999999933e+00 2.439123800000000131e+01 8.686354928250802909e-02
3.791920999999999875e+00 2.425119199999999964e+01 8.693025573900838021e-02
3.796663999999999817e+00 2.439656599999999642e+01 8.750750049302288835e-02
3.801406000000000063e+00 2.438357499999999689e+01 8.780133436301978955e-02
3.806149000000000004e+00 2.445160500000000425e+01 8.824118613394824062e-02
3.810891999999999946e+00 2.445835600000000198e+01 8.857073612603713619e-02
3.815634999999999888e+00 2.444373799999999974e+01 8.886125342354225798e-02
3.820377999999999830e+00 2.446416600000000230e+01 8.921599229729219871e-02
3.825121000000000215e+00 2.436192399999999481e+01 8.934620772290730040e-02
3.829864000000000157e+00 2.449832900000000180e+01 8.991435205207007342e-02
3.834605999999999959e+00 2.438961700000000121e+01 9.003249448728498083e-02
3.839348999999999901e+00 2.430429699999999826e+01 9.019341834108239586e-02
3.844091999999999842e+00 2.457254200000000210e+01 9.100934872237577411e-02
3.848834999999999784e+00 2.442296900000000193e+01 9.105442871540296579e-02
3.853578000000000170e+00 2.430904200000000159e+01 9.120943235453446429e-02
3.858321000000000112e+00 2.442872099999999946e+01 9.170304554219614601e-02
3.863064000000000053e+00 2.437241800000000325e+01 9.191875847767852492e-02
3.867806999999999995e+00 2.442230699999999644e+01 9.233526981977742409e-02
3.872548999999999797e+00 2.438590400000000002e+01 9.258863195032637772e-02
3.877292000000000183e+00 2.443448799999999821e+01 9.300486248601791406e-02
3.882035000000000124e+00 2.448610599999999948e+01 9.342869792379265848e-02
3.886778000000000066e+00 2.457494600000000062e+01 9.392475245696471631e-02
3.891521000000000008e+00 2.427615400000000179e+01 9.367753953060199701e-02
3.896263999999999950e+00 2.455678999999999590e+01 9.454572520828533055e-02
3.901006999999999891e+00 2.451687799999999839e+01 9.479782233667977120e-02
3.905749000000000137e+00 2.447464599999999990e+01 9.504696338216914175e-02
3.910492000000000079e+00 2.452194399999999774e+01 9.547068351011267495e-02
3.915235000000000021e+00 2.452915800000000246e+01 9.581764661297155483e-02
3.919977999999999962e+00 2.446969299999999947e+01 9.599305516748282696e-02
3.924720999999999904e+00 2.437798799999999844e+01 9.589830606562557702e-02
3.929463999999999846e+00 2.446064000000000149e+01 9.613436524706447939e-02
3.934206999999999788e+00 2.441888400000000203e+01 9.617867645216583716e-02
3.938949000000000034e+00 2.453310899999999961e+01 9.650866044944723943e-02
3.943691999999999975e+00 2.436417600000000050e+01 9.627973485161403500e-02
3.948434999999999917e+00 2.446086500000000186e+01 9.657405668088142603e-02
3.953177999999999859e+00 2.425133799999999695e+01 9.628933874170857166e-02
3.957920999999999800e+00 2.439765599999999779e+01 9.674968570919598165e-02
3.962664000000000186e+00 2.443079900000000038e+01 9.682409143536799268e-02
3.967407000000000128e+00 2.440548899999999932e+01 9.702339634248327571e-02
3.972150000000000070e+00 2.462924800000000403e+01 9.779590076378968933e-02
3.976891999999999872e+00 2.436772099999999952e+01 9.760353440494509702e-02
3.981634999999999813e+00 2.436677700000000613e+01 9.793109670591768068e-02
3.986378000000000199e+00 2.422667599999999766e+01 9.797968729809664046e-02
3.991121000000000141e+00 2.443753499999999690e+01 9.873808125594450702e-02
3.995864000000000082e+00 2.452844999999999942e+01 9.925755563538223025e-02
4.000606999999999580e+00 2.438897000000000403e+01 9.931112996428598239e-02
4.005349999999999966e+00 2.441609500000000210e+01 9.970520962104487128e-02
4.010092000000000212e+00 2.445909599999999884e+01 1.001334954371802671e-01
4.014834999999999710e+00 2.448557100000000020e+01 1.005296494604039637e-01
4.019578000000000095e+00 2.455191000000000301e+01 1.010107679624810961e-01
4.024320999999999593e+00 2.433107599999999593e+01 1.008997312846292987e-01
4.029063999999999979e+00 2.435942200000000213e+01 1.013061319157606555e-01
4.033807000000000365e+00 2.447227799999999931e+01 1.018904888931356362e-01
4.038549999999999862e+00 2.429594900000000024e+01 1.018734639943145448e-01
4.043293000000000248e+00 2.450177299999999647e+01 1.026582723007917197e-01
4.048034999999999606e+00 2.450431800000000493e+01 1.030200317583803704e-01
4.052777999999999992e+00 2.456044299999999936e+01 1.034967158776741031e-01
4.057521000000000377e+00 2.438170000000000215e+01 1.034790147869707050e-01
4.062263999999999875e+00 2.451438099999999665e+01 1.041232118420061942e-01
4.067007000000000261e+00 2.447786200000000179e+01 1.044106324038576866e-01
4.071749999999999758e+00 2.436208899999999744e+01 1.045299661858894724e-01
4.076493000000000144e+00 2.444302199999999559e+01 1.050725016165100084e-01
4.081235000000000390e+00 2.463673300000000310e+01 1.058608590474723055e-01
4.085977999999999888e+00 2.450083599999999961e+01 1.059437903220542820e-01
4.090721000000000274e+00 2.455213700000000188e+01 1.064318304860796677e-01
4.095463999999999771e+00 2.439680500000000052e+01 1.064733836109597875e-01
4.100207000000000157e+00 2.434628999999999621e+01 1.067438880344668828e-01
4.104949999999999655e+00 2.453696300000000363e+01 1.075472116883041257e-01
4.109693000000000040e+00 2.432798800000000128e+01 1.074739613896724399e-01
4.114436000000000426e+00 2.465299800000000374e+01 1.085804640414563815e-01
4.119177999999999784e+00 2.442661500000000530e+01 1.084734703492858665e-01
4.123921000000000170e+00 2.448790400000000034e+01 1.090047353908214223e-01
4.128663999999999668e+00 2.442744399999999771e+01 1.092691215466208565e-01
4.133407000000000053e+00 2.453483500000000106e+01 1.099116439918669530e-01
4.138150000000000439e+00 2.464000800000000169e+01 1.105524861051098151e-01
4.142892999999999937e+00 2.453073900000000407e+01 1.107149192078813738e-01
4.147636000000000323e+00 2.450751000000000346e+01 1.110729588245181337e-01
4.152377999999999680e+00 2.439934500000000028e+01 1.112416697584884401e-01
4.157121000000000066e+00 2.431300200000000444e+01 1.114600097578763716e-01
4.161863999999999564e+00 2.441292499999999421e+01 1.121087027387753787e-01
4.166606999999999950e+00 2.433755700000000033e+01 1.123581375765267121e-01
4.171350000000000335e+00 2.449824200000000118e+01 1.131551387173247158e-01
4.176092999999999833e+00 2.448993099999999856e+01 1.135732634177872846e-01
4.180836000000000219e+00 2.443460200000000171e+01 1.140349596838079044e-01
4.185577999999999577e+00 2.455533399999999844e+01 1.146332924903053635e-01
4.190320999999999962e+00 2.452143799999999985e+01 1.149546891606962884e-01
4.195064000000000348e+00 2.457128199999999651e+01 1.155173471559600984e-01
4.199806999999999846e+00 2.455698199999999787e+01 1.159330423543564192e-01
4.204550000000000232e+00 2.451262200000000036e+01 1.162814631995233300e-01
4.209292999999999729e+00 2.465248000000000062e+01 1.170718472186849102e-01
4.214036000000000115e+00 2.464706899999999834e+01 1.175209139221070620e-01
4.218778999999999613e+00 2.444996399999999781e+01 1.175152598256426345e-01
4.223520999999999859e+00 2.453307399999999916e+01 1.181842148127854042e-01
4.228264000000000244e+00 2.439233600000000024e+01 1.183180315582130493e-01
4.233006999999999742e+00 2.449672299999999936e+01 1.190482519490168728e-01
4.237750000000000128e+00 2.464281200000000283e+01 1.198864088485679796e-01
4.242492999999999626e+00 2.458702100000000002e+01 1.202388653280348496e-01
4.247236000000000011e+00 2.439015099999999947e+01 1.202462155557179890e-01
4.251979000000000397e+00 2.461795099999999792e+01 1.213089337100623222e-01
4.256720999999999755e+00 2.461686599999999814e+01 1.220138350981822273e-01
4.261464000000000141e+00 2.446515800000000596e+01 1.219735637572302023e-01
4.266206999999999638e+00 2.456855800000000301e+01 1.227025697682085914e-01
4.270950000000000024e+00 2.449509000000000114e+01 1.230352364106514773e-01
4.275693000000000410e+00 2.449219000000000079e+01 1.235481775685789013e-01
4.280435999999999908e+00 2.460398100000000099e+01 1.243584187646896017e-01
4.285179000000000293e+00 2.458913399999999783e+01 1.248532160165247984e-01
4.289921999999999791e+00 2.455133299999999963e+01 1.252948769186900957e-01
4.294664000000000037e+00 2.459311499999999739e+01 1.259463797675308139e-01
4.299407000000000423e+00 2.459865599999999830e+01 1.265092264557277357e-01
4.304149999999999920e+00 2.459712499999999835e+01 1.270607875700583977e-01
4.308893000000000306e+00 2.455671099999999996e+01 1.275184916656082468e-01
4.313635999999999804e+00 2.435305100000000067e+01 1.275526450500220066e-01
4.318379000000000190e+00 2.427235600000000204e+01 1.279112554992780926e-01
4.323121999999999687e+00 2.423202700000000220e+01 1.284706155208668599e-01
4.327863999999999933e+00 2.453533299999999784e+01 1.298316454369322914e-01
4.332607000000000319e+00 2.456586899999999929e+01 1.304413827537104775e-01
4.337349999999999817e+00 2.467083799999999982e+01 1.313222124679815916e-01
4.342093000000000202e+00 2.453277299999999883e+01 1.315606238388112859e-01
4.346835999999999700e+00 2.471600899999999967e+01 1.326665384421497618e-01
4.351579000000000086e+00 2.463737199999999916e+01 1.330767172083723304e-01
4.356321999999999584e+00 2.452930699999999931e+01 1.334126058511301283e-01
4.361063999999999830e+00 2.482088499999999698e+01 1.348429732187446939e-01
4.365807000000000215e+00 2.468789200000000150e+01 1.351273424181105576e-01
4.370549999999999713e+00 2.465123099999999923e+01 1.356789556913838291e-01
4.375293000000000099e+00 2.460303699999999694e+01 1.362066080486515895e-01
4.380035999999999596e+00 2.444984200000000030e+01 1.365111066575950827e-01
4.384778999999999982e+00 2.460397100000000137e+01 1.376730776411826118e-01
4.389522000000000368e+00 2.450565599999999833e+01 1.379652223618343387e-01
4.394264999999999866e+00 2.449467400000000339e+01 1.386113305119415495e-01
4.399007000000000112e+00 2.467499200000000315e+01 1.393930574258011590e-01
4.403749999999999609e+00 2.458913999999999689e+01 1.392462766373920025e-01
4.408492999999999995e+00 2.450846400000000358e+01 1.391116533913079323e-01
4.413236000000000381e+00 2.452089299999999739e+01 1.392403446464784422e-01
4.417978999999999878e+00 2.432114699999999985e+01 1.387649419499168701e-01
4.422722000000000264e+00 2.446360299999999910e+01 1.392648409127881792e-01
4.427464999999999762e+00 2.464455399999999941e+01 1.398690673707592702e-01
4.432207000000000008e+00 2.461982399999999771e+01 1.398914044940796075e-01
4.436950000000000394e+00 2.457651200000000102e+01 1.399362148230510750e-01
4.441692999999999891e+00 2.439154900000000126e+01 1.400395595517013314e-01
4.446436000000000277e+00 2.441431200000000246e+01 1.408230441711192382e-01
4.451178999999999775e+00 2.456595300000000393e+01 1.419875748217934719e-01
4.455922000000000160e+00 2.449858099999999794e+01 1.425298153041271720e-01
4.460664999999999658e+00 2.452274200000000093e+01 1.433486275285961731e-01
4.465408000000000044e+00 2.463387499999999619e+01 1.444338413002728694e-01
4.470150000000000290e+00 2.452402700000000024e+01 1.448807082306319549e-01
4.474892999999999788e+00 2.446376100000000164e+01 1.454822030298943414e-01
4.479636000000000173e+00 2.477572099999999722e+01 1.472019987519738171e-01
4.484378999999999671e+00 2.474859599999999915e+01 1.479289860786904831e-01
4.489122000000000057e+00 2.461972499999999897e+01 1.483604906213780439e-01
4.493865000000000443e+00 2.445637500000000131e+01 1.486937247951654606e-01
4.498607999999999940e+00 2.455586199999999764e+01 1.498363454431470565e-01
4.503350000000000186e+00 2.452903700000000242e+01 1.506068782721741994e-01
4.508092999999999684e+00 2.433705599999999691e+01 1.508790821555078820e-01
4.512836000000000070e+00 2.467470799999999898e+01 1.528044925541363341e-01
4.517578999999999567e+00 2.449041500000000227e+01 1.531256074139688006e-01
4.522321999999999953e+00 2.451050000000000040e+01 1.540956615769438209e-01
4.527065000000000339e+00 2.433357799999999571e+01 1.544576306390370579e-01
4.531807999999999836e+00 2.424722200000000072e+01 1.551167905499604704e-01
4.536551000000000222e+00 2.481932899999999975e+01 1.578944258436680848e-01
4.541292999999999580e+00 2.465538000000000096e+01 1.583442699403840304e-01
4.546035999999999966e+00 2.476759299999999797e+01 1.596962545194366700e-01
4.550779000000000352e+00 2.438700399999999746e+01 1.594641905544655347e-01
4.555521999999999849e+00 2.466814699999999760e+01 1.614051076007531338e-01
4.560265000000000235e+00 2.480967300000000364e+01 1.629100541429134852e-01
4.565007999999999733e+00 2.477120000000000033e+01 1.638491052421449656e-01
4.569751000000000118e+00 2.434024300000000096e+01 1.634882692245731017e-01
4.574493000000000364e+00 2.449540099999999754e+01 1.651057914968814821e-01
4.579235999999999862e+00 2.458243499999999671e+01 1.665166793599623385e-01
4.583979000000000248e+00 2.431201100000000181e+01 1.667313816938700843e-01
4.588721999999999746e+00 2.475631299999999868e+01 1.694145008884062331e-01
4.593465000000000131e+00 2.454264699999999522e+01 1.698647042018479325e-01
4.598207999999999629e+00 2.446419999999999817e+01 1.707968358194597580e-01
4.602951000000000015e+00 2.441998699999999900e+01 1.718713686638300986e-01
4.607693000000000261e+00 2.445960000000000178e+01 1.732645833603140006e-01
4.612435999999999758e+00 2.457418099999999939e+01 1.749522007166863236e-01
4.617179000000000144e+00 2.437380699999999933e+01 1.755410604091279247e-01
4.621921999999999642e+00 2.433099899999999849e+01 1.767197249252467905e-01
4.626665000000000028e+00 2.455326100000000267e+01 1.788920746866059508e-01
4.631408000000000413e+00 2.456664199999999809e+01 1.803361613241487027e-01
4.636150999999999911e+00 2.431130699999999578e+01 1.808167900072935874e-01
4.640894000000000297e+00 2.483846700000000141e+01 1.842363400230472847e-01
4.645635999999999655e+00 2.509225199999999845e+01 1.866809059913246693e-01
4.650379000000000040e+00 2.467913800000000180e+01 1.866695338621573441e-01
4.655122000000000426e+00 2.466933500000000024e+01 1.882016222354034596e-01
4.659864999999999924e+00 2.492912600000000012e+01 1.908040544803796812e-01
4.664608000000000310e+00 2.480576100000000395e+01 1.919827188162093468e-01
4.669350999999999807e+00 2.494729499999999689e+01 1.942251048545658443e-01
4.674094000000000193e+00 2.479421800000000076e+01 1.953648007466800562e-01
4.678836000000000439e+00 2.487601099999999832e+01 1.974682425133378327e-01
4.683578999999999937e+00 2.457589899999999972e+01 1.980910164536165974e-01
4.688322000000000322e+00 2.471791900000000197e+01 2.005336487592404016e-01
4.693064999999999820e+00 2.480761500000000197e+01 2.028261425850466926e-01
4.697808000000000206e+00 2.473178300000000007e+01 2.044917271364024847e-01
4.702550999999999704e+00 2.451570300000000202e+01 2.056251644524332289e-01
4.707294000000000089e+00 2.465562999999999860e+01 2.083031949998585541e-01
4.712036999999999587e+00 2.496940099999999774e+01 2.117917257827203470e-01
4.716778999999999833e+00 2.476735900000000257e+01 2.131559499760740939e-01
4.721522000000000219e+00 2.467118299999999564e+01 2.150283636906452356e-01
4.726264999999999716e+00 2.447918400000000005e+01 2.165427273603692249e-01
4.731008000000000102e+00 2.479762600000000106e+01 2.203901772157359495e-01
4.735750999999999600e+00 2.499421300000000201e+01 2.237995722324747638e-01
4.740493999999999986e+00 2.487303999999999604e+01 2.258690337490823485e-01
4.745237000000000371e+00 2.439257800000000032e+01 2.263521366687054337e-01
4.749978999999999729e+00 2.450896800000000297e+01 2.296733169954714437e-01
4.754722000000000115e+00 2.454164100000000204e+01 2.327101465896317389e-01
4.759464999999999613e+00 2.462217800000000167e+01 2.360881146553241994e-01
4.764207999999999998e+00 2.453147599999999784e+01 2.387556497501518715e-01
4.768951000000000384e+00 2.473249300000000162e+01 2.429693147147131138e-01
4.773693999999999882e+00 2.470796200000000198e+01 2.462230589073050313e-01
4.778437000000000268e+00 2.460122199999999992e+01 2.491938766859442822e-01
4.783178999999999625e+00 2.461686100000000010e+01 2.529253942613546302e-01
4.787922000000000011e+00 2.495814399999999722e+01 2.585149413849748834e-01
4.792665000000000397e+00 2.452637600000000262e+01 2.602486184714672413e-01
4.797407999999999895e+00 2.469763899999999524e+01 2.653385854790147325e-01
4.802151000000000280e+00 2.492748399999999975e+01 2.709749550351231440e-01
4.806893999999999778e+00 2.487601199999999935e+01 2.753170705542139496e-01
4.811637000000000164e+00 2.503125200000000206e+01 2.810489181294749672e-01
4.816379999999999661e+00 2.453360800000000097e+01 2.833258556017221319e-01
4.821121999999999908e+00 2.454778199999999799e+01 2.887771333480092517e-01
4.825865000000000293e+00 2.488303099999999901e+01 2.964649565421054733e-01
4.830607999999999791e+00 2.480096800000000101e+01 3.020313354913852222e-01
4.835351000000000177e+00 2.492549199999999843e+01 3.092418465514724102e-01
4.840093999999999674e+00 2.516007300000000058e+01 3.176025408107874815e-01
4.844837000000000060e+00 2.436505299999999963e+01 3.198097972918919618e-01
4.849579999999999558e+00 2.415211599999999947e+01 3.261641527452395772e-01
4.854321999999999804e+00 2.457543799999999834e+01 3.374233724138267498e-01
4.859065000000000190e+00 2.415750600000000148e+01 3.435489301735343837e-01
4.863807999999999687e+00 2.533626899999999793e+01 3.618339433643007474e-01
4.868551000000000073e+00 2.522160199999999719e+01 3.718814132384005156e-01
4.873293999999999571e+00 2.452490199999999732e+01 3.784389145661687381e-01
4.878036999999999956e+00 2.448345600000000033e+01 3.910433421314317703e-01
4.882780000000000342e+00 2.459153900000000448e+01 4.062504884168632868e-01
4.887522999999999840e+00 2.450707599999999786e+01 4.215687002405183459e-01
4.892265000000000086e+00 2.457470700000000008e+01 4.402250546118200991e-01
4.897007999999999583e+00 2.537121800000000249e+01 4.682249213829822732e-01
4.901750999999999969e+00 2.568255499999999714e+01 4.953702340369877666e-01
4.906494000000000355e+00 2.453811999999999927e+01 5.120233168018228920e-01
4.911236999999999853e+00 2.506901199999999719e+01 5.511060707134789460e-01
4.915980000000000238e+00 2.501205399999999912e+01 5.914149157056829420e-01
4.920722999999999736e+00 2.466847299999999876e+01 6.386750450368168242e-01
4.925464999999999982e+00 2.635061999999999927e+01 7.299327344332900980e-01
4.930208000000000368e+00 2.740406500000000278e+01 8.441949993585428080e-01
4.934950999999999866e+00 2.702547799999999967e+01 9.922177594831087521e-01
4.939694000000000251e+00 2.341753200000000490e+01 1.192690998575062666e+00
4.944436999999999749e+00 7.804022999999999044e+00 1.192893670654274985e+00