# copyC
# Sample c= 0.0 mg/ml
#
# Number of frames collected: 10
# Exposure time per frame: 0.5
# No significant radiation damage detected, merging 10 files
# Merged from: /data/visitor/mx1905/bm29/20170412/Poker/1d/Sxl_10gs_169_00001.dat
# Merged from: /data/visitor/mx1905/bm29/20170412/Poker/1d/Sxl_10gs_169_00002.dat
# Merged from: /data/visitor/mx1905/bm29/20170412/Poker/1d/Sxl_10gs_169_00003.dat
# Merged from: /data/visitor/mx1905/bm29/20170412/Poker/1d/Sxl_10gs_169_00004.dat
# Merged from: /data/visitor/mx1905/bm29/20170412/Poker/1d/Sxl_10gs_169_00005.dat
# Merged from: /data/visitor/mx1905/bm29/20170412/Poker/1d/Sxl_10gs_169_00006.dat
# Merged from: /data/visitor/mx1905/bm29/20170412/Poker/1d/Sxl_10gs_169_00007.dat
# Merged from: /data/visitor/mx1905/bm29/20170412/Poker/1d/Sxl_10gs_169_00008.dat
# Merged from: /data/visitor/mx1905/bm29/20170412/Poker/1d/Sxl_10gs_169_00009.dat
# Merged from: /data/visitor/mx1905/bm29/20170412/Poker/1d/Sxl_10gs_169_00010.dat
#
# Sample Information:
# Storage Temperature (degrees C): 20.0
# Measurement Temperature (degrees C): 20.03
# Concentration: 0.0
# Code: 
3.082862000000000102e-02 5.992585500000000138e+02 8.219487565045950461e+00
3.557148999999999728e-02 1.174199600000000146e+03 4.744154541168531303e+00
4.031434999999999880e-02 1.146722100000000182e+03 3.088368625785566923e+00
4.505722000000000199e-02 8.983722700000000714e+02 1.943753790361456568e+00
4.980007999999999657e-02 6.116748300000000427e+02 1.436185241063679729e+00
5.454294999999999977e-02 4.377737500000000068e+02 1.143032544553539864e+00
5.928581000000000129e-02 3.189858900000000403e+02 9.275810845517064029e-01
6.402868000000000448e-02 2.483089699999999880e+02 7.802959981297610259e-01
6.877154000000000600e-02 1.987293200000000297e+02 6.705385935469039271e-01
7.351441000000000225e-02 1.630082600000000070e+02 5.851831161381111368e-01
7.825727999999999851e-02 1.349381099999999947e+02 5.125280684736983616e-01
8.300014000000000003e-02 1.134962700000000098e+02 4.550202017319120995e-01
8.774300999999999628e-02 9.845748699999998621e+01 4.112067850324213625e-01
9.248586999999999780e-02 8.701301699999999073e+01 3.756683647479249766e-01
9.722873999999999406e-02 7.733126300000000697e+01 3.438718460814434996e-01
1.019715999999999956e-01 6.918576600000000099e+01 3.169856613747998875e-01
1.067145000000000038e-01 6.372275599999998974e+01 2.969444164213491666e-01
1.114572999999999953e-01 5.888945599999999558e+01 2.789994330328993688e-01
1.162002000000000035e-01 5.422807600000000150e+01 2.618801465167027720e-01
1.209430999999999978e-01 5.135421399999999892e+01 2.494983245287837603e-01
1.256858999999999893e-01 4.869762000000000057e+01 2.381076816789960415e-01
1.304288000000000114e-01 4.626956900000000417e+01 2.276512812014608866e-01
1.351717000000000057e-01 4.434582499999999072e+01 2.186968039686565946e-01
1.399144999999999972e-01 4.222159200000000112e+01 2.095236039915505388e-01
1.446573999999999915e-01 4.063025299999999618e+01 2.019678423867171113e-01
1.494003000000000136e-01 3.935481700000000416e+01 1.954494598770679659e-01
1.541431000000000051e-01 3.796903900000000220e+01 1.891679910845484591e-01
1.588859999999999995e-01 3.715158399999999972e+01 1.841600681718816579e-01
1.636287999999999909e-01 3.590741700000000236e+01 1.782939377974124828e-01
1.683717000000000130e-01 3.507587800000000300e+01 1.736229810280640884e-01
1.731146000000000074e-01 3.473613000000000284e+01 1.703027065426841735e-01
1.778573999999999988e-01 3.372267200000000287e+01 1.654435070379131067e-01
1.826002999999999932e-01 3.312510699999999986e+01 1.617453941805150897e-01
1.873431999999999875e-01 3.257598999999999734e+01 1.582855763457501619e-01
1.920860000000000067e-01 3.196254199999999557e+01 1.547647936802740709e-01
1.968289000000000011e-01 3.179885100000000264e+01 1.524163312222810984e-01
2.015717999999999954e-01 3.120537900000000064e+01 1.491389353519194105e-01
2.063145999999999869e-01 3.070842700000000036e+01 1.461729965234656592e-01
2.110575000000000090e-01 3.045862899999999485e+01 1.437247377151845973e-01
2.158004000000000033e-01 3.026539900000000216e+01 1.416255799909963142e-01
2.205431999999999948e-01 3.001855700000000482e+01 1.394846147037575590e-01
2.252860999999999891e-01 2.979053799999999796e+01 1.374533761159637824e-01
2.300290000000000112e-01 2.944990800000000064e+01 1.352151067048149857e-01
2.347718000000000027e-01 2.916500500000000073e+01 1.331523137068106044e-01
2.395146999999999970e-01 2.905406799999999379e+01 1.315391254973602986e-01
2.442575999999999914e-01 2.892096600000000350e+01 1.299196566476628345e-01
2.490004000000000106e-01 2.857278299999999760e+01 1.278596664140987105e-01
2.537433000000000050e-01 2.870585999999999416e+01 1.269090502685450705e-01
2.584861999999999993e-01 2.837200299999999942e+01 1.249781249040931297e-01
2.632289999999999908e-01 2.809764900000000054e+01 1.232283301028773009e-01
2.679718999999999851e-01 2.812625100000000344e+01 1.221745039216341616e-01
2.727146999999999766e-01 2.774575899999999962e+01 1.202589514508674712e-01
2.774576000000000264e-01 2.769141499999999567e+01 1.191193716928510282e-01
2.822005000000000208e-01 2.770515400000000028e+01 1.181788048056151980e-01
2.869433000000000122e-01 2.768713400000000391e+01 1.171362457943249114e-01
2.916862000000000066e-01 2.763139099999999715e+01 1.160338066165692988e-01
2.964291000000000009e-01 2.739128799999999586e+01 1.145773926396529419e-01
3.011718999999999924e-01 2.730260700000000185e+01 1.134671302050994923e-01
3.059147999999999867e-01 2.709324500000000313e+01 1.121321997848445939e-01
3.106576999999999811e-01 2.730343399999999932e+01 1.116789582793182162e-01
3.154004999999999725e-01 2.710829700000000031e+01 1.104220453356045406e-01
3.201434000000000224e-01 2.705940900000000582e+01 1.094900646377866549e-01
3.248863000000000167e-01 2.690497199999999722e+01 1.083613162916919198e-01
3.296291000000000082e-01 2.691284200000000126e+01 1.075730515905977402e-01
3.343720000000000026e-01 2.676293700000000086e+01 1.064934371373644773e-01
3.391148999999999969e-01 2.684106300000000189e+01 1.070012402053606981e-01
3.438576999999999884e-01 2.711564200000000113e+01 1.089369604241875178e-01
3.486005999999999827e-01 2.707820399999999950e+01 1.116329202281580724e-01
3.533434999999999770e-01 2.695161399999999929e+01 1.134146140217749954e-01
3.580863000000000240e-01 2.675972099999999543e+01 1.144150305323089895e-01
3.628292000000000184e-01 2.678160900000000311e+01 1.155906810527937700e-01
3.675720000000000098e-01 2.652788500000000482e+01 1.159887223635565484e-01
3.723149000000000042e-01 2.648014100000000326e+01 1.167371947353096351e-01
3.770577999999999985e-01 2.660631000000000057e+01 1.177980497829671513e-01
3.818005999999999900e-01 2.654290800000000061e+01 1.182853187617093765e-01
3.865434999999999843e-01 2.637228499999999798e+01 1.184862640306584280e-01
3.912863999999999787e-01 2.641793099999999939e+01 1.190643074057406159e-01
3.960292000000000256e-01 2.659765399999999858e+01 1.199595223195290827e-01
4.007721000000000200e-01 2.666448500000000266e+01 1.206235344336104298e-01
4.055150000000000143e-01 2.637591300000000416e+01 1.241039038936253558e-01
4.102578000000000058e-01 2.645183000000000106e+01 1.275232553614853437e-01
4.150007000000000001e-01 2.643932000000000215e+01 1.302848196756195287e-01
4.197435999999999945e-01 2.636001200000000111e+01 1.320928722154458279e-01
4.244863999999999860e-01 2.637947499999999579e+01 1.342813147214846070e-01
4.292292999999999803e-01 2.636351100000000613e+01 1.362914512259400523e-01
4.339721999999999746e-01 2.615139500000000083e+01 1.378204723928745656e-01
4.387150000000000216e-01 2.668684900000000226e+01 1.412553346528477305e-01
4.434579000000000160e-01 2.645273699999999550e+01 1.427004670330205838e-01
4.482008000000000103e-01 2.646150300000000399e+01 1.451339556442929613e-01
4.529436000000000018e-01 2.654675299999999538e+01 1.477367659725418447e-01
4.576864999999999961e-01 2.610730099999999965e+01 1.480388630346724244e-01
4.624293999999999905e-01 2.634453200000000450e+01 1.499486931761170871e-01
4.671721999999999819e-01 2.634955300000000378e+01 1.492221711686209096e-01
4.719150999999999763e-01 2.636591700000000316e+01 1.433932916537635771e-01
4.766579000000000232e-01 2.636127000000000109e+01 1.406811293376051819e-01
4.814008000000000176e-01 2.618026400000000464e+01 1.384163476618802402e-01
4.861437000000000119e-01 2.632977799999999746e+01 1.374446523363408168e-01
4.908865000000000034e-01 2.632453600000000193e+01 1.363104596865900853e-01
4.956293999999999977e-01 2.627148000000000394e+01 1.352147182323203967e-01
5.003722999999999921e-01 2.628739100000000306e+01 1.344050857686936440e-01
5.051151000000000391e-01 2.636707000000000178e+01 1.338448249487181330e-01
5.098580000000000334e-01 2.616147500000000292e+01 1.326288861207798875e-01
5.146009000000000277e-01 2.625878999999999763e+01 1.322337533011284649e-01
5.193436999999999637e-01 2.609353099999999515e+01 1.312139439123144458e-01
5.240865999999999580e-01 2.629808200000000085e+01 1.311598191746553843e-01
5.288294999999999524e-01 2.622801999999999722e+01 1.304486725872049668e-01
5.335722999999999994e-01 2.594393000000000171e+01 1.289775192547135130e-01
5.383151999999999937e-01 2.597071099999999433e+01 1.281128698658288712e-01
5.430580999999999881e-01 2.596712499999999935e+01 1.272116341167497111e-01
5.478009000000000350e-01 2.601291700000000517e+01 1.264651071130215021e-01
5.525438000000000294e-01 2.613405999999999807e+01 1.259292616552888378e-01
5.572867000000000237e-01 2.609811200000000397e+01 1.250358467080752711e-01
5.620294999999999597e-01 2.616088599999999786e+01 1.244055258758560989e-01
5.667723999999999540e-01 2.591813199999999640e+01 1.230744524559889974e-01
5.715152000000000010e-01 2.602760600000000224e+01 1.226019990429748213e-01
5.762580999999999953e-01 2.603385700000000114e+01 1.219004721038265682e-01
5.810009999999999897e-01 2.593556000000000239e+01 1.210074510897407585e-01
5.857438000000000367e-01 2.594305000000000661e+01 1.206631011355617372e-01
5.904867000000000310e-01 2.570259800000000183e+01 1.198139103333924205e-01
5.952296000000000253e-01 2.584950900000000118e+01 1.198658057649628350e-01
5.999723999999999613e-01 2.591616700000000151e+01 1.198600685877773825e-01
6.047152999999999556e-01 2.602367399999999975e+01 1.198047447490962203e-01
6.094581999999999500e-01 2.579397499999999965e+01 1.188923182010158258e-01
6.142009999999999970e-01 2.596766900000000078e+01 1.191242200838028564e-01
6.189438999999999913e-01 2.630756200000000078e+01 1.195118679922454463e-01
6.236867999999999856e-01 2.613935600000000292e+01 1.188543377822349478e-01
6.284296000000000326e-01 2.595396599999999765e+01 1.181626788840829390e-01
6.331725000000000270e-01 2.587408899999999790e+01 1.177109183102960921e-01
6.379154000000000213e-01 2.590235399999999544e+01 1.175080154752470574e-01
6.426581999999999573e-01 2.602233600000000280e+01 1.175156826455482084e-01
6.474010999999999516e-01 2.599150099999999952e+01 1.171846885600597438e-01
6.521439999999999459e-01 2.580572500000000247e+01 1.165036885930475635e-01
6.568867999999999929e-01 2.593660200000000415e+01 1.165393210333812712e-01
6.616296999999999873e-01 2.583338499999999982e+01 1.160516320079183483e-01
6.663725999999999816e-01 2.576933800000000474e+01 1.156547566446884251e-01
6.711154000000000286e-01 2.587846299999999999e+01 1.156450599189753625e-01
6.758583000000000229e-01 2.571452599999999933e+01 1.150269709883021407e-01
6.806010999999999589e-01 2.591625199999999651e+01 1.152280185050090083e-01
6.853439999999999532e-01 2.608250500000000471e+01 1.153496379529740795e-01
6.900868999999999476e-01 2.593374799999999780e+01 1.147726292039979307e-01
6.948296999999999946e-01 2.596108300000000213e+01 1.145872221397852969e-01
6.995725999999999889e-01 2.572995799999999988e+01 1.138341180288273691e-01
7.043154999999999832e-01 2.584358599999999839e+01 1.138451503758574485e-01
7.090583000000000302e-01 2.594113600000000019e+01 1.138186025917934108e-01
7.138012000000000246e-01 2.582575799999999688e+01 1.133260123142396381e-01
7.185441000000000189e-01 2.587373900000000049e+01 1.131948836826051075e-01
7.232868999999999549e-01 2.583069300000000368e+01 1.128666249111804493e-01
7.280297999999999492e-01 2.568263699999999972e+01 1.123088424931047158e-01
7.327727000000000546e-01 2.564676799999999801e+01 1.119977639205042425e-01
7.375154999999999905e-01 2.568542000000000414e+01 1.118523997301649475e-01
7.422583999999999849e-01 2.585659000000000063e+01 1.119958787470815703e-01
7.470012999999999792e-01 2.584760800000000103e+01 1.117476268952974222e-01
7.517441000000000262e-01 2.560604699999999667e+01 1.109972722270502477e-01
7.564870000000000205e-01 2.585903700000000072e+01 1.113192445047211931e-01
7.612299000000000149e-01 2.575282899999999842e+01 1.108676150599479521e-01
7.659726999999999508e-01 2.579268400000000128e+01 1.107303373011813835e-01
7.707155999999999452e-01 2.579820700000000144e+01 1.105196984635164609e-01
7.754585000000000505e-01 2.585401699999999892e+01 1.104198415536062072e-01
7.802012999999999865e-01 2.563631399999999871e+01 1.098451477202142951e-01
7.849441999999999808e-01 2.573384100000000174e+01 1.097980551345591749e-01
7.896870000000000278e-01 2.579610000000000269e+01 1.096424402675218734e-01
7.944299000000000222e-01 2.581176700000000324e+01 1.094612409297003042e-01
7.991728000000000165e-01 2.569419599999999804e+01 1.089992273270824485e-01
8.039155999999999525e-01 2.559052499999999597e+01 1.085672044239304190e-01
8.086584999999999468e-01 2.562584299999999615e+01 1.084302355212502372e-01
8.134014000000000522e-01 2.564341799999999694e+01 1.082582128687796102e-01
8.181441999999999881e-01 2.582504899999999637e+01 1.085146040203354423e-01
8.228870999999999825e-01 2.569106000000000023e+01 1.079478372834148103e-01
8.276299999999999768e-01 2.576272000000000162e+01 1.078862439550543478e-01
8.323728000000000238e-01 2.553497399999999828e+01 1.072039730422599535e-01
8.371157000000000181e-01 2.562967999999999691e+01 1.071999422940371760e-01
8.418586000000000125e-01 2.578936200000000056e+01 1.073299564843105680e-01
8.466013999999999484e-01 2.566403100000000137e+01 1.068659015778171406e-01
8.513443000000000538e-01 2.574267800000000150e+01 1.068291266861776806e-01
8.560872000000000481e-01 2.569220500000000129e+01 1.065256166517847547e-01
8.608299999999999841e-01 2.572221400000000102e+01 1.063891719112936701e-01
8.655728999999999784e-01 2.539934399999999926e+01 1.055219727005158037e-01
8.703157999999999728e-01 2.560002300000000020e+01 1.057423274171076788e-01
8.750586000000000197e-01 2.585996199999999590e+01 1.060825674988581796e-01
8.798015000000000141e-01 2.570337099999999353e+01 1.055667155518205808e-01
8.845442999999999500e-01 2.565354400000000012e+01 1.052702580645635128e-01
8.892872000000000554e-01 2.563908099999999735e+01 1.050485587918744412e-01
8.940301000000000498e-01 2.570154600000000045e+01 1.049861515832002656e-01
8.987728999999999857e-01 2.562076900000000279e+01 1.046312539559060284e-01
9.035157999999999801e-01 2.564914399999999972e+01 1.044989318402700096e-01
9.082586999999999744e-01 2.562764800000000065e+01 1.042675720110806947e-01
9.130015000000000214e-01 2.561452300000000193e+01 1.040546260516475030e-01
9.177444000000000157e-01 2.588629999999999853e+01 1.044185350899513309e-01
9.224873000000000101e-01 2.578365499999999955e+01 1.040246039829563623e-01
9.272300999999999460e-01 2.560623499999999808e+01 1.034822127324247082e-01
9.319730000000000514e-01 2.559915899999999667e+01 1.032855692162317485e-01
9.367159000000000457e-01 2.558100799999999708e+01 1.030672715943713041e-01
9.414586999999999817e-01 2.570624399999999810e+01 1.031365687764063538e-01
9.462015999999999760e-01 2.565716799999999509e+01 1.028576824579083143e-01
9.509444999999999704e-01 2.559048100000000048e+01 1.025454831925078081e-01
9.556873000000000173e-01 2.556250299999999953e+01 1.023113511098734385e-01
9.604302000000000117e-01 2.547557900000000330e+01 1.019591269756033175e-01
9.651731000000000060e-01 2.554216199999999759e+01 1.019160275517712738e-01
9.699159000000000530e-01 2.555521199999999737e+01 1.017671588032720703e-01
9.746588000000000473e-01 2.568163900000000055e+01 1.018437721999087275e-01
9.794017000000000417e-01 2.558665099999999981e+01 1.014802441429305951e-01
9.841444999999999776e-01 2.563806799999999697e+01 1.014089860793342124e-01
9.888873999999999720e-01 2.562771599999999950e+01 1.012169222673738461e-01
9.936302000000000190e-01 2.569140699999999811e+01 1.011712932125743841e-01
9.983731000000000133e-01 2.565642900000000282e+01 1.009306341956073272e-01
1.003115999999999897e+00 2.567935999999999552e+01 1.008057777292417773e-01
1.007859000000000060e+00 2.564958700000000391e+01 1.005789280047282019e-01
1.012602000000000002e+00 2.556584699999999799e+01 1.002470851538073554e-01
1.017344999999999944e+00 2.553641299999999958e+01 1.000212670483817679e-01
1.022086999999999968e+00 2.552185699999999713e+01 9.982664724703119163e-02
1.026829999999999909e+00 2.547321499999999972e+01 9.956697747571230384e-02
1.031573000000000073e+00 2.554515199999999808e+01 9.954310724700531077e-02
1.036316000000000015e+00 2.560318499999999631e+01 9.949115198513583391e-02
1.041058999999999957e+00 2.558874299999999735e+01 9.929995743126479590e-02
1.045801999999999898e+00 2.558182499999999848e+01 9.912469330707611437e-02
1.050545000000000062e+00 2.552980000000000160e+01 9.886274826480244415e-02
1.055287000000000086e+00 2.545894000000000190e+01 9.856385769483963499e-02
1.060030000000000028e+00 2.552699799999999897e+01 9.853585023610543503e-02
1.064772999999999969e+00 2.560441099999999892e+01 9.852621314223641846e-02
1.069515999999999911e+00 2.541487899999999556e+01 9.800326379581804359e-02
1.074259000000000075e+00 2.565039100000000261e+01 9.829729626097861994e-02
1.079002000000000017e+00 2.558945799999999693e+01 9.802342222954266160e-02
1.083744999999999958e+00 2.560849600000000237e+01 9.792508096229637915e-02
1.088487999999999900e+00 2.560624299999999565e+01 9.778705798711657959e-02
1.093229999999999924e+00 2.556570900000000179e+01 9.751119652687531558e-02
1.097973000000000088e+00 2.550711499999999887e+01 9.724539181033463320e-02
1.102716000000000030e+00 2.541336199999999934e+01 9.691414535273527864e-02
1.107458999999999971e+00 2.538358200000000053e+01 9.670566739524576183e-02
1.112201999999999913e+00 2.550900499999999482e+01 9.679142805781100478e-02
1.116945000000000077e+00 2.542277200000000192e+01 9.647693134849542884e-02
1.121688000000000018e+00 2.541916299999999751e+01 9.632023297890011937e-02
1.126430000000000042e+00 2.548329899999999526e+01 9.629242111277241944e-02
1.131172999999999984e+00 2.532202500000000001e+01 9.583785020983619229e-02
1.135915999999999926e+00 2.554450899999999791e+01 9.610941089578896313e-02
1.140659000000000090e+00 2.523423100000000119e+01 9.537748718991186092e-02
1.145402000000000031e+00 2.528943100000000044e+01 9.533571033292245755e-02
1.150144999999999973e+00 2.540237800000000234e+01 9.540144796691293894e-02
1.154887999999999915e+00 2.552992900000000276e+01 9.549478401132754923e-02
1.159631000000000078e+00 2.553037300000000442e+01 9.535088148579906608e-02
1.164373000000000102e+00 2.540566699999999756e+01 9.497424747057804650e-02
1.169116000000000044e+00 2.562125500000000144e+01 9.530281642820059851e-02
1.173858999999999986e+00 2.535817499999999924e+01 9.464380610610977074e-02
1.178601999999999927e+00 2.541409300000000115e+01 9.456042075558039606e-02
1.183345000000000091e+00 2.547829499999999570e+01 9.453847746861063217e-02
1.188088000000000033e+00 2.532629999999999981e+01 9.411453018085144673e-02
1.192830999999999975e+00 2.537898799999999966e+01 9.407191343864171329e-02
1.197572999999999999e+00 2.539963499999999996e+01 9.397072086475340147e-02
1.202315999999999940e+00 2.534244500000000144e+01 9.372641544455651008e-02
1.207059000000000104e+00 2.561348199999999764e+01 9.439155760120498950e-02
1.211802000000000046e+00 2.549739899999999793e+01 9.726132263712949921e-02
1.216544999999999987e+00 2.545984600000000242e+01 9.921265148990021654e-02
1.221287999999999929e+00 2.555804400000000243e+01 1.008981346881477198e-01
1.226031000000000093e+00 2.530128099999999591e+01 1.016469460041982825e-01
1.230774000000000035e+00 2.539302999999999955e+01 1.029537840696503892e-01
1.235516000000000059e+00 2.553179499999999891e+01 1.042674745974357109e-01
1.240259000000000000e+00 2.538505999999999929e+01 1.049297537132776181e-01
1.245001999999999942e+00 2.535128600000000176e+01 1.057683109822119827e-01
1.249745000000000106e+00 2.537845000000000084e+01 1.066928971506524437e-01
1.254488000000000048e+00 2.534387899999999760e+01 1.074542034721406303e-01
1.259230999999999989e+00 2.523677200000000198e+01 1.077731487128138904e-01
1.263973999999999931e+00 2.533573099999999911e+01 1.082618077465866968e-01
1.268715999999999955e+00 2.529502800000000207e+01 1.084371365483389055e-01
1.273458999999999897e+00 2.558485500000000101e+01 1.072695454744071464e-01
1.278202000000000060e+00 2.559748800000000202e+01 1.033306248458824433e-01
1.282945000000000002e+00 2.544861900000000077e+01 1.010644935849697862e-01
1.287687999999999944e+00 2.548996699999999649e+01 9.972219737967619180e-02
1.292431000000000108e+00 2.552508900000000125e+01 9.863827871237615397e-02
1.297174000000000049e+00 2.533488499999999988e+01 9.729147652615670328e-02
1.301916000000000073e+00 2.537437199999999748e+01 9.650442134842526776e-02
1.306659000000000015e+00 2.535581799999999575e+01 9.569419833281325727e-02
1.311401999999999957e+00 2.541058499999999754e+01 9.509015380050554744e-02
1.316144999999999898e+00 2.541449300000000022e+01 9.444451487454209870e-02
1.320888000000000062e+00 2.547511700000000090e+01 9.408638078783986003e-02
1.325631000000000004e+00 2.541419099999999887e+01 9.373173600054413024e-02
1.330373999999999945e+00 2.530850699999999875e+01 9.330844177022194763e-02
1.335117000000000109e+00 2.552626400000000473e+01 9.348998640643606250e-02
1.339858999999999911e+00 2.546930400000000105e+01 9.317372974373409888e-02
1.344602000000000075e+00 2.545257000000000147e+01 9.293895061064708085e-02
1.349345000000000017e+00 2.529717899999999631e+01 9.245831630891783448e-02
1.354087999999999958e+00 2.536552999999999969e+01 9.239215706060986688e-02
1.358830999999999900e+00 2.543546199999999757e+01 9.233217060982266966e-02
1.363574000000000064e+00 2.547821599999999620e+01 9.222729332205516217e-02
1.368317000000000005e+00 2.552225299999999919e+01 9.212896198048309282e-02
1.373059000000000029e+00 2.543757400000000146e+01 9.180251127001810840e-02
1.377801999999999971e+00 2.547351600000000005e+01 9.169596974232892272e-02
1.382544999999999913e+00 2.528716299999999961e+01 9.119258307185239276e-02
1.387288000000000077e+00 2.537532200000000060e+01 9.118752806678553924e-02
1.392031000000000018e+00 2.548851899999999659e+01 9.122917114890828627e-02
1.396773999999999960e+00 2.535133099999999828e+01 9.082384766525529451e-02
1.401516999999999902e+00 2.541886399999999924e+01 9.078769522688028004e-02
1.406260000000000066e+00 2.524194899999999819e+01 9.031747092736709670e-02
1.411002000000000089e+00 2.535748499999999694e+01 9.037223401151982249e-02
1.415745000000000031e+00 2.537622899999999859e+01 9.025454088510562189e-02
1.420487999999999973e+00 2.532602200000000181e+01 9.001679486353310333e-02
1.425230999999999915e+00 2.533634099999999734e+01 8.988860800822259800e-02
1.429974000000000078e+00 2.534186599999999956e+01 8.975393304051917931e-02
1.434717000000000020e+00 2.534423600000000221e+01 8.961430316382312800e-02
1.439459999999999962e+00 2.543377699999999919e+01 8.963015830392748184e-02
1.444201999999999986e+00 2.548409799999999592e+01 8.957806014408327411e-02
1.448944999999999927e+00 2.545545599999999808e+01 8.938878719658019389e-02
1.453688000000000091e+00 2.536828199999999711e+01 8.909744733365035363e-02
1.458431000000000033e+00 2.535675499999999971e+01 8.894035872589620140e-02
1.463173999999999975e+00 2.518284100000000336e+01 8.852357919002767916e-02
1.467916999999999916e+00 2.520681099999999830e+01 8.843413807844231755e-02
1.472660000000000080e+00 2.515584199999999626e+01 8.818705410783546361e-02
1.477402000000000104e+00 2.526303399999999755e+01 8.824286921115212512e-02
1.482145000000000046e+00 2.525704100000000096e+01 8.810199482253054659e-02
1.486887999999999987e+00 2.531370600000000337e+01 8.807167299406262750e-02
1.491630999999999929e+00 2.536116100000000273e+01 8.802509056692642275e-02
1.496374000000000093e+00 2.531117400000000117e+01 8.781011829864995843e-02
1.501117000000000035e+00 2.540976399999999913e+01 8.789856331313498916e-02
1.505859999999999976e+00 2.550097599999999787e+01 8.963109615606795755e-02
1.510602999999999918e+00 2.534503499999999931e+01 9.187002632792753976e-02
1.515344999999999942e+00 2.535647900000000021e+01 9.341343318646359861e-02
1.520088000000000106e+00 2.531911399999999901e+01 9.457451460683528877e-02
1.524831000000000047e+00 2.526529599999999931e+01 9.554596914873436653e-02
1.529573999999999989e+00 2.530060999999999893e+01 9.636534843894925539e-02
1.534316999999999931e+00 2.541391500000000292e+01 9.389618342970654230e-02
1.539060000000000095e+00 2.539788599999999619e+01 9.240982329047382760e-02
1.543803000000000036e+00 2.547343699999999700e+01 9.157104339408937699e-02
1.548545000000000060e+00 2.532017099999999843e+01 9.034174577776600545e-02
1.553288000000000002e+00 2.535317500000000024e+01 8.959834747177873593e-02
1.558030999999999944e+00 2.540030699999999797e+01 8.892628157551062118e-02
1.562774000000000107e+00 2.518476600000000332e+01 8.766184597127475719e-02
1.567517000000000049e+00 2.525919599999999932e+01 8.698337299375955012e-02
1.572259999999999991e+00 2.529822499999999863e+01 8.654027390560306565e-02
1.577002999999999933e+00 2.551374799999999965e+01 8.656658316217408222e-02
1.581746000000000096e+00 2.527433699999999561e+01 8.599315508530665231e-02
1.586487999999999898e+00 2.513913400000000209e+01 8.578537177116504764e-02
1.591231000000000062e+00 2.536851199999999551e+01 8.628625392233399416e-02
1.595974000000000004e+00 2.531008399999999625e+01 8.629302534292096483e-02
1.600716999999999945e+00 2.524063900000000160e+01 8.624961222108827597e-02
1.605460000000000109e+00 2.523873400000000089e+01 8.613430754987932980e-02
1.610203000000000051e+00 2.535405899999999946e+01 8.618666498713242752e-02
1.614945999999999993e+00 2.530067000000000377e+01 8.595528307504954335e-02
1.619688000000000017e+00 2.521068799999999754e+01 8.566486962714178754e-02
1.624430999999999958e+00 2.526887899999999831e+01 8.562827717709145525e-02
1.629173999999999900e+00 2.525175300000000078e+01 8.546571629503377232e-02
1.633917000000000064e+00 2.540290900000000107e+01 8.558987747671858992e-02
1.638660000000000005e+00 2.523273100000000113e+01 8.517385131967204759e-02
1.643402999999999947e+00 2.513600800000000035e+01 8.488348226529116025e-02
1.648146000000000111e+00 2.529865400000000264e+01 8.503143325231557470e-02
1.652889000000000053e+00 2.522211099999999817e+01 8.477861916158223321e-02
1.657631000000000077e+00 2.529002899999999698e+01 8.477028805094564967e-02
1.662374000000000018e+00 2.527770899999999443e+01 8.462807870221029927e-02
1.667116999999999960e+00 2.523230099999999965e+01 8.443173549154606161e-02
1.671859999999999902e+00 2.526545899999999989e+01 8.436832778196270977e-02
1.676603000000000065e+00 2.523202400000000267e+01 8.419515359337970128e-02
1.681346000000000007e+00 2.524110399999999643e+01 8.409360383532268890e-02
1.686088999999999949e+00 2.527071799999999868e+01 8.402680797240247301e-02
1.690830999999999973e+00 2.519925400000000337e+01 8.379357721826059813e-02
1.695573999999999915e+00 2.516385600000000267e+01 8.362158951513537497e-02
1.700317000000000078e+00 2.520069699999999813e+01 8.356996835623309305e-02
1.705060000000000020e+00 2.509103799999999751e+01 8.327620390404573414e-02
1.709802999999999962e+00 2.520547099999999929e+01 8.335490082784695332e-02
1.714545999999999903e+00 2.517031700000000072e+01 8.318710421413766376e-02
1.719289000000000067e+00 2.508344799999999708e+01 8.293432710297708732e-02
1.724031000000000091e+00 2.527467999999999648e+01 8.314074905202381571e-02
1.728774000000000033e+00 2.530812700000000248e+01 8.308769508347067789e-02
1.733516999999999975e+00 2.520439499999999811e+01 8.281056490553785621e-02
1.738259999999999916e+00 2.531199399999999855e+01 8.288035033406469798e-02
1.743003000000000080e+00 2.525727799999999945e+01 8.268437021940482079e-02
1.747746000000000022e+00 2.522734400000000221e+01 8.253035937617501927e-02
1.752488999999999963e+00 2.512251600000000096e+01 8.225468660300883084e-02
1.757231999999999905e+00 2.528691999999999851e+01 8.241937564479846767e-02
1.761973999999999929e+00 2.523323599999999800e+01 8.222819745261293611e-02
1.766717000000000093e+00 2.522854999999999848e+01 8.211801686049109705e-02
1.771460000000000035e+00 2.524174499999999810e+01 8.203755215999133932e-02
1.776202999999999976e+00 2.510819000000000045e+01 8.175557735409981486e-02
1.780945999999999918e+00 2.518346299999999616e+01 8.177939365251554737e-02
1.785689000000000082e+00 2.523197799999999802e+01 8.171834425773751021e-02
1.790432000000000023e+00 2.520104100000000003e+01 8.156854380594825982e-02
1.795174000000000047e+00 2.515828300000000439e+01 8.140010138526303229e-02
1.799916999999999989e+00 2.510001799999999861e+01 8.120660106452738669e-02
1.804659999999999931e+00 2.517726900000000256e+01 8.123351169504554325e-02
1.809403000000000095e+00 2.531388199999999600e+01 8.135567324934199485e-02
1.814146000000000036e+00 2.507820099999999996e+01 8.087903428263162886e-02
1.818888999999999978e+00 2.523237400000000008e+01 8.102998953258787329e-02
1.823631999999999920e+00 2.514964599999999706e+01 8.080064074140562436e-02
1.828375000000000083e+00 2.513486499999999779e+01 8.068134289262048064e-02
1.833117000000000107e+00 2.512292000000000058e+01 8.056676132944155799e-02
1.837860000000000049e+00 2.512938299999999714e+01 8.048196863122882017e-02
1.842602999999999991e+00 2.529432799999999659e+01 8.065075931357683359e-02
1.847345999999999933e+00 2.523553199999999919e+01 8.046311361820333852e-02
1.852089000000000096e+00 2.508478500000000366e+01 8.019493287172699270e-02
1.856832000000000038e+00 2.521085800000000177e+01 8.024206574343845100e-02
1.861574999999999980e+00 2.505449900000000341e+01 7.989446386980515735e-02
1.866317000000000004e+00 2.510150799999999549e+01 7.987719457111397414e-02
1.871059999999999945e+00 2.505505600000000044e+01 7.971155699521806359e-02
1.875803000000000109e+00 2.512860099999999974e+01 7.973639256895623251e-02
1.880546000000000051e+00 2.507498299999999958e+01 7.956023920876244271e-02
1.885288999999999993e+00 2.506322900000000331e+01 7.945105184416943744e-02
1.890031999999999934e+00 2.501580299999999824e+01 7.928561043543966291e-02
1.894775000000000098e+00 2.502018999999999949e+01 7.920225766194674555e-02
1.899516999999999900e+00 2.515826900000000066e+01 7.933102721646745348e-02
1.904260000000000064e+00 2.516697099999999665e+01 7.925542195519874600e-02
1.909003000000000005e+00 2.506487100000000012e+01 7.900584831024409782e-02
1.913745999999999947e+00 2.502488199999999807e+01 7.885387185935513465e-02
1.918489000000000111e+00 2.499354000000000298e+01 7.871665108286493573e-02
1.923232000000000053e+00 2.511454900000000023e+01 7.881939548542034324e-02
1.927974999999999994e+00 2.523530500000000387e+01 7.891867968874922978e-02
1.932717999999999936e+00 2.505683499999999952e+01 7.848995075316712866e-02
1.937459999999999960e+00 2.502620999999999896e+01 7.825896490714147335e-02
1.942202999999999902e+00 2.512881399999999843e+01 7.820553957107066745e-02
1.946946000000000065e+00 2.500632999999999839e+01 7.782515579801688177e-02
1.951689000000000007e+00 2.496926899999999705e+01 7.761414720098133713e-02
1.956431999999999949e+00 2.494959799999999817e+01 7.749987464022313477e-02
1.961174999999999891e+00 2.497785400000000067e+01 7.746214218142498387e-02
1.965918000000000054e+00 2.504523699999999309e+01 7.748611179719756825e-02
1.970660000000000078e+00 2.508526699999999821e+01 7.751146420405950754e-02
1.975403000000000020e+00 2.500962600000000080e+01 7.737367346968282433e-02
1.980145999999999962e+00 2.494595600000000246e+01 7.729633665823562594e-02
1.984888999999999903e+00 2.494724599999999981e+01 7.731890682196948528e-02
1.989632000000000067e+00 2.503772800000000132e+01 7.747937130784940396e-02
1.994375000000000009e+00 2.517017699999999891e+01 7.765561299091457148e-02
1.999117999999999951e+00 2.494266099999999753e+01 7.719272329546159050e-02
2.003861000000000114e+00 2.501691200000000137e+01 7.722543205894674689e-02
2.008602999999999916e+00 2.508168299999999817e+01 7.724283165952489094e-02
2.013345999999999858e+00 2.520762500000000017e+01 7.804135119170413359e-02
2.018088999999999800e+00 2.509463800000000333e+01 8.013843610426833741e-02
2.022832000000000185e+00 2.507268499999999989e+01 8.142914688715215121e-02
2.027575000000000127e+00 2.516583400000000026e+01 8.261201925026406823e-02
2.032318000000000069e+00 2.505428500000000014e+01 8.331247429795972381e-02
2.037061000000000011e+00 2.498461699999999652e+01 8.398843234955989667e-02
2.041802999999999813e+00 2.479136199999999945e+01 8.437209177142521166e-02
2.046546000000000198e+00 2.478805699999999845e+01 8.475218067209362716e-02
2.051289000000000140e+00 2.487208299999999994e+01 8.515650179663206143e-02
2.056032000000000082e+00 2.486311599999999800e+01 8.538239373303549429e-02
2.060775000000000023e+00 2.484032799999999597e+01 8.556880878730870055e-02
2.065517999999999965e+00 2.500101200000000290e+01 8.605728626656955482e-02
2.070260999999999907e+00 2.495299299999999931e+01 8.617522977203193046e-02
2.075003000000000153e+00 2.487785400000000280e+01 8.623534850096101212e-02
2.079746000000000095e+00 2.509989699999999857e+01 8.453774662536314710e-02
2.084489000000000036e+00 2.518094099999999713e+01 8.252305956965967637e-02
2.089231999999999978e+00 2.511663199999999918e+01 8.123902473290592341e-02
2.093974999999999920e+00 2.509498699999999616e+01 8.031386137170967721e-02
2.098717999999999861e+00 2.498152300000000281e+01 7.940038066220526936e-02
2.103460999999999803e+00 2.508029300000000106e+01 7.892525865031928267e-02
2.108204000000000189e+00 2.500262000000000029e+01 7.836500923683861752e-02
2.112945999999999991e+00 2.487130799999999908e+01 7.795105606138444387e-02
2.117688999999999933e+00 2.484759099999999776e+01 7.772536846946111189e-02
2.122431999999999874e+00 2.477190299999999823e+01 7.743119218176548746e-02
2.127174999999999816e+00 2.493931999999999505e+01 7.752778733646278897e-02
2.131918000000000202e+00 2.490574899999999658e+01 7.731992799226211632e-02
2.136661000000000143e+00 2.490650700000000128e+01 7.717294852505507397e-02
2.141404000000000085e+00 2.494468900000000389e+01 7.708981060217555414e-02
2.146145999999999887e+00 2.488046200000000141e+01 7.685459664667623758e-02
2.150888999999999829e+00 2.493303699999999878e+01 7.680439757393062172e-02
2.155632000000000215e+00 2.503369400000000056e+01 7.683252552892556875e-02
2.160375000000000156e+00 2.485746999999999929e+01 7.643836979894716444e-02
2.165118000000000098e+00 2.483204000000000278e+01 7.627996020188723691e-02
2.169861000000000040e+00 2.492575799999999830e+01 7.630736816982158777e-02
2.174603999999999981e+00 2.477351500000000328e+01 7.596069576331301865e-02
2.179346999999999923e+00 2.489520300000000219e+01 7.603575600510723009e-02
2.184089000000000169e+00 2.495466199999999901e+01 7.601775396640117477e-02
2.188832000000000111e+00 2.492163399999999740e+01 7.586096531155993306e-02
2.193575000000000053e+00 2.485394600000000054e+01 7.565341103638553721e-02
2.198317999999999994e+00 2.479739400000000060e+01 7.546438664011786979e-02
2.203060999999999936e+00 2.488818100000000300e+01 7.550118625652976756e-02
2.207803999999999878e+00 2.495490500000000367e+01 7.550303818962784963e-02
2.212546999999999819e+00 2.483471099999999865e+01 7.522323377966079472e-02
2.217289000000000065e+00 2.481933300000000031e+01 7.510311340179712247e-02
2.222032000000000007e+00 2.490371199999999874e+01 7.513525073219826100e-02
2.226774999999999949e+00 2.480216499999999513e+01 7.488804473414364948e-02
2.231517999999999891e+00 2.472189599999999743e+01 7.467421065949809977e-02
2.236260999999999832e+00 2.480584400000000045e+01 7.470887453151399404e-02
2.241004000000000218e+00 2.491614200000000068e+01 7.478387852517479062e-02
2.245747000000000160e+00 2.493754099999999951e+01 7.472616574143757517e-02
2.250490000000000101e+00 2.487798700000000096e+01 7.454804266585407513e-02
2.255231999999999903e+00 2.474059199999999947e+01 7.425382454201197302e-02
2.259974999999999845e+00 2.472742699999999871e+01 7.414711983906049908e-02
2.264717999999999787e+00 2.486768300000000309e+01 7.427096327824622701e-02
2.269461000000000173e+00 2.487065099999999873e+01 7.418988687613967126e-02
2.274204000000000114e+00 2.475670699999999869e+01 7.393474025248347736e-02
2.278947000000000056e+00 2.489576399999999978e+01 7.405791309942172385e-02
2.283689999999999998e+00 2.480852699999999800e+01 7.384463987777176164e-02
2.288431999999999800e+00 2.488781900000000036e+01 7.387995929531498973e-02
2.293175000000000185e+00 2.481655599999999851e+01 7.369184077805561450e-02
2.297918000000000127e+00 2.490260099999999710e+01 7.373774753539125149e-02
2.302661000000000069e+00 2.488620300000000185e+01 7.363264427619857500e-02
2.307404000000000011e+00 2.484230999999999767e+01 7.348754343303223746e-02
2.312146999999999952e+00 2.482315200000000033e+01 7.337913245045965538e-02
2.316889999999999894e+00 2.485784600000000211e+01 7.335087624175597176e-02
2.321632000000000140e+00 2.481629899999999722e+01 7.321118296423777261e-02
2.326375000000000082e+00 2.489422499999999872e+01 7.324788214667302122e-02
2.331118000000000023e+00 2.485252700000000203e+01 7.310836023943637074e-02
2.335860999999999965e+00 2.477513700000000085e+01 7.291728839884543956e-02
2.340603999999999907e+00 2.472543100000000393e+01 7.276731224831517464e-02
2.345346999999999849e+00 2.486693100000000101e+01 7.289922984750936419e-02
2.350089999999999790e+00 2.478795299999999813e+01 7.270739531946389389e-02
2.354833000000000176e+00 2.475856999999999886e+01 7.258870714178342065e-02
2.359574999999999978e+00 2.475094399999999695e+01 7.250281262080801592e-02
2.364317999999999920e+00 2.478591299999999720e+01 7.247946504336727491e-02
2.369060999999999861e+00 2.477877800000000619e+01 7.239477970776898863e-02
2.373803999999999803e+00 2.468615000000000492e+01 7.218574081316267432e-02
2.378547000000000189e+00 2.483224199999999726e+01 7.232543856464473953e-02
2.383290000000000131e+00 2.476642699999999664e+01 7.215673833812542848e-02
2.388033000000000072e+00 2.479901100000000014e+01 7.213126001815092780e-02
2.392774999999999874e+00 2.479128700000000052e+01 7.204763786866782982e-02
2.397517999999999816e+00 2.474516599999999755e+01 7.190884130155414389e-02
2.402261000000000202e+00 2.468481099999999984e+01 7.174989194959809080e-02
2.407004000000000143e+00 2.478048300000000381e+01 7.181704442515576825e-02
2.411747000000000085e+00 2.480453899999999834e+01 7.178110187377664819e-02
2.416490000000000027e+00 2.471133099999999772e+01 7.157575446609835967e-02
2.421232999999999969e+00 2.469697800000000143e+01 7.148478748174957875e-02
2.425975999999999910e+00 2.485314500000000137e+01 7.164001253758545129e-02
2.430718000000000156e+00 2.475907099999999872e+01 7.143456598800751456e-02
2.435461000000000098e+00 2.481147400000000047e+01 7.144120738942827398e-02
2.440204000000000040e+00 2.468965200000000237e+01 7.122187271657001717e-02
2.444946999999999981e+00 2.473919500000000227e+01 7.119912804763832426e-02
2.449689999999999923e+00 2.475222099999999870e+01 7.114914646982703483e-02
2.454432999999999865e+00 2.476406899999999922e+01 7.109821598267004883e-02
2.459175999999999807e+00 2.479231300000000005e+01 7.107105313430636673e-02
2.463918000000000053e+00 2.477303500000000014e+01 7.097528319671786434e-02
2.468660999999999994e+00 2.477042699999999797e+01 7.090434219224094059e-02
2.473403999999999936e+00 2.476656799999999947e+01 7.083155815944189304e-02
2.478146999999999878e+00 2.473967899999999887e+01 7.072637869032175062e-02
2.482889999999999819e+00 2.477007499999999851e+01 7.070328753194084215e-02
2.487633000000000205e+00 2.482865999999999929e+01 7.072048272712722072e-02
2.492376000000000147e+00 2.483194599999999852e+01 7.065907789386724480e-02
2.497117999999999949e+00 2.471437599999999790e+01 7.042580686042368421e-02
2.501860999999999891e+00 2.473839600000000161e+01 7.039443237360040739e-02
2.506603999999999832e+00 2.463678400000000579e+01 7.018450426568674516e-02
2.511347000000000218e+00 2.468026700000000417e+01 7.017989672784506749e-02
2.516090000000000160e+00 2.468903300000000200e+01 7.007374805041258203e-02
2.520833000000000101e+00 2.478988200000000219e+01 7.007289197209146114e-02
2.525576000000000043e+00 2.467806199999999706e+01 6.977240701020426261e-02
2.530318999999999985e+00 2.467871500000000040e+01 6.965921517487258519e-02
2.535060999999999787e+00 2.471785399999999910e+01 6.965066044678686064e-02
2.539804000000000173e+00 2.478786700000000209e+01 6.968596228013286542e-02
2.544547000000000114e+00 2.478542300000000154e+01 6.962029260412727627e-02
2.549290000000000056e+00 2.476418500000000122e+01 6.952806106859230062e-02
2.554032999999999998e+00 2.467219499999999854e+01 6.933701426929270162e-02
2.558775999999999939e+00 2.466876700000000255e+01 6.927014635389837360e-02
2.563518999999999881e+00 2.461661900000000003e+01 6.913788606043795582e-02
2.568261000000000127e+00 2.455253700000000094e+01 6.904211567693302465e-02
2.573004000000000069e+00 2.468691399999999803e+01 6.924671556451252041e-02
2.577747000000000011e+00 2.464679400000000342e+01 6.920561128150375108e-02
2.582489999999999952e+00 2.457586600000000132e+01 6.908711397165392953e-02
2.587232999999999894e+00 2.457128599999999707e+01 6.901976147994429156e-02
2.591975999999999836e+00 2.469648200000000315e+01 6.913404744389553547e-02
2.596719000000000221e+00 2.470318699999999978e+01 6.908222218831629180e-02
2.601462000000000163e+00 2.464822099999999949e+01 6.894442502974625075e-02
2.606203999999999965e+00 2.460531300000000243e+01 6.882398801196062954e-02
2.610946999999999907e+00 2.468346000000000018e+01 6.887272277800333964e-02
2.615689999999999849e+00 2.467484400000000022e+01 6.880040375035381683e-02
2.620432999999999790e+00 2.478848199999999835e+01 6.889836033929544468e-02
2.625176000000000176e+00 2.467694699999999841e+01 6.868322745599902968e-02
2.629919000000000118e+00 2.462182200000000165e+01 6.854690773090206524e-02
2.634662000000000059e+00 2.469064400000000248e+01 6.859775879273753707e-02
2.639403999999999861e+00 2.466531800000000274e+01 6.851513429154101886e-02
2.644146999999999803e+00 2.469695300000000060e+01 6.847723857435475403e-02
2.648890000000000189e+00 2.468921399999999977e+01 6.840348842014346009e-02
2.653633000000000131e+00 2.471522400000000275e+01 6.839098473679335044e-02
2.658376000000000072e+00 2.476071500000000114e+01 6.839669401410349014e-02
2.663119000000000014e+00 2.465600900000000451e+01 6.818173910078488553e-02
2.667861999999999956e+00 2.465336900000000142e+01 6.811952970810353225e-02
2.672604999999999897e+00 2.460982999999999876e+01 6.800128065460091242e-02
2.677347000000000143e+00 2.464206500000000233e+01 6.798800759978998465e-02
2.682090000000000085e+00 2.456383000000000294e+01 6.782236458335554052e-02
2.686833000000000027e+00 2.454988200000000020e+01 6.774576929070109943e-02
2.691575999999999969e+00 2.464926699999999826e+01 6.782512648005088740e-02
2.696318999999999910e+00 2.462340900000000232e+01 6.773238172221983378e-02
2.701061999999999852e+00 2.463148900000000197e+01 6.768653340854294265e-02
2.705804999999999794e+00 2.458039100000000232e+01 6.755938809329314898e-02
2.710547000000000040e+00 2.465886500000000225e+01 6.761011414681680765e-02
2.715289999999999981e+00 2.471240500000000040e+01 6.762712050965648258e-02
2.720032999999999923e+00 2.460207899999999981e+01 6.741971420999202935e-02
2.724775999999999865e+00 2.458662300000000300e+01 6.734229978477049294e-02
2.729518999999999807e+00 2.462881099999999890e+01 6.734378532278460783e-02
2.734262000000000192e+00 2.455622100000000074e+01 6.718865795943165797e-02
2.739005000000000134e+00 2.453847700000000387e+01 6.710887755306520208e-02
2.743746999999999936e+00 2.464478899999999584e+01 6.719833838977865015e-02
2.748489999999999878e+00 2.457425500000000085e+01 6.704676485581612111e-02
2.753232999999999819e+00 2.462531100000000350e+01 6.706098660989040505e-02
2.757976000000000205e+00 2.460215400000000230e+01 6.697444044080100300e-02
2.762719000000000147e+00 2.463588999999999984e+01 6.696523036525746375e-02
2.767462000000000089e+00 2.460912800000000189e+01 6.687395613352929702e-02
2.772205000000000030e+00 2.455656400000000161e+01 6.674815480621543173e-02
2.776947999999999972e+00 2.445844600000000213e+01 6.656019713232376456e-02
2.781690000000000218e+00 2.455956400000000173e+01 6.664332996938251985e-02
2.786433000000000160e+00 2.460506999999999778e+01 6.665065544600218272e-02
2.791176000000000101e+00 2.455983699999999814e+01 6.653518345127860945e-02
2.795919000000000043e+00 2.462586499999999745e+01 6.657090161918118032e-02
2.800661999999999985e+00 2.458986400000000216e+01 6.648360112053799953e-02
2.805404999999999927e+00 2.457830000000000226e+01 6.640467561391968920e-02
2.810147999999999868e+00 2.455092499999999944e+01 6.634592879768735907e-02
2.814890000000000114e+00 2.467431399999999897e+01 6.646744420184966251e-02
2.819633000000000056e+00 2.469509299999999996e+01 6.772770815661416366e-02
2.824375999999999998e+00 2.465507799999999961e+01 6.909334691911443727e-02
2.829118999999999939e+00 2.461216600000000199e+01 6.992519862719517865e-02
2.833861999999999881e+00 2.454605899999999608e+01 7.056051269248757307e-02
2.838604999999999823e+00 2.449183699999999675e+01 7.109909908289484270e-02
2.843348000000000209e+00 2.447136199999999562e+01 7.136904825056586410e-02
2.848091000000000150e+00 2.461995199999999784e+01 7.180256634224226053e-02
2.852832999999999952e+00 2.457111199999999940e+01 7.194071143418516445e-02
2.857575999999999894e+00 2.456236700000000184e+01 7.212113631755048826e-02
2.862318999999999836e+00 2.460082600000000141e+01 7.235755585315606364e-02
2.867062000000000221e+00 2.457651699999999906e+01 7.249133366495059960e-02
2.871805000000000163e+00 2.447588499999999812e+01 7.250241746166331824e-02
2.876548000000000105e+00 2.447246600000000072e+01 7.264872105528906443e-02
2.881291000000000047e+00 2.459567400000000248e+01 7.263443674007322159e-02
2.886032999999999848e+00 2.473325799999999930e+01 7.076071513418939751e-02
2.890775999999999790e+00 2.457708600000000132e+01 6.942821464840932821e-02
2.895519000000000176e+00 2.456735700000000477e+01 6.866461504326883125e-02
2.900262000000000118e+00 2.458715600000000023e+01 6.809814879200021265e-02
2.905005000000000059e+00 2.458589900000000128e+01 6.772947468128333315e-02
2.909748000000000001e+00 2.460371100000000055e+01 6.757640819133553522e-02
2.914490999999999943e+00 2.452368500000000395e+01 6.730862088751633776e-02
2.919233000000000189e+00 2.466705599999999876e+01 6.736133218476754447e-02
2.923976000000000131e+00 2.449334499999999792e+01 6.699188716017857870e-02
2.928719000000000072e+00 2.450951999999999842e+01 6.689160697580900927e-02
2.933462000000000014e+00 2.449845699999999482e+01 6.676127012007111727e-02
2.938204999999999956e+00 2.461007900000000248e+01 6.680360660307869958e-02
2.942947999999999897e+00 2.470037999999999911e+01 6.682231500708726846e-02
2.947690999999999839e+00 2.448800100000000057e+01 6.643537427725985933e-02
2.952433999999999781e+00 2.457957700000000045e+01 6.647178389382521480e-02
2.957176000000000027e+00 2.461940999999999846e+01 6.643993278592777441e-02
2.961918999999999969e+00 2.462043300000000201e+01 6.633903941373134328e-02
2.966661999999999910e+00 2.456107999999999691e+01 6.617335002354271523e-02
2.971404999999999852e+00 2.452762599999999793e+01 6.604492017819614536e-02
2.976147999999999794e+00 2.450953900000000374e+01 6.593936527644166101e-02
2.980891000000000179e+00 2.450697400000000314e+01 6.585693821080737531e-02
2.985634000000000121e+00 2.438007200000000196e+01 6.560906661632140424e-02
2.990375999999999923e+00 2.447670700000000110e+01 6.568049289501563803e-02
2.995118999999999865e+00 2.453447500000000048e+01 6.566958565062520903e-02
2.999861999999999806e+00 2.448098499999999689e+01 6.552223823157676819e-02
3.004605000000000192e+00 2.452624799999999894e+01 6.551143076932987308e-02
3.009348000000000134e+00 2.455278100000000308e+01 6.547642366986837492e-02
3.014091000000000076e+00 2.455189600000000283e+01 6.542598486937203917e-02
3.018834000000000017e+00 2.451540400000000375e+01 6.528925223740428274e-02
3.023576999999999959e+00 2.455216300000000018e+01 6.527118727129374576e-02
3.028319000000000205e+00 2.445152700000000223e+01 6.507106346854414636e-02
3.033062000000000147e+00 2.444056099999999532e+01 6.499106837465129516e-02
3.037805000000000089e+00 2.452382999999999669e+01 6.503721944958056056e-02
3.042548000000000030e+00 2.457167000000000101e+01 6.503681555938452263e-02
3.047290999999999972e+00 2.446088699999999960e+01 6.482709482372320253e-02
3.052033999999999914e+00 2.451724499999999907e+01 6.483912522325159522e-02
3.056776999999999855e+00 2.448506899999999931e+01 6.473511285958725991e-02
3.061519000000000101e+00 2.450064100000000877e+01 6.469429381973652859e-02
3.066262000000000043e+00 2.441407300000000546e+01 6.451972064684952102e-02
3.071004999999999985e+00 2.447991100000000131e+01 6.455966153810674402e-02
3.075747999999999927e+00 2.445072899999999905e+01 6.446474663622978052e-02
3.080490999999999868e+00 2.449960499999999897e+01 6.446351342068162849e-02
3.085233999999999810e+00 2.447744900000000001e+01 6.436645328315518388e-02
3.089977000000000196e+00 2.460724300000000042e+01 6.449721592338385212e-02
3.094720000000000137e+00 2.442769099999999938e+01 6.418657379516218286e-02
3.099461999999999939e+00 2.452005899999999983e+01 6.425009438261940209e-02
3.104204999999999881e+00 2.447132500000000022e+01 6.412941260159724099e-02
3.108947999999999823e+00 2.443383000000000393e+01 6.402385631492685247e-02
3.113691000000000209e+00 2.447376500000000021e+01 6.402051931378485716e-02
3.118434000000000150e+00 2.447091400000000050e+01 6.396145756595138232e-02
3.123177000000000092e+00 2.454206699999999941e+01 6.399890958543746899e-02
3.127920000000000034e+00 2.450024800000000269e+01 6.388938094086371589e-02
3.132661999999999836e+00 2.444586800000000082e+01 6.376397030889466300e-02
3.137405000000000221e+00 2.451107400000000069e+01 6.379515446224894026e-02
3.142148000000000163e+00 2.438801599999999681e+01 6.358069027790355654e-02
3.146891000000000105e+00 2.450931500000000085e+01 6.369312427403919785e-02
3.151634000000000047e+00 2.449178300000000519e+01 6.361929087961450124e-02
3.156376999999999988e+00 2.454890699999999626e+01 6.363044441767085058e-02
3.161119999999999930e+00 2.445900900000000178e+01 6.346155388776184014e-02
3.165862000000000176e+00 2.451552500000000023e+01 6.352653981893158219e-02
3.170605000000000118e+00 2.446918099999999896e+01 6.339793655980453801e-02
3.175348000000000059e+00 2.449347799999999964e+01 6.334960197085692801e-02
3.180091000000000001e+00 2.442730900000000105e+01 6.321219535026924297e-02
3.184833999999999943e+00 2.453315500000000071e+01 6.329759400909089340e-02
3.189576999999999884e+00 2.450873899999999850e+01 6.321483398786870156e-02
3.194319999999999826e+00 2.441529200000000088e+01 6.302521493169380151e-02
3.199063000000000212e+00 2.442043300000000272e+01 6.291629908221080258e-02
3.203805000000000014e+00 2.454912100000000308e+01 6.296496814048110902e-02
3.208547999999999956e+00 2.446806000000000125e+01 6.278351043326582670e-02
3.213290999999999897e+00 2.446715600000000279e+01 6.273288494288382922e-02
3.218033999999999839e+00 2.452819999999999823e+01 6.276181927654664316e-02
3.222776999999999781e+00 2.455360599999999849e+01 6.274496216461925013e-02
3.227520000000000167e+00 2.447696300000000136e+01 6.259818774655860618e-02
3.232263000000000108e+00 2.444342900000000185e+01 6.250664868377042716e-02
3.237004999999999910e+00 2.443151699999999593e+01 6.244312833127516754e-02
3.241747999999999852e+00 2.459588899999999967e+01 6.260422670288723346e-02
3.246490999999999794e+00 2.449291200000000046e+01 6.242503554306797625e-02
3.251234000000000179e+00 2.450076200000000171e+01 6.240468165244895948e-02
3.255977000000000121e+00 2.450514300000000034e+01 6.242619927331072294e-02
3.260720000000000063e+00 2.436807100000000403e+01 6.226916041476310282e-02
3.265463000000000005e+00 2.433643100000000103e+01 6.220636418733135192e-02
3.270205999999999946e+00 2.439493799999999979e+01 6.223370087990107852e-02
3.274948000000000192e+00 2.452684400000000053e+01 6.235394246328775786e-02
3.279691000000000134e+00 2.443183400000000205e+01 6.218565878958990517e-02
3.284434000000000076e+00 2.444703599999999710e+01 6.215810068982482312e-02
3.289177000000000017e+00 2.436872999999999934e+01 6.201165217524202966e-02
3.293919999999999959e+00 2.446038700000000432e+01 6.208134621220209176e-02
3.298662999999999901e+00 2.449683200000000127e+01 6.208089417355552170e-02
3.303405999999999842e+00 2.455763199999999813e+01 6.211135737729855943e-02
3.308148000000000089e+00 2.446233699999999800e+01 6.194448013817453746e-02
3.312891000000000030e+00 2.439654199999999662e+01 6.181481426741165797e-02
3.317633999999999972e+00 2.447478100000000012e+01 6.186775375945776506e-02
3.322376999999999914e+00 2.441467899999999958e+01 6.174678975128100600e-02
3.327119999999999855e+00 2.444433199999999928e+01 6.175394167951710894e-02
3.331862999999999797e+00 2.436975299999999933e+01 6.159787878793392124e-02
3.336606000000000183e+00 2.446963999999999828e+01 6.167864429988064584e-02
3.341347999999999985e+00 2.446140100000000217e+01 6.162318794927847815e-02
3.346090999999999926e+00 2.455943900000000113e+01 6.170135741409989161e-02
3.350833999999999868e+00 2.448648700000000389e+01 6.156417111377363721e-02
3.355576999999999810e+00 2.442392900000000466e+01 6.144087757002173605e-02
3.360320000000000196e+00 2.447357399999999572e+01 6.145856367133387815e-02
3.365063000000000137e+00 2.445948100000000025e+01 6.139628631876931086e-02
3.369806000000000079e+00 2.444195099999999954e+01 6.132977966256115965e-02
3.374549000000000021e+00 2.442437599999999875e+01 6.126337099162924155e-02
3.379290999999999823e+00 2.455758200000000357e+01 6.206901192240536769e-02
3.384034000000000209e+00 2.449974599999999825e+01 6.345048330115461710e-02
3.388777000000000150e+00 2.449806000000000239e+01 6.428715737997053870e-02
3.393520000000000092e+00 2.439065700000000092e+01 6.480689945954289100e-02
3.398263000000000034e+00 2.451299800000000317e+01 6.536219357797441731e-02
3.403005999999999975e+00 2.442156099999999697e+01 6.541608422774020104e-02
3.407748999999999917e+00 2.439825800000000200e+01 6.535107278515325802e-02
3.412491000000000163e+00 2.444240600000000185e+01 6.544637586856509592e-02
3.417234000000000105e+00 2.427288100000000171e+01 6.539256768347072313e-02
3.421977000000000046e+00 2.440000999999999820e+01 6.572219701392902069e-02
3.426719999999999988e+00 2.438558500000000251e+01 6.583677671623361372e-02
3.431462999999999930e+00 2.435467799999999983e+01 6.593213413090767694e-02
3.436205999999999872e+00 2.441956799999999816e+01 6.616270106543792329e-02
3.440948999999999813e+00 2.446008400000000194e+01 6.633792862140405755e-02
3.445692000000000199e+00 2.441079500000000024e+01 6.640181174316103774e-02
3.450434000000000001e+00 2.438107000000000113e+01 6.645371152799292580e-02
3.455176999999999943e+00 2.438251899999999850e+01 6.656462224265755068e-02
3.459919999999999884e+00 2.440211600000000303e+01 6.669582643108862285e-02
3.464662999999999826e+00 2.444528399999999735e+01 6.685572043826243371e-02
3.469406000000000212e+00 2.440705600000000075e+01 6.690092735090821807e-02
3.474149000000000154e+00 2.450947500000000190e+01 6.713573918614437752e-02
3.478892000000000095e+00 2.447587499999999849e+01 6.718129218305049499e-02
3.483633999999999897e+00 2.440110399999999657e+01 6.716699819670593485e-02
3.488376999999999839e+00 2.442848400000000098e+01 6.729093043327386003e-02
3.493119999999999781e+00 2.439054999999999751e+01 6.732207518124423695e-02
3.497863000000000167e+00 2.443015000000000114e+01 6.745809190438682712e-02
3.502606000000000108e+00 2.438998299999999730e+01 6.748209971421384457e-02
3.507349000000000050e+00 2.440930399999999878e+01 6.758571870106583335e-02
3.512091999999999992e+00 2.438064500000000479e+01 6.762144784494636407e-02
3.516833999999999794e+00 2.443919600000000258e+01 6.777622462079531396e-02
3.521577000000000179e+00 2.448037800000000175e+01 6.790515532298854740e-02
3.526320000000000121e+00 2.435755499999999785e+01 6.780486412559942611e-02
3.531063000000000063e+00 2.447154499999999899e+01 6.803223549717368757e-02
3.535806000000000004e+00 2.430099899999999735e+01 6.786198930119717587e-02
3.540548999999999946e+00 2.446664299999999770e+01 6.815820273167273735e-02
3.545291999999999888e+00 2.452398099999999914e+01 6.830322409114301940e-02
3.550034999999999830e+00 2.448010200000000225e+01 6.830559700408816992e-02
3.554777000000000076e+00 2.443197699999999983e+01 6.830036939941613872e-02
3.559520000000000017e+00 2.441333399999999898e+01 6.833520363239800610e-02
3.564262999999999959e+00 2.436457800000000162e+01 6.832639907452535410e-02
3.569005999999999901e+00 2.436333099999999874e+01 6.839654971391757876e-02
3.573748999999999842e+00 2.442713499999999982e+01 6.856349470995480588e-02
3.578491999999999784e+00 2.451339300000000065e+01 6.870784004796395839e-02
3.583235000000000170e+00 2.445891899999999808e+01 6.868735958102625827e-02
3.587976999999999972e+00 2.438564999999999827e+01 6.861544888781753726e-02
3.592719999999999914e+00 2.445444299999999771e+01 6.865874047502765198e-02
3.597462999999999855e+00 2.442123899999999637e+01 6.855101567256316475e-02
3.602205999999999797e+00 2.450952499999999645e+01 6.861420902336118344e-02
3.606949000000000183e+00 2.449794699999999992e+01 6.853747729697598490e-02
3.611692000000000125e+00 2.434921499999999739e+01 6.831975093679133748e-02
3.616435000000000066e+00 2.452922099999999972e+01 6.864034580618894044e-02
3.621178000000000008e+00 2.462464399999999642e+01 6.960507506888344298e-02
3.625919999999999810e+00 2.450790899999999795e+01 7.192273919823480299e-02
3.630663000000000196e+00 2.450557300000000183e+01 7.331960625581059043e-02
3.635406000000000137e+00 2.452748000000000062e+01 7.439916271348016863e-02
3.640149000000000079e+00 2.432825599999999966e+01 7.486475509944248707e-02
3.644892000000000021e+00 2.430156200000000055e+01 7.533534385232273922e-02
3.649634999999999962e+00 2.446773300000000262e+01 7.607987122409579084e-02
3.654377999999999904e+00 2.448473200000000105e+01 7.652941939488958067e-02
3.659120000000000150e+00 2.439817800000000148e+01 7.682029209158541816e-02
3.663863000000000092e+00 2.434228199999999731e+01 7.714258823948286214e-02
3.668606000000000034e+00 2.439485299999999768e+01 7.762342621360383832e-02
3.673348999999999975e+00 2.432845999999999620e+01 7.790413930443811086e-02
3.678091999999999917e+00 2.439514700000000147e+01 7.838852389634468065e-02
3.682834999999999859e+00 2.444026000000000209e+01 7.883122533381869967e-02
3.687577999999999800e+00 2.438685999999999510e+01 7.910807343724975127e-02
3.692321000000000186e+00 2.437840399999999619e+01 7.945151929758989540e-02
3.697062999999999988e+00 2.446769699999999759e+01 7.994885539917942485e-02
3.701805999999999930e+00 2.449110900000000157e+01 8.033519884106779529e-02
3.706548999999999872e+00 2.439363099999999918e+01 8.051832070793392415e-02
3.711291999999999813e+00 2.441770499999999799e+01 8.089778930651071731e-02
3.716035000000000199e+00 2.431541700000000006e+01 8.106343914067364043e-02
3.720778000000000141e+00 2.444941100000000134e+01 8.162006529568081870e-02
3.725521000000000083e+00 2.436656100000000080e+01 8.181197377045734687e-02
3.730262999999999884e+00 2.441125900000000115e+01 8.221590621534133336e-02
3.735005999999999826e+00 2.433026299999999864e+01 8.240480336613334456e-02
3.739749000000000212e+00 2.427723299999999895e+01 8.263858971058193892e-02
3.744492000000000154e+00 2.430867700000000298e+01 8.301438078557171751e-02
3.749235000000000095e+00 2.436694299999999913e+01 8.343482479897228188e-02
3.753978000000000037e+00 2.434014699999999820e+01 8.370891594598152408e-02
3.758720999999999979e+00 2.431362399999999724e+01 8.398113050514383060e-02
3.763462999999999781e+00 2.423880000000000123e+01 8.416889224922055601e-02
3.768206000000000166e+00 2.431453899999999990e+01 8.461668569998295752e-02
3.772949000000000108e+00 2.446609500000000281e+01 8.519659063966820989e-02
3.777692000000000050e+00 2.443873900000000177e+01 8.546441870170533306e-02
3.782434999999999992e+00 2.437825199999999626e+01 8.567386280565093826e-02
3.787177999999999933e+00 2.442824199999999379e+01 8.607639328141543367e-02
3.791920999999999875e+00 2.438707199999999986e+01 8.631814002300906841e-02
3.796663999999999817e+00 2.440020700000000176e+01 8.665536193409846544e-02
3.801406000000000063e+00 2.448100000000000165e+01 8.711333354335087931e-02
3.806149000000000004e+00 2.444853300000000118e+01 8.736973758922994548e-02
3.810891999999999946e+00 2.446809100000000115e+01 8.771892449980904505e-02
3.815634999999999888e+00 2.444166699999999892e+01 8.798558850777211948e-02
3.820377999999999830e+00 2.436542499999999833e+01 8.816203532844849033e-02
3.825121000000000215e+00 2.441808599999999885e+01 8.857145492112512841e-02
3.829864000000000157e+00 2.438888199999999884e+01 8.883286045225269323e-02
3.834605999999999959e+00 2.433198099999999897e+01 8.904367065212327736e-02
3.839348999999999901e+00 2.445945799999999792e+01 8.959309454910294179e-02
3.844091999999999842e+00 2.433871599999999802e+01 8.968666046296963623e-02
3.848834999999999784e+00 2.431769500000000050e+01 8.996645436822105213e-02
3.853578000000000170e+00 2.429744800000000282e+01 9.029279114962389385e-02
3.858321000000000112e+00 2.446376000000000062e+01 9.086817206295226546e-02
3.863064000000000053e+00 2.442803800000000081e+01 9.112044406121877493e-02
3.867806999999999995e+00 2.437525399999999820e+01 9.134118723506992610e-02
3.872548999999999797e+00 2.426473199999999864e+01 9.145228169930480489e-02
3.877292000000000183e+00 2.427284300000000172e+01 9.178712449646410365e-02
3.882035000000000124e+00 2.429672199999999904e+01 9.215362799697471297e-02
3.886778000000000066e+00 2.435944699999999585e+01 9.259453455259494814e-02
3.891521000000000008e+00 2.445652099999999862e+01 9.310216584682282082e-02
3.896263999999999950e+00 2.444207300000000060e+01 9.339906409005285792e-02
3.901006999999999891e+00 2.450210099999999613e+01 9.383935143680555147e-02
3.905749000000000137e+00 2.429623400000000188e+01 9.377058881154368142e-02
3.910492000000000079e+00 2.434202800000000266e+01 9.418662425532672855e-02
3.915235000000000021e+00 2.436802499999999938e+01 9.456524287244072458e-02
3.919977999999999962e+00 2.430101499999999959e+01 9.472293956315017138e-02
3.924720999999999904e+00 2.433786300000000224e+01 9.487921219425991815e-02
3.929463999999999846e+00 2.442587800000000442e+01 9.512333435119482705e-02
3.934206999999999788e+00 2.449876499999999879e+01 9.539041298725202400e-02
3.938949000000000034e+00 2.448869799999999941e+01 9.547512290723694783e-02
3.943691999999999975e+00 2.436480499999999694e+01 9.533610055918900761e-02
3.948434999999999917e+00 2.435073399999999566e+01 9.541087474618027697e-02
3.953177999999999859e+00 2.430163200000000145e+01 9.544340089626415780e-02
3.957920999999999800e+00 2.447406000000000148e+01 9.595033877333263017e-02
3.962664000000000186e+00 2.423019599999999940e+01 9.547964824653680516e-02
3.967407000000000128e+00 2.432932100000000020e+01 9.592125344489771388e-02
3.972150000000000070e+00 2.447929699999999897e+01 9.654102150954795014e-02
3.976891999999999872e+00 2.431989100000000192e+01 9.655056185035072736e-02
3.981634999999999813e+00 2.426559700000000319e+01 9.676849825547878536e-02
3.986378000000000199e+00 2.434550700000000489e+01 9.725588602837824392e-02
3.991121000000000141e+00 2.437387399999999715e+01 9.764174076171214245e-02
3.995864000000000082e+00 2.451558299999999946e+01 9.825782750711262170e-02
4.000606999999999580e+00 2.439568200000000076e+01 9.835015528050375377e-02
4.005349999999999966e+00 2.438535600000000159e+01 9.866433767352214557e-02
4.010092000000000212e+00 2.449207499999999627e+01 9.921731575093734046e-02
4.014834999999999710e+00 2.441412599999999955e+01 9.939800095900722110e-02
4.019578000000000095e+00 2.439000300000000010e+01 9.968923225767516161e-02
4.024320999999999593e+00 2.432159899999999908e+01 9.989018791936073172e-02
4.029063999999999979e+00 2.436234499999999770e+01 1.003182065410810758e-01
4.033807000000000365e+00 2.421882400000000146e+01 1.003667230923247777e-01
4.038549999999999862e+00 2.432391400000000203e+01 1.009317891383373772e-01
4.043293000000000248e+00 2.428964100000000315e+01 1.012099973953082266e-01
4.048034999999999606e+00 2.430100499999999997e+01 1.015852651836072207e-01
4.052777999999999992e+00 2.442651000000000039e+01 1.022013191453857994e-01
4.057521000000000377e+00 2.428642199999999818e+01 1.022632817807980210e-01
4.062263999999999875e+00 2.438530499999999890e+01 1.028301095416682964e-01
4.067007000000000261e+00 2.438228400000000207e+01 1.031841447908810327e-01
4.071749999999999758e+00 2.430298000000000158e+01 1.033787455949277678e-01
4.076493000000000144e+00 2.442464299999999611e+01 1.040022905599025799e-01
4.081235000000000390e+00 2.434200699999999884e+01 1.041933917757599526e-01
4.085977999999999888e+00 2.443486100000000150e+01 1.047629016400748736e-01
4.090721000000000274e+00 2.434810100000000332e+01 1.049486353011229028e-01
4.095463999999999771e+00 2.444276599999999888e+01 1.055278108410635934e-01
4.100207000000000157e+00 2.443376100000000051e+01 1.058863231025683332e-01
4.104949999999999655e+00 2.442709400000000386e+01 1.062532378209878337e-01
4.109693000000000040e+00 2.441991300000000109e+01 1.066200295523158231e-01
4.114436000000000426e+00 2.436189300000000202e+01 1.068783271414232849e-01
4.119177999999999784e+00 2.427816599999999880e+01 1.070822665372175575e-01
4.123921000000000170e+00 2.430366499999999874e+01 1.075286118360643667e-01
4.128663999999999668e+00 2.441222499999999940e+01 1.081630846312530148e-01
4.133407000000000053e+00 2.440968799999999561e+01 1.085550740700134409e-01
4.138150000000000439e+00 2.432200799999999674e+01 1.087588430401234263e-01
4.142892999999999937e+00 2.445117699999999772e+01 1.094506259198840814e-01
4.147636000000000323e+00 2.443586499999999972e+01 1.098221865806408848e-01
4.152377999999999680e+00 2.431766800000000117e+01 1.099656287793258497e-01
4.157121000000000066e+00 2.428848999999999592e+01 1.103102414639085121e-01
4.161863999999999564e+00 2.435152199999999567e+01 1.108688510175910580e-01
4.166606999999999950e+00 2.445776899999999898e+01 1.115301192133685559e-01
4.171350000000000335e+00 2.435995700000000141e+01 1.117280650763173427e-01
4.176092999999999833e+00 2.437048800000000170e+01 1.121841872337741713e-01
4.180836000000000219e+00 2.445122699999999938e+01 1.129545190435858465e-01
4.185577999999999577e+00 2.437632899999999836e+01 1.130938994768785066e-01
4.190320999999999962e+00 2.438893200000000405e+01 1.135186942392934634e-01
4.195064000000000348e+00 2.435677199999999942e+01 1.138832385188584262e-01
4.199806999999999846e+00 2.433315900000000198e+01 1.142708740969697045e-01
4.204550000000000232e+00 2.457695700000000016e+01 1.152914258059778707e-01
4.209292999999999729e+00 2.439371300000000176e+01 1.153131820129671831e-01
4.214036000000000115e+00 2.440560299999999927e+01 1.157961219763244121e-01
4.218778999999999613e+00 2.455266200000000154e+01 1.166061771942837472e-01
4.223520999999999859e+00 2.454190400000000238e+01 1.170456243709451921e-01
4.228264000000000244e+00 2.438870199999999855e+01 1.171480251850298970e-01
4.233006999999999742e+00 2.441399800000000297e+01 1.176808045195154168e-01
4.237750000000000128e+00 2.436563300000000254e+01 1.180405865541988009e-01
4.242492999999999626e+00 2.434867099999999951e+01 1.184805346637995138e-01
4.247236000000000011e+00 2.436811699999999803e+01 1.190124914683395874e-01
4.251979000000000397e+00 2.437196999999999747e+01 1.195168241374071211e-01
4.256720999999999755e+00 2.444919499999999957e+01 1.204042853895707504e-01
4.261464000000000141e+00 2.434764200000000045e+01 1.204861005566816301e-01
4.266206999999999638e+00 2.447673099999999735e+01 1.212714384735610051e-01
4.270950000000000024e+00 2.456336899999999801e+01 1.219978047288855783e-01
4.275693000000000410e+00 2.448467800000000238e+01 1.223171016002688738e-01
4.280435999999999908e+00 2.434470300000000265e+01 1.224872916407788032e-01
4.285179000000000293e+00 2.430708700000000277e+01 1.229169741836110274e-01
4.289921999999999791e+00 2.428912400000000460e+01 1.234014002881794747e-01
4.294664000000000037e+00 2.438401700000000005e+01 1.241789151776472033e-01
4.299407000000000423e+00 2.462020999999999660e+01 1.253226762965417851e-01
4.304149999999999920e+00 2.467059400000000124e+01 1.260012581982402069e-01
4.308893000000000306e+00 2.437596500000000077e+01 1.258017508447553390e-01
4.313635999999999804e+00 2.428906300000000584e+01 1.261347200650154154e-01
4.318379000000000190e+00 2.442554899999999662e+01 1.270548531757323407e-01
4.323121999999999687e+00 2.433993199999999746e+01 1.274931460012619644e-01
4.327863999999999933e+00 2.441350599999999815e+01 1.282383803478818196e-01
4.332607000000000319e+00 2.454963199999999901e+01 1.291190266940135944e-01
4.337349999999999817e+00 2.461740800000000107e+01 1.298925920145074797e-01
4.342093000000000202e+00 2.435781200000000268e+01 1.298042855159362574e-01
4.346835999999999700e+00 2.437234700000000132e+01 1.304480747744415914e-01
4.351579000000000086e+00 2.446182799999999347e+01 1.313002063223013272e-01
4.356321999999999584e+00 2.451142300000000063e+01 1.320552960317071256e-01
4.361063999999999830e+00 2.459393400000000085e+01 1.329080445917383002e-01
4.365807000000000215e+00 2.451823499999999711e+01 1.333408379553570888e-01
4.370549999999999713e+00 2.440361499999999850e+01 1.336712715715950017e-01
4.375293000000000099e+00 2.436375899999999817e+01 1.342127089662517592e-01
4.380035999999999596e+00 2.460735400000000084e+01 1.356064127500978267e-01
4.384778999999999982e+00 2.434716699999999889e+01 1.356086305897607758e-01
4.389522000000000368e+00 2.451969799999999822e+01 1.366502848890235877e-01
4.394264999999999866e+00 2.434537700000000271e+01 1.368321752321346452e-01
4.399007000000000112e+00 2.437513799999999975e+01 1.371841371229960971e-01
4.403749999999999609e+00 2.439381999999999806e+01 1.373310239649774001e-01
4.408492999999999995e+00 2.443583999999999889e+01 1.375424473412062698e-01
4.413236000000000381e+00 2.437383700000000175e+01 1.374597934865784687e-01
4.417978999999999878e+00 2.441468100000000518e+01 1.376672485575116955e-01
4.422722000000000264e+00 2.440516600000000125e+01 1.377336160081310823e-01
4.427464999999999762e+00 2.462339599999999962e+01 1.384368738746563077e-01
4.432207000000000008e+00 2.448536299999999954e+01 1.381397182669408807e-01
4.436950000000000394e+00 2.461762999999999835e+01 1.386786573115275645e-01
4.441692999999999891e+00 2.439222199999999674e+01 1.386673970460814420e-01
4.446436000000000277e+00 2.436630300000000204e+01 1.393037765658551586e-01
4.451178999999999775e+00 2.446547400000000039e+01 1.403063304242816445e-01
4.455922000000000160e+00 2.466446199999999678e+01 1.416083523446456105e-01
4.460664999999999658e+00 2.452102700000000013e+01 1.419371841092822994e-01
4.465408000000000044e+00 2.446559500000000043e+01 1.425271631705689879e-01
4.470150000000000290e+00 2.448711800000000238e+01 1.433508586037966492e-01
4.474892999999999788e+00 2.439939400000000091e+01 1.438649767692442849e-01
4.479636000000000173e+00 2.455870400000000231e+01 1.451175664402814536e-01
4.484378999999999671e+00 2.429512900000000286e+01 1.451293740411778166e-01
4.489122000000000057e+00 2.449378500000000258e+01 1.465282128166869591e-01
4.493865000000000443e+00 2.438672499999999843e+01 1.470247777718606264e-01
4.498607999999999940e+00 2.450348199999999821e+01 1.482076082973684816e-01
4.503350000000000186e+00 2.443543700000000030e+01 1.488441836706775601e-01
4.508092999999999684e+00 2.439983300000000099e+01 1.495912268235888298e-01
4.512836000000000070e+00 2.446502000000000265e+01 1.506607439722049691e-01
4.517578999999999567e+00 2.453558500000000109e+01 1.517626817212973100e-01
4.522321999999999953e+00 2.454676700000000267e+01 1.526963860533548933e-01
4.527065000000000339e+00 2.437580600000000075e+01 1.530750894567584341e-01
4.531807999999999836e+00 2.441243400000000108e+01 1.541170308974968428e-01
4.536551000000000222e+00 2.438251599999999897e+01 1.549629665510292020e-01
4.541292999999999580e+00 2.446431700000000120e+01 1.561817250505269372e-01
4.546035999999999966e+00 2.470327800000000096e+01 1.579237931808858408e-01
4.550779000000000352e+00 2.442873900000000020e+01 1.580341830399388525e-01
4.555521999999999849e+00 2.441751299999999958e+01 1.590073572428584159e-01
4.560265000000000235e+00 2.445696799999999982e+01 1.601606300433608410e-01
4.565007999999999733e+00 2.450227100000000036e+01 1.613582105239971809e-01
4.569751000000000118e+00 2.444442399999999793e+01 1.622300281284321799e-01
4.574493000000000364e+00 2.460120699999999871e+01 1.638384690111131803e-01
4.579235999999999862e+00 2.469986400000000160e+01 1.652760832857994022e-01
4.583979000000000248e+00 2.470400599999999969e+01 1.664208070518960192e-01
4.588721999999999746e+00 2.447107499999999902e+01 1.667829117357752522e-01
4.593465000000000131e+00 2.454802099999999854e+01 1.682164835715355966e-01
4.598207999999999629e+00 2.480244199999999921e+01 1.702863645180133223e-01
4.602951000000000015e+00 2.472805299999999917e+01 1.712549544993583750e-01
4.607693000000000261e+00 2.484502799999999922e+01 1.729109386375384805e-01
4.612435999999999758e+00 2.452973399999999771e+01 1.730789207676547148e-01
4.617179000000000144e+00 2.436989200000000011e+01 1.738045578414142145e-01
4.621921999999999642e+00 2.443395299999999537e+01 1.753552532231526795e-01
4.626665000000000028e+00 2.432844299999999649e+01 1.763238978333217799e-01
4.631408000000000413e+00 2.436529100000000270e+01 1.778332967642353712e-01
4.636150999999999911e+00 2.470094499999999726e+01 1.804714160112551036e-01
4.640894000000000297e+00 2.469357399999999814e+01 1.818952012035729981e-01
4.645635999999999655e+00 2.472781700000000171e+01 1.835019425879587385e-01
4.650379000000000040e+00 2.441528100000000023e+01 1.838473465431579301e-01
4.655122000000000426e+00 2.447856299999999763e+01 1.856329488447454878e-01
4.659864999999999924e+00 2.486675299999999922e+01 1.886951156773955807e-01
4.664608000000000310e+00 2.470818899999999729e+01 1.897247805034379398e-01
4.669350999999999807e+00 2.461072300000000013e+01 1.910176651598550490e-01
4.674094000000000193e+00 2.451614099999999752e+01 1.923596825272076150e-01
4.678836000000000439e+00 2.457857500000000073e+01 1.943580711538162586e-01
4.683578999999999937e+00 2.455563299999999671e+01 1.960663904807147251e-01
4.688322000000000322e+00 2.454661500000000274e+01 1.978769015478375748e-01
4.693064999999999820e+00 2.463530899999999946e+01 2.001372339206475837e-01
4.697808000000000206e+00 2.474513699999999972e+01 2.025396364877724287e-01
4.702550999999999704e+00 2.473788099999999801e+01 2.045274270189594845e-01
4.707294000000000089e+00 2.466540900000000036e+01 2.062997495539621584e-01
4.712036999999999587e+00 2.452979699999999852e+01 2.078589975516645649e-01
4.716778999999999833e+00 2.465295000000000059e+01 2.105760930636329520e-01
4.721522000000000219e+00 2.506097100000000211e+01 2.145934928031393019e-01
4.726264999999999716e+00 2.477544900000000183e+01 2.157113915746915467e-01
4.731008000000000102e+00 2.476770400000000194e+01 2.180958806817939466e-01
4.735750999999999600e+00 2.458604100000000159e+01 2.197863306331380995e-01
4.740493999999999986e+00 2.474868500000000182e+01 2.230927737564910307e-01
4.745237000000000371e+00 2.471227200000000224e+01 2.255950339948455119e-01
4.749978999999999729e+00 2.490591699999999875e+01 2.292540475986820925e-01
4.754722000000000115e+00 2.513311099999999598e+01 2.331870655870284248e-01
4.759464999999999613e+00 2.489829100000000039e+01 2.350785686393432050e-01
4.764207999999999998e+00 2.505933499999999725e+01 2.389427995162854701e-01
4.768951000000000384e+00 2.456203299999999956e+01 2.397549985959936125e-01
4.773693999999999882e+00 2.477831600000000023e+01 2.441532172556955815e-01
4.778437000000000268e+00 2.497653100000000137e+01 2.486235390996824057e-01
4.783178999999999625e+00 2.475966900000000237e+01 2.511688741801977320e-01
4.787922000000000011e+00 2.459448400000000134e+01 2.541061443527883323e-01
4.792665000000000397e+00 2.440110299999999910e+01 2.570358914410051931e-01
4.797407999999999895e+00 2.458897099999999725e+01 2.621562419497859286e-01
4.802151000000000280e+00 2.462338099999999841e+01 2.666741876015172319e-01
4.806893999999999778e+00 2.471247999999999934e+01 2.717178685524023196e-01
4.811637000000000164e+00 2.451159999999999783e+01 2.753870505019486159e-01
4.816379999999999661e+00 2.472256599999999693e+01 2.816239816350933900e-01
4.821121999999999908e+00 2.521833900000000028e+01 2.898226263063591324e-01
4.825865000000000293e+00 2.538320800000000332e+01 2.964918219477111760e-01
4.830607999999999791e+00 2.461630800000000008e+01 2.979521887477419861e-01
4.835351000000000177e+00 2.489411499999999933e+01 3.060145194670682578e-01
4.840093999999999674e+00 2.520839799999999897e+01 3.147875278509860153e-01
4.844837000000000060e+00 2.501846699999999757e+01 3.208896344028359104e-01
4.849579999999999558e+00 2.504854700000000278e+01 3.289022674717255734e-01
4.854321999999999804e+00 2.494157500000000383e+01 3.365919691566630068e-01
4.859065000000000190e+00 2.472860399999999714e+01 3.441753471762613037e-01
4.863807999999999687e+00 2.491653799999999919e+01 3.553033076027860560e-01
4.868551000000000073e+00 2.479418500000000236e+01 3.650985114019365541e-01
4.873293999999999571e+00 2.463188600000000150e+01 3.755416180785293156e-01
4.878036999999999956e+00 2.519586199999999820e+01 3.927987691411214399e-01
4.882780000000000342e+00 2.565131699999999881e+01 4.108408047174111344e-01
4.887522999999999840e+00 2.580176399999999859e+01 4.283167262206671877e-01
4.892265000000000086e+00 2.463367999999999824e+01 4.364279992535080588e-01
4.897007999999999583e+00 2.520934100000000200e+01 4.621486863688352154e-01
4.901750999999999969e+00 2.549892499999999984e+01 4.887527352592719865e-01
4.906494000000000355e+00 2.509760700000000355e+01 5.127461118242437887e-01
4.911236999999999853e+00 2.573396299999999925e+01 5.528883264674069320e-01
4.915980000000000238e+00 2.503297599999999790e+01 5.858553489450361029e-01
4.920722999999999736e+00 2.582338700000000387e+01 6.470427416030257728e-01
4.925464999999999982e+00 2.435556199999999905e+01 6.948699170062407893e-01
4.930208000000000368e+00 2.556724299999999772e+01 8.074104064658753632e-01
4.934950999999999866e+00 2.573463500000000437e+01 9.587304000919392166e-01
4.939694000000000251e+00 2.532852700000000112e+01 1.228227289291741631e+00
4.944436999999999749e+00 9.857307199999999270e+00 1.327503267116902474e+00