# copyA
# Sample c= 0.0 mg/ml
#
# Number of frames collected: 10
# Exposure time per frame: 0.5
# No significant radiation damage detected, merging 10 files
# Merged from: /data/visitor/mx1905/bm29/20170412/Poker/1d/Sxl_10gs_152_00001.dat
# Merged from: /data/visitor/mx1905/bm29/20170412/Poker/1d/Sxl_10gs_152_00002.dat
# Merged from: /data/visitor/mx1905/bm29/20170412/Poker/1d/Sxl_10gs_152_00003.dat
# Merged from: /data/visitor/mx1905/bm29/20170412/Poker/1d/Sxl_10gs_152_00004.dat
# Merged from: /data/visitor/mx1905/bm29/20170412/Poker/1d/Sxl_10gs_152_00005.dat
# Merged from: /data/visitor/mx1905/bm29/20170412/Poker/1d/Sxl_10gs_152_00006.dat
# Merged from: /data/visitor/mx1905/bm29/20170412/Poker/1d/Sxl_10gs_152_00007.dat
# Merged from: /data/visitor/mx1905/bm29/20170412/Poker/1d/Sxl_10gs_152_00008.dat
# Merged from: /data/visitor/mx1905/bm29/20170412/Poker/1d/Sxl_10gs_152_00009.dat
# Merged from: /data/visitor/mx1905/bm29/20170412/Poker/1d/Sxl_10gs_152_00010.dat
#
# Sample Information:
# Storage Temperature (degrees C): 20.0
# Measurement Temperature (degrees C): 20.03
# Concentration: 0.0
# Code: 
3.082862000000000102e-02 6.100904499999999189e+02 8.263906185421515005e+00
3.557148999999999728e-02 1.191613800000000083e+03 4.762184997872510372e+00
4.031434999999999880e-02 1.160251399999999876e+03 3.095471094217805863e+00
4.505722000000000199e-02 9.106138600000000451e+02 1.949982971881521365e+00
4.980007999999999657e-02 6.199122099999999591e+02 1.440674632834103797e+00
5.454294999999999977e-02 4.442185200000000123e+02 1.147315141489129164e+00
5.928581000000000129e-02 3.220023999999999660e+02 9.286377472279436773e-01
6.402868000000000448e-02 2.502313899999999762e+02 7.805214166673392073e-01
6.877154000000000600e-02 2.007666300000000206e+02 6.715667704640990721e-01
7.351441000000000225e-02 1.637560700000000224e+02 5.844351298808448947e-01
7.825727999999999851e-02 1.351284499999999866e+02 5.110629069258499912e-01
8.300014000000000003e-02 1.152751400000000075e+02 4.569390611838519689e-01
8.774300999999999628e-02 9.943510999999999456e+01 4.117716536903918145e-01
9.248586999999999780e-02 8.765929699999999514e+01 3.757180997827227475e-01
9.722873999999999406e-02 7.806620200000000409e+01 3.442716524784171228e-01
1.019715999999999956e-01 6.922744699999999796e+01 3.159518946405251993e-01
1.067145000000000038e-01 6.450525000000000375e+01 2.976980637080558489e-01
1.114572999999999953e-01 5.918319100000000788e+01 2.786983240363122283e-01
1.162002000000000035e-01 5.446097600000000227e+01 2.615072910985535293e-01
1.209430999999999978e-01 5.151051999999999964e+01 2.489878709072795293e-01
1.256858999999999893e-01 4.868668900000000122e+01 2.372331354108934698e-01
1.304288000000000114e-01 4.645036100000000090e+01 2.272833306823406618e-01
1.351717000000000057e-01 4.437849099999999680e+01 2.179982474164723905e-01
1.399144999999999972e-01 4.272203700000000026e+01 2.100110896089868451e-01
1.446573999999999915e-01 4.101764100000000468e+01 2.022057314549590146e-01
1.494003000000000136e-01 3.942425400000000479e+01 1.949251414646958891e-01
1.541431000000000051e-01 3.867223800000000722e+01 1.902318755234790049e-01
1.588859999999999995e-01 3.721238299999999555e+01 1.836543757816581357e-01
1.636287999999999909e-01 3.630739599999999712e+01 1.786457731219076306e-01
1.683717000000000130e-01 3.557841099999999557e+01 1.742395687107259894e-01
1.731146000000000074e-01 3.463659800000000644e+01 1.694529303764667760e-01
1.778573999999999988e-01 3.399968299999999033e+01 1.655300425370564155e-01
1.826002999999999932e-01 3.346659700000000015e+01 1.619980451538187427e-01
1.873431999999999875e-01 3.291613200000000461e+01 1.585432135649444962e-01
1.920860000000000067e-01 3.235416899999999885e+01 1.551555199403356622e-01
1.968289000000000011e-01 3.174217099999999547e+01 1.517381404592355598e-01
2.015717999999999954e-01 3.124705900000000014e+01 1.487069953861646643e-01
2.063145999999999869e-01 3.088495400000000046e+01 1.460704416684049656e-01
2.110575000000000090e-01 3.073816899999999919e+01 1.438686000947931032e-01
2.158004000000000033e-01 3.069996000000000436e+01 1.421307697844326756e-01
2.205431999999999948e-01 3.028995900000000319e+01 1.396147770605396798e-01
2.252860999999999891e-01 2.962263100000000193e+01 1.365773368116423581e-01
2.300290000000000112e-01 2.960556100000000157e+01 1.350892090713447513e-01
2.347718000000000027e-01 2.937047899999999956e+01 1.331446992703919086e-01
2.395146999999999970e-01 2.911770899999999784e+01 1.312141607934799170e-01
2.442575999999999914e-01 2.897002699999999820e+01 1.295667187919938013e-01
2.490004000000000106e-01 2.876326900000000109e+01 1.278282997889430561e-01
2.537433000000000050e-01 2.876517299999999722e+01 1.265876975601483989e-01
2.584861999999999993e-01 2.852364000000000033e+01 1.248653987476130156e-01
2.632289999999999908e-01 2.830299299999999718e+01 1.232373667284123731e-01
2.679718999999999851e-01 2.810770300000000432e+01 1.216992641556352978e-01
2.727146999999999766e-01 2.782974800000000215e+01 1.200118955774380769e-01
2.774576000000000264e-01 2.795743399999999923e+01 1.192639234918862617e-01
2.822005000000000208e-01 2.802017500000000183e+01 1.184255493265275183e-01
2.869433000000000122e-01 2.798568999999999818e+01 1.173467260381294147e-01
2.916862000000000066e-01 2.753634799999999672e+01 1.154215793763003484e-01
2.964291000000000009e-01 2.744835699999999790e+01 1.142882230268718463e-01
3.011718999999999924e-01 2.743434599999999790e+01 1.133354590283164737e-01
3.059147999999999867e-01 2.724778199999999373e+01 1.120510868625494566e-01
3.106576999999999811e-01 2.726434100000000171e+01 1.112015467892582821e-01
3.154004999999999725e-01 2.736087300000000511e+01 1.105402061714704925e-01
3.201434000000000224e-01 2.714563299999999657e+01 1.092738390320839581e-01
3.248863000000000167e-01 2.713569099999999779e+01 1.084374196463255002e-01
3.296291000000000082e-01 2.712110599999999749e+01 1.076039297284792501e-01
3.343720000000000026e-01 2.706296700000000399e+01 1.067073357857785815e-01
3.391148999999999969e-01 2.717579599999999829e+01 1.072829759629844587e-01
3.438576999999999884e-01 2.710707400000000078e+01 1.085318860360290627e-01
3.486005999999999827e-01 2.697849100000000178e+01 1.110303706263714024e-01
3.533434999999999770e-01 2.697223599999999877e+01 1.130539719302148249e-01
3.580863000000000240e-01 2.693806600000000273e+01 1.143868485676836910e-01
3.628292000000000184e-01 2.685645299999999835e+01 1.153398980316395067e-01
3.675720000000000098e-01 2.670511000000000124e+01 1.159611115748982318e-01
3.723149000000000042e-01 2.688849799999999846e+01 1.172149499578010456e-01
3.770577999999999985e-01 2.674310099999999579e+01 1.176798969496774400e-01
3.818005999999999900e-01 2.657090799999999575e+01 1.179262838529748780e-01
3.865434999999999843e-01 2.647544500000000056e+01 1.182950004927076498e-01
3.912863999999999787e-01 2.665667300000000139e+01 1.191751505325875371e-01
3.960292000000000256e-01 2.645454300000000103e+01 1.192102910522241793e-01
4.007721000000000200e-01 2.651797000000000182e+01 1.198632763445626886e-01
4.055150000000000143e-01 2.669913900000000240e+01 1.244173114551206660e-01
4.102578000000000058e-01 2.665568299999999979e+01 1.275578044083069962e-01
4.150007000000000001e-01 2.678610199999999963e+01 1.306694705261370326e-01
4.197435999999999945e-01 2.675544499999999815e+01 1.326060569109959730e-01
4.244863999999999860e-01 2.665911399999999887e+01 1.345104312074082431e-01
4.292292999999999803e-01 2.651995700000000511e+01 1.362084579552338137e-01
4.339721999999999746e-01 2.641707199999999744e+01 1.380254873237540814e-01
4.387150000000000216e-01 2.652516899999999822e+01 1.403253317856615612e-01
4.434579000000000160e-01 2.658608199999999755e+01 1.425502145248873087e-01
4.482008000000000103e-01 2.624873000000000189e+01 1.440345157308143276e-01
4.529436000000000018e-01 2.640545200000000392e+01 1.468183777843503068e-01
4.576864999999999961e-01 2.644656900000000022e+01 1.484670535931436608e-01
4.624293999999999905e-01 2.658564099999999897e+01 1.500968502382465097e-01
4.671721999999999819e-01 2.646926600000000462e+01 1.490281488965242152e-01
4.719150999999999763e-01 2.665668400000000204e+01 1.436683862550296731e-01
4.766579000000000232e-01 2.652684699999999651e+01 1.406196639479760091e-01
4.814008000000000176e-01 2.653099800000000030e+01 1.388442510263003249e-01
4.861437000000000119e-01 2.661615799999999510e+01 1.376980211009570243e-01
4.908865000000000034e-01 2.646885100000000079e+01 1.361968490652955555e-01
4.956293999999999977e-01 2.618275100000000322e+01 1.345054686893993878e-01
5.003722999999999921e-01 2.640393199999999752e+01 1.342229778442852739e-01
5.051151000000000391e-01 2.644015800000000382e+01 1.335528943374238442e-01
5.098580000000000334e-01 2.608968699999999785e+01 1.319751396410354105e-01
5.146009000000000277e-01 2.628390100000000373e+01 1.318258707715700973e-01
5.193436999999999637e-01 2.646012999999999948e+01 1.316619450615598430e-01
5.240865999999999580e-01 2.616254099999999738e+01 1.303555440346362837e-01
5.288294999999999524e-01 2.600130599999999248e+01 1.294211279532947734e-01
5.335722999999999994e-01 2.607507499999999823e+01 1.288426026114417589e-01
5.383151999999999937e-01 2.603998100000000093e+01 1.278267441499442159e-01
5.430580999999999881e-01 2.593556799999999996e+01 1.266815934116886644e-01
5.478009000000000350e-01 2.621274500000000174e+01 1.264978421382704776e-01
5.525438000000000294e-01 2.615876000000000090e+01 1.255400690008823539e-01
5.572867000000000237e-01 2.617111100000000334e+01 1.247646919759300282e-01
5.620294999999999597e-01 2.606630899999999684e+01 1.237381924392190191e-01
5.667723999999999540e-01 2.608434799999999854e+01 1.230288116078709360e-01
5.715152000000000010e-01 2.599571399999999954e+01 1.220905345444801560e-01
5.762580999999999953e-01 2.610830599999999890e+01 1.216398922710095060e-01
5.810009999999999897e-01 2.614842900000000014e+01 1.210703481901848760e-01
5.857438000000000367e-01 2.599111800000000017e+01 1.203447144531998025e-01
5.904867000000000310e-01 2.613448000000000349e+01 1.203860719557844072e-01
5.952296000000000253e-01 2.608919099999999958e+01 1.199914272960197759e-01
5.999723999999999613e-01 2.609637000000000029e+01 1.198477145576956754e-01
6.047152999999999556e-01 2.613465000000000060e+01 1.196323579723274494e-01
6.094581999999999500e-01 2.626778499999999639e+01 1.195520711100577227e-01
6.142009999999999970e-01 2.601965399999999562e+01 1.188187403268865794e-01
6.189438999999999913e-01 2.599202799999999769e+01 1.183699435848327985e-01
6.236867999999999856e-01 2.600834699999999700e+01 1.181339472483117492e-01
6.284296000000000326e-01 2.600309999999999633e+01 1.178533135334764309e-01
6.331725000000000270e-01 2.603728499999999713e+01 1.176610479540293880e-01
6.379154000000000213e-01 2.605025800000000302e+01 1.174233910438256812e-01
6.426581999999999573e-01 2.612847499999999812e+01 1.173357343276433262e-01
6.474010999999999516e-01 2.602884699999999540e+01 1.168512274365271775e-01
6.521439999999999459e-01 2.594650899999999893e+01 1.164050169686465797e-01
6.568867999999999929e-01 2.607815800000000195e+01 1.164408002542278997e-01
6.616296999999999873e-01 2.603472099999999756e+01 1.160881175407677129e-01
6.663725999999999816e-01 2.603382500000000022e+01 1.158328264762908261e-01
6.711154000000000286e-01 2.603225699999999776e+01 1.155751271328130658e-01
6.758583000000000229e-01 2.611679400000000584e+01 1.155103889063425343e-01
6.806010999999999589e-01 2.606495699999999971e+01 1.151466299831306328e-01
6.853439999999999532e-01 2.599618399999999951e+01 1.147484935610964818e-01
6.900868999999999476e-01 2.588327499999999759e+01 1.142525575724009645e-01
6.948296999999999946e-01 2.602819299999999814e+01 1.143266198310244758e-01
6.995725999999999889e-01 2.607543999999999684e+01 1.141877176876366223e-01
7.043154999999999832e-01 2.590617500000000106e+01 1.135770151636518455e-01
7.090583000000000302e-01 2.603438299999999828e+01 1.136169241076711300e-01
7.138012000000000246e-01 2.607590600000000336e+01 1.134679883607628004e-01
7.185441000000000189e-01 2.581392400000000364e+01 1.126613332852514360e-01
7.232868999999999549e-01 2.600312500000000071e+01 1.128394716071255688e-01
7.280297999999999492e-01 2.605832700000000202e+01 1.127244301565441670e-01
7.327727000000000546e-01 2.596037099999999853e+01 1.122791341556769462e-01
7.375154999999999905e-01 2.602108600000000393e+01 1.121799819714043300e-01
7.422583999999999849e-01 2.610133099999999828e+01 1.121239843649354945e-01
7.470012999999999792e-01 2.592491899999999916e+01 1.115160962524119059e-01
7.517441000000000262e-01 2.588259799999999444e+01 1.111976485924005553e-01
7.564870000000000205e-01 2.579793400000000503e+01 1.107916674382103672e-01
7.612299000000000149e-01 2.571656600000000736e+01 1.103950086773586997e-01
7.659726999999999508e-01 2.599622100000000202e+01 1.107704899286718891e-01
7.707155999999999452e-01 2.601592500000000285e+01 1.105898464042422702e-01
7.754585000000000505e-01 2.602769500000000491e+01 1.103955777845199576e-01
7.802012999999999865e-01 2.602562700000000362e+01 1.102819196944734986e-01
7.849441999999999808e-01 2.611322599999999738e+01 1.102105728264375778e-01
7.896870000000000278e-01 2.584138000000000446e+01 1.093478344944654179e-01
7.944299000000000222e-01 2.586779500000000098e+01 1.091897811621980463e-01
7.991728000000000165e-01 2.581491600000000020e+01 1.088659232236979663e-01
8.039155999999999525e-01 2.580193399999999926e+01 1.086264981760283882e-01
8.086584999999999468e-01 2.592526900000000367e+01 1.086734474718171473e-01
8.134014000000000522e-01 2.584668300000000585e+01 1.082993596466992059e-01
8.181441999999999881e-01 2.594442000000000093e+01 1.083777648930088350e-01
8.228870999999999825e-01 2.581927200000000155e+01 1.078314729171177405e-01
8.276299999999999768e-01 2.588262199999999780e+01 1.077519181996784703e-01
8.323728000000000238e-01 2.587223600000000445e+01 1.075253540785199996e-01
8.371157000000000181e-01 2.603645000000000209e+01 1.076625341525193624e-01
8.418586000000000125e-01 2.593386099999999672e+01 1.072469560374283981e-01
8.466013999999999484e-01 2.583819200000000293e+01 1.068460428789803213e-01
8.513443000000000538e-01 2.588993000000000322e+01 1.067527117713367585e-01
8.560872000000000481e-01 2.588160999999999490e+01 1.065368187080494716e-01
8.608299999999999841e-01 2.593057599999999496e+01 1.064388015716049851e-01
8.655728999999999784e-01 2.583130499999999685e+01 1.060364988234857864e-01
8.703157999999999728e-01 2.572534099999999668e+01 1.056233141777945805e-01
8.750586000000000197e-01 2.582843799999999845e+01 1.056403238613674300e-01
8.798015000000000141e-01 2.575546099999999683e+01 1.052972799072293270e-01
8.845442999999999500e-01 2.567425400000000124e+01 1.049376890322528399e-01
8.892872000000000554e-01 2.569905899999999832e+01 1.047968191654159859e-01
8.940301000000000498e-01 2.563985299999999867e+01 1.044866286320058346e-01
8.987728999999999857e-01 2.568692599999999970e+01 1.043931624490057331e-01
9.035157999999999801e-01 2.589867499999999723e+01 1.046320665368432878e-01
9.082586999999999744e-01 2.571108699999999914e+01 1.040652221393972565e-01
9.130015000000000214e-01 2.583096800000000215e+01 1.041211807286370472e-01
9.177444000000000157e-01 2.579433500000000024e+01 1.038616669407481652e-01
9.224873000000000101e-01 2.578990399999999994e+01 1.036667162555938299e-01
9.272300999999999460e-01 2.590961899999999929e+01 1.037227525889373031e-01
9.319730000000000514e-01 2.555222900000000053e+01 1.028233653751266657e-01
9.367159000000000457e-01 2.564855200000000224e+01 1.028357285771234197e-01
9.414586999999999817e-01 2.578637299999999755e+01 1.029293899588319683e-01
9.462015999999999760e-01 2.558794499999999772e+01 1.023530541904773966e-01
9.509444999999999704e-01 2.564462800000000087e+01 1.022883482332259397e-01
9.556873000000000173e-01 2.553325099999999992e+01 1.018886664965912570e-01
9.604302000000000117e-01 2.571184500000000028e+01 1.020660375013344029e-01
9.651731000000000060e-01 2.576720699999999553e+01 1.019994749042547888e-01
9.699159000000000530e-01 2.566253900000000243e+01 1.016174274081508289e-01
9.746588000000000473e-01 2.575723900000000555e+01 1.016303365085066551e-01
9.794017000000000417e-01 2.580791199999999819e+01 1.015551397269429251e-01
9.841444999999999776e-01 2.568838299999999819e+01 1.011469615192715638e-01
9.888873999999999720e-01 2.580280000000000129e+01 1.012004075979252155e-01
9.936302000000000190e-01 2.558342599999999578e+01 1.005989263527484051e-01
9.983731000000000133e-01 2.575247200000000092e+01 1.007592688650210400e-01
1.003115999999999897e+00 2.573082500000000294e+01 1.005474035937184152e-01
1.007859000000000060e+00 2.558702600000000160e+01 1.000984550622600749e-01
1.012602000000000002e+00 2.577627000000000024e+01 1.003003198405234553e-01
1.017344999999999944e+00 2.580857999999999919e+01 1.001947404047353052e-01
1.022086999999999968e+00 2.566769199999999884e+01 9.975494871011261755e-02
1.026829999999999909e+00 2.566289000000000442e+01 9.958108219037539732e-02
1.031573000000000073e+00 2.558070400000000078e+01 9.925759803473385712e-02
1.036316000000000015e+00 2.555972200000000072e+01 9.905268095853740629e-02
1.041058999999999957e+00 2.562921400000000105e+01 9.902458902808837504e-02
1.045801999999999898e+00 2.551518300000000039e+01 9.864298405772252420e-02
1.050545000000000062e+00 2.566165099999999910e+01 9.876478601449102668e-02
1.055287000000000086e+00 2.566031600000000168e+01 9.860057295594179538e-02
1.060030000000000028e+00 2.572593700000000538e+01 9.856681335401788757e-02
1.064772999999999969e+00 2.564963099999999940e+01 9.826202103082401496e-02
1.069515999999999911e+00 2.577862799999999766e+01 9.835066075351349413e-02
1.074259000000000075e+00 2.556025500000000505e+01 9.777498770103168479e-02
1.079002000000000017e+00 2.559154900000000055e+01 9.767831634230494942e-02
1.083744999999999958e+00 2.560467899999999730e+01 9.756905766113660450e-02
1.088487999999999900e+00 2.563173199999999952e+01 9.748730307545233620e-02
1.093229999999999924e+00 2.548412899999999937e+01 9.700883770947779650e-02
1.097973000000000088e+00 2.561372400000000127e+01 9.710140110587590911e-02
1.102716000000000030e+00 2.564055200000000312e+01 9.699977287163717710e-02
1.107458999999999971e+00 2.565855099999999922e+01 9.688176939912017394e-02
1.112201999999999913e+00 2.570346999999999937e+01 9.681367053034607706e-02
1.116945000000000077e+00 2.567207799999999907e+01 9.660354388177952445e-02
1.121688000000000018e+00 2.548328899999999564e+01 9.609823373171746952e-02
1.126430000000000042e+00 2.557239899999999722e+01 9.611709913962915297e-02
1.131172999999999984e+00 2.548206799999999816e+01 9.579788337753813998e-02
1.135915999999999926e+00 2.552796600000000282e+01 9.573616813922625202e-02
1.140659000000000090e+00 2.548651199999999761e+01 9.551173231630237515e-02
1.145402000000000031e+00 2.558702000000000254e+01 9.555348132139038220e-02
1.150144999999999973e+00 2.561753399999999914e+01 9.546342227160357907e-02
1.154887999999999915e+00 2.546581400000000173e+01 9.503517295841154566e-02
1.159631000000000078e+00 2.561988999999999805e+01 9.517777032888088962e-02
1.164373000000000102e+00 2.572714200000000417e+01 9.523289325308299802e-02
1.169116000000000044e+00 2.545526000000000266e+01 9.465529627422282488e-02
1.173858999999999986e+00 2.562229499999999760e+01 9.479664051065628261e-02
1.178601999999999927e+00 2.554085800000000006e+01 9.445840985437134463e-02
1.183345000000000091e+00 2.561812600000000018e+01 9.445995244220536935e-02
1.188088000000000033e+00 2.551510900000000248e+01 9.412824564309375808e-02
1.192830999999999975e+00 2.547316199999999853e+01 9.391061691172569725e-02
1.197572999999999999e+00 2.545749099999999743e+01 9.374267313946195446e-02
1.202315999999999940e+00 2.557016499999999581e+01 9.381130489756231428e-02
1.207059000000000104e+00 2.570179600000000164e+01 9.421743921226578833e-02
1.211802000000000046e+00 2.569300099999999887e+01 9.728601278477959358e-02
1.216544999999999987e+00 2.554076599999999786e+01 9.901628543840249042e-02
1.221287999999999929e+00 2.550720899999999958e+01 1.004387322436802732e-01
1.226031000000000093e+00 2.545924399999999821e+01 1.016006545548742979e-01
1.230774000000000035e+00 2.552877700000000161e+01 1.028609963747624673e-01
1.235516000000000059e+00 2.547221899999999906e+01 1.037748411184541419e-01
1.240259000000000000e+00 2.541180500000000109e+01 1.046111611198857760e-01
1.245001999999999942e+00 2.552360400000000595e+01 1.057492575673796564e-01
1.249745000000000106e+00 2.548147400000000218e+01 1.065285804987567558e-01
1.254488000000000048e+00 2.538496400000000008e+01 1.071582524277225196e-01
1.259230999999999989e+00 2.547604599999999309e+01 1.078972257635306270e-01
1.263973999999999931e+00 2.540168500000000051e+01 1.080165625922728523e-01
1.268715999999999955e+00 2.538334099999999793e+01 1.082393897349661627e-01
1.273458999999999897e+00 2.566294399999999953e+01 1.070504884605236046e-01
1.278202000000000060e+00 2.567383500000000396e+01 1.031160513972349396e-01
1.282945000000000002e+00 2.560261099999999601e+01 1.010088360494432180e-01
1.287687999999999944e+00 2.571431000000000111e+01 9.980336774246949261e-02
1.292431000000000108e+00 2.562156300000000186e+01 9.847258548649415189e-02
1.297174000000000049e+00 2.541056400000000082e+01 9.708966915413400067e-02
1.301916000000000073e+00 2.545208000000000226e+01 9.630787058172400605e-02
1.306659000000000015e+00 2.555231399999999553e+01 9.572212692748945095e-02
1.311401999999999957e+00 2.566792299999999472e+01 9.523007667405555821e-02
1.316144999999999898e+00 2.562557299999999572e+01 9.449822771895513562e-02
1.320888000000000062e+00 2.553163999999999945e+01 9.385521743298078090e-02
1.325631000000000004e+00 2.556707399999999808e+01 9.367847677899124315e-02
1.330373999999999945e+00 2.549985799999999969e+01 9.332701748825149302e-02
1.335117000000000109e+00 2.544078199999999867e+01 9.300099033209270616e-02
1.339858999999999911e+00 2.554484899999999925e+01 9.297943607387279541e-02
1.344602000000000075e+00 2.554045299999999941e+01 9.276776528553440371e-02
1.349345000000000017e+00 2.557710699999999449e+01 9.263737769718764781e-02
1.354087999999999958e+00 2.559046499999999824e+01 9.247039774691791225e-02
1.358830999999999900e+00 2.571836199999999550e+01 9.251358642880677663e-02
1.363574000000000064e+00 2.553052500000000080e+01 9.199312030404556417e-02
1.368317000000000005e+00 2.542625799999999714e+01 9.162805513228958199e-02
1.373059000000000029e+00 2.537873200000000296e+01 9.136974837524616810e-02
1.377801999999999971e+00 2.546586500000000086e+01 9.135573930027056366e-02
1.382544999999999913e+00 2.546769099999999852e+01 9.119166665939053285e-02
1.387288000000000077e+00 2.559427900000000022e+01 9.125398821220200019e-02
1.392031000000000018e+00 2.553518100000000146e+01 9.098741895530282342e-02
1.396773999999999960e+00 2.546458600000000061e+01 9.070235032382126250e-02
1.401516999999999902e+00 2.542781000000000091e+01 9.048035019580273619e-02
1.406260000000000066e+00 2.551939199999999985e+01 9.048909979240980783e-02
1.411002000000000089e+00 2.548591300000000359e+01 9.027807198944326483e-02
1.415745000000000031e+00 2.551946999999999832e+01 9.018660527092756118e-02
1.420487999999999973e+00 2.547870699999999644e+01 8.996616009929567226e-02
1.425230999999999915e+00 2.548665700000000456e+01 8.983378441461373209e-02
1.429974000000000078e+00 2.536646100000000104e+01 8.947761955476798978e-02
1.434717000000000020e+00 2.540473799999999827e+01 8.940162511743006413e-02
1.439459999999999962e+00 2.550772900000000121e+01 8.944069111419031270e-02
1.444201999999999986e+00 2.559019600000000594e+01 8.944459718852726393e-02
1.448944999999999927e+00 2.559310799999999730e+01 8.931089108012416067e-02
1.453688000000000091e+00 2.549790499999999938e+01 8.900667428557254568e-02
1.458431000000000033e+00 2.532500899999999788e+01 8.856810942422729815e-02
1.463173999999999975e+00 2.538564699999999874e+01 8.856281997238965586e-02
1.467916999999999916e+00 2.543043600000000026e+01 8.850921337753658857e-02
1.472660000000000080e+00 2.553922800000000137e+01 8.854001069476724606e-02
1.477402000000000104e+00 2.536106900000000053e+01 8.809898470622405664e-02
1.482145000000000046e+00 2.538296599999999970e+01 8.800680345442675467e-02
1.486887999999999987e+00 2.546881499999999932e+01 8.802649279158861195e-02
1.491630999999999929e+00 2.541256800000000027e+01 8.780049404757640785e-02
1.496374000000000093e+00 2.547201899999999952e+01 8.777498320749654859e-02
1.501117000000000035e+00 2.547819500000000303e+01 8.770340836286524833e-02
1.505859999999999976e+00 2.565803299999999965e+01 8.958651926404943844e-02
1.510602999999999918e+00 2.553471699999999700e+01 9.188480208570566632e-02
1.515344999999999942e+00 2.546239100000000377e+01 9.327493665396992262e-02
1.520088000000000106e+00 2.540009399999999928e+01 9.438828869921735143e-02
1.524831000000000047e+00 2.547560899999999862e+01 9.560113086371886670e-02
1.529573999999999989e+00 2.548434800000000067e+01 9.637023252555530772e-02
1.534316999999999931e+00 2.559924400000000588e+01 9.390235348680031624e-02
1.539060000000000095e+00 2.541995299999999958e+01 9.212072734701350074e-02
1.543803000000000036e+00 2.552992800000000173e+01 9.134606476919901463e-02
1.548545000000000060e+00 2.537205699999999808e+01 9.011225587179415297e-02
1.553288000000000002e+00 2.543405499999999719e+01 8.942164353896320250e-02
1.558030999999999944e+00 2.545353700000000075e+01 8.870241807140491486e-02
1.562774000000000107e+00 2.542415899999999596e+01 8.776385785346152435e-02
1.567517000000000049e+00 2.553757599999999783e+01 8.714992539636336188e-02
1.572259999999999991e+00 2.551569100000000034e+01 8.660186841497069521e-02
1.577002999999999933e+00 2.552375500000000130e+01 8.627518369547179655e-02
1.581746000000000096e+00 2.538618699999999961e+01 8.587628406004302328e-02
1.586487999999999898e+00 2.532065399999999755e+01 8.578792159102059667e-02
1.591231000000000062e+00 2.549696299999999738e+01 8.619641383919693367e-02
1.595974000000000004e+00 2.550005399999999867e+01 8.630787626127814360e-02
1.600716999999999945e+00 2.558852399999999960e+01 8.653268324305042614e-02
1.605460000000000109e+00 2.530833799999999911e+01 8.594583717799250677e-02
1.610203000000000051e+00 2.532499599999999518e+01 8.583045074499143223e-02
1.614945999999999993e+00 2.542820699999999690e+01 8.586479198618197917e-02
1.619688000000000017e+00 2.533718499999999807e+01 8.557373674639492944e-02
1.624430999999999958e+00 2.534055999999999997e+01 8.544427290368383776e-02
1.629173999999999900e+00 2.524508000000000152e+01 8.515013429027577796e-02
1.633917000000000064e+00 2.532559199999999677e+01 8.515515538386093930e-02
1.638660000000000005e+00 2.523779400000000095e+01 8.487906100513188667e-02
1.643402999999999947e+00 2.534325199999999967e+01 8.492915297640263317e-02
1.648146000000000111e+00 2.541500799999999671e+01 8.492330133014024118e-02
1.652889000000000053e+00 2.525353400000000192e+01 8.452935178480666667e-02
1.657631000000000077e+00 2.542511400000000066e+01 8.469370460470601603e-02
1.662374000000000018e+00 2.528629899999999964e+01 8.434102287529776643e-02
1.667116999999999960e+00 2.526296899999999823e+01 8.418212177205738889e-02
1.671859999999999902e+00 2.533266599999999968e+01 8.417963115187783452e-02
1.676603000000000065e+00 2.543506400000000411e+01 8.423218913219221449e-02
1.681346000000000007e+00 2.528585100000000097e+01 8.386835511824766720e-02
1.686088999999999949e+00 2.527855000000000274e+01 8.374056214127595377e-02
1.690830999999999973e+00 2.536195099999999769e+01 8.376437229960240205e-02
1.695573999999999915e+00 2.526916700000000304e+01 8.349796732083361595e-02
1.700317000000000078e+00 2.524384600000000134e+01 8.334359608699878907e-02
1.705060000000000020e+00 2.538624899999999940e+01 8.346634690532525602e-02
1.709802999999999962e+00 2.538335400000000419e+01 8.335064601307837218e-02
1.714545999999999903e+00 2.529302300000000159e+01 8.309267791961094662e-02
1.719289000000000067e+00 2.520713400000000348e+01 8.284246259000091483e-02
1.724031000000000091e+00 2.531659499999999952e+01 8.291329941490085953e-02
1.728774000000000033e+00 2.528847599999999929e+01 8.275967580566757908e-02
1.733516999999999975e+00 2.524045999999999879e+01 8.257469054722639534e-02
1.738259999999999916e+00 2.535124100000000169e+01 8.264924234546194848e-02
1.743003000000000080e+00 2.524306999999999590e+01 8.236675613947169738e-02
1.747746000000000022e+00 2.531697099999999878e+01 8.238242850567953357e-02
1.752488999999999963e+00 2.540464499999999504e+01 8.242075005224473727e-02
1.757231999999999905e+00 2.530977000000000032e+01 8.216302748280457369e-02
1.761973999999999929e+00 2.526082600000000156e+01 8.198012647791658170e-02
1.766717000000000093e+00 2.516454100000000338e+01 8.172166560536868463e-02
1.771460000000000035e+00 2.528748299999999816e+01 8.181936144813217737e-02
1.776202999999999976e+00 2.531663599999999903e+01 8.180184820023628234e-02
1.780945999999999918e+00 2.516316400000000186e+01 8.145529557226774409e-02
1.785689000000000082e+00 2.524554800000000299e+01 8.144916187363930582e-02
1.790432000000000023e+00 2.528359899999999882e+01 8.141121314097032879e-02
1.795174000000000047e+00 2.540830199999999905e+01 8.151233010167541204e-02
1.799916999999999989e+00 2.531081499999999807e+01 8.125656476870282696e-02
1.804659999999999931e+00 2.511538699999999835e+01 8.084477031499007205e-02
1.809403000000000095e+00 2.531126300000000384e+01 8.106174922053371867e-02
1.814146000000000036e+00 2.527610999999999919e+01 8.090839861989174153e-02
1.818888999999999978e+00 2.528065400000000551e+01 8.081859716549341655e-02
1.823631999999999920e+00 2.522747600000000290e+01 8.063744589608540236e-02
1.828375000000000083e+00 2.528952200000000161e+01 8.064100794138674699e-02
1.833117000000000107e+00 2.516114999999999924e+01 8.034091609508008103e-02
1.837860000000000049e+00 2.518843300000000340e+01 8.028953652224740667e-02
1.842602999999999991e+00 2.520919500000000113e+01 8.022832818787077602e-02
1.847345999999999933e+00 2.527887700000000137e+01 8.024541526519506085e-02
1.852089000000000096e+00 2.531701199999999830e+01 8.027829024751398368e-02
1.856832000000000038e+00 2.520613799999999927e+01 7.994877688377728664e-02
1.861574999999999980e+00 2.531351200000000290e+01 8.002037049108431943e-02
1.866317000000000004e+00 2.516274499999999748e+01 7.968974809013014415e-02
1.871059999999999945e+00 2.524978200000000328e+01 7.973567618918396549e-02
1.875803000000000109e+00 2.529780500000000032e+01 7.971953666470220357e-02
1.880546000000000051e+00 2.527263500000000107e+01 7.958876036110563990e-02
1.885288999999999993e+00 2.521910300000000049e+01 7.941400014683115682e-02
1.890031999999999934e+00 2.515002400000000193e+01 7.921495795263795714e-02
1.894775000000000098e+00 2.513075199999999754e+01 7.909444980105871659e-02
1.899516999999999900e+00 2.515783199999999553e+01 7.904790789847634946e-02
1.904260000000000064e+00 2.517405800000000227e+01 7.898423994754333322e-02
1.909003000000000005e+00 2.523483700000000240e+01 7.899095926111354693e-02
1.913745999999999947e+00 2.514503000000000199e+01 7.876149106723982773e-02
1.918489000000000111e+00 2.521216199999999930e+01 7.877869988203092810e-02
1.923232000000000053e+00 2.516470500000000143e+01 7.861708308907804088e-02
1.927974999999999994e+00 2.521635900000000063e+01 7.860807121225212024e-02
1.932717999999999936e+00 2.512141199999999941e+01 7.831123937091852283e-02
1.937459999999999960e+00 2.521151400000000109e+01 7.826857877836099209e-02
1.942202999999999902e+00 2.520305900000000321e+01 7.804212693287324032e-02
1.946946000000000065e+00 2.514346199999999953e+01 7.776036675948036492e-02
1.951689000000000007e+00 2.516275299999999859e+01 7.763678402009642487e-02
1.956431999999999949e+00 2.512795600000000107e+01 7.749943793190308683e-02
1.961174999999999891e+00 2.516075299999999615e+01 7.746836862049502614e-02
1.965918000000000054e+00 2.522869799999999785e+01 7.749250797308085414e-02
1.970660000000000078e+00 2.521393200000000334e+01 7.743325402886605535e-02
1.975403000000000020e+00 2.514990199999999732e+01 7.731409916656922787e-02
1.980145999999999962e+00 2.511289900000000230e+01 7.727846597778581517e-02
1.984888999999999903e+00 2.495550700000000077e+01 7.705630993083889546e-02
1.989632000000000067e+00 2.514747700000000208e+01 7.737248047132586071e-02
1.994375000000000009e+00 2.525962000000000174e+01 7.751648029764381109e-02
1.999117999999999951e+00 2.507338599999999929e+01 7.711914022919927336e-02
2.003861000000000114e+00 2.508963600000000227e+01 7.706212685875532542e-02
2.008602999999999916e+00 2.504907499999999843e+01 7.691764968966095795e-02
2.013345999999999858e+00 2.523369199999999779e+01 7.780358398013872967e-02
2.018088999999999800e+00 2.513357899999999745e+01 7.991496807802653257e-02
2.022832000000000185e+00 2.517328600000000094e+01 8.130175656012114671e-02
2.027575000000000127e+00 2.511810100000000290e+01 8.223971532431821607e-02
2.032318000000000069e+00 2.499291799999999597e+01 8.291402865977205716e-02
2.037061000000000011e+00 2.507257600000000153e+01 8.383654668132807519e-02
2.041802999999999813e+00 2.494922899999999899e+01 8.433881876786039622e-02
2.046546000000000198e+00 2.501153199999999899e+01 8.483012296286383813e-02
2.051289000000000140e+00 2.506545500000000004e+01 8.518251814053515170e-02
2.056032000000000082e+00 2.508628299999999811e+01 8.545935457401020174e-02
2.060775000000000023e+00 2.496050300000000277e+01 8.547020090007043103e-02
2.065517999999999965e+00 2.497830599999999635e+01 8.571193293410434011e-02
2.070260999999999907e+00 2.504315100000000172e+01 8.602335007526154542e-02
2.075003000000000153e+00 2.505110599999999721e+01 8.622699731488392416e-02
2.079746000000000095e+00 2.518587300000000084e+01 8.438096088102990666e-02
2.084489000000000036e+00 2.523404599999999931e+01 8.231586583989564110e-02
2.089231999999999978e+00 2.516655399999999787e+01 8.103015419642431438e-02
2.093974999999999920e+00 2.510761600000000016e+01 8.004803865143417241e-02
2.098717999999999861e+00 2.524713099999999955e+01 7.953697552075071620e-02
2.103460999999999803e+00 2.509178000000000353e+01 7.866219128068006883e-02
2.108204000000000189e+00 2.510982500000000428e+01 7.825320377563657614e-02
2.112945999999999991e+00 2.515561099999999684e+01 7.811619620770841876e-02
2.117688999999999933e+00 2.513394600000000167e+01 7.789363925579866066e-02
2.122431999999999874e+00 2.513586199999999948e+01 7.772027317397886548e-02
2.127174999999999816e+00 2.505951599999999857e+01 7.743758417891985490e-02
2.131918000000000202e+00 2.499796900000000122e+01 7.718693458611113056e-02
2.136661000000000143e+00 2.502223799999999798e+01 7.707653687159665701e-02
2.141404000000000085e+00 2.507569799999999915e+01 7.701674196843891207e-02
2.146145999999999887e+00 2.492579900000000137e+01 7.665062867834679383e-02
2.150888999999999829e+00 2.506785400000000408e+01 7.673756721796241853e-02
2.155632000000000215e+00 2.499236800000000613e+01 7.649574662085141530e-02
2.160375000000000156e+00 2.500733999999999924e+01 7.639551291433024915e-02
2.165118000000000098e+00 2.498307100000000247e+01 7.623901904607902069e-02
2.169861000000000040e+00 2.501937499999999659e+01 7.617829782003730787e-02
2.174603999999999981e+00 2.503595599999999877e+01 7.609014028572098909e-02
2.179346999999999923e+00 2.492885599999999968e+01 7.581608114662548303e-02
2.184089000000000169e+00 2.501797900000000396e+01 7.584306153009054419e-02
2.188832000000000111e+00 2.499084699999999515e+01 7.569557506141096070e-02
2.193575000000000053e+00 2.490185500000000118e+01 7.545654326025941216e-02
2.198317999999999994e+00 2.501880799999999994e+01 7.553058693052636108e-02
2.203060999999999936e+00 2.491185700000000480e+01 7.526814365771020143e-02
2.207803999999999878e+00 2.505686099999999783e+01 7.538772766463186503e-02
2.212546999999999819e+00 2.497520799999999852e+01 7.516702563577062901e-02
2.217289000000000065e+00 2.496998999999999924e+01 7.506244652867836986e-02
2.222032000000000007e+00 2.508362200000000186e+01 7.513767701069151705e-02
2.226774999999999949e+00 2.491390399999999872e+01 7.478925141156181344e-02
2.231517999999999891e+00 2.502086699999999908e+01 7.485685468351044314e-02
2.236260999999999832e+00 2.491306900000000013e+01 7.460345803354492822e-02
2.241004000000000218e+00 2.495294700000000176e+01 7.457259878431755917e-02
2.245747000000000160e+00 2.499030499999999932e+01 7.453881046820642897e-02
2.250490000000000101e+00 2.500129799999999847e+01 7.446645385244418658e-02
2.255231999999999903e+00 2.494265399999999744e+01 7.429093239327259901e-02
2.259974999999999845e+00 2.501268999999999920e+01 7.430798163559752811e-02
2.264717999999999787e+00 2.494805699999999860e+01 7.412604383018966958e-02
2.269461000000000173e+00 2.487772800000000117e+01 7.393614767092954176e-02
2.274204000000000114e+00 2.490113500000000357e+01 7.388596677505546162e-02
2.278947000000000056e+00 2.482548800000000000e+01 7.368998865559622802e-02
2.283689999999999998e+00 2.483446400000000054e+01 7.362020302637584113e-02
2.288431999999999800e+00 2.497685300000000197e+01 7.374849419384982285e-02
2.293175000000000185e+00 2.492672499999999758e+01 7.359218456132009256e-02
2.297918000000000127e+00 2.490851600000000232e+01 7.348394147294563805e-02
2.302661000000000069e+00 2.482392999999999716e+01 7.327850148470900493e-02
2.307404000000000011e+00 2.474069500000000232e+01 7.307586533865814693e-02
2.312146999999999952e+00 2.488975200000000143e+01 7.321580248995636364e-02
2.316889999999999894e+00 2.488558100000000195e+01 7.313049426976067635e-02
2.321632000000000140e+00 2.484787599999999941e+01 7.299691435586094790e-02
2.326375000000000082e+00 2.494778099999999910e+01 7.306546664765441179e-02
2.331118000000000023e+00 2.484063399999999788e+01 7.283059519300524864e-02
2.335860999999999965e+00 2.481373800000000074e+01 7.271426930303706571e-02
2.340603999999999907e+00 2.481858800000000187e+01 7.264476090195357005e-02
2.345346999999999849e+00 2.493937800000000138e+01 7.274532322500328052e-02
2.350089999999999790e+00 2.486511300000000091e+01 7.256116618689986697e-02
2.354833000000000176e+00 2.495620000000000260e+01 7.261833737232215036e-02
2.359574999999999978e+00 2.494806000000000168e+01 7.253185609905415943e-02
2.364317999999999920e+00 2.486554599999999837e+01 7.233730666162722922e-02
2.369060999999999861e+00 2.490187000000000239e+01 7.231596930695874392e-02
2.373803999999999803e+00 2.485984400000000250e+01 7.218140525866616197e-02
2.378547000000000189e+00 2.481073100000000053e+01 7.203661010686579491e-02
2.383290000000000131e+00 2.489659300000000286e+01 7.208837429705847177e-02
2.388033000000000072e+00 2.480865499999999813e+01 7.188841397229320251e-02
2.392774999999999874e+00 2.486480000000000246e+01 7.189738132133881299e-02
2.397517999999999816e+00 2.486758199999999874e+01 7.182969804016721416e-02
2.402261000000000202e+00 2.487999799999999695e+01 7.177650976108758407e-02
2.407004000000000143e+00 2.489226200000000588e+01 7.172253135307063432e-02
2.411747000000000085e+00 2.479770200000000102e+01 7.151556362395392052e-02
2.416490000000000027e+00 2.481577000000000055e+01 7.147138800691364702e-02
2.421232999999999969e+00 2.484813199999999966e+01 7.144789450366680061e-02
2.425975999999999910e+00 2.491171600000000197e+01 7.146897248739483843e-02
2.430718000000000156e+00 2.499269599999999869e+01 7.151527049115874446e-02
2.435461000000000098e+00 2.487582800000000205e+01 7.127904629163678285e-02
2.440204000000000040e+00 2.483606400000000036e+01 7.117840433136232714e-02
2.444946999999999981e+00 2.489707999999999899e+01 7.117172869452589867e-02
2.449689999999999923e+00 2.494733400000000501e+01 7.117473276039679164e-02
2.454432999999999865e+00 2.483176699999999926e+01 7.094185765068744542e-02
2.459175999999999807e+00 2.468656600000000267e+01 7.066674730654863568e-02
2.463918000000000053e+00 2.478798499999999905e+01 7.074390769884640606e-02
2.468660999999999994e+00 2.484272400000000403e+01 7.075495022055630634e-02
2.473403999999999936e+00 2.476632799999999790e+01 7.057909674856854831e-02
2.478146999999999878e+00 2.487738300000000180e+01 7.067055285552108213e-02
2.482889999999999819e+00 2.480878399999999928e+01 7.050656469966608275e-02
2.487633000000000205e+00 2.465410800000000080e+01 7.022043894671693709e-02
2.492376000000000147e+00 2.477940299999999496e+01 7.033285442936110243e-02
2.497117999999999949e+00 2.475735500000000044e+01 7.023585947221760994e-02
2.501860999999999891e+00 2.479388600000000054e+01 7.022228612755782029e-02
2.506603999999999832e+00 2.479066999999999865e+01 7.015270019301396431e-02
2.511347000000000218e+00 2.469611799999999846e+01 6.995244561739139000e-02
2.516090000000000160e+00 2.474253900000000073e+01 6.989981242339925183e-02
2.520833000000000101e+00 2.480363700000000193e+01 6.984259558735558815e-02
2.525576000000000043e+00 2.478139600000000087e+01 6.966937901510031339e-02
2.530318999999999985e+00 2.467673999999999879e+01 6.940827348160735766e-02
2.535060999999999787e+00 2.478152700000000053e+01 6.949195766665593188e-02
2.539804000000000173e+00 2.472312800000000621e+01 6.934711941392951440e-02
2.544547000000000114e+00 2.485362099999999685e+01 6.946777862217994037e-02
2.549290000000000056e+00 2.480499400000000065e+01 6.933747614428217854e-02
2.554032999999999998e+00 2.476811499999999810e+01 6.922425098671274035e-02
2.558775999999999939e+00 2.470843799999999746e+01 6.907903175338446500e-02
2.563518999999999881e+00 2.477948200000000156e+01 6.911922028454386968e-02
2.568261000000000127e+00 2.473683799999999877e+01 6.905402562311049874e-02
2.573004000000000069e+00 2.481363300000000294e+01 6.917694344170173537e-02
2.577747000000000011e+00 2.480729399999999885e+01 6.918338158389772397e-02
2.582489999999999952e+00 2.472990200000000272e+01 6.905658306454062756e-02
2.587232999999999894e+00 2.462189999999999657e+01 6.884477854816442588e-02
2.591975999999999836e+00 2.480946200000000346e+01 6.904530446437469327e-02
2.596719000000000221e+00 2.477584999999999837e+01 6.893727502420951558e-02
2.601462000000000163e+00 2.475482499999999675e+01 6.884733509560192477e-02
2.606203999999999965e+00 2.468010199999999799e+01 6.868304379586129271e-02
2.610946999999999907e+00 2.478378799999999771e+01 6.876675693835357372e-02
2.615689999999999849e+00 2.484681999999999746e+01 6.879392288232952235e-02
2.620432999999999790e+00 2.482860700000000165e+01 6.870848815821883893e-02
2.625176000000000176e+00 2.471897299999999831e+01 6.849691023901953446e-02
2.629919000000000118e+00 2.473607200000000006e+01 6.846113001138821874e-02
2.634662000000000059e+00 2.469847999999999999e+01 6.836437907686940263e-02
2.639403999999999861e+00 2.480253800000000552e+01 6.846090528794955554e-02
2.644146999999999803e+00 2.469180300000000017e+01 6.822623835995431096e-02
2.648890000000000189e+00 2.477958800000000039e+01 6.828458320518401847e-02
2.653633000000000131e+00 2.476037500000000335e+01 6.820971870610888221e-02
2.658376000000000072e+00 2.470768899999999846e+01 6.808020196585054529e-02
2.663119000000000014e+00 2.463164000000000087e+01 6.790546042010539574e-02
2.667861999999999956e+00 2.477339699999999922e+01 6.804198375771976226e-02
2.672604999999999897e+00 2.474601200000000034e+01 6.794631125299886720e-02
2.677347000000000143e+00 2.466512400000000227e+01 6.777757899106311157e-02
2.682090000000000085e+00 2.470119799999999799e+01 6.776953289683941561e-02
2.686833000000000027e+00 2.469731700000000174e+01 6.770695996332135036e-02
2.691575999999999969e+00 2.470097200000000015e+01 6.765435577526326960e-02
2.696318999999999910e+00 2.469936799999999977e+01 6.759516001640872296e-02
2.701061999999999852e+00 2.477061799999999891e+01 6.763565091318113343e-02
2.705804999999999794e+00 2.478397199999999856e+01 6.759702598870012680e-02
2.710547000000000040e+00 2.476035199999999747e+01 6.750787551501899464e-02
2.715289999999999981e+00 2.471503900000000087e+01 6.738985190384899626e-02
2.720032999999999923e+00 2.477061199999999630e+01 6.740927818894368317e-02
2.724775999999999865e+00 2.469074799999999925e+01 6.724443032593852010e-02
2.729518999999999807e+00 2.470985699999999952e+01 6.721430055610412568e-02
2.734262000000000192e+00 2.476970599999999934e+01 6.723982315217225114e-02
2.739005000000000134e+00 2.461645700000000048e+01 6.697595214780152628e-02
2.743746999999999936e+00 2.460734700000000075e+01 6.690808703552060532e-02
2.748489999999999878e+00 2.461476699999999695e+01 6.686300176333545564e-02
2.753232999999999819e+00 2.476519700000000057e+01 6.701174757150196726e-02
2.757976000000000205e+00 2.471553800000000223e+01 6.688955340144751849e-02
2.762719000000000147e+00 2.461761200000000116e+01 6.670220268298640565e-02
2.767462000000000089e+00 2.461481399999999908e+01 6.664349234310354420e-02
2.772205000000000030e+00 2.470333199999999607e+01 6.670879320275326096e-02
2.776947999999999972e+00 2.477074500000000157e+01 6.674524699047790222e-02
2.781690000000000218e+00 2.460286999999999935e+01 6.646446056734381380e-02
2.786433000000000160e+00 2.465266500000000249e+01 6.647755779825775813e-02
2.791176000000000101e+00 2.461698300000000117e+01 6.637545640412575998e-02
2.795919000000000043e+00 2.473509100000000416e+01 6.648071802031473021e-02
2.800661999999999985e+00 2.464931200000000189e+01 6.632682404506942686e-02
2.805404999999999927e+00 2.468084900000000204e+01 6.630599941503559358e-02
2.810147999999999868e+00 2.462042399999999986e+01 6.620306940708639565e-02
2.814890000000000114e+00 2.481886800000000548e+01 6.642449639127194494e-02
2.819633000000000056e+00 2.477970500000000342e+01 6.760205519460929513e-02
2.824375999999999998e+00 2.469933999999999941e+01 6.890907068779697497e-02
2.829118999999999939e+00 2.469565899999999914e+01 6.979434756600565171e-02
2.833861999999999881e+00 2.466849099999999595e+01 7.048425674048354461e-02
2.838604999999999823e+00 2.470504799999999790e+01 7.115367736803769605e-02
2.843348000000000209e+00 2.469504799999999634e+01 7.143923206011876248e-02
2.848091000000000150e+00 2.469662999999999897e+01 7.165821903021593609e-02
2.852832999999999952e+00 2.454679500000000303e+01 7.164909663385994609e-02
2.857575999999999894e+00 2.464400399999999891e+01 7.198359740978842181e-02
2.862318999999999836e+00 2.463556499999999971e+01 7.215088309870851258e-02
2.867062000000000221e+00 2.469273100000000198e+01 7.240374615412313586e-02
2.871805000000000163e+00 2.458596799999999760e+01 7.240644218006225818e-02
2.876548000000000105e+00 2.470852100000000107e+01 7.273824248359592182e-02
2.881291000000000047e+00 2.468656600000000267e+01 7.250940633075270148e-02
2.886032999999999848e+00 2.487255099999999786e+01 7.070687302079127490e-02
2.890775999999999790e+00 2.477454700000000187e+01 6.945837213136872579e-02
2.895519000000000176e+00 2.458382900000000149e+01 6.844288387898993242e-02
2.900262000000000118e+00 2.479761799999999994e+01 6.814544263843033689e-02
2.905005000000000059e+00 2.474867099999999809e+01 6.771135540548128828e-02
2.909748000000000001e+00 2.475677499999999753e+01 6.754494154080081803e-02
2.914490999999999943e+00 2.466055800000000175e+01 6.725579331096838420e-02
2.919233000000000189e+00 2.467160900000000012e+01 6.712759960185823993e-02
2.923976000000000131e+00 2.467700300000000269e+01 6.700309482702049291e-02
2.928719000000000072e+00 2.459419899999999615e+01 6.676844900978154418e-02
2.933462000000000014e+00 2.457074100000000172e+01 6.662154880316277505e-02
2.938204999999999956e+00 2.449925899999999857e+01 6.641578998980363080e-02
2.942947999999999897e+00 2.451863499999999974e+01 6.633886613926183451e-02
2.947690999999999839e+00 2.453117699999999957e+01 6.625720602029563921e-02
2.952433999999999781e+00 2.457826200000000227e+01 6.623325415335637456e-02
2.957176000000000027e+00 2.463083500000000114e+01 6.621876465033532666e-02
2.961918999999999969e+00 2.456706799999999902e+01 6.603104022959505048e-02
2.966661999999999910e+00 2.462008499999999955e+01 6.601692680417954595e-02
2.971404999999999852e+00 2.462481700000000373e+01 6.593996467376365966e-02
2.976147999999999794e+00 2.466422500000000184e+01 6.591157974039767165e-02
2.980891000000000179e+00 2.448059299999999894e+01 6.558700151007895718e-02
2.985634000000000121e+00 2.462879099999999966e+01 6.570800511754484874e-02
2.990375999999999923e+00 2.454429299999999614e+01 6.553690805581843803e-02
2.995118999999999865e+00 2.463694799999999674e+01 6.557227330173630298e-02
2.999861999999999806e+00 2.449770900000000395e+01 6.531126714991450366e-02
3.004605000000000192e+00 2.458287399999999678e+01 6.535350687057581154e-02
3.009348000000000134e+00 2.458089800000000125e+01 6.528082947684718529e-02
3.014091000000000076e+00 2.461074899999999488e+01 6.527116135203815672e-02
3.018834000000000017e+00 2.448905099999999990e+01 6.502178095984220696e-02
3.023576999999999959e+00 2.460621800000000547e+01 6.511040484015438723e-02
3.028319000000000205e+00 2.460943699999999978e+01 6.504846956586604612e-02
3.033062000000000147e+00 2.468231200000000314e+01 6.507911507058236622e-02
3.037805000000000089e+00 2.453785700000000247e+01 6.482412887993482808e-02
3.042548000000000030e+00 2.452136399999999838e+01 6.473893723673335154e-02
3.047290999999999972e+00 2.456988600000000034e+01 6.473999737274399591e-02
3.052033999999999914e+00 2.462027499999999947e+01 6.474391119031502884e-02
3.056776999999999855e+00 2.461834400000000045e+01 6.467988167052565740e-02
3.061519000000000101e+00 2.459748400000000146e+01 6.459132125903370436e-02
3.066262000000000043e+00 2.468107099999999932e+01 6.464049396453433460e-02
3.071004999999999985e+00 2.457286699999999868e+01 6.445183427403598786e-02
3.075747999999999927e+00 2.462897800000000004e+01 6.446896880887734160e-02
3.080490999999999868e+00 2.459735799999999628e+01 6.436199403141033837e-02
3.085233999999999810e+00 2.455869200000000063e+01 6.424366191914265833e-02
3.089977000000000196e+00 2.459896600000000078e+01 6.425665885202093419e-02
3.094720000000000137e+00 2.462692000000000192e+01 6.421827212959720088e-02
3.099461999999999939e+00 2.458764700000000047e+01 6.410942998062296727e-02
3.104204999999999881e+00 2.450352799999999931e+01 6.394314273494461354e-02
3.108947999999999823e+00 2.448015200000000036e+01 6.385624732623818023e-02
3.113691000000000209e+00 2.453060600000000235e+01 6.386644138612782018e-02
3.118434000000000150e+00 2.455756200000000078e+01 6.384624219272423684e-02
3.123177000000000092e+00 2.454399999999999693e+01 6.377347022653227782e-02
3.127920000000000034e+00 2.453181900000000226e+01 6.370285627702026998e-02
3.132661999999999836e+00 2.465242400000000345e+01 6.380476777943243361e-02
3.137405000000000221e+00 2.459932899999999734e+01 6.368217368794661104e-02
3.142148000000000163e+00 2.455811399999999978e+01 6.357471601929574889e-02
3.146891000000000105e+00 2.466519699999999915e+01 6.366798371761665798e-02
3.151634000000000047e+00 2.464631299999999925e+01 6.359246805907756150e-02
3.156376999999999988e+00 2.462313999999999936e+01 6.349960900897107241e-02
3.161119999999999930e+00 2.461049899999999724e+01 6.343106868730810644e-02
3.165862000000000176e+00 2.446245599999999598e+01 6.323167618724653827e-02
3.170605000000000118e+00 2.455952399999999969e+01 6.328850361527756097e-02
3.175348000000000059e+00 2.459934200000000004e+01 6.326030386802136696e-02
3.180091000000000001e+00 2.458499100000000226e+01 6.319014746212972544e-02
3.184833999999999943e+00 2.449570499999999384e+01 6.302412679075133917e-02
3.189576999999999884e+00 2.454466599999999588e+01 6.303585668233359363e-02
3.194319999999999826e+00 2.450079200000000057e+01 6.291063235739409454e-02
3.199063000000000212e+00 2.460342800000000096e+01 6.292672606392693546e-02
3.203805000000000014e+00 2.458535099999999574e+01 6.278697498684818190e-02
3.208547999999999956e+00 2.456171900000000008e+01 6.267969344354598626e-02
3.213290999999999897e+00 2.444027600000000078e+01 6.247507913783943712e-02
3.218033999999999839e+00 2.458746199999999860e+01 6.261380668148279482e-02
3.222776999999999781e+00 2.464871499999999926e+01 6.264248766693976400e-02
3.227520000000000167e+00 2.452980000000000160e+01 6.244255842763651865e-02
3.232263000000000108e+00 2.460905500000000501e+01 6.249465452995720677e-02
3.237004999999999910e+00 2.459347699999999648e+01 6.242657698400017052e-02
3.241747999999999852e+00 2.458189700000000499e+01 6.236375119296545810e-02
3.246490999999999794e+00 2.447026900000000182e+01 6.217387443705113537e-02
3.251234000000000179e+00 2.456692999999999927e+01 6.226620839515282363e-02
3.255977000000000121e+00 2.459974000000000416e+01 6.232382478863359582e-02
3.260720000000000063e+00 2.454088200000000342e+01 6.226706810826891647e-02
3.265463000000000005e+00 2.462299599999999700e+01 6.234859676999956329e-02
3.270205999999999946e+00 2.460381699999999938e+01 6.227700126807568515e-02
3.274948000000000192e+00 2.469655700000000209e+01 6.234660495652509515e-02
3.279691000000000134e+00 2.459761499999999756e+01 6.217414759730365004e-02
3.284434000000000076e+00 2.455691900000000061e+01 6.207601473613137688e-02
3.289177000000000017e+00 2.451966300000000132e+01 6.198200269387880296e-02
3.293919999999999959e+00 2.456102299999999872e+01 6.198726715241203999e-02
3.298662999999999901e+00 2.453513599999999784e+01 6.190809214237587288e-02
3.303405999999999842e+00 2.447478600000000171e+01 6.178574922856483465e-02
3.308148000000000089e+00 2.454031099999999910e+01 6.182211113487066922e-02
3.312891000000000030e+00 2.457901100000000127e+01 6.182458402766168037e-02
3.317633999999999972e+00 2.457921100000000081e+01 6.177890453116337971e-02
3.322376999999999914e+00 2.455758099999999899e+01 6.170676875658780147e-02
3.327119999999999855e+00 2.453566000000000003e+01 6.164896672038875508e-02
3.331862999999999797e+00 2.448148400000000180e+01 6.151924042863907843e-02
3.336606000000000183e+00 2.453655299999999784e+01 6.154299978103520974e-02
3.341347999999999985e+00 2.460335100000000352e+01 6.158162254715768974e-02
3.346090999999999926e+00 2.457032300000000191e+01 6.149514257613034746e-02
3.350833999999999868e+00 2.466699599999999748e+01 6.157058642916680979e-02
3.355576999999999810e+00 2.458897200000000183e+01 6.142863083082187453e-02
3.360320000000000196e+00 2.455272100000000179e+01 6.133876455236688535e-02
3.365063000000000137e+00 2.451958499999999930e+01 6.125278869838580997e-02
3.369806000000000079e+00 2.459722999999999971e+01 6.130511582843147650e-02
3.374549000000000021e+00 2.466762899999999803e+01 6.134820592041058396e-02
3.379290999999999823e+00 2.463566399999999845e+01 6.194595514207767994e-02
3.384034000000000209e+00 2.454182300000000083e+01 6.327875623623777090e-02
3.388777000000000150e+00 2.439722100000000538e+01 6.392624757865895957e-02
3.393520000000000092e+00 2.456474899999999906e+01 6.480623730962245532e-02
3.398263000000000034e+00 2.452474499999999935e+01 6.514511687981916488e-02
3.403005999999999975e+00 2.448087600000000208e+01 6.526218893767431195e-02
3.407748999999999917e+00 2.457745599999999797e+01 6.535707234614399064e-02
3.412491000000000163e+00 2.457581100000000163e+01 6.539089777476601861e-02
3.417234000000000105e+00 2.447491099999999875e+01 6.543029977647359108e-02
3.421977000000000046e+00 2.450261699999999720e+01 6.562582129173318013e-02
3.426719999999999988e+00 2.442545000000000144e+01 6.565581839392301000e-02
3.431462999999999930e+00 2.450155200000000377e+01 6.589515683894910103e-02
3.436205999999999872e+00 2.458997199999999950e+01 6.615684860606722839e-02
3.440948999999999813e+00 2.453496499999999969e+01 6.620275139242477735e-02
3.445692000000000199e+00 2.451968399999999804e+01 6.631269232407097092e-02
3.450434000000000001e+00 2.450773500000000027e+01 6.638890263121616231e-02
3.455176999999999943e+00 2.441086000000000311e+01 6.636611861064424522e-02
3.459919999999999884e+00 2.440924299999999647e+01 6.646821667125349387e-02
3.464662999999999826e+00 2.454761300000000190e+01 6.675697188318460706e-02
3.469406000000000212e+00 2.454289299999999940e+01 6.684815687422279717e-02
3.474149000000000154e+00 2.449209600000000364e+01 6.687298519914225414e-02
3.478892000000000095e+00 2.453122299999999711e+01 6.701795039030214451e-02
3.483633999999999897e+00 2.442420800000000014e+01 6.695966123047068785e-02
3.488376999999999839e+00 2.441739699999999758e+01 6.703605427172157349e-02
3.493119999999999781e+00 2.448960199999999787e+01 6.721833769824943350e-02
3.497863000000000167e+00 2.457006799999999913e+01 6.741018591584954645e-02
3.502606000000000108e+00 2.442388400000000104e+01 6.728828597999952921e-02
3.507349000000000050e+00 2.445803399999999783e+01 6.741217358506695900e-02
3.512091999999999992e+00 2.444224400000000585e+01 6.746584055003761182e-02
3.516833999999999794e+00 2.444634500000000088e+01 6.754494376529231181e-02
3.521577000000000179e+00 2.450519499999999695e+01 6.769772717045749455e-02
3.526320000000000121e+00 2.451525200000000027e+01 6.778177155608208770e-02
3.531063000000000063e+00 2.453226800000000196e+01 6.787401485149158198e-02
3.535806000000000004e+00 2.449396600000000035e+01 6.788841104312796915e-02
3.540548999999999946e+00 2.447754899999999623e+01 6.793072068166580713e-02
3.545291999999999888e+00 2.447237200000000001e+01 6.798829461169988986e-02
3.550034999999999830e+00 2.441479399999999700e+01 6.797129122130532441e-02
3.554777000000000076e+00 2.435711599999999777e+01 6.795267301278883065e-02
3.559520000000000017e+00 2.445187899999999814e+01 6.814537288815654403e-02
3.564262999999999959e+00 2.453147399999999934e+01 6.831582678890742166e-02
3.569005999999999901e+00 2.451077799999999840e+01 6.835872925115635268e-02
3.573748999999999842e+00 2.444605600000000223e+01 6.834572346859971170e-02
3.578491999999999784e+00 2.442302400000000162e+01 6.833684794711708532e-02
3.583235000000000170e+00 2.453847600000000284e+01 6.855404568863023018e-02
3.587976999999999972e+00 2.452767600000000314e+01 6.857009184586601580e-02
3.592719999999999914e+00 2.444440900000000028e+01 6.840029433725121344e-02
3.597462999999999855e+00 2.452913600000000116e+01 6.845762131160415542e-02
3.602205999999999797e+00 2.445732499999999732e+01 6.829690142830199817e-02
3.606949000000000183e+00 2.446899300000000110e+01 6.825287609600712291e-02
3.611692000000000125e+00 2.446709499999999693e+01 6.824115456341356412e-02
3.616435000000000066e+00 2.455632800000000060e+01 6.843353032426575944e-02
3.621178000000000008e+00 2.471339700000000050e+01 6.948192533512727309e-02
3.625919999999999810e+00 2.464984499999999912e+01 7.187381586558139190e-02
3.630663000000000196e+00 2.452693200000000218e+01 7.309012508985190948e-02
3.635406000000000137e+00 2.448044100000000256e+01 7.406343661953582180e-02
3.640149000000000079e+00 2.434397300000000186e+01 7.462237538740977560e-02
3.644892000000000021e+00 2.446807100000000190e+01 7.532369372415825826e-02
3.649634999999999962e+00 2.462922300000000320e+01 7.605882517860895753e-02
3.654377999999999904e+00 2.450882999999999967e+01 7.629436456325525140e-02
3.659120000000000150e+00 2.452377599999999802e+01 7.674349912803299367e-02
3.663863000000000092e+00 2.441602999999999923e+01 7.698414102371929635e-02
3.668606000000000034e+00 2.449380000000000024e+01 7.750369045730080841e-02
3.673348999999999975e+00 2.459193400000000196e+01 7.804586806713408043e-02
3.678091999999999917e+00 2.452108999999999739e+01 7.831080506269041952e-02
3.682834999999999859e+00 2.443072499999999536e+01 7.853511158145762283e-02
3.687577999999999800e+00 2.439868999999999843e+01 7.884541482986756611e-02
3.692321000000000186e+00 2.457038899999999870e+01 7.947977278979727334e-02
3.697062999999999988e+00 2.461042400000000185e+01 7.989639494773714823e-02
3.701805999999999930e+00 2.444892499999999913e+01 7.998013229616904307e-02
3.706548999999999872e+00 2.434308700000000414e+01 8.014841876846354185e-02
3.711291999999999813e+00 2.435496099999999942e+01 8.050571140953975691e-02
3.716035000000000199e+00 2.451250399999999985e+01 8.110146563628675698e-02
3.720778000000000141e+00 2.457779000000000380e+01 8.154279847969837791e-02
3.725521000000000083e+00 2.443454499999999996e+01 8.163427443527197791e-02
3.730262999999999884e+00 2.433758999999999872e+01 8.179929264004671963e-02
3.735005999999999826e+00 2.438021000000000171e+01 8.219548779140797845e-02
3.739749000000000212e+00 2.436218199999999712e+01 8.248836516810113817e-02
3.744492000000000154e+00 2.439742800000000500e+01 8.286954472659602278e-02
3.749235000000000095e+00 2.453974299999999786e+01 8.343193383554106668e-02
3.753978000000000037e+00 2.443830700000000178e+01 8.357880542475826235e-02
3.758720999999999979e+00 2.459284299999999845e+01 8.416134912417873315e-02
3.763462999999999781e+00 2.454710200000000242e+01 8.440072226022063417e-02
3.768206000000000166e+00 2.453600000000000136e+01 8.469837286837804402e-02
3.772949000000000108e+00 2.447748099999999738e+01 8.491304136415914194e-02
3.777692000000000050e+00 2.435154299999999949e+01 8.500822118677404948e-02
3.782434999999999992e+00 2.458299799999999991e+01 8.572642753419798534e-02
3.787177999999999933e+00 2.451871799999999624e+01 8.592834104523953964e-02
3.791920999999999875e+00 2.442593600000000009e+01 8.607922708667289924e-02
3.796663999999999817e+00 2.431812700000000049e+01 8.620140530141083557e-02
3.801406000000000063e+00 2.440494299999999939e+01 8.666809994156500496e-02
3.806149000000000004e+00 2.464533899999999988e+01 8.740846243517327863e-02
3.810891999999999946e+00 2.453607399999999927e+01 8.752819162713175449e-02
3.815634999999999888e+00 2.440721400000000330e+01 8.761018012230828433e-02
3.820377999999999830e+00 2.439944299999999799e+01 8.790909914343224274e-02
3.825121000000000215e+00 2.446988800000000452e+01 8.834944230908986507e-02
3.829864000000000157e+00 2.442146800000000084e+01 8.857583593746320982e-02
3.834605999999999959e+00 2.444852900000000062e+01 8.893871333605574137e-02
3.839348999999999901e+00 2.435960999999999643e+01 8.909141789793953436e-02
3.844091999999999842e+00 2.440770499999999998e+01 8.949379664881974838e-02
3.848834999999999784e+00 2.447730600000000223e+01 8.993961291034778538e-02
3.853578000000000170e+00 2.441440400000000110e+01 9.018747734358024959e-02
3.858321000000000112e+00 2.433070999999999984e+01 9.029808740018528679e-02
3.863064000000000053e+00 2.445773200000000003e+01 9.085103728035801018e-02
3.867806999999999995e+00 2.438622699999999810e+01 9.103632920300006037e-02
3.872548999999999797e+00 2.431870899999999835e+01 9.122789589753728390e-02
3.877292000000000183e+00 2.441373100000000207e+01 9.172537725774040918e-02
3.882035000000000124e+00 2.426563499999999962e+01 9.176637687291354373e-02
3.886778000000000066e+00 2.436588400000000121e+01 9.227694238293930595e-02
3.891521000000000008e+00 2.443757899999999950e+01 9.273470133864615550e-02
3.896263999999999950e+00 2.440930900000000037e+01 9.300410398104322351e-02
3.901006999999999891e+00 2.440428199999999848e+01 9.331812186675104981e-02
3.905749000000000137e+00 2.447838600000000042e+01 9.378645291136081252e-02
3.910492000000000079e+00 2.450837000000000288e+01 9.417124935843794453e-02
3.915235000000000021e+00 2.437344499999999670e+01 9.423879594728276632e-02
3.919977999999999962e+00 2.445970799999999912e+01 9.469313410309165846e-02
3.924720999999999904e+00 2.437342299999999540e+01 9.461012673864092892e-02
3.929463999999999846e+00 2.435175600000000173e+01 9.464049447878376820e-02
3.934206999999999788e+00 2.450360799999999628e+01 9.506025919899965815e-02
3.938949000000000034e+00 2.442119400000000695e+01 9.500394676107830338e-02
3.943691999999999975e+00 2.436760799999999705e+01 9.500233328053001025e-02
3.948434999999999917e+00 2.445110199999999878e+01 9.526698384575582601e-02
3.953177999999999859e+00 2.439844099999999827e+01 9.529258423437522718e-02
3.957920999999999800e+00 2.437498099999999823e+01 9.541517833431166495e-02
3.962664000000000186e+00 2.453251500000000007e+01 9.573123909750932969e-02
3.967407000000000128e+00 2.446822300000000183e+01 9.585210923851807119e-02
3.972150000000000070e+00 2.448616799999999927e+01 9.621068137924396191e-02
3.976891999999999872e+00 2.443646299999999627e+01 9.643720899977456518e-02
3.981634999999999813e+00 2.429751500000000064e+01 9.648739593829548655e-02
3.986378000000000199e+00 2.451764100000000113e+01 9.725165868742344233e-02
3.991121000000000141e+00 2.447752499999999998e+01 9.750076995864596918e-02
3.995864000000000082e+00 2.460112200000000371e+01 9.807860399220412473e-02
4.000606999999999580e+00 2.445092599999999905e+01 9.811056387511388199e-02
4.005349999999999966e+00 2.446052900000000108e+01 9.846436412093868829e-02
4.010092000000000212e+00 2.442433000000000476e+01 9.872730569894683228e-02
4.014834999999999710e+00 2.437728499999999698e+01 9.896925726736914564e-02
4.019578000000000095e+00 2.453495500000000007e+01 9.962898284968686735e-02
4.024320999999999593e+00 2.448452299999999937e+01 9.986740069797753194e-02
4.029063999999999979e+00 2.438152499999999989e+01 1.000003094569251738e-01
4.033807000000000365e+00 2.444587500000000091e+01 1.004768721109216278e-01
4.038549999999999862e+00 2.441441299999999970e+01 1.007593626465089348e-01
4.043293000000000248e+00 2.451608600000000138e+01 1.013181943925230977e-01
4.048034999999999606e+00 2.445923100000000261e+01 1.015525053607802403e-01
4.052777999999999992e+00 2.435482199999999864e+01 1.016878853344743289e-01
4.057521000000000377e+00 2.444350500000000181e+01 1.022282179194986124e-01
4.062263999999999875e+00 2.452560199999999924e+01 1.027579656501820954e-01
4.067007000000000261e+00 2.460305500000000123e+01 1.032812410287569926e-01
4.071749999999999758e+00 2.446736100000000036e+01 1.033581382891207018e-01
4.076493000000000144e+00 2.441013500000000036e+01 1.036011908566277090e-01
4.081235000000000390e+00 2.442579200000000128e+01 1.040007525971798075e-01
4.085977999999999888e+00 2.426923800000000142e+01 1.040352421519847165e-01
4.090721000000000274e+00 2.425194300000000069e+01 1.043680700644924186e-01
4.095463999999999771e+00 2.447707900000000336e+01 1.052261871754864159e-01
4.100207000000000157e+00 2.453599999999999781e+01 1.057298135840099851e-01
4.104949999999999655e+00 2.444806600000000074e+01 1.059203907157101610e-01
4.109693000000000040e+00 2.456232100000000074e+01 1.065497769004196404e-01
4.114436000000000426e+00 2.437365099999999885e+01 1.065235975684974690e-01
4.119177999999999784e+00 2.437950699999999671e+01 1.069234463296750565e-01
4.123921000000000170e+00 2.432501299999999844e+01 1.071924565428365311e-01
4.128663999999999668e+00 2.451803100000000057e+01 1.080114032167266147e-01
4.133407000000000053e+00 2.460047699999999793e+01 1.085905482735804173e-01
4.138150000000000439e+00 2.453180000000000049e+01 1.088377555157170606e-01
4.142892999999999937e+00 2.429262199999999794e+01 1.087064943981402576e-01
4.147636000000000323e+00 2.425863600000000275e+01 1.090335076905865758e-01
4.152377999999999680e+00 2.437447200000000080e+01 1.097021682756557925e-01
4.157121000000000066e+00 2.445675699999999964e+01 1.102976182614796991e-01
4.161863999999999564e+00 2.453144199999999842e+01 1.108813800563778207e-01
4.166606999999999950e+00 2.453206600000000037e+01 1.113015866517094998e-01
4.171350000000000335e+00 2.432261499999999899e+01 1.112448698221994575e-01
4.176092999999999833e+00 2.437376599999999982e+01 1.117920614673349605e-01
4.180836000000000219e+00 2.458664999999999878e+01 1.128634337727600634e-01
4.185577999999999577e+00 2.465532499999999771e+01 1.133343412124070138e-01
4.190320999999999962e+00 2.455899499999999946e+01 1.135084670498994058e-01
4.195064000000000348e+00 2.456674600000000197e+01 1.139660671653461854e-01
4.199806999999999846e+00 2.451872499999999988e+01 1.142976366637595831e-01
4.204550000000000232e+00 2.461515100000000444e+01 1.149703568504851781e-01
4.209292999999999729e+00 2.456786000000000314e+01 1.153120016429647343e-01
4.214036000000000115e+00 2.443479500000000115e+01 1.154528715370782832e-01
4.218778999999999613e+00 2.459467300000000023e+01 1.162900580104236636e-01
4.223520999999999859e+00 2.460342299999999938e+01 1.167748341631089648e-01
4.228264000000000244e+00 2.447622700000000151e+01 1.169403246082735964e-01
4.233006999999999742e+00 2.461496800000000107e+01 1.177434675468788106e-01
4.237750000000000128e+00 2.456228899999999982e+01 1.180938914166935333e-01
4.242492999999999626e+00 2.451314099999999740e+01 1.184567514620994411e-01
4.247236000000000011e+00 2.462469600000000014e+01 1.192113769314774724e-01
4.251979000000000397e+00 2.464115800000000078e+01 1.197471961560549331e-01
4.256720999999999755e+00 2.447165899999999539e+01 1.200310073593557070e-01
4.261464000000000141e+00 2.446614899999999793e+01 1.203491425811272775e-01
4.266206999999999638e+00 2.448521600000000120e+01 1.208604421118841532e-01
4.270950000000000024e+00 2.466360600000000147e+01 1.218110799764184071e-01
4.275693000000000410e+00 2.450145900000000054e+01 1.219231567730449661e-01
4.280435999999999908e+00 2.454533899999999846e+01 1.225530568849573926e-01
4.285179000000000293e+00 2.436411599999999922e+01 1.226229565017472600e-01
4.289921999999999791e+00 2.426565799999999840e+01 1.229023016344632929e-01
4.294664000000000037e+00 2.460948199999999986e+01 1.243077332693252046e-01
4.299407000000000423e+00 2.450630600000000214e+01 1.245872403453503752e-01
4.304149999999999920e+00 2.452085399999999638e+01 1.251710015656326003e-01
4.308893000000000306e+00 2.454360099999999889e+01 1.257841784522695794e-01
4.313635999999999804e+00 2.447232400000000041e+01 1.261589407614117364e-01
4.318379000000000190e+00 2.443686599999999842e+01 1.266320533898941392e-01
4.323121999999999687e+00 2.439807300000000012e+01 1.271911145869918935e-01
4.327863999999999933e+00 2.444207199999999958e+01 1.278565284507005573e-01
4.332607000000000319e+00 2.439756999999999820e+01 1.282600846871480849e-01
4.337349999999999817e+00 2.461236699999999900e+01 1.294165375845633403e-01
4.342093000000000202e+00 2.450469500000000522e+01 1.297312390042036356e-01
4.346835999999999700e+00 2.459169600000000244e+01 1.305671835621320942e-01
4.351579000000000086e+00 2.435168499999999980e+01 1.305379769309333859e-01
4.356321999999999584e+00 2.463645999999999603e+01 1.319206200640104798e-01
4.361063999999999830e+00 2.460062800000000394e+01 1.324528456074194893e-01
4.365807000000000215e+00 2.445736000000000132e+01 1.327010624342220557e-01
4.370549999999999713e+00 2.474836200000000019e+01 1.341327498221795145e-01
4.375293000000000099e+00 2.455737900000000096e+01 1.342649672212707090e-01
4.380035999999999596e+00 2.455861900000000020e+01 1.349896587547120275e-01
4.384778999999999982e+00 2.475306800000000251e+01 1.362476410036485563e-01
4.389522000000000368e+00 2.479851099999999775e+01 1.369356775457787889e-01
4.394264999999999866e+00 2.465411999999999892e+01 1.372069242050775739e-01
4.399007000000000112e+00 2.439304599999999823e+01 1.367458308032361847e-01
4.403749999999999609e+00 2.453514499999999643e+01 1.372378956842511544e-01
4.408492999999999995e+00 2.434354699999999738e+01 1.367938249879365187e-01
4.413236000000000381e+00 2.434940399999999983e+01 1.369017382123437487e-01
4.417978999999999878e+00 2.445963700000000074e+01 1.373033288800858120e-01
4.422722000000000264e+00 2.446329899999999924e+01 1.374064247442087494e-01
4.427464999999999762e+00 2.464254299999999631e+01 1.379976592240241551e-01
4.432207000000000008e+00 2.434373400000000132e+01 1.372490454185139319e-01
4.436950000000000394e+00 2.463115900000000025e+01 1.382229213464004347e-01
4.441692999999999891e+00 2.456609999999999872e+01 1.386652288782148079e-01
4.446436000000000277e+00 2.439311899999999866e+01 1.388844109272390492e-01
4.451178999999999775e+00 2.455782400000000010e+01 1.400706185481569999e-01
4.455922000000000160e+00 2.448936799999999891e+01 1.406020978991483483e-01
4.460664999999999658e+00 2.446135899999999808e+01 1.412591794128431055e-01
4.465408000000000044e+00 2.450522299999999731e+01 1.421345394702367704e-01
4.470150000000000290e+00 2.457384599999999963e+01 1.430932502993205457e-01
4.474892999999999788e+00 2.458106099999999827e+01 1.438853330070153647e-01
4.479636000000000173e+00 2.458244899999999689e+01 1.446707506280772160e-01
4.484378999999999671e+00 2.475197299999999956e+01 1.459655312144812478e-01
4.489122000000000057e+00 2.453822799999999660e+01 1.461389594704444184e-01
4.493865000000000443e+00 2.486230600000000379e+01 1.479227427757026925e-01
4.498607999999999940e+00 2.457916600000000429e+01 1.479078280301056314e-01
4.503350000000000186e+00 2.451835299999999762e+01 1.485655014049156730e-01
4.508092999999999684e+00 2.466437699999999822e+01 1.498639244231309564e-01
4.512836000000000070e+00 2.455433900000000236e+01 1.503979274281128375e-01
4.517578999999999567e+00 2.451999800000000107e+01 1.511741407115618496e-01
4.522321999999999953e+00 2.450275799999999649e+01 1.520161034609268103e-01
4.527065000000000339e+00 2.428409399999999962e+01 1.522427993577019634e-01
4.531807999999999836e+00 2.452866399999999913e+01 1.539335656548616316e-01
4.536551000000000222e+00 2.467998199999999542e+01 1.553502339800011400e-01
4.541292999999999580e+00 2.461220199999999636e+01 1.560953974641814956e-01
4.546035999999999966e+00 2.479335800000000134e+01 1.576480788048341686e-01
4.550779000000000352e+00 2.450186599999999970e+01 1.577070379581000104e-01
4.555521999999999849e+00 2.452616799999999841e+01 1.587931522396879014e-01
4.560265000000000235e+00 2.478757800000000344e+01 1.606654431506261971e-01
4.565007999999999733e+00 2.452761999999999887e+01 1.608665325288722026e-01
4.569751000000000118e+00 2.446099600000000152e+01 1.617072660291654917e-01
4.574493000000000364e+00 2.460583400000000154e+01 1.632701589478239845e-01
4.579235999999999862e+00 2.448294599999999832e+01 1.639628848966509511e-01
4.583979000000000248e+00 2.464042899999999747e+01 1.656146524536823983e-01
4.588721999999999746e+00 2.456422500000000042e+01 1.665048330159430989e-01
4.593465000000000131e+00 2.466370799999999974e+01 1.680119915694400778e-01
4.598207999999999629e+00 2.479114799999999974e+01 1.696413283410154182e-01
4.602951000000000015e+00 2.460499500000000239e+01 1.702198149109210024e-01
4.607693000000000261e+00 2.462467900000000043e+01 1.715294694961020383e-01
4.612435999999999758e+00 2.452744600000000474e+01 1.724546448065574777e-01
4.617179000000000144e+00 2.465121299999999493e+01 1.741823855895635598e-01
4.621921999999999642e+00 2.482930800000000460e+01 1.761386283398556629e-01
4.626665000000000028e+00 2.463367000000000218e+01 1.767947582330522682e-01
4.631408000000000413e+00 2.489926399999999873e+01 1.791312156094163055e-01
4.636150999999999911e+00 2.467375100000000288e+01 1.797297070677126851e-01
4.640894000000000297e+00 2.467187200000000047e+01 1.811678274293504476e-01
4.645635999999999655e+00 2.471835800000000205e+01 1.828133253315331885e-01
4.650379000000000040e+00 2.471288299999999793e+01 1.843057435268974364e-01
4.655122000000000426e+00 2.477354000000000056e+01 1.860829069917360745e-01
4.659864999999999924e+00 2.486207600000000184e+01 1.880056042563069407e-01
4.664608000000000310e+00 2.471551600000000093e+01 1.890772110017661656e-01
4.669350999999999807e+00 2.460430199999999701e+01 1.903124551902694306e-01
4.674094000000000193e+00 2.466040200000000127e+01 1.922378723806232592e-01
4.678836000000000439e+00 2.475325600000000037e+01 1.943529630001564756e-01
4.683578999999999937e+00 2.469612099999999799e+01 1.959265187196010949e-01
4.688322000000000322e+00 2.453131900000000343e+01 1.971109120309652019e-01
4.693064999999999820e+00 2.484602899999999792e+01 2.002758014428235867e-01
4.697808000000000206e+00 2.472474499999999864e+01 2.017353872800448644e-01
4.702550999999999704e+00 2.480702100000000243e+01 2.040842925219547577e-01
4.707294000000000089e+00 2.488402400000000014e+01 2.064743887690914104e-01
4.712036999999999587e+00 2.465212299999999956e+01 2.076345925611132459e-01
4.716778999999999833e+00 2.483129000000000275e+01 2.105840088525930687e-01
4.721522000000000219e+00 2.484581100000000120e+01 2.129095568291738405e-01
4.726264999999999716e+00 2.455625599999999764e+01 2.139903822499674979e-01
4.731008000000000102e+00 2.501412400000000247e+01 2.183974900169081690e-01
4.735750999999999600e+00 2.488699799999999840e+01 2.203401016896969489e-01
4.740493999999999986e+00 2.506002200000000002e+01 2.236923674028555298e-01
4.745237000000000371e+00 2.465524199999999766e+01 2.245318600008878174e-01
4.749978999999999729e+00 2.489007800000000259e+01 2.283646272379509790e-01
4.754722000000000115e+00 2.481781499999999951e+01 2.308946316818572542e-01
4.759464999999999613e+00 2.485700299999999885e+01 2.340471093875425568e-01
4.764207999999999998e+00 2.475014300000000134e+01 2.366184888163957445e-01
4.768951000000000384e+00 2.492636600000000158e+01 2.406665864168651137e-01
4.773693999999999882e+00 2.496725799999999751e+01 2.442096680017803723e-01
4.778437000000000268e+00 2.488431600000000188e+01 2.472804645509017740e-01
4.783178999999999625e+00 2.469491599999999920e+01 2.499467231582178373e-01
4.787922000000000011e+00 2.453102400000000216e+01 2.528745262339214261e-01
4.792665000000000397e+00 2.489494600000000091e+01 2.586994311082427278e-01
4.797407999999999895e+00 2.483342999999999989e+01 2.625181166673069555e-01
4.802151000000000280e+00 2.507311999999999941e+01 2.681401532943842314e-01
4.806893999999999778e+00 2.442421399999999920e+01 2.691664186790510560e-01
4.811637000000000164e+00 2.459891800000000117e+01 2.748946015902445916e-01
4.816379999999999661e+00 2.505714000000000397e+01 2.825138028631027920e-01
4.821121999999999908e+00 2.432614799999999988e+01 2.836358073523690404e-01
4.825865000000000293e+00 2.444021299999999997e+01 2.898964045797643441e-01
4.830607999999999791e+00 2.461759299999999939e+01 2.968985993528195921e-01
4.835351000000000177e+00 2.467375799999999941e+01 3.035719935524639479e-01
4.840093999999999674e+00 2.475680299999999789e+01 3.108445989574398771e-01
4.844837000000000060e+00 2.441876099999999994e+01 3.158913959339227362e-01
4.849579999999999558e+00 2.511111199999999855e+01 3.281403273500226314e-01
4.854321999999999804e+00 2.508675799999999612e+01 3.363683981818446633e-01
4.859065000000000190e+00 2.461100099999999813e+01 3.421334117143632336e-01
4.863807999999999687e+00 2.540842799999999713e+01 3.575155607669265878e-01
4.868551000000000073e+00 2.537013699999999616e+01 3.679997268212573114e-01
4.873293999999999571e+00 2.472793999999999670e+01 3.749334724911074224e-01
4.878036999999999956e+00 2.452819699999999870e+01 3.861790609141309005e-01
4.882780000000000342e+00 2.488799300000000159e+01 4.032404378654254051e-01
4.887522999999999840e+00 2.495173400000000186e+01 4.197024173707842865e-01
4.892265000000000086e+00 2.460113299999999725e+01 4.345866722877037569e-01
4.897007999999999583e+00 2.517247299999999655e+01 4.601659737382480242e-01
4.901750999999999969e+00 2.526272799999999918e+01 4.847509623682452751e-01
4.906494000000000355e+00 2.522108199999999556e+01 5.121751864635869511e-01
4.911236999999999853e+00 2.495001500000000050e+01 5.424630458313819403e-01
4.915980000000000238e+00 2.559854599999999891e+01 5.903277179006166664e-01
4.920722999999999736e+00 2.637782299999999935e+01 6.516230593195732057e-01
4.925464999999999982e+00 2.537934199999999763e+01 7.067981337115781804e-01
4.930208000000000368e+00 2.540894200000000325e+01 8.020406275350768777e-01
4.934950999999999866e+00 2.661713000000000306e+01 9.715573733878303253e-01
4.939694000000000251e+00 2.394171699999999703e+01 1.189879700723337930e+00
4.944436999999999749e+00 7.804150700000000995e+00 1.176982914918130785e+00