# [94] Sgs_R12_0.8
# Sample c= 1.0 mg/ml
#
# Number of frames collected: 10
# Exposure time per frame: 0.5
# No significant radiation damage detected, merging 10 files
# Merged from: /data/visitor/mx1905/bm29/20170412/Poker/1d/Sxl_10gs_254_00001.dat
# Merged from: /data/visitor/mx1905/bm29/20170412/Poker/1d/Sxl_10gs_254_00002.dat
# Merged from: /data/visitor/mx1905/bm29/20170412/Poker/1d/Sxl_10gs_254_00003.dat
# Merged from: /data/visitor/mx1905/bm29/20170412/Poker/1d/Sxl_10gs_254_00004.dat
# Merged from: /data/visitor/mx1905/bm29/20170412/Poker/1d/Sxl_10gs_254_00005.dat
# Merged from: /data/visitor/mx1905/bm29/20170412/Poker/1d/Sxl_10gs_254_00006.dat
# Merged from: /data/visitor/mx1905/bm29/20170412/Poker/1d/Sxl_10gs_254_00007.dat
# Merged from: /data/visitor/mx1905/bm29/20170412/Poker/1d/Sxl_10gs_254_00008.dat
# Merged from: /data/visitor/mx1905/bm29/20170412/Poker/1d/Sxl_10gs_254_00009.dat
# Merged from: /data/visitor/mx1905/bm29/20170412/Poker/1d/Sxl_10gs_254_00010.dat
#
# Sample Information:
# Storage Temperature (degrees C): 20.0
# Measurement Temperature (degrees C): 20.03
# Concentration: 1.0
# Code: 
3.082862000000000102e-02 6.218543999999999414e+02 8.456794939375022579e+00
3.557148999999999728e-02 2.222697699999999713e+03 6.592462361247198643e+00
4.031434999999999880e-02 3.017316100000000006e+03 5.059754951576212356e+00
4.505722000000000199e-02 1.479042050000000017e+03 2.518976270195831368e+00
4.980007999999999657e-02 9.235403800000000274e+02 1.782376449495944426e+00
5.454294999999999977e-02 6.413702700000000050e+02 1.397364980355486619e+00
5.928581000000000129e-02 4.608970299999999725e+02 1.126134026190630744e+00
6.402868000000000448e-02 3.565678399999999897e+02 9.444012244014882151e-01
6.877154000000000600e-02 2.882751099999999838e+02 8.156781979264984273e-01
7.351441000000000225e-02 2.381241899999999418e+02 7.143506701834400063e-01
7.825727999999999851e-02 2.020637299999999925e+02 6.334572290097020275e-01
8.300014000000000003e-02 1.765926900000000046e+02 5.732567025630751489e-01
8.774300999999999628e-02 1.569427000000000021e+02 5.243600216861883379e-01
9.248586999999999780e-02 1.415718599999999867e+02 4.839762854129942005e-01
9.722873999999999406e-02 1.296788999999999987e+02 4.497560664622324289e-01
1.019715999999999956e-01 1.198203300000000127e+02 4.213274962176454252e-01
1.067145000000000038e-01 1.127558899999999937e+02 3.989523509318876338e-01
1.114572999999999953e-01 1.067074300000000022e+02 3.793197290257784848e-01
1.162002000000000035e-01 1.014731690000000128e+02 3.618177428156198472e-01
1.209430999999999978e-01 9.758673100000001455e+01 3.473750789638917480e-01
1.256858999999999893e-01 9.454229000000000838e+01 3.350860214007889692e-01
1.304288000000000114e-01 9.176361699999999644e+01 3.238034643075332619e-01
1.351717000000000057e-01 8.864116300000000592e+01 3.122896466524966441e-01
1.399144999999999972e-01 8.672706700000000524e+01 3.032960698305205982e-01
1.446573999999999915e-01 8.404326700000000017e+01 2.933815563296529039e-01
1.494003000000000136e-01 8.235718500000000120e+01 2.855684132672981490e-01
1.541431000000000051e-01 8.137817799999999124e+01 2.797118286872675719e-01
1.588859999999999995e-01 8.026566600000001017e+01 2.733982049830287475e-01
1.636287999999999909e-01 7.890697500000000275e+01 2.669476163468110230e-01
1.683717000000000130e-01 7.786001799999999662e+01 2.612666652757943964e-01
1.731146000000000074e-01 7.660572199999998588e+01 2.554378674404895189e-01
1.778573999999999988e-01 7.579925099999999816e+01 2.505215667492305953e-01
1.826002999999999932e-01 7.517907700000000659e+01 2.461080194801545107e-01
1.873431999999999875e-01 7.439812399999999570e+01 2.416003324275759478e-01
1.920860000000000067e-01 7.337122999999999706e+01 2.368309093392401699e-01
1.968289000000000011e-01 7.294269699999999546e+01 2.331527872944599566e-01
2.015717999999999954e-01 7.200616600000000744e+01 2.288152986727288174e-01
2.063145999999999869e-01 7.153935000000001310e+01 2.253382187662840985e-01
2.110575000000000090e-01 7.111783599999998273e+01 2.218143408324571852e-01
2.158004000000000033e-01 7.063277700000000436e+01 2.185221941836599790e-01
2.205431999999999948e-01 7.014672500000000355e+01 2.153570513862989311e-01
2.252860999999999891e-01 6.963026899999999841e+01 2.122458812880751444e-01
2.300290000000000112e-01 6.948314700000000244e+01 2.097717576107605841e-01
2.347718000000000027e-01 6.895606300000000033e+01 2.067892273597304875e-01
2.395146999999999970e-01 6.866939399999999694e+01 2.042476302662858123e-01
2.442575999999999914e-01 6.823010199999998804e+01 2.015488927230911220e-01
2.490004000000000106e-01 6.779662799999999834e+01 1.989230998830955055e-01
2.537433000000000050e-01 6.748400900000000036e+01 1.965312926658037418e-01
2.584861999999999993e-01 6.717331300000000738e+01 1.942278167649314768e-01
2.632289999999999908e-01 6.684487800000000846e+01 1.919701541562797154e-01
2.679718999999999851e-01 6.643072700000000452e+01 1.896414242516924475e-01
2.727146999999999766e-01 6.638307000000000357e+01 1.878762239707411630e-01
2.774576000000000264e-01 6.586239899999999636e+01 1.855464595786265602e-01
2.822005000000000208e-01 6.566936699999999405e+01 1.837658183462384243e-01
2.869433000000000122e-01 6.539650200000001234e+01 1.818249974044965911e-01
2.916862000000000066e-01 6.500911600000000590e+01 1.797605162279205804e-01
2.964291000000000009e-01 6.461934099999999148e+01 1.777452384203304092e-01
3.011718999999999924e-01 6.439963600000000099e+01 1.760085072487145574e-01
3.059147999999999867e-01 6.439052499999998247e+01 1.745962106166957795e-01
3.106576999999999811e-01 6.409970199999999352e+01 1.728282256424823748e-01
3.154004999999999725e-01 6.381268199999999524e+01 1.711126859270390155e-01
3.201434000000000224e-01 6.332811199999999729e+01 1.691756567384613275e-01
3.248863000000000167e-01 6.312994499999999931e+01 1.676485234638238619e-01
3.296291000000000082e-01 6.259983299999998962e+01 1.657045032686465524e-01
3.343720000000000026e-01 6.275522100000000592e+01 1.647042552038880947e-01
3.391148999999999969e-01 6.280618400000000889e+01 1.653157351595881674e-01
3.438576999999999884e-01 6.259379099999998886e+01 1.671687056645717040e-01
3.486005999999999827e-01 6.236012400000000611e+01 1.711038964962718345e-01
3.533434999999999770e-01 6.178217800000000182e+01 1.734332533841598523e-01
3.580863000000000240e-01 6.179043199999999558e+01 1.756009613603763675e-01
3.628292000000000184e-01 6.131977500000000703e+01 1.766561571553539045e-01
3.675720000000000098e-01 6.108229500000000201e+01 1.777649711286438949e-01
3.723149000000000042e-01 6.088646700000000322e+01 1.787860214664905301e-01
3.770577999999999985e-01 6.057470600000000616e+01 1.795210820034875421e-01
3.818005999999999900e-01 6.058268999999999949e+01 1.804907493557190434e-01
3.865434999999999843e-01 6.010951899999999881e+01 1.806715581598000164e-01
3.912863999999999787e-01 5.985790200000000283e+01 1.810159339661851496e-01
3.960292000000000256e-01 5.997468300000000596e+01 1.819369811748535182e-01
4.007721000000000200e-01 5.987354400000000254e+01 1.825605534530526652e-01
4.055150000000000143e-01 5.955759199999999964e+01 1.883537303048760936e-01
4.102578000000000058e-01 5.941744500000000073e+01 1.930378992473597288e-01
4.150007000000000001e-01 5.914211900000000099e+01 1.968072444143456612e-01
4.197435999999999945e-01 5.869785100000000000e+01 1.990864407775391476e-01
4.244863999999999860e-01 5.863180400000000247e+01 2.021962559016696748e-01
4.292292999999999803e-01 5.803325699999999188e+01 2.042346556104041588e-01
4.339721999999999746e-01 5.827685400000001437e+01 2.077965573867432969e-01
4.387150000000000216e-01 5.825401300000000759e+01 2.107867093101315759e-01
4.434579000000000160e-01 5.771655800000000625e+01 2.128943931231644660e-01
4.482008000000000103e-01 5.734129099999999113e+01 2.157840765518085901e-01
4.529436000000000018e-01 5.708718100000000106e+01 2.188145791195394985e-01
4.576864999999999961e-01 5.680010700000000412e+01 2.205430058080822542e-01
4.624293999999999905e-01 5.645838100000000992e+01 2.217101923596310475e-01
4.671721999999999819e-01 5.686491900000000044e+01 2.214078276713664639e-01
4.719150999999999763e-01 5.701193800000000067e+01 2.129679901029872813e-01
4.766579000000000232e-01 5.665188400000000968e+01 2.082973772659826306e-01
4.814008000000000176e-01 5.597286000000000428e+01 2.044151999197097447e-01
4.861437000000000119e-01 5.576139900000000438e+01 2.020203453413298988e-01
4.908865000000000034e-01 5.552954300000000387e+01 1.999562300388564862e-01
4.956293999999999977e-01 5.540165099999999399e+01 1.983202147212376476e-01
5.003722999999999921e-01 5.503036200000000377e+01 1.964115875946462475e-01
5.051151000000000391e-01 5.469030699999999712e+01 1.946928212212712950e-01
5.098580000000000334e-01 5.449570700000000301e+01 1.933357761452070278e-01
5.146009000000000277e-01 5.429643499999999534e+01 1.920501342378569953e-01
5.193436999999999637e-01 5.384841500000000281e+01 1.903811809927417609e-01
5.240865999999999580e-01 5.406452300000000832e+01 1.899410872602223521e-01
5.288294999999999524e-01 5.359852399999999761e+01 1.883464153064851876e-01
5.335722999999999994e-01 5.321662200000000809e+01 1.865708089255875557e-01
5.383151999999999937e-01 5.304512100000000885e+01 1.849257941286790996e-01
5.430580999999999881e-01 5.286684399999999329e+01 1.833287612216795703e-01
5.478009000000000350e-01 5.275896000000000186e+01 1.819065372819184678e-01
5.525438000000000294e-01 5.216120700000000454e+01 1.796888140518644039e-01
5.572867000000000237e-01 5.173450699999999358e+01 1.778050754670298939e-01
5.620294999999999597e-01 5.202473700000000179e+01 1.771912620910907066e-01
5.667723999999999540e-01 5.183609900000000437e+01 1.757949209580063621e-01
5.715152000000000010e-01 5.138642899999999969e+01 1.739917523119481058e-01
5.762580999999999953e-01 5.115777100000000388e+01 1.725900835486384455e-01
5.810009999999999897e-01 5.139000500000000926e+01 1.720393276487312550e-01
5.857438000000000367e-01 5.105625700000000222e+01 1.709670672413336479e-01
5.904867000000000310e-01 5.069409199999999771e+01 1.699500964672303605e-01
5.952296000000000253e-01 5.030980300000000227e+01 1.688960660470201769e-01
5.999723999999999613e-01 5.020417599999999680e+01 1.684934315866568055e-01
6.047152999999999556e-01 5.000285700000000588e+01 1.677300972622367548e-01
6.094581999999999500e-01 4.980679600000000562e+01 1.668641463906374856e-01
6.142009999999999970e-01 4.970294700000000176e+01 1.664557033378270823e-01
6.189438999999999913e-01 4.962301100000000531e+01 1.657816276357473861e-01
6.236867999999999856e-01 4.929521799999999843e+01 1.648519298029261504e-01
6.284296000000000326e-01 4.913549899999999582e+01 1.642102303971874899e-01
6.331725000000000270e-01 4.874825400000000286e+01 1.631878154626355548e-01
6.379154000000000213e-01 4.851537499999999881e+01 1.624282450164567237e-01
6.426581999999999573e-01 4.817131199999999325e+01 1.614882151558100776e-01
6.474010999999999516e-01 4.803851399999999927e+01 1.609066299368167585e-01
6.521439999999999459e-01 4.806376499999999652e+01 1.605885094397749846e-01
6.568867999999999929e-01 4.771998199999999457e+01 1.596577871489189282e-01
6.616296999999999873e-01 4.768856200000000456e+01 1.592545161537242127e-01
6.663725999999999816e-01 4.751291999999999405e+01 1.586140724865848783e-01
6.711154000000000286e-01 4.740944000000000358e+01 1.580935695095847526e-01
6.758583000000000229e-01 4.675519200000000097e+01 1.566568542312978263e-01
6.806010999999999589e-01 4.652055500000000166e+01 1.559259681764570693e-01
6.853439999999999532e-01 4.651900499999999994e+01 1.555896904139551229e-01
6.900868999999999476e-01 4.641918000000000433e+01 1.550881104451730663e-01
6.948296999999999946e-01 4.597778100000000023e+01 1.540184437371849291e-01
6.995725999999999889e-01 4.615125299999999697e+01 1.539815336623063802e-01
7.043154999999999832e-01 4.586959199999999726e+01 1.531879516358679028e-01
7.090583000000000302e-01 4.536305000000000121e+01 1.520176311737668207e-01
7.138012000000000246e-01 4.535043999999999897e+01 1.516762997424663528e-01
7.185441000000000189e-01 4.526611299999999716e+01 1.512195022232562525e-01
7.232868999999999549e-01 4.502366700000000321e+01 1.505019308016956880e-01
7.280297999999999492e-01 4.498404200000000230e+01 1.501230623636601869e-01
7.327727000000000546e-01 4.465918499999999369e+01 1.492699475915393592e-01
7.375154999999999905e-01 4.428112199999999632e+01 1.483321548928693834e-01
7.422583999999999849e-01 4.430062100000000669e+01 1.480625629075074390e-01
7.470012999999999792e-01 4.398834899999999237e+01 1.472383319994334805e-01
7.517441000000000262e-01 4.395747199999999566e+01 1.468863293963468264e-01
7.564870000000000205e-01 4.389693899999998905e+01 1.464890368286138889e-01
7.612299000000000149e-01 4.364440499999999901e+01 1.457742064795486958e-01
7.659726999999999508e-01 4.355432799999999816e+01 1.453309138621896868e-01
7.707155999999999452e-01 4.332877799999999979e+01 1.446628674146700211e-01
7.754585000000000505e-01 4.308290999999999826e+01 1.439659297299013541e-01
7.802012999999999865e-01 4.314373700000000156e+01 1.439249055450306514e-01
7.849441999999999808e-01 4.273062800000000294e+01 1.429012259553359976e-01
7.896870000000000278e-01 4.251813299999999884e+01 1.421716195568876462e-01
7.944299000000000222e-01 4.246970600000000218e+01 1.418127076338598080e-01
7.991728000000000165e-01 4.233246799999999155e+01 1.413079824204188650e-01
8.039155999999999525e-01 4.229793700000000456e+01 1.409751677977600370e-01
8.086584999999999468e-01 4.205834600000000734e+01 1.403011851972455759e-01
8.134014000000000522e-01 4.181620399999999194e+01 1.396269207020422731e-01
8.181441999999999881e-01 4.160588500000000067e+01 1.391133634189882506e-01
8.228870999999999825e-01 4.121901599999999632e+01 1.381006199809533819e-01
8.276299999999999768e-01 4.108495900000000489e+01 1.376054433329630400e-01
8.323728000000000238e-01 4.104592300000000193e+01 1.372783884460598569e-01
8.371157000000000181e-01 4.074548500000000217e+01 1.365169784373610473e-01
8.418586000000000125e-01 4.065699100000000499e+01 1.361107158652631877e-01
8.466013999999999484e-01 4.068879800000000557e+01 1.359058447813242532e-01
8.513443000000000538e-01 4.056054100000000062e+01 1.354373627121017165e-01
8.560872000000000481e-01 4.043593400000000315e+01 1.349774276946716089e-01
8.608299999999999841e-01 4.032838199999999773e+01 1.345465898439807961e-01
8.655728999999999784e-01 4.005686399999999736e+01 1.338424887619787396e-01
8.703157999999999728e-01 4.012719300000000544e+01 1.337124747877455888e-01
8.750586000000000197e-01 3.992301799999999901e+01 1.331267959451867822e-01
8.798015000000000141e-01 3.968921900000000846e+01 1.324927920892951805e-01
8.845442999999999500e-01 3.955225899999999228e+01 1.320205765269395204e-01
8.892872000000000554e-01 3.935756000000000654e+01 1.314549514753320381e-01
8.940301000000000498e-01 3.939367700000000383e+01 1.312772844024852614e-01
8.987728999999999857e-01 3.910286700000000337e+01 1.305550228197517315e-01
9.035157999999999801e-01 3.888150899999999410e+01 1.299483863895400382e-01
9.082586999999999744e-01 3.893343299999999374e+01 1.298016321815750607e-01
9.130015000000000214e-01 3.874658999999999764e+01 1.292584325116802602e-01
9.177444000000000157e-01 3.857743100000000425e+01 1.287458242106419015e-01
9.224873000000000101e-01 3.833408800000000127e+01 1.281092082734863191e-01
9.272300999999999460e-01 3.828241900000000442e+01 1.277957915970029112e-01
9.319730000000000514e-01 3.812097100000001149e+01 1.273012518049115582e-01
9.367159000000000457e-01 3.779655400000000043e+01 1.265353836582044644e-01
9.414586999999999817e-01 3.787823099999999954e+01 1.264480783056919633e-01
9.462015999999999760e-01 3.774608900000000489e+01 1.260063407767390842e-01
9.509444999999999704e-01 3.743380400000000208e+01 1.252660224260521704e-01
9.556873000000000173e-01 3.734737499999999955e+01 1.249039440848750820e-01
9.604302000000000117e-01 3.723457700000000870e+01 1.244977123605968128e-01
9.651731000000000060e-01 3.731642200000000287e+01 1.244192605952768177e-01
9.699159000000000530e-01 3.713493999999999318e+01 1.239033544626544775e-01
9.746588000000000473e-01 3.713887300000000380e+01 1.236976370491308097e-01
9.794017000000000417e-01 3.683126700000000397e+01 1.229722483565275776e-01
9.841444999999999776e-01 3.661881699999999995e+01 1.224080198177933954e-01
9.888873999999999720e-01 3.660779899999999287e+01 1.221824620411747359e-01
9.936302000000000190e-01 3.644082399999999922e+01 1.216974534733508556e-01
9.983731000000000133e-01 3.639001000000000374e+01 1.214059513758835446e-01
1.003115999999999897e+00 3.631752900000000039e+01 1.210808687149745461e-01
1.007859000000000060e+00 3.616929900000000231e+01 1.206315168268902172e-01
1.012602000000000002e+00 3.596438400000000257e+01 1.200886728169276579e-01
1.017344999999999944e+00 3.568864299999999901e+01 1.194266599512642246e-01
1.022086999999999968e+00 3.599354999999999905e+01 1.197365285745223273e-01
1.026829999999999909e+00 3.560404100000000227e+01 1.188904382806451610e-01
1.031573000000000073e+00 3.564101200000000347e+01 1.187560716365441416e-01
1.036316000000000015e+00 3.553710800000000347e+01 1.183865764048357000e-01
1.041058999999999957e+00 3.553841500000000053e+01 1.181946015472610245e-01
1.045801999999999898e+00 3.536809000000000225e+01 1.177188059621329108e-01
1.050545000000000062e+00 3.525870400000000160e+01 1.173455076079216591e-01
1.055287000000000086e+00 3.520247600000000432e+01 1.170599251963561488e-01
1.060030000000000028e+00 3.498988000000000653e+01 1.165170828158738348e-01
1.064772999999999969e+00 3.482134299999999882e+01 1.160489190106146484e-01
1.069515999999999911e+00 3.460578600000000193e+01 1.155034321582466966e-01
1.074259000000000075e+00 3.450832400000000177e+01 1.151543957516411865e-01
1.079002000000000017e+00 3.461498199999999770e+01 1.151476962106784824e-01
1.083744999999999958e+00 3.455864100000000150e+01 1.148957785441114543e-01
1.088487999999999900e+00 3.462248099999999340e+01 1.148448303683587551e-01
1.093229999999999924e+00 3.437696199999999891e+01 1.142045882590607686e-01
1.097973000000000088e+00 3.432040400000000346e+01 1.139301339065486307e-01
1.102716000000000030e+00 3.402916499999999900e+01 1.132676374687107967e-01
1.107458999999999971e+00 3.407404100000000113e+01 1.131646989863225733e-01
1.112201999999999913e+00 3.375891900000000589e+01 1.124626678443082228e-01
1.116945000000000077e+00 3.391319400000000428e+01 1.125434876623258862e-01
1.121688000000000018e+00 3.362322600000000250e+01 1.118872734752433679e-01
1.126430000000000042e+00 3.366027400000000114e+01 1.117756408719202954e-01
1.131172999999999984e+00 3.363027499999999748e+01 1.115519320679897453e-01
1.135915999999999926e+00 3.344543200000000382e+01 1.110733052835657791e-01
1.140659000000000090e+00 3.348379699999999559e+01 1.109665964064127791e-01
1.145402000000000031e+00 3.334586500000000342e+01 1.105683478776837980e-01
1.150144999999999973e+00 3.319248100000000079e+01 1.101441681838117165e-01
1.154887999999999915e+00 3.308246000000000464e+01 1.097937262738044595e-01
1.159631000000000078e+00 3.301467299999999483e+01 1.095149914157573373e-01
1.164373000000000102e+00 3.299620799999999576e+01 1.093192809142952554e-01
1.169116000000000044e+00 3.301971999999999241e+01 1.092738395623234354e-01
1.173858999999999986e+00 3.273157199999999278e+01 1.086026422134217795e-01
1.178601999999999927e+00 3.273507400000000445e+01 1.083933307100464621e-01
1.183345000000000091e+00 3.272141499999999326e+01 1.082089900308038227e-01
1.188088000000000033e+00 3.240520800000000179e+01 1.075232173548401615e-01
1.192830999999999975e+00 3.247327400000000353e+01 1.074755711883407516e-01
1.197572999999999999e+00 3.231700099999999765e+01 1.070578089375413128e-01
1.202315999999999940e+00 3.240698599999999630e+01 1.070486349167942552e-01
1.207059000000000104e+00 3.236413399999999996e+01 1.071654984473781047e-01
1.211802000000000046e+00 3.233491999999999678e+01 1.106247070220820888e-01
1.216544999999999987e+00 3.219309300000000462e+01 1.126793442616147861e-01
1.221287999999999929e+00 3.216302400000000716e+01 1.143198094548350668e-01
1.226031000000000093e+00 3.208916299999999922e+01 1.156182012129612913e-01
1.230774000000000035e+00 3.208824199999999394e+01 1.168912021280921892e-01
1.235516000000000059e+00 3.190795500000000473e+01 1.177284800285555433e-01
1.240259000000000000e+00 3.168456199999999967e+01 1.184015194782448849e-01
1.245001999999999942e+00 3.176252099999999956e+01 1.195740734826505058e-01
1.249745000000000106e+00 3.168392900000000623e+01 1.204056470040271859e-01
1.254488000000000048e+00 3.148792500000000061e+01 1.209714669779832913e-01
1.259230999999999989e+00 3.149395899999999671e+01 1.215993362203499073e-01
1.263973999999999931e+00 3.141317899999999597e+01 1.217554792227019400e-01
1.268715999999999955e+00 3.127900799999999748e+01 1.217897903847017932e-01
1.273458999999999897e+00 3.151836300000000435e+01 1.202515434369476194e-01
1.278202000000000060e+00 3.161515699999999995e+01 1.159850301881742707e-01
1.282945000000000002e+00 3.139965400000000528e+01 1.133843043377270182e-01
1.287687999999999944e+00 3.121875300000000308e+01 1.114651072204239091e-01
1.292431000000000108e+00 3.121327400000000551e+01 1.101679437361721831e-01
1.297174000000000049e+00 3.120733800000000002e+01 1.090604946121101204e-01
1.301916000000000073e+00 3.102257700000000185e+01 1.077736005432703148e-01
1.306659000000000015e+00 3.111210099999999557e+01 1.070619794221688154e-01
1.311401999999999957e+00 3.090355100000000022e+01 1.059147547071766643e-01
1.316144999999999898e+00 3.079229600000000033e+01 1.049979994730785293e-01
1.320888000000000062e+00 3.091537799999999692e+01 1.046838881125209120e-01
1.325631000000000004e+00 3.074434700000000475e+01 1.041250981127902764e-01
1.330373999999999945e+00 3.078058699999999703e+01 1.039322669601096677e-01
1.335117000000000109e+00 3.051248299999999603e+01 1.032367468374861125e-01
1.339858999999999911e+00 3.053119400000000638e+01 1.030340319743729138e-01
1.344602000000000075e+00 3.061187400000000025e+01 1.029439761650952495e-01
1.349345000000000017e+00 3.039456700000000211e+01 1.023602956941645353e-01
1.354087999999999958e+00 3.036052700000000115e+01 1.020919607816379304e-01
1.358830999999999900e+00 3.029673900000000231e+01 1.017782951970453292e-01
1.363574000000000064e+00 3.049055599999999799e+01 1.019017461861125434e-01
1.368317000000000005e+00 3.029627300000000290e+01 1.013806828713798847e-01
1.373059000000000029e+00 3.021096200000000209e+01 1.010469280856677032e-01
1.377801999999999971e+00 3.022127199999999903e+01 1.008756630125492715e-01
1.382544999999999913e+00 3.004686500000000393e+01 1.003998689634478386e-01
1.387288000000000077e+00 3.003589699999999851e+01 1.002014540358272532e-01
1.392031000000000018e+00 3.002418000000000120e+01 1.000047653751419963e-01
1.396773999999999960e+00 2.992437899999999829e+01 9.966341892156418969e-02
1.401516999999999902e+00 2.997995400000000288e+01 9.958372665610229491e-02
1.406260000000000066e+00 2.986823600000000312e+01 9.922910300602992562e-02
1.411002000000000089e+00 2.980059999999999576e+01 9.895048791645447150e-02
1.415745000000000031e+00 2.974918100000000010e+01 9.869998232980591035e-02
1.420487999999999973e+00 2.957287699999999830e+01 9.824508341633692021e-02
1.425230999999999915e+00 2.953572100000000233e+01 9.802349965012777111e-02
1.429974000000000078e+00 2.958754700000000071e+01 9.795183304406254732e-02
1.434717000000000020e+00 2.953229799999999727e+01 9.770354376197007418e-02
1.439459999999999962e+00 2.952497399999999672e+01 9.753653148851715304e-02
1.444201999999999986e+00 2.933067199999999985e+01 9.706253440092939277e-02
1.448944999999999927e+00 2.944585700000000017e+01 9.710203002745720902e-02
1.453688000000000091e+00 2.942791199999999918e+01 9.692221807064570205e-02
1.458431000000000033e+00 2.941484899999999669e+01 9.675184717072536633e-02
1.463173999999999975e+00 2.922549199999999558e+01 9.631891710631769465e-02
1.467916999999999916e+00 2.922731600000000185e+01 9.617879627683692534e-02
1.472660000000000080e+00 2.916859999999999076e+01 9.591073820285975216e-02
1.477402000000000104e+00 2.914371899999999727e+01 9.572676874924014589e-02
1.482145000000000046e+00 2.923841299999999777e+01 9.574043070877318040e-02
1.486887999999999987e+00 2.913777599999999524e+01 9.543563757487662225e-02
1.491630999999999929e+00 2.919896999999999565e+01 9.539584340049726829e-02
1.496374000000000093e+00 2.907020199999999477e+01 9.504649739153515908e-02
1.501117000000000035e+00 2.904807000000000272e+01 9.492135441707624799e-02
1.505859999999999976e+00 2.920981400000000150e+01 9.688767222848838900e-02
1.510602999999999918e+00 2.895318100000000072e+01 9.917443111814507051e-02
1.515344999999999942e+00 2.893093800000000471e+01 1.007790251780275037e-01
1.520088000000000106e+00 2.890716600000000014e+01 1.020648313065763979e-01
1.524831000000000047e+00 2.898206799999999816e+01 1.033567120330571437e-01
1.529573999999999989e+00 2.892645600000000172e+01 1.040702718410493055e-01
1.534316999999999931e+00 2.904826700000000272e+01 1.013901512764740775e-01
1.539060000000000095e+00 2.877482299999999782e+01 9.934588048663164916e-02
1.543803000000000036e+00 2.880121799999999865e+01 9.834305993669253954e-02
1.548545000000000060e+00 2.882315899999999687e+01 9.735320267598801536e-02
1.553288000000000002e+00 2.862506799999999885e+01 9.615712201126550007e-02
1.558030999999999944e+00 2.859644599999999670e+01 9.529953146904238115e-02
1.562774000000000107e+00 2.852200900000000416e+01 9.422276421285304127e-02
1.567517000000000049e+00 2.838462600000000435e+01 9.313056735343824832e-02
1.572259999999999991e+00 2.845027799999999729e+01 9.269156721249187381e-02
1.577002999999999933e+00 2.838769800000000032e+01 9.222571974306029152e-02
1.581746000000000096e+00 2.840861300000000256e+01 9.208156587186275277e-02
1.586487999999999898e+00 2.822329400000000277e+01 9.180486154010145117e-02
1.591231000000000062e+00 2.816454399999999936e+01 9.182678062212243364e-02
1.595974000000000004e+00 2.822375699999999554e+01 9.203654333903897589e-02
1.600716999999999945e+00 2.819478400000000562e+01 9.206936897144131493e-02
1.605460000000000109e+00 2.823646999999999707e+01 9.201771326679716867e-02
1.610203000000000051e+00 2.811615699999999762e+01 9.166808922699218320e-02
1.614945999999999993e+00 2.819461000000000084e+01 9.164601765976795877e-02
1.619688000000000017e+00 2.811783799999999900e+01 9.137459250446647308e-02
1.624430999999999958e+00 2.814570300000000458e+01 9.127552371342988191e-02
1.629173999999999900e+00 2.806307399999999319e+01 9.099924202934220330e-02
1.633917000000000064e+00 2.797334200000000237e+01 9.071450907684393272e-02
1.638660000000000005e+00 2.806766000000000005e+01 9.072997974341887040e-02
1.643402999999999947e+00 2.793390899999999988e+01 9.037841539562031790e-02
1.648146000000000111e+00 2.798747999999999791e+01 9.033093967949963610e-02
1.652889000000000053e+00 2.798771100000000089e+01 9.019928798237655809e-02
1.657631000000000077e+00 2.781498299999999446e+01 8.979088843635249506e-02
1.662374000000000018e+00 2.770751200000000125e+01 8.948869443224100051e-02
1.667116999999999960e+00 2.773515100000000189e+01 8.940591197048156080e-02
1.671859999999999902e+00 2.772342599999999990e+01 8.926129342464235450e-02
1.676603000000000065e+00 2.780306200000000061e+01 8.926496441927370129e-02
1.681346000000000007e+00 2.770980799999999888e+01 8.899161678377351392e-02
1.686088999999999949e+00 2.765985800000000339e+01 8.878869523879659442e-02
1.690830999999999973e+00 2.751525100000000634e+01 8.843570007434724267e-02
1.695573999999999915e+00 2.771297400000000266e+01 8.863295967567708100e-02
1.700317000000000078e+00 2.770944200000000279e+01 8.850780723703305375e-02
1.705060000000000020e+00 2.762200399999999689e+01 8.824967200367603293e-02
1.709802999999999962e+00 2.761026100000000127e+01 8.811355456915355433e-02
1.714545999999999903e+00 2.749959099999999879e+01 8.782111605711977187e-02
1.719289000000000067e+00 2.756569400000000059e+01 8.781099380654337760e-02
1.724031000000000091e+00 2.741208100000000059e+01 8.745127447861865411e-02
1.728774000000000033e+00 2.739321099999999731e+01 8.730766098618665538e-02
1.733516999999999975e+00 2.739297300000000135e+01 8.719492533404624157e-02
1.738259999999999916e+00 2.734772399999999948e+01 8.701074358046079205e-02
1.743003000000000080e+00 2.735113500000000641e+01 8.690442160915519410e-02
1.747746000000000022e+00 2.731656399999999962e+01 8.673920274575622202e-02
1.752488999999999963e+00 2.729888300000000001e+01 8.660153275877338630e-02
1.757231999999999905e+00 2.724259399999999687e+01 8.640315926213114339e-02
1.761973999999999929e+00 2.730175500000000355e+01 8.638801449616144434e-02
1.766717000000000093e+00 2.723538399999999982e+01 8.617532208005432293e-02
1.771460000000000035e+00 2.729787499999999767e+01 8.616705905850099989e-02
1.776202999999999976e+00 2.726564700000000130e+01 8.604815066288409864e-02
1.780945999999999918e+00 2.714849899999999749e+01 8.575965943165353433e-02
1.785689000000000082e+00 2.711644700000000086e+01 8.556269028284232969e-02
1.790432000000000023e+00 2.704270800000000463e+01 8.534201128021826066e-02
1.795174000000000047e+00 2.699870800000000060e+01 8.516866437203415852e-02
1.799916999999999989e+00 2.710580500000000370e+01 8.523331537935562030e-02
1.804659999999999931e+00 2.712049700000000030e+01 8.515370595553431454e-02
1.809403000000000095e+00 2.699683399999999978e+01 8.485723863472934003e-02
1.814146000000000036e+00 2.702728499999999912e+01 8.480322531155345955e-02
1.818888999999999978e+00 2.697085999999999828e+01 8.461315922547035795e-02
1.823631999999999920e+00 2.693154200000000031e+01 8.445079884484220367e-02
1.828375000000000083e+00 2.698008900000000310e+01 8.442682447499313958e-02
1.833117000000000107e+00 2.695171699999999504e+01 8.428262203540952402e-02
1.837860000000000049e+00 2.691126600000000124e+01 8.411982977832516140e-02
1.842602999999999991e+00 2.693823800000000190e+01 8.406320989644934516e-02
1.847345999999999933e+00 2.681615400000000093e+01 8.377468739325918956e-02
1.852089000000000096e+00 2.685277699999999612e+01 8.380309912974519271e-02
1.856832000000000038e+00 2.668715300000000212e+01 8.338413276286263387e-02
1.861574999999999980e+00 2.667071700000000334e+01 8.325602846449017824e-02
1.866317000000000004e+00 2.670986100000000008e+01 8.322096643339525757e-02
1.871059999999999945e+00 2.675393799999999800e+01 8.319385844520015005e-02
1.875803000000000109e+00 2.677012599999999765e+01 8.312305185061842627e-02
1.880546000000000051e+00 2.663833599999999890e+01 8.282347710688980902e-02
1.885288999999999993e+00 2.664599400000000173e+01 8.274107169916702920e-02
1.890031999999999934e+00 2.658475100000000069e+01 8.255199732898835241e-02
1.894775000000000098e+00 2.654928400000000011e+01 8.240292370973678615e-02
1.899516999999999900e+00 2.653416199999999847e+01 8.228664817997630165e-02
1.904260000000000064e+00 2.669775900000000135e+01 8.244692810754807033e-02
1.909003000000000005e+00 2.654975900000000166e+01 8.212597824223709375e-02
1.913745999999999947e+00 2.657509499999999747e+01 8.207261385799101416e-02
1.918489000000000111e+00 2.649756200000000561e+01 8.186138171197147873e-02
1.923232000000000053e+00 2.652234100000000083e+01 8.180874776260360637e-02
1.927974999999999994e+00 2.649092099999999661e+01 8.166721489673257894e-02
1.932717999999999936e+00 2.644273500000000610e+01 8.143820699122064632e-02
1.937459999999999960e+00 2.636615400000000164e+01 8.113049311025787025e-02
1.942202999999999902e+00 2.639951699999999590e+01 8.096050316571654082e-02
1.946946000000000065e+00 2.635243399999999880e+01 8.069175224155564208e-02
1.951689000000000007e+00 2.632324399999999898e+01 8.048808691999083387e-02
1.956431999999999949e+00 2.624676799999999588e+01 8.028433494093600853e-02
1.961174999999999891e+00 2.640121699999999549e+01 8.043548186332696859e-02
1.965918000000000054e+00 2.638727700000000098e+01 8.033091375038567405e-02
1.970660000000000078e+00 2.636748300000000000e+01 8.026302194590918815e-02
1.975403000000000020e+00 2.636842499999999490e+01 8.024283184359895515e-02
1.980145999999999962e+00 2.633386100000000241e+01 8.021223040183897424e-02
1.984888999999999903e+00 2.629616499999999490e+01 8.017603245708158910e-02
1.989632000000000067e+00 2.621852800000000272e+01 8.007874274114386293e-02
1.994375000000000009e+00 2.637043600000000154e+01 8.028093908879990748e-02
1.999117999999999951e+00 2.627038200000000145e+01 8.001329059600599536e-02
2.003861000000000114e+00 2.617924899999999866e+01 7.978952453436541359e-02
2.008602999999999916e+00 2.609520900000000054e+01 7.957633476802634942e-02
2.013345999999999858e+00 2.641855200000000536e+01 8.069324039251987712e-02
2.018088999999999800e+00 2.631581500000000418e+01 8.288631331547387238e-02
2.022832000000000185e+00 2.621883300000000006e+01 8.410273903036988297e-02
2.027575000000000127e+00 2.608668999999999727e+01 8.495154875574310871e-02
2.032318000000000069e+00 2.609707300000000174e+01 8.587942005256381239e-02
2.037061000000000011e+00 2.612246900000000238e+01 8.673907837000979781e-02
2.041802999999999813e+00 2.596523700000000190e+01 8.721053282170221355e-02
2.046546000000000198e+00 2.595649500000000032e+01 8.759441795512427908e-02
2.051289000000000140e+00 2.600808900000000179e+01 8.795073285142938901e-02
2.056032000000000082e+00 2.591591900000000237e+01 8.804361123718573712e-02
2.060775000000000023e+00 2.599587200000000209e+01 8.841247186135561820e-02
2.065517999999999965e+00 2.591991800000000268e+01 8.850132327039013369e-02
2.070260999999999907e+00 2.594404499999999913e+01 8.874915390966890694e-02
2.075003000000000153e+00 2.600998700000000241e+01 8.905804343729599448e-02
2.079746000000000095e+00 2.615635599999999883e+01 8.716211560823716731e-02
2.084489000000000036e+00 2.601369400000000454e+01 8.471588944293449719e-02
2.089231999999999978e+00 2.589722899999999939e+01 8.331722698118439185e-02
2.093974999999999920e+00 2.610034999999999883e+01 8.272646620446386101e-02
2.098717999999999861e+00 2.598415799999999720e+01 8.178826440326020242e-02
2.103460999999999803e+00 2.592680799999999408e+01 8.104905518256520780e-02
2.108204000000000189e+00 2.586794899999999942e+01 8.050715220094113722e-02
2.112945999999999991e+00 2.582710900000000009e+01 8.022964369252240380e-02
2.117688999999999933e+00 2.586790399999999934e+01 8.009873995208040276e-02
2.122431999999999874e+00 2.584558900000000037e+01 7.988281703631325281e-02
2.127174999999999816e+00 2.584483400000000231e+01 7.971238651266124298e-02
2.131918000000000202e+00 2.577952000000000155e+01 7.945149213061639126e-02
2.136661000000000143e+00 2.583916100000000071e+01 7.939103381197967768e-02
2.141404000000000085e+00 2.586259700000000095e+01 7.928082291606085297e-02
2.146145999999999887e+00 2.588823499999999811e+01 7.918011591490126122e-02
2.150888999999999829e+00 2.579786100000000104e+01 7.890681158557034947e-02
2.155632000000000215e+00 2.572500199999999992e+01 7.866552397713880151e-02
2.160375000000000156e+00 2.572021500000000316e+01 7.853155965370736680e-02
2.165118000000000098e+00 2.570710799999999807e+01 7.838887565650626277e-02
2.169861000000000040e+00 2.575644000000000489e+01 7.834464397314215567e-02
2.174603999999999981e+00 2.564942100000000025e+01 7.806533447056573927e-02
2.179346999999999923e+00 2.561507399999999990e+01 7.789889016548116885e-02
2.184089000000000169e+00 2.565924700000000058e+01 7.785464931260047128e-02
2.188832000000000111e+00 2.573731300000000033e+01 7.786376357703177209e-02
2.193575000000000053e+00 2.566461299999999568e+01 7.764653574191833496e-02
2.198317999999999994e+00 2.568491300000000166e+01 7.757147173804554430e-02
2.203060999999999936e+00 2.568818299999999866e+01 7.747252461088963149e-02
2.207803999999999878e+00 2.564699499999999688e+01 7.730873771994728472e-02
2.212546999999999819e+00 2.563356800000000391e+01 7.718818747664697721e-02
2.217289000000000065e+00 2.554726600000000047e+01 7.695894482847333296e-02
2.222032000000000007e+00 2.561172300000000135e+01 7.695833320305800473e-02
2.226774999999999949e+00 2.560433400000000148e+01 7.685082857217676033e-02
2.231517999999999891e+00 2.560303500000000554e+01 7.675372107367954555e-02
2.236260999999999832e+00 2.559917899999999591e+01 7.665342977147010517e-02
2.241004000000000218e+00 2.555565899999999857e+01 7.649533208480893687e-02
2.245747000000000160e+00 2.555603199999999831e+01 7.640415686692117458e-02
2.250490000000000101e+00 2.546738699999999866e+01 7.618072629182068289e-02
2.255231999999999903e+00 2.545042799999999517e+01 7.606516371090842055e-02
2.259974999999999845e+00 2.559326300000000032e+01 7.618891857053754213e-02
2.264717999999999787e+00 2.561367800000000372e+01 7.613095760476615292e-02
2.269461000000000173e+00 2.553758200000000400e+01 7.593024953863117266e-02
2.274204000000000114e+00 2.554352600000000351e+01 7.585182711587969140e-02
2.278947000000000056e+00 2.554674899999999838e+01 7.577054254717792425e-02
2.283689999999999998e+00 2.545975700000000330e+01 7.555625294114379220e-02
2.288431999999999800e+00 2.551169300000000106e+01 7.554867541674174791e-02
2.293175000000000185e+00 2.549139999999999873e+01 7.543423976429999844e-02
2.297918000000000127e+00 2.554885600000000068e+01 7.543579765088455347e-02
2.302661000000000069e+00 2.549797400000000636e+01 7.527784395568194731e-02
2.307404000000000011e+00 2.535800800000000521e+01 7.498933060042276000e-02
2.312146999999999952e+00 2.535215800000000286e+01 7.489889825372200716e-02
2.316889999999999894e+00 2.537285200000000174e+01 7.484835617895092830e-02
2.321632000000000140e+00 2.539305900000000094e+01 7.479802480744529580e-02
2.326375000000000082e+00 2.539725100000000069e+01 7.472441885788608240e-02
2.331118000000000023e+00 2.548441199999999895e+01 7.477264578139788953e-02
2.335860999999999965e+00 2.533402400000000299e+01 7.447296639334236024e-02
2.340603999999999907e+00 2.535963400000000334e+01 7.443213617570974827e-02
2.345346999999999849e+00 2.539636300000000091e+01 7.440828274984848112e-02
2.350089999999999790e+00 2.535021000000000058e+01 7.426299600727000183e-02
2.354833000000000176e+00 2.529556499999999630e+01 7.410586174437350238e-02
2.359574999999999978e+00 2.520421300000000286e+01 7.389588455721671223e-02
2.364317999999999920e+00 2.532731100000000168e+01 7.399986887703990934e-02
2.369060999999999861e+00 2.525641099999999639e+01 7.382045218570257306e-02
2.373803999999999803e+00 2.531816899999999748e+01 7.383539855142449981e-02
2.378547000000000189e+00 2.532011099999999715e+01 7.376314859480240238e-02
2.383290000000000131e+00 2.529914300000000082e+01 7.365832285164794491e-02
2.388033000000000072e+00 2.530490199999999845e+01 7.359230128123117609e-02
2.392774999999999874e+00 2.523667500000000175e+01 7.341927116329131919e-02
2.397517999999999816e+00 2.524237500000000267e+01 7.335439236937485452e-02
2.402261000000000202e+00 2.526044499999999715e+01 7.330788559177178754e-02
2.407004000000000143e+00 2.520290599999999870e+01 7.315135060672359191e-02
2.411747000000000085e+00 2.528164100000000047e+01 7.319311292691410564e-02
2.416490000000000027e+00 2.531816699999999898e+01 7.317406600136758255e-02
2.421232999999999969e+00 2.526656500000000349e+01 7.302787200936297629e-02
2.425975999999999910e+00 2.519805200000000056e+01 7.285717736780501774e-02
2.430718000000000156e+00 2.521887599999999807e+01 7.281629275586405659e-02
2.435461000000000098e+00 2.520106499999999983e+01 7.272036663820527491e-02
2.440204000000000040e+00 2.514376700000000042e+01 7.259300808048321785e-02
2.444946999999999981e+00 2.521539100000000033e+01 7.260043450493117168e-02
2.449689999999999923e+00 2.535787499999999994e+01 7.273501517125985361e-02
2.454432999999999865e+00 2.527449499999999816e+01 7.254578678017904736e-02
2.459175999999999807e+00 2.516654499999999572e+01 7.232182644671661387e-02
2.463918000000000053e+00 2.521175000000000210e+01 7.231745833786817901e-02
2.468660999999999994e+00 2.511136700000000133e+01 7.210492035246693354e-02
2.473403999999999936e+00 2.516707399999999595e+01 7.211649652187285264e-02
2.478146999999999878e+00 2.524001799999999918e+01 7.215302291708573790e-02
2.482889999999999819e+00 2.528039199999999909e+01 7.214251530326344641e-02
2.487633000000000205e+00 2.525629700000000000e+01 7.204055720894585180e-02
2.492376000000000147e+00 2.527516199999999813e+01 7.200011719527545095e-02
2.497117999999999949e+00 2.506469799999999992e+01 7.163282471066180490e-02
2.501860999999999891e+00 2.522770099999999616e+01 7.179848756222237394e-02
2.506603999999999832e+00 2.511722799999999722e+01 7.157465554954210718e-02
2.511347000000000218e+00 2.507164399999999915e+01 7.144192999041878989e-02
2.516090000000000160e+00 2.507221000000000188e+01 7.132189790907278448e-02
2.520833000000000101e+00 2.509172799999999626e+01 7.120348307320086001e-02
2.525576000000000043e+00 2.518481600000000142e+01 7.119033104213802476e-02
2.530318999999999985e+00 2.507736499999999680e+01 7.092210361358791681e-02
2.535060999999999787e+00 2.505024499999999676e+01 7.081897630686707912e-02
2.539804000000000173e+00 2.516021300000000238e+01 7.091001579927408427e-02
2.544547000000000114e+00 2.509030299999999869e+01 7.074811935255735651e-02
2.549290000000000056e+00 2.496085599999999971e+01 7.050201487365662101e-02
2.554032999999999998e+00 2.495385599999999826e+01 7.042935938357951231e-02
2.558775999999999939e+00 2.508663100000000057e+01 7.055330581109223176e-02
2.563518999999999881e+00 2.511499399999999937e+01 7.053293230177588857e-02
2.568261000000000127e+00 2.513503899999999902e+01 7.055521610330947602e-02
2.573004000000000069e+00 2.506981699999999691e+01 7.047981645916794047e-02
2.577747000000000011e+00 2.511136399999999824e+01 7.055377394958259329e-02
2.582489999999999952e+00 2.508961700000000050e+01 7.050393986519973288e-02
2.587232999999999894e+00 2.499092800000000025e+01 7.030314356963990319e-02
2.591975999999999836e+00 2.495401000000000025e+01 7.018893726679084621e-02
2.596719000000000221e+00 2.503403600000000040e+01 7.023912886823982515e-02
2.601462000000000163e+00 2.506744700000000137e+01 7.022393416520608667e-02
2.606203999999999965e+00 2.510941400000000101e+01 7.022115998569519735e-02
2.610946999999999907e+00 2.507965999999999696e+01 7.011793210298775114e-02
2.615689999999999849e+00 2.504993900000000195e+01 7.001491758043852653e-02
2.620432999999999790e+00 2.499420900000000145e+01 6.987583087605041265e-02
2.625176000000000176e+00 2.505311999999999983e+01 6.989716992956437891e-02
2.629919000000000118e+00 2.499592499999999973e+01 6.975678203860108395e-02
2.634662000000000059e+00 2.497717800000000210e+01 6.968504832913155478e-02
2.639403999999999861e+00 2.506828200000000351e+01 6.976367005581630976e-02
2.644146999999999803e+00 2.502070100000000252e+01 6.961422315343251954e-02
2.648890000000000189e+00 2.507271899999999931e+01 6.962257109393332755e-02
2.653633000000000131e+00 2.492826499999999967e+01 6.937248027422041052e-02
2.658376000000000072e+00 2.499554200000000037e+01 6.940798491620829569e-02
2.663119000000000014e+00 2.499097399999999780e+01 6.933026063679552375e-02
2.667861999999999956e+00 2.499471000000000132e+01 6.927587306916817289e-02
2.672604999999999897e+00 2.511204099999999784e+01 6.937895052893204573e-02
2.677347000000000143e+00 2.498312600000000216e+01 6.914186572248973151e-02
2.682090000000000085e+00 2.495179700000000267e+01 6.903982975338800177e-02
2.686833000000000027e+00 2.503268700000000280e+01 6.909332306350231268e-02
2.691575999999999969e+00 2.499158000000000257e+01 6.897777749715701401e-02
2.696318999999999910e+00 2.492485999999999535e+01 6.882744393211184808e-02
2.701061999999999852e+00 2.504297800000000507e+01 6.893246589486190512e-02
2.705804999999999794e+00 2.498598299999999739e+01 6.879604092361929490e-02
2.710547000000000040e+00 2.490765699999999683e+01 6.863031922269122176e-02
2.715289999999999981e+00 2.499410999999999916e+01 6.869204567812418893e-02
2.720032999999999923e+00 2.499412900000000093e+01 6.863471724991587752e-02
2.724775999999999865e+00 2.502502700000000146e+01 6.861974364630343826e-02
2.729518999999999807e+00 2.497546700000000186e+01 6.849454391473966397e-02
2.734262000000000192e+00 2.501729199999999409e+01 6.849503751917360161e-02
2.739005000000000134e+00 2.498477600000000365e+01 6.839391976975366105e-02
2.743746999999999936e+00 2.479076900000000094e+01 6.807133424438439884e-02
2.748489999999999878e+00 2.487252500000000310e+01 6.812720223736844216e-02
2.753232999999999819e+00 2.490962599999999583e+01 6.812197083641517714e-02
2.757976000000000205e+00 2.501406800000000175e+01 6.820850235727214661e-02
2.762719000000000147e+00 2.507017499999999899e+01 6.822884290981051647e-02
2.767462000000000089e+00 2.502742100000000036e+01 6.811471507697511307e-02
2.772205000000000030e+00 2.494172299999999964e+01 6.794259480268839690e-02
2.776947999999999972e+00 2.490889399999999654e+01 6.784245181566037064e-02
2.781690000000000218e+00 2.490063699999999969e+01 6.777591738048552306e-02
2.786433000000000160e+00 2.490339600000000075e+01 6.772437590728393186e-02
2.791176000000000101e+00 2.495120899999999864e+01 6.773438205513945820e-02
2.795919000000000043e+00 2.496026900000000381e+01 6.769188491625122150e-02
2.800661999999999985e+00 2.493961099999999576e+01 6.762465765897154868e-02
2.805404999999999927e+00 2.481459700000000268e+01 6.739065993039464186e-02
2.810147999999999868e+00 2.483016799999999691e+01 6.738957252439875534e-02
2.814890000000000114e+00 2.499199300000000079e+01 6.756328901660427211e-02
2.819633000000000056e+00 2.510404399999999825e+01 6.896947617628540472e-02
2.824375999999999998e+00 2.498782299999999879e+01 7.025403306924878077e-02
2.829118999999999939e+00 2.511733999999999867e+01 7.134599138636590898e-02
2.833861999999999881e+00 2.489594100000000054e+01 7.177254619851450301e-02
2.838604999999999823e+00 2.491947900000000260e+01 7.243473999433144850e-02
2.843348000000000209e+00 2.486899899999999874e+01 7.266650312819999957e-02
2.848091000000000150e+00 2.488795600000000263e+01 7.291481707162202064e-02
2.852832999999999952e+00 2.493444300000000169e+01 7.319594344850813283e-02
2.857575999999999894e+00 2.478007000000000204e+01 7.316488686222578919e-02
2.862318999999999836e+00 2.486999200000000343e+01 7.348029887996712639e-02
2.867062000000000221e+00 2.492642299999999977e+01 7.373597481630930761e-02
2.871805000000000163e+00 2.498872300000000024e+01 7.399098819975172270e-02
2.876548000000000105e+00 2.495425799999999938e+01 7.409431907532655626e-02
2.881291000000000047e+00 2.489485099999999917e+01 7.380602593010139600e-02
2.886032999999999848e+00 2.508763199999999571e+01 7.197885343855095486e-02
2.890775999999999790e+00 2.496395000000000408e+01 7.067257116690180141e-02
2.895519000000000176e+00 2.489643899999999732e+01 6.981448474738462251e-02
2.900262000000000118e+00 2.491440800000000166e+01 6.923587327945607273e-02
2.905005000000000059e+00 2.491500599999999821e+01 6.886355636752795883e-02
2.909748000000000001e+00 2.493235700000000321e+01 6.870705140295062241e-02
2.914490999999999943e+00 2.490920599999999752e+01 6.851437300798643437e-02
2.919233000000000189e+00 2.491297300000000092e+01 6.837357149036679682e-02
2.923976000000000131e+00 2.485190499999999503e+01 6.815568610625674650e-02
2.928719000000000072e+00 2.493619100000000088e+01 6.814650471941316456e-02
2.933462000000000014e+00 2.480955399999999855e+01 6.785594461686315915e-02
2.938204999999999956e+00 2.480064800000000247e+01 6.773273584282049620e-02
2.942947999999999897e+00 2.495599800000000101e+01 6.783931141894425365e-02
2.947690999999999839e+00 2.487741799999999870e+01 6.763160667849536789e-02
2.952433999999999781e+00 2.487520599999999860e+01 6.753931443595204143e-02
2.957176000000000027e+00 2.484078199999999725e+01 6.740584603412377862e-02
2.961918999999999969e+00 2.485411399999999915e+01 6.732013649763643470e-02
2.966661999999999910e+00 2.484696399999999983e+01 6.722341942438811446e-02
2.971404999999999852e+00 2.486119500000000215e+01 6.715768109669362218e-02
2.976147999999999794e+00 2.501471000000000089e+01 6.728208012149147765e-02
2.980891000000000179e+00 2.478694499999999934e+01 6.689474726671443272e-02
2.985634000000000121e+00 2.482911399999999702e+01 6.687295849666366476e-02
2.990375999999999923e+00 2.481552399999999992e+01 6.679520436209024359e-02
2.995118999999999865e+00 2.484435200000000066e+01 6.674420037886438783e-02
2.999861999999999806e+00 2.483001100000000250e+01 6.664797136557121249e-02
3.004605000000000192e+00 2.481716200000000327e+01 6.655806617086917898e-02
3.009348000000000134e+00 2.484281199999999856e+01 6.652122409611536946e-02
3.014091000000000076e+00 2.492341799999999807e+01 6.657881667205417520e-02
3.018834000000000017e+00 2.502099600000000024e+01 6.661921135212725553e-02
3.023576999999999959e+00 2.496822599999999781e+01 6.648052319280436939e-02
3.028319000000000205e+00 2.494933900000000193e+01 6.638774174322169264e-02
3.033062000000000147e+00 2.487308399999999864e+01 6.621956810643814251e-02
3.037805000000000089e+00 2.486487799999999737e+01 6.614316088899969970e-02
3.042548000000000030e+00 2.490554399999999902e+01 6.613243315048070170e-02
3.047290999999999972e+00 2.486628199999999822e+01 6.601613833405661769e-02
3.052033999999999914e+00 2.486006599999999978e+01 6.594435074821648757e-02
3.056776999999999855e+00 2.488085899999999739e+01 6.590902388588075478e-02
3.061519000000000101e+00 2.489125399999999999e+01 6.586058878508982417e-02
3.066262000000000043e+00 2.489422900000000283e+01 6.580302807700796897e-02
3.071004999999999985e+00 2.482670399999999944e+01 6.566599008275821048e-02
3.075747999999999927e+00 2.490279799999999710e+01 6.570901310066831758e-02
3.080490999999999868e+00 2.484076499999999754e+01 6.556034188429542275e-02
3.085233999999999810e+00 2.499965999999999866e+01 6.570044516123921263e-02
3.089977000000000196e+00 2.486734600000000128e+01 6.548593512246350667e-02
3.094720000000000137e+00 2.493221600000000393e+01 6.549497348352542603e-02
3.099461999999999939e+00 2.487426599999999866e+01 6.535990567122400285e-02
3.104204999999999881e+00 2.480522100000000307e+01 6.521140868855848649e-02
3.108947999999999823e+00 2.477586500000000314e+01 6.511529250346727304e-02
3.113691000000000209e+00 2.476860000000000284e+01 6.504944475518602276e-02
3.118434000000000150e+00 2.485135399999999706e+01 6.510165160627648384e-02
3.123177000000000092e+00 2.481265099999999890e+01 6.499457539450041732e-02
3.127920000000000034e+00 2.473585699999999932e+01 6.483825082055268141e-02
3.132661999999999836e+00 2.464843699999999771e+01 6.466840442948086631e-02
3.137405000000000221e+00 2.480262500000000259e+01 6.481546964766744801e-02
3.142148000000000163e+00 2.475175500000000284e+01 6.469385168689062438e-02
3.146891000000000105e+00 2.482071499999999986e+01 6.473781888693347364e-02
3.151634000000000047e+00 2.480318700000000121e+01 6.466314435551522022e-02
3.156376999999999988e+00 2.481034799999999763e+01 6.460844712506019771e-02
3.161119999999999930e+00 2.488914199999999965e+01 6.465749598867095993e-02
3.165862000000000176e+00 2.484455600000000075e+01 6.459123736193092546e-02
3.170605000000000118e+00 2.477234000000000336e+01 6.442768316722245758e-02
3.175348000000000059e+00 2.477394600000000224e+01 6.434867316543287086e-02
3.180091000000000001e+00 2.477230199999999982e+01 6.429399410121991454e-02
3.184833999999999943e+00 2.484329799999999722e+01 6.433368567158498363e-02
3.189576999999999884e+00 2.488643499999999875e+01 6.433738947483259862e-02
3.194319999999999826e+00 2.479373500000000163e+01 6.414719919981853868e-02
3.199063000000000212e+00 2.497332200000000313e+01 6.426116391343220102e-02
3.203805000000000014e+00 2.476162300000000371e+01 6.386961708528397785e-02
3.208547999999999956e+00 2.487155800000000028e+01 6.393246661459262015e-02
3.213290999999999897e+00 2.484613199999999722e+01 6.384932401652346212e-02
3.218033999999999839e+00 2.479570700000000016e+01 6.373456562570187223e-02
3.222776999999999781e+00 2.478532700000000233e+01 6.367123325984662408e-02
3.227520000000000167e+00 2.478062900000000468e+01 6.361556388976599696e-02
3.232263000000000108e+00 2.490608900000000148e+01 6.372673632218191220e-02
3.237004999999999910e+00 2.471327199999999991e+01 6.343042123890160755e-02
3.241747999999999852e+00 2.478038200000000302e+01 6.346723202158890964e-02
3.246490999999999794e+00 2.486946999999999974e+01 6.353253511524861730e-02
3.251234000000000179e+00 2.488181100000000257e+01 6.351722498788184290e-02
3.255977000000000121e+00 2.482547200000000132e+01 6.346158820781197529e-02
3.260720000000000063e+00 2.483215399999999917e+01 6.348822930168472600e-02
3.265463000000000005e+00 2.476244700000000165e+01 6.337622788244895444e-02
3.270205999999999946e+00 2.480488300000000024e+01 6.338226481666382750e-02
3.274948000000000192e+00 2.473925300000000149e+01 6.325012467425340790e-02
3.279691000000000134e+00 2.475583900000000170e+01 6.322297090611686543e-02
3.284434000000000076e+00 2.480220500000000072e+01 6.323449080893669971e-02
3.289177000000000017e+00 2.482831299999999786e+01 6.322001975067628732e-02
3.293919999999999959e+00 2.480788100000000185e+01 6.314618173667352341e-02
3.298662999999999901e+00 2.477870099999999809e+01 6.306162552785885000e-02
3.303405999999999842e+00 2.471211299999999866e+01 6.292986503424267963e-02
3.308148000000000089e+00 2.479323100000000224e+01 6.298596482194346313e-02
3.312891000000000030e+00 2.475502699999999834e+01 6.289033773140831340e-02
3.317633999999999972e+00 2.476408199999999837e+01 6.285500953219719245e-02
3.322376999999999914e+00 2.476477700000000226e+01 6.281021516164946028e-02
3.327119999999999855e+00 2.485524000000000555e+01 6.289397933494587922e-02
3.331862999999999797e+00 2.480313499999999749e+01 6.276507718329119023e-02
3.336606000000000183e+00 2.475117600000000095e+01 6.265308430977201137e-02
3.341347999999999985e+00 2.475745299999999816e+01 6.261533360809554138e-02
3.346090999999999926e+00 2.476082099999999997e+01 6.257370604136693049e-02
3.350833999999999868e+00 2.472872300000000223e+01 6.248693555127103616e-02
3.355576999999999810e+00 2.472335400000000050e+01 6.243493412349452459e-02
3.360320000000000196e+00 2.475324000000000169e+01 6.242728417745400243e-02
3.365063000000000137e+00 2.485158600000000462e+01 6.250571383865478892e-02
3.369806000000000079e+00 2.485357499999999931e+01 6.246285860410087654e-02
3.374549000000000021e+00 2.497685999999999851e+01 6.257224568389886665e-02
3.379290999999999823e+00 2.501271200000000050e+01 6.326828683139128218e-02
3.384034000000000209e+00 2.483480700000000496e+01 6.452223901277914786e-02
3.388777000000000150e+00 2.485212899999999792e+01 6.539799310030317003e-02
3.393520000000000092e+00 2.466636199999999945e+01 6.582431778637662378e-02
3.398263000000000034e+00 2.475814100000000195e+01 6.634546265325610981e-02
3.403005999999999975e+00 2.481982500000000158e+01 6.660707798058251861e-02
3.407748999999999917e+00 2.478662599999999827e+01 6.652823077134248364e-02
3.412491000000000163e+00 2.466511600000000115e+01 6.640171848965431556e-02
3.417234000000000105e+00 2.475276899999999713e+01 6.669667144498292455e-02
3.421977000000000046e+00 2.469411500000000004e+01 6.677859078214738731e-02
3.426719999999999988e+00 2.481685399999999930e+01 6.708100325385571439e-02
3.431462999999999930e+00 2.475802499999999640e+01 6.714095737468524228e-02
3.436205999999999872e+00 2.480913500000000127e+01 6.735577409398023352e-02
3.440948999999999813e+00 2.476777200000000079e+01 6.742170606684246004e-02
3.445692000000000199e+00 2.471708399999999983e+01 6.748551939240743369e-02
3.450434000000000001e+00 2.479127499999999884e+01 6.768096497246474386e-02
3.455176999999999943e+00 2.486658900000000116e+01 6.789497714926415184e-02
3.459919999999999884e+00 2.486403800000000075e+01 6.799805319664674330e-02
3.464662999999999826e+00 2.487690899999999772e+01 6.811833669323408280e-02
3.469406000000000212e+00 2.480757000000000190e+01 6.812265132791220368e-02
3.474149000000000154e+00 2.470077399999999912e+01 6.807162214661774402e-02
3.478892000000000095e+00 2.474904899999999586e+01 6.823117995837754690e-02
3.483633999999999897e+00 2.479517500000000396e+01 6.838455755259954805e-02
3.488376999999999839e+00 2.474707000000000079e+01 6.840582096249704647e-02
3.493119999999999781e+00 2.479758100000000098e+01 6.856074622862196044e-02
3.497863000000000167e+00 2.470729200000000247e+01 6.851863254821347060e-02
3.502606000000000108e+00 2.468891999999999953e+01 6.857369461807640010e-02
3.507349000000000050e+00 2.468704100000000068e+01 6.864951897292799476e-02
3.512091999999999992e+00 2.462044699999999509e+01 6.863327323967945148e-02
3.516833999999999794e+00 2.477420699999999698e+01 6.892199905629189938e-02
3.521577000000000179e+00 2.478409400000000318e+01 6.900877658650964031e-02
3.526320000000000121e+00 2.479346200000000167e+01 6.909342834026618863e-02
3.531063000000000063e+00 2.473917399999999844e+01 6.908758204748374765e-02
3.535806000000000004e+00 2.476890399999999914e+01 6.919781904705160636e-02
3.540548999999999946e+00 2.479742300000000199e+01 6.930412082933382067e-02
3.545291999999999888e+00 2.471256000000000341e+01 6.925140734793841513e-02
3.550034999999999830e+00 2.482423299999999955e+01 6.947231039455864510e-02
3.554777000000000076e+00 2.464572800000000186e+01 6.928475872552995740e-02
3.559520000000000017e+00 2.487197899999999962e+01 6.966419622725220084e-02
3.564262999999999959e+00 2.480126899999999779e+01 6.962577902022569487e-02
3.569005999999999901e+00 2.486456499999999892e+01 6.978783203738958552e-02
3.573748999999999842e+00 2.479028299999999874e+01 6.976242910796541519e-02
3.578491999999999784e+00 2.478479499999999902e+01 6.977836885338320472e-02
3.583235000000000170e+00 2.478201800000000077e+01 6.983143107518205439e-02
3.587976999999999972e+00 2.478110900000000427e+01 6.986176431707832868e-02
3.592719999999999914e+00 2.476233000000000217e+01 6.978092800269139473e-02
3.597462999999999855e+00 2.464951300000000600e+01 6.955976653462259129e-02
3.602205999999999797e+00 2.466421200000000269e+01 6.951899470120018187e-02
3.606949000000000183e+00 2.471175700000000219e+01 6.952452265090570960e-02
3.611692000000000125e+00 2.481056699999999893e+01 6.965397152983668350e-02
3.616435000000000066e+00 2.475798599999999894e+01 6.964972084733650481e-02
3.621178000000000008e+00 2.492050900000000269e+01 7.072253207152159882e-02
3.625919999999999810e+00 2.482137000000000171e+01 7.310547470572570372e-02
3.630663000000000196e+00 2.475990700000000189e+01 7.443663662160185379e-02
3.635406000000000137e+00 2.483283399999999830e+01 7.561006749735978139e-02
3.640149000000000079e+00 2.481849000000000416e+01 7.637184827807495802e-02
3.644892000000000021e+00 2.481644400000000417e+01 7.689099521847145291e-02
3.649634999999999962e+00 2.474233599999999811e+01 7.727134137112542933e-02
3.654377999999999904e+00 2.469755099999999715e+01 7.763035691769554214e-02
3.659120000000000150e+00 2.467024599999999879e+01 7.802032550645504605e-02
3.663863000000000092e+00 2.475676399999999688e+01 7.857495605419897999e-02
3.668606000000000034e+00 2.473079799999999651e+01 7.893816764355250648e-02
3.673348999999999975e+00 2.468213000000000079e+01 7.925354280539703700e-02
3.678091999999999917e+00 2.473002699999999976e+01 7.971435059723938621e-02
3.682834999999999859e+00 2.465461200000000375e+01 7.996851994038091382e-02
3.687577999999999800e+00 2.468534100000000109e+01 8.038697296190285002e-02
3.692321000000000186e+00 2.465771400000000213e+01 8.070490068224171754e-02
3.697062999999999988e+00 2.468930300000000244e+01 8.111388310158502979e-02
3.701805999999999930e+00 2.469128399999999957e+01 8.147002380528559073e-02
3.706548999999999872e+00 2.460576199999999858e+01 8.167699560462662878e-02
3.711291999999999813e+00 2.469944699999999926e+01 8.217695089183341128e-02
3.716035000000000199e+00 2.484663400000000166e+01 8.276409674919432691e-02
3.720778000000000141e+00 2.479390899999999931e+01 8.301558670991007749e-02
3.725521000000000083e+00 2.475532900000000325e+01 8.328740554690125530e-02
3.730262999999999884e+00 2.465111500000000078e+01 8.344550092872353442e-02
3.735005999999999826e+00 2.468831100000000234e+01 8.383960539390615530e-02
3.739749000000000212e+00 2.468983000000000061e+01 8.417187279865642746e-02
3.744492000000000154e+00 2.481963900000000223e+01 8.472172060569828356e-02
3.749235000000000095e+00 2.476296799999999720e+01 8.495144473329810375e-02
3.753978000000000037e+00 2.483220299999999980e+01 8.539643044207878564e-02
3.758720999999999979e+00 2.464876299999999887e+01 8.540389356915351060e-02
3.763462999999999781e+00 2.472137400000000085e+01 8.585310414983199356e-02
3.768206000000000166e+00 2.478298200000000406e+01 8.628266386700170210e-02
3.772949000000000108e+00 2.471331200000000550e+01 8.648273126680146305e-02
3.777692000000000050e+00 2.477742200000000139e+01 8.691582377524245673e-02
3.782434999999999992e+00 2.482181500000000085e+01 8.731486837954517688e-02
3.787177999999999933e+00 2.465434700000000134e+01 8.733905483659529234e-02
3.791920999999999875e+00 2.473316000000000159e+01 8.779826700536746964e-02
3.796663999999999817e+00 2.478547000000000367e+01 8.821040453603759546e-02
3.801406000000000063e+00 2.465616100000000088e+01 8.829911326604078514e-02
3.806149000000000004e+00 2.464869499999999647e+01 8.860459556534525105e-02
3.810891999999999946e+00 2.465310499999999649e+01 8.893107020021742692e-02
3.815634999999999888e+00 2.457334599999999725e+01 8.910486842251438833e-02
3.820377999999999830e+00 2.464958000000000027e+01 8.956183308022452882e-02
3.825121000000000215e+00 2.469729600000000147e+01 8.996761053405386011e-02
3.829864000000000157e+00 2.480135299999999887e+01 9.047748683997416941e-02
3.834605999999999959e+00 2.477541799999999839e+01 9.075062671751032983e-02
3.839348999999999901e+00 2.466001999999999938e+01 9.085976671201616284e-02
3.844091999999999842e+00 2.463303799999999910e+01 9.113003409229528118e-02
3.848834999999999784e+00 2.466329800000000461e+01 9.151000595920044667e-02
3.853578000000000170e+00 2.467469199999999674e+01 9.190139172676384249e-02
3.858321000000000112e+00 2.464902999999999977e+01 9.212428362486678457e-02
3.863064000000000053e+00 2.477307100000000162e+01 9.267977889340910103e-02
3.867806999999999995e+00 2.460998199999999869e+01 9.269825747782803327e-02
3.872548999999999797e+00 2.457869099999999918e+01 9.296284452856742875e-02
3.877292000000000183e+00 2.468197400000000385e+01 9.348362592175488150e-02
3.882035000000000124e+00 2.468973000000000084e+01 9.382540994676015489e-02
3.886778000000000066e+00 2.468901899999999827e+01 9.415122899113266552e-02
3.891521000000000008e+00 2.464515000000000100e+01 9.439572210325422597e-02
3.896263999999999950e+00 2.464528100000000066e+01 9.472477252317632046e-02
3.901006999999999891e+00 2.476563700000000168e+01 9.528662553008107605e-02
3.905749000000000137e+00 2.468641099999999966e+01 9.546643608625651756e-02
3.910492000000000079e+00 2.458098299999999625e+01 9.559487291923610131e-02
3.915235000000000021e+00 2.462572399999999817e+01 9.601482364787219947e-02
3.919977999999999962e+00 2.471278900000000434e+01 9.647804889745802137e-02
3.924720999999999904e+00 2.464252000000000109e+01 9.642620392930285889e-02
3.929463999999999846e+00 2.480781999999999954e+01 9.682344437157511252e-02
3.934206999999999788e+00 2.475191999999999837e+01 9.684147317260308196e-02
3.938949000000000034e+00 2.464263300000000001e+01 9.673311382964884519e-02
3.943691999999999975e+00 2.464721499999999921e+01 9.684664427505838835e-02
3.948434999999999917e+00 2.458760600000000096e+01 9.683325078046228773e-02
3.953177999999999859e+00 2.466692300000000415e+01 9.712027526415172030e-02
3.957920999999999800e+00 2.459228099999999984e+01 9.714432335591668966e-02
3.962664000000000186e+00 2.468970399999999898e+01 9.734525820683459507e-02
3.967407000000000128e+00 2.477823699999999718e+01 9.777090514614969474e-02
3.972150000000000070e+00 2.470397200000000026e+01 9.795336134713653053e-02
3.976891999999999872e+00 2.466521699999999839e+01 9.820683238702590523e-02
3.981634999999999813e+00 2.476579899999999768e+01 9.873914744465843440e-02
3.986378000000000199e+00 2.476258299999999934e+01 9.906700088030877260e-02
3.991121000000000141e+00 2.459667199999999809e+01 9.906850354498597522e-02
3.995864000000000082e+00 2.467595299999999980e+01 9.956496297340244883e-02
4.000606999999999580e+00 2.483326799999999679e+01 1.002211316347251246e-01
4.005349999999999966e+00 2.471924200000000127e+01 1.003317389117087954e-01
4.010092000000000212e+00 2.462809799999999782e+01 1.004881089828771612e-01
4.014834999999999710e+00 2.470716999999999786e+01 1.009930054726944915e-01
4.019578000000000095e+00 2.465122500000000016e+01 1.012244825513363561e-01
4.024320999999999593e+00 2.460593099999999822e+01 1.014777204339213645e-01
4.029063999999999979e+00 2.457368999999999915e+01 1.017605144789721361e-01
4.033807000000000365e+00 2.466820099999999627e+01 1.023071249388453063e-01
4.038549999999999862e+00 2.466454000000000235e+01 1.026532885775141707e-01
4.043293000000000248e+00 2.454454499999999939e+01 1.027574076069730225e-01
4.048034999999999606e+00 2.470621600000000129e+01 1.034533645220613585e-01
4.052777999999999992e+00 2.467169400000000223e+01 1.037403990725397074e-01
4.057521000000000377e+00 2.464316400000000229e+01 1.040423048270048695e-01
4.062263999999999875e+00 2.470957200000000142e+01 1.045469487077619053e-01
4.067007000000000261e+00 2.466672899999999657e+01 1.048228065339952553e-01
4.071749999999999758e+00 2.472571300000000605e+01 1.053173104789250497e-01
4.076493000000000144e+00 2.457972000000000179e+01 1.053761257155988867e-01
4.081235000000000390e+00 2.463156299999999987e+01 1.058597581522421616e-01
4.085977999999999888e+00 2.460994900000000030e+01 1.061893811054881454e-01
4.090721000000000274e+00 2.461593900000000446e+01 1.065801387990755050e-01
4.095463999999999771e+00 2.463583399999999912e+01 1.070038903178963940e-01
4.100207000000000157e+00 2.466854800000000125e+01 1.074581178315244800e-01
4.104949999999999655e+00 2.466761699999999990e+01 1.078434448557727549e-01
4.109693000000000040e+00 2.460875699999999711e+01 1.081025008905284190e-01
4.114436000000000426e+00 2.463513199999999870e+01 1.085513576572872674e-01
4.119177999999999784e+00 2.460153599999999940e+01 1.088717827349965778e-01
4.123921000000000170e+00 2.453674000000000177e+01 1.091241033739026867e-01
4.128663999999999668e+00 2.477270699999999692e+01 1.100490814442692117e-01
4.133407000000000053e+00 2.467160900000000012e+01 1.102280732655007423e-01
4.138150000000000439e+00 2.471078800000000086e+01 1.107215852615478086e-01
4.142892999999999937e+00 2.459804700000000111e+01 1.108771449571217954e-01
4.147636000000000323e+00 2.477272699999999617e+01 1.116830372654272069e-01
4.152377999999999680e+00 2.465733200000000025e+01 1.118387040733466453e-01
4.157121000000000066e+00 2.479547699999999821e+01 1.125711605854701203e-01
4.161863999999999564e+00 2.470386500000000041e+01 1.127854381258077271e-01
4.166606999999999950e+00 2.464520899999999770e+01 1.130766972713029839e-01
4.171350000000000335e+00 2.464415100000000081e+01 1.135022476788424689e-01
4.176092999999999833e+00 2.460700700000000296e+01 1.138551122059883597e-01
4.180836000000000219e+00 2.457198499999999797e+01 1.143662829469546949e-01
4.185577999999999577e+00 2.477708200000000005e+01 1.151606812638632238e-01
4.190320999999999962e+00 2.490575799999999873e+01 1.158634199666469244e-01
4.195064000000000348e+00 2.477778900000000206e+01 1.160128767380906034e-01
4.199806999999999846e+00 2.474302400000000191e+01 1.163823779899951089e-01
4.204550000000000232e+00 2.470803599999999989e+01 1.167550821284581153e-01
4.209292999999999729e+00 2.462467199999999679e+01 1.170170406228075721e-01
4.214036000000000115e+00 2.456648500000000013e+01 1.173394985880883840e-01
4.218778999999999613e+00 2.471822199999999725e+01 1.181691369120435875e-01
4.223520999999999859e+00 2.479592699999999894e+01 1.188266792139025529e-01
4.228264000000000244e+00 2.497416400000000181e+01 1.197319644416126733e-01
4.233006999999999742e+00 2.475833300000000037e+01 1.196935688173036139e-01
4.237750000000000128e+00 2.462198199999999915e+01 1.198471960532502545e-01
4.242492999999999626e+00 2.477308099999999769e+01 1.207045163804225663e-01
4.247236000000000011e+00 2.469398100000000085e+01 1.210044462044907593e-01
4.251979000000000397e+00 2.477652199999999993e+01 1.217105269949505936e-01
4.256720999999999755e+00 2.473688200000000137e+01 1.223224908920289150e-01
4.261464000000000141e+00 2.482216100000000125e+01 1.228719478780527091e-01
4.266206999999999638e+00 2.478994699999999440e+01 1.232658521416101632e-01
4.270950000000000024e+00 2.484532600000000357e+01 1.239234445221064629e-01
4.275693000000000410e+00 2.493804499999999891e+01 1.246793661652937646e-01
4.280435999999999908e+00 2.475286299999999784e+01 1.247455766528472870e-01
4.285179000000000293e+00 2.485720599999999791e+01 1.255440398798760016e-01
4.289921999999999791e+00 2.475692699999999746e+01 1.258304123556662213e-01
4.294664000000000037e+00 2.469479600000000374e+01 1.262186297332093532e-01
4.299407000000000423e+00 2.474930300000000116e+01 1.269081684787515818e-01
4.304149999999999920e+00 2.469817300000000415e+01 1.273333602269534903e-01
4.308893000000000306e+00 2.467409400000000019e+01 1.278349719151070096e-01
4.313635999999999804e+00 2.473255699999999990e+01 1.285545963916650547e-01
4.318379000000000190e+00 2.474705999999999761e+01 1.291682441411103888e-01
4.323121999999999687e+00 2.501986199999999982e+01 1.305551044855600418e-01
4.327863999999999933e+00 2.487956000000000145e+01 1.307517036143671096e-01
4.332607000000000319e+00 2.481021799999999899e+01 1.311011143981175298e-01
4.337349999999999817e+00 2.474275000000000091e+01 1.315260050997763552e-01
4.342093000000000202e+00 2.475601600000000246e+01 1.321705265288082298e-01
4.346835999999999700e+00 2.481691199999999498e+01 1.329497518198601291e-01
4.351579000000000086e+00 2.469396400000000114e+01 1.332417014056477833e-01
4.356321999999999584e+00 2.474411599999999822e+01 1.340082010332800388e-01
4.361063999999999830e+00 2.488706799999999930e+01 1.350355621482622615e-01
4.365807000000000215e+00 2.481155199999999894e+01 1.354784082923729260e-01
4.370549999999999713e+00 2.487887299999999868e+01 1.363169715043765218e-01
4.375293000000000099e+00 2.474823500000000109e+01 1.366209173683301803e-01
4.380035999999999596e+00 2.480683499999999952e+01 1.375170510974751958e-01
4.384778999999999982e+00 2.491917499999999919e+01 1.385650462295502650e-01
4.389522000000000368e+00 2.467810199999999554e+01 1.384625692271976294e-01
4.394264999999999866e+00 2.455411399999999844e+01 1.387924561827119097e-01
4.399007000000000112e+00 2.477629999999999910e+01 1.396923829442343057e-01
4.403749999999999609e+00 2.472235799999999983e+01 1.396362640864628468e-01
4.408492999999999995e+00 2.489513699999999830e+01 1.402184516963630723e-01
4.413236000000000381e+00 2.481766100000000463e+01 1.400938496530796940e-01
4.417978999999999878e+00 2.478637700000000166e+01 1.400994877861022059e-01
4.422722000000000264e+00 2.487831199999999754e+01 1.404537869830493335e-01
4.427464999999999762e+00 2.464828200000000535e+01 1.398928320627347288e-01
4.432207000000000008e+00 2.469653000000000276e+01 1.401225457613234915e-01
4.436950000000000394e+00 2.493882499999999780e+01 1.409771575606768301e-01
4.441692999999999891e+00 2.466098900000000071e+01 1.408243176788764039e-01
4.446436000000000277e+00 2.472601700000000235e+01 1.417324889013376610e-01
4.451178999999999775e+00 2.467605700000000013e+01 1.423187563032957959e-01
4.455922000000000160e+00 2.478330799999999812e+01 1.433692750944169370e-01
4.460664999999999658e+00 2.486895699999999820e+01 1.443707453560595932e-01
4.465408000000000044e+00 2.497803800000000152e+01 1.454530312778640755e-01
4.470150000000000290e+00 2.477522700000000100e+01 1.456346886699573517e-01
4.474892999999999788e+00 2.482708500000000029e+01 1.465726925381163892e-01
4.479636000000000173e+00 2.462244100000000202e+01 1.467597286665432432e-01
4.484378999999999671e+00 2.479769399999999990e+01 1.480899160589123631e-01
4.489122000000000057e+00 2.494894199999999884e+01 1.493632697712402868e-01
4.493865000000000443e+00 2.477930899999999781e+01 1.496862272012051132e-01
4.498607999999999940e+00 2.479987500000000011e+01 1.505931957784182318e-01
4.503350000000000186e+00 2.481112599999999802e+01 1.514846874658557774e-01
4.508092999999999684e+00 2.469107599999999891e+01 1.519869440182708975e-01
4.512836000000000070e+00 2.465211799999999798e+01 1.527492319624907391e-01
4.517578999999999567e+00 2.493385699999999616e+01 1.545203785110245698e-01
4.522321999999999953e+00 2.470854500000000087e+01 1.547316141001240097e-01
4.527065000000000339e+00 2.503390399999999971e+01 1.566796503362363757e-01
4.531807999999999836e+00 2.477369700000000208e+01 1.568068073132493079e-01
4.536551000000000222e+00 2.468655400000000455e+01 1.574865265388620539e-01
4.541292999999999580e+00 2.462266699999999986e+01 1.582543167720530108e-01
4.546035999999999966e+00 2.462720300000000151e+01 1.592581563217736751e-01
4.550779000000000352e+00 2.466212499999999963e+01 1.603759054530601857e-01
4.555521999999999849e+00 2.463744600000000062e+01 1.613200492216643467e-01
4.560265000000000235e+00 2.479075500000000076e+01 1.628633974953061780e-01
4.565007999999999733e+00 2.479119899999999888e+01 1.639307903594733606e-01
4.569751000000000118e+00 2.467211900000000213e+01 1.646144938715388417e-01
4.574493000000000364e+00 2.472003399999999829e+01 1.658769830158653980e-01
4.579235999999999862e+00 2.485814399999999935e+01 1.674640442738404567e-01
4.583979000000000248e+00 2.465529100000000184e+01 1.679202060864793677e-01
4.588721999999999746e+00 2.490330099999999902e+01 1.699326143414703616e-01
4.593465000000000131e+00 2.489441500000000218e+01 1.710941100116333824e-01
4.598207999999999629e+00 2.476538200000000245e+01 1.718617406291452487e-01
4.602951000000000015e+00 2.474861499999999737e+01 1.730402712185068193e-01
4.607693000000000261e+00 2.478064300000000131e+01 1.744147567320540604e-01
4.612435999999999758e+00 2.491854399999999714e+01 1.761909451512670699e-01
4.617179000000000144e+00 2.490541499999999786e+01 1.774620847470224916e-01
4.621921999999999642e+00 2.494967899999999617e+01 1.789689832641483402e-01
4.626665000000000028e+00 2.492895000000000394e+01 1.802725930006990884e-01
4.631408000000000413e+00 2.490757200000000537e+01 1.816003409132171398e-01
4.636150999999999911e+00 2.506487600000000171e+01 1.836151573710620988e-01
4.640894000000000297e+00 2.520220900000000341e+01 1.855976297083561932e-01
4.645635999999999655e+00 2.516408299999999798e+01 1.869655927245700289e-01
4.650379000000000040e+00 2.493133800000000022e+01 1.876390843169495337e-01
4.655122000000000426e+00 2.489340399999999676e+01 1.890723492934405781e-01
4.659864999999999924e+00 2.497482799999999870e+01 1.909971061841880258e-01
4.664608000000000310e+00 2.504127500000000239e+01 1.929104668180646187e-01
4.669350999999999807e+00 2.495306399999999769e+01 1.942661917550318473e-01
4.674094000000000193e+00 2.491708999999999818e+01 1.958668359298625372e-01
4.678836000000000439e+00 2.490260600000000224e+01 1.975926448946612735e-01
4.683578999999999937e+00 2.484866500000000400e+01 1.992064619460636454e-01
4.688322000000000322e+00 2.484325600000000023e+01 2.010607094634647984e-01
4.693064999999999820e+00 2.492145199999999861e+01 2.033103392890073802e-01
4.697808000000000206e+00 2.492120300000000199e+01 2.052929129464987068e-01
4.702550999999999704e+00 2.498635499999999965e+01 2.076093497512130348e-01
4.707294000000000089e+00 2.512067100000000508e+01 2.102783028090309259e-01
4.712036999999999587e+00 2.486469999999999914e+01 2.113672501038734719e-01
4.716778999999999833e+00 2.459536499999999748e+01 2.124346095912048038e-01
4.721522000000000219e+00 2.517059100000000527e+01 2.172144105991184182e-01
4.726264999999999716e+00 2.480711799999999911e+01 2.180093428880943984e-01
4.731008000000000102e+00 2.511536300000000210e+01 2.218188726389191123e-01
4.735750999999999600e+00 2.472515299999999883e+01 2.226127863969655230e-01
4.740493999999999986e+00 2.485389900000000196e+01 2.258036875307947722e-01
4.745237000000000371e+00 2.496937799999999896e+01 2.290342389447724281e-01
4.749978999999999729e+00 2.503709299999999871e+01 2.321564567625453712e-01
4.754722000000000115e+00 2.524463899999999938e+01 2.360423555542069951e-01
4.759464999999999613e+00 2.512348300000000023e+01 2.385022477332867652e-01
4.764207999999999998e+00 2.514163600000000187e+01 2.417294750212302945e-01
4.768951000000000384e+00 2.490165299999999959e+01 2.438221037983424877e-01
4.773693999999999882e+00 2.515898100000000071e+01 2.484833774380827420e-01
4.778437000000000268e+00 2.512472100000000097e+01 2.518549176763393849e-01
4.783178999999999625e+00 2.520296499999999895e+01 2.559428834205073056e-01
4.787922000000000011e+00 2.524132300000000129e+01 2.600018011481616265e-01
4.792665000000000397e+00 2.544408500000000117e+01 2.650981650780114274e-01
4.797407999999999895e+00 2.498736099999999993e+01 2.669160978255612493e-01
4.802151000000000280e+00 2.484038100000000071e+01 2.705268924556525345e-01
4.806893999999999778e+00 2.500056500000000170e+01 2.760316863697024892e-01
4.811637000000000164e+00 2.507388300000000214e+01 2.813147418269207334e-01
4.816379999999999661e+00 2.515178800000000336e+01 2.869006258869321035e-01
4.821121999999999908e+00 2.509213199999999944e+01 2.919888877454892007e-01
4.825865000000000293e+00 2.523331999999999908e+01 2.985727086931223573e-01
4.830607999999999791e+00 2.554562100000000413e+01 3.065611974002706575e-01
4.835351000000000177e+00 2.504529499999999942e+01 3.100134031902395115e-01
4.840093999999999674e+00 2.544341400000000064e+01 3.194160238406221208e-01
4.844837000000000060e+00 2.547803400000000096e+01 3.270638244164890684e-01
4.849579999999999558e+00 2.519294800000000123e+01 3.331494146613047658e-01
4.854321999999999804e+00 2.483383299999999849e+01 3.392248361149136082e-01
4.859065000000000190e+00 2.518396399999999957e+01 3.508049670326803815e-01
4.863807999999999687e+00 2.531403800000000359e+01 3.617096251490413139e-01
4.868551000000000073e+00 2.542650600000000338e+01 3.734239690087528540e-01
4.873293999999999571e+00 2.520682199999999895e+01 3.837002849538425631e-01
4.878036999999999956e+00 2.505668800000000118e+01 3.956319216828440011e-01
4.882780000000000342e+00 2.498793099999999967e+01 4.095506202690090136e-01
4.887522999999999840e+00 2.570102800000000087e+01 4.317572113325844896e-01
4.892265000000000086e+00 2.592714700000000150e+01 4.522194409162215711e-01
4.897007999999999583e+00 2.630534799999999862e+01 4.768118301056717412e-01
4.901750999999999969e+00 2.552878600000000020e+01 4.939319792486410732e-01
4.906494000000000355e+00 2.582641200000000481e+01 5.253418434717246344e-01
4.911236999999999853e+00 2.580830999999999875e+01 5.592265131449152271e-01
4.915980000000000238e+00 2.527480199999999755e+01 5.945692991094477797e-01
4.920722999999999736e+00 2.626209099999999808e+01 6.590450614490788173e-01
4.925464999999999982e+00 2.536481399999999908e+01 7.162176951237172462e-01
4.930208000000000368e+00 2.395000900000000144e+01 7.892772796023017623e-01
4.934950999999999866e+00 2.611526600000000187e+01 9.754576020565783878e-01
4.939694000000000251e+00 2.533316800000000057e+01 1.240630895987831828e+00
4.944436999999999749e+00 8.289031099999998986e+00 1.229518414460930353e+00