# [45] Sgs_R06_0.6
# Sample c= 1.0 mg/ml
#
# Number of frames collected: 10
# Exposure time per frame: 0.5
# No significant radiation damage detected, merging 10 files
# Merged from: /data/visitor/mx1905/bm29/20170412/Poker/1d/Sxl_10gs_155_00001.dat
# Merged from: /data/visitor/mx1905/bm29/20170412/Poker/1d/Sxl_10gs_155_00002.dat
# Merged from: /data/visitor/mx1905/bm29/20170412/Poker/1d/Sxl_10gs_155_00003.dat
# Merged from: /data/visitor/mx1905/bm29/20170412/Poker/1d/Sxl_10gs_155_00004.dat
# Merged from: /data/visitor/mx1905/bm29/20170412/Poker/1d/Sxl_10gs_155_00005.dat
# Merged from: /data/visitor/mx1905/bm29/20170412/Poker/1d/Sxl_10gs_155_00006.dat
# Merged from: /data/visitor/mx1905/bm29/20170412/Poker/1d/Sxl_10gs_155_00007.dat
# Merged from: /data/visitor/mx1905/bm29/20170412/Poker/1d/Sxl_10gs_155_00008.dat
# Merged from: /data/visitor/mx1905/bm29/20170412/Poker/1d/Sxl_10gs_155_00009.dat
# Merged from: /data/visitor/mx1905/bm29/20170412/Poker/1d/Sxl_10gs_155_00010.dat
#
# Sample Information:
# Storage Temperature (degrees C): 20.0
# Measurement Temperature (degrees C): 20.03
# Concentration: 1.0
# Code: 
3.082862000000000102e-02 6.478729300000001103e+02 8.501775605153195414e+00
3.557148999999999728e-02 1.554031700000000001e+03 5.429344070367709385e+00
4.031434999999999880e-02 1.982060899999999947e+03 4.039155644160298486e+00
4.505722000000000199e-02 1.187163189999999986e+03 2.222785248466697894e+00
4.980007999999999657e-02 7.850297299999999723e+02 1.618534131441057955e+00
5.454294999999999977e-02 5.610396899999999505e+02 1.287237967431146712e+00
5.928581000000000129e-02 4.162131000000000540e+02 1.054027676848349859e+00
6.402868000000000448e-02 3.305403800000000274e+02 8.955775804598895551e-01
6.877154000000000600e-02 2.716285100000000057e+02 7.798446516030228537e-01
7.351441000000000225e-02 2.295371199999999590e+02 6.907818256713330607e-01
7.825727999999999851e-02 1.977166899999999714e+02 6.171621890969828383e-01
8.300014000000000003e-02 1.747305900000000065e+02 5.616315823939301843e-01
8.774300999999999628e-02 1.564900799999999776e+02 5.157111239532845559e-01
9.248586999999999780e-02 1.441973299999999938e+02 4.810810168202857007e-01
9.722873999999999406e-02 1.335026100000000042e+02 4.494600166452851764e-01
1.019715999999999956e-01 1.240650099999999867e+02 4.222628606490511638e-01
1.067145000000000038e-01 1.175241499999999917e+02 4.011606912461139762e-01
1.114572999999999953e-01 1.120507800000000032e+02 3.828414547415418534e-01
1.162002000000000035e-01 1.069355400000000174e+02 3.658292499257133068e-01
1.209430999999999978e-01 1.039113900000000115e+02 3.530515371833976013e-01
1.256858999999999893e-01 1.014073419999999999e+02 3.418071515812096117e-01
1.304288000000000114e-01 9.798705400000000054e+01 3.295593297887195461e-01
1.351717000000000057e-01 9.551336199999998655e+01 3.192823677578359720e-01
1.399144999999999972e-01 9.329344800000001214e+01 3.098260867293748388e-01
1.446573999999999915e-01 9.148455399999997439e+01 3.014797972651303559e-01
1.494003000000000136e-01 8.933145799999999781e+01 2.929305484482149780e-01
1.541431000000000051e-01 8.844345799999999258e+01 2.872054027508762486e-01
1.588859999999999995e-01 8.765209999999999013e+01 2.813939720975339176e-01
1.636287999999999909e-01 8.659709100000000603e+01 2.754373981437437391e-01
1.683717000000000130e-01 8.487665099999999541e+01 2.686728703606348079e-01
1.731146000000000074e-01 8.393703499999999451e+01 2.633506197863965115e-01
1.778573999999999988e-01 8.320238000000000511e+01 2.585135931547442034e-01
1.826002999999999932e-01 8.222424900000000036e+01 2.535012244173840412e-01
1.873431999999999875e-01 8.140024300000000324e+01 2.489041371756944288e-01
1.920860000000000067e-01 8.049797799999998915e+01 2.443266196819317282e-01
1.968289000000000011e-01 8.013237999999999772e+01 2.406891566589671183e-01
2.015717999999999954e-01 7.918064000000001101e+01 2.363265366798155687e-01
2.063145999999999869e-01 7.892250599999999849e+01 2.331125058457499399e-01
2.110575000000000090e-01 7.800008399999998687e+01 2.287971844361800788e-01
2.158004000000000033e-01 7.760700699999999586e+01 2.256034287626270118e-01
2.205431999999999948e-01 7.701626400000000672e+01 2.222538809957214367e-01
2.252860999999999891e-01 7.604199799999999243e+01 2.184588958096405908e-01
2.300290000000000112e-01 7.576665900000000420e+01 2.157491376612305223e-01
2.347718000000000027e-01 7.544623400000000402e+01 2.130409569174059325e-01
2.395146999999999970e-01 7.486829600000001506e+01 2.100521674378624526e-01
2.442575999999999914e-01 7.454095999999999833e+01 2.074878384497252648e-01
2.490004000000000106e-01 7.414725100000001135e+01 2.048950461915567955e-01
2.537433000000000050e-01 7.373748499999997819e+01 2.023383562086885079e-01
2.584861999999999993e-01 7.336235499999999377e+01 1.999182198319792991e-01
2.632289999999999908e-01 7.303239299999998480e+01 1.976332728222537916e-01
2.679718999999999851e-01 7.234210699999998440e+01 1.949157466802505234e-01
2.727146999999999766e-01 7.185977700000000823e+01 1.925257189252859158e-01
2.774576000000000264e-01 7.152361899999999650e+01 1.904413916495781012e-01
2.822005000000000208e-01 7.106138200000000893e+01 1.882794324963446564e-01
2.869433000000000122e-01 7.083483900000000233e+01 1.863813465957221138e-01
2.916862000000000066e-01 7.067610599999999010e+01 1.846061651191684694e-01
2.964291000000000009e-01 7.002536999999999523e+01 1.822414201659340038e-01
3.011718999999999924e-01 6.988691000000000031e+01 1.805895323281269393e-01
3.059147999999999867e-01 6.954286799999999857e+01 1.787116407918972194e-01
3.106576999999999811e-01 6.907241700000000151e+01 1.767020489364251878e-01
3.154004999999999725e-01 6.861328199999999811e+01 1.747573641072664441e-01
3.201434000000000224e-01 6.842332799999999793e+01 1.731986191993492574e-01
3.248863000000000167e-01 6.792358200000001034e+01 1.712754322423289122e-01
3.296291000000000082e-01 6.754596200000000294e+01 1.695314067435470806e-01
3.343720000000000026e-01 6.729289500000000146e+01 1.679837220019618216e-01
3.391148999999999969e-01 6.732066000000000372e+01 1.685737111366345242e-01
3.438576999999999884e-01 6.725937100000000157e+01 1.706744251398486512e-01
3.486005999999999827e-01 6.668591899999999839e+01 1.742714082146948340e-01
3.533434999999999770e-01 6.622823600000000965e+01 1.768581433798167013e-01
3.580863000000000240e-01 6.567077100000001622e+01 1.783015026433100725e-01
3.628292000000000184e-01 6.548758899999999983e+01 1.798086928624230973e-01
3.675720000000000098e-01 6.507972700000000543e+01 1.807232713933792367e-01
3.723149000000000042e-01 6.492235600000000773e+01 1.818330982759120695e-01
3.770577999999999985e-01 6.429813199999999540e+01 1.821677978469205261e-01
3.818005999999999900e-01 6.402032900000000382e+01 1.827436477651568081e-01
3.865434999999999843e-01 6.400704500000000507e+01 1.836262290635899408e-01
3.912863999999999787e-01 6.350685600000000619e+01 1.836407960378330373e-01
3.960292000000000256e-01 6.321374000000000848e+01 1.839693479240079588e-01
4.007721000000000200e-01 6.317772300000001451e+01 1.847031003827951656e-01
4.055150000000000143e-01 6.266258299999999792e+01 1.902884720707457844e-01
4.102578000000000058e-01 6.210266099999999767e+01 1.943763162795858757e-01
4.150007000000000001e-01 6.198399300000001233e+01 1.984426891247558777e-01
4.197435999999999945e-01 6.200948700000000002e+01 2.015405010876417102e-01
4.244863999999999860e-01 6.134295100000000645e+01 2.037002620796075081e-01
4.292292999999999803e-01 6.085831799999999703e+01 2.059935681148044873e-01
4.339721999999999746e-01 6.036459299999999928e+01 2.082975025910221711e-01
4.387150000000000216e-01 6.066320299999999577e+01 2.118583759579684700e-01
4.434579000000000160e-01 6.049289499999999720e+01 2.146688256201700895e-01
4.482008000000000103e-01 5.968385400000001084e+01 2.168287512313978316e-01
4.529436000000000018e-01 5.960451799999999878e+01 2.202162087797040202e-01
4.576864999999999961e-01 5.881091400000000391e+01 2.210295975009475833e-01
4.624293999999999905e-01 5.890922199999999975e+01 2.230570186437312863e-01
4.671721999999999819e-01 5.871114999999999640e+01 2.215816588512352359e-01
4.719150999999999763e-01 5.864631599999999167e+01 2.127426372951223554e-01
4.766579000000000232e-01 5.838492399999999094e+01 2.082714095034459978e-01
4.814008000000000176e-01 5.773674600000000368e+01 2.044811945372471129e-01
4.861437000000000119e-01 5.714388000000000289e+01 2.014262185895920043e-01
4.908865000000000034e-01 5.735094600000000042e+01 2.001455280340057874e-01
4.956293999999999977e-01 5.688201199999999602e+01 1.979228411076265903e-01
5.003722999999999921e-01 5.652074800000000465e+01 1.960526141393546806e-01
5.051151000000000391e-01 5.652295500000000317e+01 1.949439609322650979e-01
5.098580000000000334e-01 5.606376700000000568e+01 1.931411939214985329e-01
5.146009000000000277e-01 5.569857599999998854e+01 1.915816232920874440e-01
5.193436999999999637e-01 5.555569299999999799e+01 1.904603494435070377e-01
5.240865999999999580e-01 5.488917500000000160e+01 1.884989441128480103e-01
5.288294999999999524e-01 5.471012000000000342e+01 1.874206862800488760e-01
5.335722999999999994e-01 5.430858200000000124e+01 1.856338100920861545e-01
5.383151999999999937e-01 5.420542100000000119e+01 1.841191034897395051e-01
5.430580999999999881e-01 5.364171900000000193e+01 1.818833643103018871e-01
5.478009000000000350e-01 5.351545800000000241e+01 1.804440587052444367e-01
5.525438000000000294e-01 5.332713300000000345e+01 1.789468810517629571e-01
5.572867000000000237e-01 5.312576099999999713e+01 1.774636263116095569e-01
5.620294999999999597e-01 5.282654099999999886e+01 1.758596605714585204e-01
5.667723999999999540e-01 5.225213099999999855e+01 1.738380794794751050e-01
5.715152000000000010e-01 5.197458000000000311e+01 1.723465857932993672e-01
5.762580999999999953e-01 5.202766100000000193e+01 1.714272954819774375e-01
5.810009999999999897e-01 5.160081499999999721e+01 1.697928457610169695e-01
5.857438000000000367e-01 5.132185899999999634e+01 1.688269637019715053e-01
5.904867000000000310e-01 5.128395399999999427e+01 1.683589295292898802e-01
5.952296000000000253e-01 5.077330800000000011e+01 1.671143354587179275e-01
5.999723999999999613e-01 5.048051900000000103e+01 1.664093678591932468e-01
6.047152999999999556e-01 5.045630200000000798e+01 1.659487864671815027e-01
6.094581999999999500e-01 5.018843700000000041e+01 1.649769289048098886e-01
6.142009999999999970e-01 4.977455799999999897e+01 1.640642706865391987e-01
6.189438999999999913e-01 4.955617500000000319e+01 1.631723689285520529e-01
6.236867999999999856e-01 4.926243799999999595e+01 1.623126457592044825e-01
6.284296000000000326e-01 4.876098000000000354e+01 1.611170690410044792e-01
6.331725000000000270e-01 4.875246099999999672e+01 1.607345613122097006e-01
6.379154000000000213e-01 4.861882099999999696e+01 1.601499632864684664e-01
6.426581999999999573e-01 4.809183199999999658e+01 1.589223737356817157e-01
6.474010999999999516e-01 4.795380199999999604e+01 1.583410352223371120e-01
6.521439999999999459e-01 4.780404500000000922e+01 1.577395956239063812e-01
6.568867999999999929e-01 4.756920600000000121e+01 1.570021833386892607e-01
6.616296999999999873e-01 4.730050599999999861e+01 1.562141191853194666e-01
6.663725999999999816e-01 4.718724799999999675e+01 1.556865272749023144e-01
6.711154000000000286e-01 4.674503599999999892e+01 1.546152805911061856e-01
6.758583000000000229e-01 4.622811299999999335e+01 1.534229501335846457e-01
6.806010999999999589e-01 4.632622100000000387e+01 1.532541278573944232e-01
6.853439999999999532e-01 4.585084100000000262e+01 1.521394845313359112e-01
6.900868999999999476e-01 4.568119399999999075e+01 1.515309070522614376e-01
6.948296999999999946e-01 4.542285299999999637e+01 1.507782334774787625e-01
6.995725999999999889e-01 4.541670100000000332e+01 1.504483485367456574e-01
7.043154999999999832e-01 4.505324800000000351e+01 1.495298742415742121e-01
7.090583000000000302e-01 4.504354499999999462e+01 1.491975651747112219e-01
7.138012000000000246e-01 4.473255900000000196e+01 1.483684729588739259e-01
7.185441000000000189e-01 4.444977999999999696e+01 1.475906097910670012e-01
7.232868999999999549e-01 4.423868699999999876e+01 1.469350841921210349e-01
7.280297999999999492e-01 4.413428699999999338e+01 1.464566306130036522e-01
7.327727000000000546e-01 4.386618300000000659e+01 1.457084414294055330e-01
7.375154999999999905e-01 4.379436399999999452e+01 1.452907343238728499e-01
7.422583999999999849e-01 4.333834800000000342e+01 1.442378974530812985e-01
7.470012999999999792e-01 4.345827999999998781e+01 1.441422181509907086e-01
7.517441000000000262e-01 4.304979400000000567e+01 1.431704305741510475e-01
7.564870000000000205e-01 4.281003900000000328e+01 1.424831866705317807e-01
7.612299000000000149e-01 4.267003499999999150e+01 1.419647793298665084e-01
7.659726999999999508e-01 4.235850399999999638e+01 1.411612344486169457e-01
7.707155999999999452e-01 4.249271000000000242e+01 1.411006203736620557e-01
7.754585000000000505e-01 4.213587499999999864e+01 1.402283829786601932e-01
7.802012999999999865e-01 4.188465300000000013e+01 1.396713420068333156e-01
7.849441999999999808e-01 4.151835499999999968e+01 1.387360068828236703e-01
7.896870000000000278e-01 4.131060999999999694e+01 1.380254977890523760e-01
7.944299000000000222e-01 4.122598300000000648e+01 1.376143900947826015e-01
7.991728000000000165e-01 4.102449700000000377e+01 1.370106766231000694e-01
8.039155999999999525e-01 4.102300600000000230e+01 1.367412651973273219e-01
8.086584999999999468e-01 4.064660199999999435e+01 1.358470665192664240e-01
8.134014000000000522e-01 4.066577199999999692e+01 1.356170480794350597e-01
8.181441999999999881e-01 4.044645200000000074e+01 1.350935238103374014e-01
8.228870999999999825e-01 4.022670300000000054e+01 1.343713918628757220e-01
8.276299999999999768e-01 3.978461899999999929e+01 1.333689128478064700e-01
8.323728000000000238e-01 3.982028200000000595e+01 1.331748175234924170e-01
8.371157000000000181e-01 3.969866799999999785e+01 1.327204236128833315e-01
8.418586000000000125e-01 3.960299099999999584e+01 1.323096408507634103e-01
8.466013999999999484e-01 3.924674000000000262e+01 1.314635223196389258e-01
8.513443000000000538e-01 3.907544900000000609e+01 1.309306623668180236e-01
8.560872000000000481e-01 3.914460899999999555e+01 1.308025318775141443e-01
8.608299999999999841e-01 3.885058000000000078e+01 1.300675112417140067e-01
8.655728999999999784e-01 3.889131400000000127e+01 1.298927000183174307e-01
8.703157999999999728e-01 3.842700800000000072e+01 1.288765041821906265e-01
8.750586000000000197e-01 3.852616499999999888e+01 1.288055716922606453e-01
8.798015000000000141e-01 3.820048100000000346e+01 1.280245329555558254e-01
8.845442999999999500e-01 3.802651500000000340e+01 1.274976347215547312e-01
8.892872000000000554e-01 3.783810599999999624e+01 1.269493396635614502e-01
8.940301000000000498e-01 3.774249100000000823e+01 1.265594196480214484e-01
8.987728999999999857e-01 3.779409100000000166e+01 1.264165921288637473e-01
9.035157999999999801e-01 3.738627799999999723e+01 1.255041995224920881e-01
9.082586999999999744e-01 3.728991299999999853e+01 1.251172536272999181e-01
9.130015000000000214e-01 3.714997000000000327e+01 1.246591357069697648e-01
9.177444000000000157e-01 3.720508499999999685e+01 1.245290149487965764e-01
9.224873000000000101e-01 3.682977400000000046e+01 1.236773548125359029e-01
9.272300999999999460e-01 3.673868700000000587e+01 1.233052234570514855e-01
9.319730000000000514e-01 3.672613499999999220e+01 1.230668832776267430e-01
9.367159000000000457e-01 3.632813900000000018e+01 1.221828241291049721e-01
9.414586999999999817e-01 3.620631099999999947e+01 1.217622161403261460e-01
9.462015999999999760e-01 3.623338599999999587e+01 1.215944428840866343e-01
9.509444999999999704e-01 3.616218300000000596e+01 1.212638828843708022e-01
9.556873000000000173e-01 3.595175700000000063e+01 1.207004704747309531e-01
9.604302000000000117e-01 3.581295999999999680e+01 1.202571687167887787e-01
9.651731000000000060e-01 3.563344500000000892e+01 1.197482737208207110e-01
9.699159000000000530e-01 3.555716299999999563e+01 1.194147812848099510e-01
9.746588000000000473e-01 3.544889799999999980e+01 1.190285892589158373e-01
9.794017000000000417e-01 3.538591199999999759e+01 1.187180212358229098e-01
9.841444999999999776e-01 3.501413599999999349e+01 1.178914301530149533e-01
9.888873999999999720e-01 3.521260999999999797e+01 1.180250180520723557e-01
9.936302000000000190e-01 3.505308700000000499e+01 1.175583279868125802e-01
9.983731000000000133e-01 3.484078200000000436e+01 1.170026249195021129e-01
1.003115999999999897e+00 3.465935100000000091e+01 1.165012129352587522e-01
1.007859000000000060e+00 3.453724000000001126e+01 1.161013947214726560e-01
1.012602000000000002e+00 3.467860100000000045e+01 1.161446648141842147e-01
1.017344999999999944e+00 3.429047200000000117e+01 1.152991155819406144e-01
1.022086999999999968e+00 3.421899099999999549e+01 1.149875733571028152e-01
1.026829999999999909e+00 3.406768999999999892e+01 1.145437885044256754e-01
1.031573000000000073e+00 3.408650700000000455e+01 1.143865413638366080e-01
1.036316000000000015e+00 3.392130200000000428e+01 1.139201723761977120e-01
1.041058999999999957e+00 3.390518299999999385e+01 1.137063104124085011e-01
1.045801999999999898e+00 3.375831799999999561e+01 1.132747872197334971e-01
1.050545000000000062e+00 3.372927699999999618e+01 1.130419401631863330e-01
1.055287000000000086e+00 3.354814600000000269e+01 1.125534347446105199e-01
1.060030000000000028e+00 3.344886400000000037e+01 1.122049057803289757e-01
1.064772999999999969e+00 3.327669699999999864e+01 1.117355535604281080e-01
1.069515999999999911e+00 3.330810300000000268e+01 1.116087786280219180e-01
1.074259000000000075e+00 3.317844500000000352e+01 1.112114020565899419e-01
1.079002000000000017e+00 3.316781199999999785e+01 1.110157087337355214e-01
1.083744999999999958e+00 3.289396700000001061e+01 1.104045105568554341e-01
1.088487999999999900e+00 3.288409399999999039e+01 1.102371934380905749e-01
1.093229999999999924e+00 3.289440599999999648e+01 1.100305944283257176e-01
1.097973000000000088e+00 3.265999000000000052e+01 1.094644784697953871e-01
1.102716000000000030e+00 3.280668400000000418e+01 1.095378215381737491e-01
1.107458999999999971e+00 3.260389499999999430e+01 1.090276741349800738e-01
1.112201999999999913e+00 3.247711200000000531e+01 1.086440018638949179e-01
1.116945000000000077e+00 3.250305900000000037e+01 1.085177688811251595e-01
1.121688000000000018e+00 3.211794200000000643e+01 1.077054781543320405e-01
1.126430000000000042e+00 3.202935700000000452e+01 1.073903393784547966e-01
1.131172999999999984e+00 3.198692899999999639e+01 1.071522163367361336e-01
1.135915999999999926e+00 3.191773699999999891e+01 1.068710503818976199e-01
1.140659000000000090e+00 3.189120399999999833e+01 1.066628904050077875e-01
1.145402000000000031e+00 3.176228400000000107e+01 1.062841974442183951e-01
1.150144999999999973e+00 3.173528499999999752e+01 1.060757073918255633e-01
1.154887999999999915e+00 3.147061400000000120e+01 1.054712968356111558e-01
1.159631000000000078e+00 3.164416999999999547e+01 1.056014061346268323e-01
1.164373000000000102e+00 3.153567600000000581e+01 1.052612346806995197e-01
1.169116000000000044e+00 3.142195799999999650e+01 1.049902963936824862e-01
1.173858999999999986e+00 3.125587100000000262e+01 1.045263248478138091e-01
1.178601999999999927e+00 3.123414100000000104e+01 1.042830344052857044e-01
1.183345000000000091e+00 3.125748000000000459e+01 1.041662568047138776e-01
1.188088000000000033e+00 3.113519100000000250e+01 1.038061623745762940e-01
1.192830999999999975e+00 3.117158799999999630e+01 1.037119788255725233e-01
1.197572999999999999e+00 3.107733499999999793e+01 1.034016900564647401e-01
1.202315999999999940e+00 3.095819000000000187e+01 1.030510823607641707e-01
1.207059000000000104e+00 3.107014600000000115e+01 1.034182942134069388e-01
1.211802000000000046e+00 3.095181999999999789e+01 1.066011777286789697e-01
1.216544999999999987e+00 3.082000099999999776e+01 1.085881206700682472e-01
1.221287999999999929e+00 3.072011800000000292e+01 1.100417735546646847e-01
1.226031000000000093e+00 3.057064000000000448e+01 1.111481476933934565e-01
1.230774000000000035e+00 3.049020800000000264e+01 1.122255795009939050e-01
1.235516000000000059e+00 3.047462199999999299e+01 1.133193007223226856e-01
1.240259000000000000e+00 3.048700000000000188e+01 1.143914907058977831e-01
1.245001999999999942e+00 3.034452399999999983e+01 1.151125256908317462e-01
1.249745000000000106e+00 3.036415600000000126e+01 1.160942706485681847e-01
1.254488000000000048e+00 3.019984900000000749e+01 1.166853059219506161e-01
1.259230999999999989e+00 3.015825099999999992e+01 1.171988476143809993e-01
1.263973999999999931e+00 2.999277599999999921e+01 1.171773759817000549e-01
1.268715999999999955e+00 2.996650199999999842e+01 1.174100440926605649e-01
1.273458999999999897e+00 3.013853900000000152e+01 1.158171121228935840e-01
1.278202000000000060e+00 3.019443499999999858e+01 1.116401670221847386e-01
1.282945000000000002e+00 2.989866599999999863e+01 1.089730283025006213e-01
1.287687999999999944e+00 2.993472099999999614e+01 1.075032396273884333e-01
1.292431000000000108e+00 2.986533100000000474e+01 1.061383685432883556e-01
1.297174000000000049e+00 2.986003499999999988e+01 1.050720190670993981e-01
1.301916000000000073e+00 2.981505900000000153e+01 1.040624597795987150e-01
1.306659000000000015e+00 2.983950699999999756e+01 1.032687825541455523e-01
1.311401999999999957e+00 2.970947399999999305e+01 1.022827867920365064e-01
1.316144999999999898e+00 2.965132499999999638e+01 1.014810601167838583e-01
1.320888000000000062e+00 2.954084200000000493e+01 1.007875513422491071e-01
1.325631000000000004e+00 2.952623299999999773e+01 1.005030769518665129e-01
1.330373999999999945e+00 2.948699599999999776e+01 1.001912923309386250e-01
1.335117000000000109e+00 2.942826099999999911e+01 9.985748558398013786e-02
1.339858999999999911e+00 2.946054699999999826e+01 9.968545877780922437e-02
1.344602000000000075e+00 2.933133300000000077e+01 9.924869697838556437e-02
1.349345000000000017e+00 2.932519499999999724e+01 9.902777029783313423e-02
1.354087999999999958e+00 2.927913200000000415e+01 9.874585247348263706e-02
1.358830999999999900e+00 2.930873599999999968e+01 9.859586485215797447e-02
1.363574000000000064e+00 2.909696900000000142e+01 9.804506144757113573e-02
1.368317000000000005e+00 2.910277700000000323e+01 9.786575078334862343e-02
1.373059000000000029e+00 2.894023700000000332e+01 9.740799658045432019e-02
1.377801999999999971e+00 2.891968099999999708e+01 9.719173984786515230e-02
1.382544999999999913e+00 2.891982399999999842e+01 9.701396881618387646e-02
1.387288000000000077e+00 2.886108000000000473e+01 9.674152716120879014e-02
1.392031000000000018e+00 2.892924699999999660e+01 9.668448282366462476e-02
1.396773999999999960e+00 2.878400800000000004e+01 9.627239734165551899e-02
1.401516999999999902e+00 2.875026300000000035e+01 9.604985911704400081e-02
1.406260000000000066e+00 2.879619000000000284e+01 9.596318284367552631e-02
1.411002000000000089e+00 2.881924299999999306e+01 9.584066848509770198e-02
1.415745000000000031e+00 2.875733100000000064e+01 9.557771251471233742e-02
1.420487999999999973e+00 2.858067900000000350e+01 9.512684171135557532e-02
1.425230999999999915e+00 2.845647999999999911e+01 9.476542935005148605e-02
1.429974000000000078e+00 2.855827000000000027e+01 9.478217409807078442e-02
1.434717000000000020e+00 2.853540499999999014e+01 9.459248964592960329e-02
1.439459999999999962e+00 2.853959100000000149e+01 9.444945345230379430e-02
1.444201999999999986e+00 2.835862499999999997e+01 9.400180796608169354e-02
1.448944999999999927e+00 2.829642699999999422e+01 9.375295004920912445e-02
1.453688000000000091e+00 2.844854299999999370e+01 9.385915307283301812e-02
1.458431000000000033e+00 2.835286800000000085e+01 9.355719262166752037e-02
1.463173999999999975e+00 2.826988000000000056e+01 9.330298555518039272e-02
1.467916999999999916e+00 2.818156699999999404e+01 9.301872260715257634e-02
1.472660000000000080e+00 2.819603600000000299e+01 9.287649663070576822e-02
1.477402000000000104e+00 2.812551400000000257e+01 9.262191903347501143e-02
1.482145000000000046e+00 2.796967000000000070e+01 9.222842004031998886e-02
1.486887999999999987e+00 2.804963000000000051e+01 9.222504118322041866e-02
1.491630999999999929e+00 2.816836200000000900e+01 9.228459939135510992e-02
1.496374000000000093e+00 2.810503999999999536e+01 9.204648992367335525e-02
1.501117000000000035e+00 2.825185600000000363e+01 9.220019650839363090e-02
1.505859999999999976e+00 2.811130500000000509e+01 9.361545808988705475e-02
1.510602999999999918e+00 2.805337700000000112e+01 9.614949848587614478e-02
1.515344999999999942e+00 2.801944999999999908e+01 9.768358123297488094e-02
1.520088000000000106e+00 2.795960800000000290e+01 9.886484221917871129e-02
1.524831000000000047e+00 2.801621499999999898e+01 1.000878852939655062e-01
1.529573999999999989e+00 2.794886699999999990e+01 1.007545044862084571e-01
1.534316999999999931e+00 2.813990999999999687e+01 9.828800517929082992e-02
1.539060000000000095e+00 2.780115400000000392e+01 9.617836672455662428e-02
1.543803000000000036e+00 2.786971600000000038e+01 9.528126812198554896e-02
1.548545000000000060e+00 2.779869199999999907e+01 9.416610745153905504e-02
1.553288000000000002e+00 2.763660100000000241e+01 9.305793870749824725e-02
1.558030999999999944e+00 2.756538000000000466e+01 9.215516816309218817e-02
1.562774000000000107e+00 2.767188900000000373e+01 9.140881700447281433e-02
1.567517000000000049e+00 2.767594900000000280e+01 9.057428594475751271e-02
1.572259999999999991e+00 2.738732100000000358e+01 8.957248384455797352e-02
1.577002999999999933e+00 2.741656899999999908e+01 8.926812982723510148e-02
1.581746000000000096e+00 2.733196099999999973e+01 8.895819452022055152e-02
1.586487999999999898e+00 2.747295500000000601e+01 8.921080259451039107e-02
1.591231000000000062e+00 2.745261600000000612e+01 8.929202271080770303e-02
1.595974000000000004e+00 2.736786099999999777e+01 8.926400912989176928e-02
1.600716999999999945e+00 2.734609599999999929e+01 8.930613140376308934e-02
1.605460000000000109e+00 2.741124300000000247e+01 8.929630356558439230e-02
1.610203000000000051e+00 2.749991700000000350e+01 8.929119547607591856e-02
1.614945999999999993e+00 2.737121499999999585e+01 8.893663952433834841e-02
1.619688000000000017e+00 2.743421500000000535e+01 8.889625663061691274e-02
1.624430999999999958e+00 2.740328000000000230e+01 8.870583074489973852e-02
1.629173999999999900e+00 2.721746099999999657e+01 8.826661061334291347e-02
1.633917000000000064e+00 2.713724500000000006e+01 8.800155512716863193e-02
1.638660000000000005e+00 2.723636199999999619e+01 8.802894174182204767e-02
1.643402999999999947e+00 2.717546100000000209e+01 8.779915401208260306e-02
1.648146000000000111e+00 2.725755099999999942e+01 8.780132817794386590e-02
1.652889000000000053e+00 2.712984200000000357e+01 8.746736225150211763e-02
1.657631000000000077e+00 2.714510800000000046e+01 8.736579965436302997e-02
1.662374000000000018e+00 2.693880999999999659e+01 8.690834051137555361e-02
1.667116999999999960e+00 2.705686299999999989e+01 8.697462783541129450e-02
1.671859999999999902e+00 2.704447399999999746e+01 8.683238441368865135e-02
1.676603000000000065e+00 2.700922300000000220e+01 8.665500956095154028e-02
1.681346000000000007e+00 2.688984499999999755e+01 8.634346634888188932e-02
1.686088999999999949e+00 2.683260999999999896e+01 8.613251335593372082e-02
1.690830999999999973e+00 2.684625799999999884e+01 8.603711786023635066e-02
1.695573999999999915e+00 2.698016400000000203e+01 8.613478996607351612e-02
1.700317000000000078e+00 2.679782200000000358e+01 8.572753047616560318e-02
1.705060000000000020e+00 2.669680799999999721e+01 8.545113118216574044e-02
1.709802999999999962e+00 2.680480999999999625e+01 8.551001476579336846e-02
1.714545999999999903e+00 2.678714699999999738e+01 8.536925837152506413e-02
1.719289000000000067e+00 2.695244099999999321e+01 8.551964557837456182e-02
1.724031000000000091e+00 2.664752299999999963e+01 8.492315566561572937e-02
1.728774000000000033e+00 2.670973099999999789e+01 8.491185634937561955e-02
1.733516999999999975e+00 2.676363400000000325e+01 8.488810342009298071e-02
1.738259999999999916e+00 2.669207899999999967e+01 8.466545537727945825e-02
1.743003000000000080e+00 2.669624900000000167e+01 8.456333326005840978e-02
1.747746000000000022e+00 2.653985799999999884e+01 8.420817913129460819e-02
1.752488999999999963e+00 2.655705899999999886e+01 8.412900950904865505e-02
1.757231999999999905e+00 2.661743100000000339e+01 8.411849400619994532e-02
1.761973999999999929e+00 2.666448799999999508e+01 8.408665570486496821e-02
1.766717000000000093e+00 2.676923899999999890e+01 8.414664626319577623e-02
1.771460000000000035e+00 2.660022399999999720e+01 8.377648767956497045e-02
1.776202999999999976e+00 2.653597399999999951e+01 8.360914029688380766e-02
1.780945999999999918e+00 2.654164800000000213e+01 8.351738344864738373e-02
1.785689000000000082e+00 2.643298100000000161e+01 8.320394314448263662e-02
1.790432000000000023e+00 2.653111499999999978e+01 8.325653234699785521e-02
1.795174000000000047e+00 2.635384300000000479e+01 8.287686664624453747e-02
1.799916999999999989e+00 2.635563499999999948e+01 8.277870489327433801e-02
1.804659999999999931e+00 2.640000900000000073e+01 8.274857104943625363e-02
1.809403000000000095e+00 2.648801800000000028e+01 8.278664216529803277e-02
1.814146000000000036e+00 2.645691000000000415e+01 8.263876388665250539e-02
1.818888999999999978e+00 2.639641599999999855e+01 8.244530671219255091e-02
1.823631999999999920e+00 2.634934700000000163e+01 8.227363314828875507e-02
1.828375000000000083e+00 2.631569000000000003e+01 8.212377244010286848e-02
1.833117000000000107e+00 2.634697899999999748e+01 8.207543278982755430e-02
1.837860000000000049e+00 2.631220399999999771e+01 8.192441358615452918e-02
1.842602999999999991e+00 2.631630999999999787e+01 8.183457099230251330e-02
1.847345999999999933e+00 2.628967899999999958e+01 8.169772336089299591e-02
1.852089000000000096e+00 2.630702499999999944e+01 8.169663097391531570e-02
1.856832000000000038e+00 2.622067799999999949e+01 8.140609762785831760e-02
1.861574999999999980e+00 2.624758399999999980e+01 8.134764562799527698e-02
1.866317000000000004e+00 2.615387199999999979e+01 8.110874260789831258e-02
1.871059999999999945e+00 2.612028600000000012e+01 8.096347435252516933e-02
1.875803000000000109e+00 2.610599600000000464e+01 8.084807915413326496e-02
1.880546000000000051e+00 2.617192299999999960e+01 8.085748058996335141e-02
1.885288999999999993e+00 2.611469400000000363e+01 8.067717354498420146e-02
1.890031999999999934e+00 2.608856399999999809e+01 8.054514195904802221e-02
1.894775000000000098e+00 2.619783299999999571e+01 8.062173204299942497e-02
1.899516999999999900e+00 2.607575600000000193e+01 8.034299172800014877e-02
1.904260000000000064e+00 2.612888699999999886e+01 8.033422465261366718e-02
1.909003000000000005e+00 2.612933500000000464e+01 8.024492011962565396e-02
1.913745999999999947e+00 2.600175500000000284e+01 7.995863135808103928e-02
1.918489000000000111e+00 2.596177000000000135e+01 7.980811155922937217e-02
1.923232000000000053e+00 2.598038599999999931e+01 7.974800312550338333e-02
1.927974999999999994e+00 2.605884400000000056e+01 7.977732391096983844e-02
1.932717999999999936e+00 2.614285999999999532e+01 7.975437866471407622e-02
1.937459999999999960e+00 2.605101600000000417e+01 7.942842678446740412e-02
1.942202999999999902e+00 2.598835200000000256e+01 7.911674052836921434e-02
1.946946000000000065e+00 2.590562600000000160e+01 7.879870507704933580e-02
1.951689000000000007e+00 2.576175199999999421e+01 7.842462592704667335e-02
1.956431999999999949e+00 2.588722599999999829e+01 7.853061489297852305e-02
1.961174999999999891e+00 2.593456899999999976e+01 7.851963116172476498e-02
1.965918000000000054e+00 2.591512600000000432e+01 7.840881499072410721e-02
1.970660000000000078e+00 2.581302299999999761e+01 7.821727737510364431e-02
1.975403000000000020e+00 2.583840999999999966e+01 7.823471809885110262e-02
1.980145999999999962e+00 2.598752900000000210e+01 7.848176582930777023e-02
1.984888999999999903e+00 2.590489199999999670e+01 7.837767353555538663e-02
1.989632000000000067e+00 2.584294600000000131e+01 7.830452221785533240e-02
1.994375000000000009e+00 2.580145300000000219e+01 7.821302872786797811e-02
1.999117999999999951e+00 2.584246200000000115e+01 7.816259943251246955e-02
2.003861000000000114e+00 2.587176800000000298e+01 7.812380234759955244e-02
2.008602999999999916e+00 2.587570799999999593e+01 7.804633332229707343e-02
2.013345999999999858e+00 2.600568900000000028e+01 7.885330472951974923e-02
2.018088999999999800e+00 2.583985399999999544e+01 8.089514877005107851e-02
2.022832000000000185e+00 2.577928399999999698e+01 8.213745655120567590e-02
2.027575000000000127e+00 2.576319099999999906e+01 8.315039847364473491e-02
2.032318000000000069e+00 2.576044800000000379e+01 8.403737791395325674e-02
2.037061000000000011e+00 2.584805800000000175e+01 8.498146151789871816e-02
2.041802999999999813e+00 2.562049700000000030e+01 8.532364841326818550e-02
2.046546000000000198e+00 2.561144600000000082e+01 8.569847764401010426e-02
2.051289000000000140e+00 2.555465500000000034e+01 8.586643952110917244e-02
2.056032000000000082e+00 2.557830300000000179e+01 8.614966217326740228e-02
2.060775000000000023e+00 2.557806000000000068e+01 8.637698288868048135e-02
2.065517999999999965e+00 2.559091899999999953e+01 8.661213468943944338e-02
2.070260999999999907e+00 2.553943300000000249e+01 8.672677671401779476e-02
2.075003000000000153e+00 2.537383200000000016e+01 8.663609691171629545e-02
2.079746000000000095e+00 2.563180099999999584e+01 8.498294041557341583e-02
2.084489000000000036e+00 2.569668800000000175e+01 8.292876056032913445e-02
2.089231999999999978e+00 2.558787999999999840e+01 8.156958338542805165e-02
2.093974999999999920e+00 2.567271900000000073e+01 8.080907262419301240e-02
2.098717999999999861e+00 2.562438500000000019e+01 7.999561009250569232e-02
2.103460999999999803e+00 2.556366099999999975e+01 7.926622520506196312e-02
2.108204000000000189e+00 2.551028900000000021e+01 7.874336499458858829e-02
2.112945999999999991e+00 2.550910300000000319e+01 7.853212753636437671e-02
2.117688999999999933e+00 2.571190199999999848e+01 7.865294692415472633e-02
2.122431999999999874e+00 2.566336400000000140e+01 7.840073172023714898e-02
2.127174999999999816e+00 2.557324499999999645e+01 7.809708427822321941e-02
2.131918000000000202e+00 2.553305999999999898e+01 7.787892482427065388e-02
2.136661000000000143e+00 2.540453700000000126e+01 7.753375975976077583e-02
2.141404000000000085e+00 2.543284899999999737e+01 7.743408452184928625e-02
2.146145999999999887e+00 2.552066799999999347e+01 7.743079703345175091e-02
2.150888999999999829e+00 2.543611699999999942e+01 7.717040984798254066e-02
2.155632000000000215e+00 2.539570700000000514e+01 7.698213273170795290e-02
2.160375000000000156e+00 2.551651900000000239e+01 7.704074982341553579e-02
2.165118000000000098e+00 2.543388900000000064e+01 7.679577046236270299e-02
2.169861000000000040e+00 2.541233299999999673e+01 7.664644364923071940e-02
2.174603999999999981e+00 2.542131900000000044e+01 7.654586690110838643e-02
2.179346999999999923e+00 2.541623899999999736e+01 7.642621169793319125e-02
2.184089000000000169e+00 2.540233199999999769e+01 7.629604191110898881e-02
2.188832000000000111e+00 2.532437900000000042e+01 7.607220275977881474e-02
2.193575000000000053e+00 2.537130200000000357e+01 7.603767380489620531e-02
2.198317999999999994e+00 2.532835699999999690e+01 7.586982186179759557e-02
2.203060999999999936e+00 2.537980999999999909e+01 7.584525434548887446e-02
2.207803999999999878e+00 2.531048199999999682e+01 7.564208539301914280e-02
2.212546999999999819e+00 2.531676999999999822e+01 7.555328958504718695e-02
2.217289000000000065e+00 2.535664599999999780e+01 7.551539405748672329e-02
2.222032000000000007e+00 2.539394499999999866e+01 7.547506018282330864e-02
2.226774999999999949e+00 2.540444600000000364e+01 7.539611586049774217e-02
2.231517999999999891e+00 2.532583800000000096e+01 7.518616317980722497e-02
2.236260999999999832e+00 2.530415499999999795e+01 7.506153057797981809e-02
2.241004000000000218e+00 2.531478999999999502e+01 7.498626111929371230e-02
2.245747000000000160e+00 2.536883099999999658e+01 7.497607271928491413e-02
2.250490000000000101e+00 2.543352799999999547e+01 7.498236221103334043e-02
2.255231999999999903e+00 2.530459899999999962e+01 7.470339218174634754e-02
2.259974999999999845e+00 2.511166500000000212e+01 7.433085626858201844e-02
2.264717999999999787e+00 2.519143499999999847e+01 7.436267487248021668e-02
2.269461000000000173e+00 2.523417900000000103e+01 7.433990532348759561e-02
2.274204000000000114e+00 2.532810300000000225e+01 7.439270457664851066e-02
2.278947000000000056e+00 2.522335799999999750e+01 7.415449032505516680e-02
2.283689999999999998e+00 2.524773400000000123e+01 7.410665980900973948e-02
2.288431999999999800e+00 2.512077299999999624e+01 7.383750483808143583e-02
2.293175000000000185e+00 2.531873199999999713e+01 7.404516906847062596e-02
2.297918000000000127e+00 2.522635500000000164e+01 7.382819287443584400e-02
2.302661000000000069e+00 2.524372799999999728e+01 7.377243782877247746e-02
2.307404000000000011e+00 2.514127300000000176e+01 7.354245024395775210e-02
2.312146999999999952e+00 2.512197100000000560e+01 7.343405119185172913e-02
2.316889999999999894e+00 2.514016200000000012e+01 7.338113075453935041e-02
2.321632000000000140e+00 2.505410999999999788e+01 7.317706815255650699e-02
2.326375000000000082e+00 2.508528600000000353e+01 7.314458115626064350e-02
2.331118000000000023e+00 2.505577999999999861e+01 7.302351694282603611e-02
2.335860999999999965e+00 2.510122600000000048e+01 7.301256103645178963e-02
2.340603999999999907e+00 2.508279300000000234e+01 7.290875455862759480e-02
2.345346999999999849e+00 2.510692900000000094e+01 7.286781321531270172e-02
2.350089999999999790e+00 2.506125300000000067e+01 7.272542832006079205e-02
2.354833000000000176e+00 2.513475700000000046e+01 7.275620982047924235e-02
2.359574999999999978e+00 2.512226799999999827e+01 7.266337144293884276e-02
2.364317999999999920e+00 2.520334499999999878e+01 7.270576454902184793e-02
2.369060999999999861e+00 2.512344700000000230e+01 7.251600869940029448e-02
2.373803999999999803e+00 2.510967600000000033e+01 7.242219789032020016e-02
2.378547000000000189e+00 2.521666300000000049e+01 7.250257851665689590e-02
2.383290000000000131e+00 2.512832099999999969e+01 7.230254114030570944e-02
2.388033000000000072e+00 2.508299000000000234e+01 7.216440481152185116e-02
2.392774999999999874e+00 2.503737999999999886e+01 7.202636125768953346e-02
2.397517999999999816e+00 2.503528499999999823e+01 7.195152256389157619e-02
2.402261000000000202e+00 2.489433599999999913e+01 7.167767268008427839e-02
2.407004000000000143e+00 2.496526100000000170e+01 7.170810178838929461e-02
2.411747000000000085e+00 2.496446000000000254e+01 7.163608178990457653e-02
2.416490000000000027e+00 2.502776300000000020e+01 7.165643908240557081e-02
2.421232999999999969e+00 2.507913099999999673e+01 7.165971915334932996e-02
2.425975999999999910e+00 2.499858899999999551e+01 7.147435950931005366e-02
2.430718000000000156e+00 2.498665099999999839e+01 7.138751334139535609e-02
2.435461000000000098e+00 2.496242499999999964e+01 7.128407944003696539e-02
2.440204000000000040e+00 2.502036400000000071e+01 7.132292999965299252e-02
2.444946999999999981e+00 2.504169100000000014e+01 7.125918073079706705e-02
2.449689999999999923e+00 2.499371799999999411e+01 7.112219963212049190e-02
2.454432999999999865e+00 2.498323500000000053e+01 7.103927539060206353e-02
2.459175999999999807e+00 2.497869599999999934e+01 7.096519335454881672e-02
2.463918000000000053e+00 2.494285599999999903e+01 7.084638489446021259e-02
2.468660999999999994e+00 2.500262500000000188e+01 7.086400862913909415e-02
2.473403999999999936e+00 2.499762600000000035e+01 7.078976971623583692e-02
2.478146999999999878e+00 2.508388500000000221e+01 7.084502831865407968e-02
2.482889999999999819e+00 2.490207300000000146e+01 7.052132468428043421e-02
2.487633000000000205e+00 2.501290499999999994e+01 7.061175924703617934e-02
2.492376000000000147e+00 2.494387599999999949e+01 7.044846003282258240e-02
2.497117999999999949e+00 2.498352200000000067e+01 7.043853187676685224e-02
2.501860999999999891e+00 2.496552100000000252e+01 7.034758316458426808e-02
2.506603999999999832e+00 2.495907100000000156e+01 7.027325216630223026e-02
2.511347000000000218e+00 2.492005499999999785e+01 7.015188415602249816e-02
2.516090000000000160e+00 2.503065399999999840e+01 7.018850728527499527e-02
2.520833000000000101e+00 2.493220499999999973e+01 6.990682807636247609e-02
2.525576000000000043e+00 2.485698899999999867e+01 6.965944740840110394e-02
2.530318999999999985e+00 2.481906700000000043e+01 6.949228654541668437e-02
2.535060999999999787e+00 2.483670599999999595e+01 6.945334826328605771e-02
2.539804000000000173e+00 2.483509099999999847e+01 6.938819980048985259e-02
2.544547000000000114e+00 2.487562799999999896e+01 6.938274797524669746e-02
2.549290000000000056e+00 2.483501500000000206e+01 6.926395914985512825e-02
2.554032999999999998e+00 2.485215299999999772e+01 6.922612125091365254e-02
2.558775999999999939e+00 2.472644100000000122e+01 6.898914205927408894e-02
2.563518999999999881e+00 2.480255299999999608e+01 6.903624327168085550e-02
2.568261000000000127e+00 2.486980600000000408e+01 6.912387025966790222e-02
2.573004000000000069e+00 2.483438600000000207e+01 6.909059724945428027e-02
2.577747000000000011e+00 2.491978800000000405e+01 6.922459990073544234e-02
2.582489999999999952e+00 2.480789800000000156e+01 6.905013760960654334e-02
2.587232999999999894e+00 2.482734300000000260e+01 6.901625813868858539e-02
2.591975999999999836e+00 2.484963499999999925e+01 6.898607661577008110e-02
2.596719000000000221e+00 2.478381599999999452e+01 6.883354517402398565e-02
2.601462000000000163e+00 2.485688300000000339e+01 6.887414391888657672e-02
2.606203999999999965e+00 2.484417499999999990e+01 6.879626354547026257e-02
2.610946999999999907e+00 2.476251299999999844e+01 6.862272188407859963e-02
2.615689999999999849e+00 2.482371799999999951e+01 6.864733361685579349e-02
2.620432999999999790e+00 2.482852300000000056e+01 6.859385755735786239e-02
2.625176000000000176e+00 2.481313799999999858e+01 6.851299387994587431e-02
2.629919000000000118e+00 2.493550200000000316e+01 6.862211042087164314e-02
2.634662000000000059e+00 2.482747499999999974e+01 6.842851720374408531e-02
2.639403999999999861e+00 2.479884499999999647e+01 6.834171641825145804e-02
2.644146999999999803e+00 2.483112799999999964e+01 6.830457197127728919e-02
2.648890000000000189e+00 2.471486300000000114e+01 6.808180421523581105e-02
2.653633000000000131e+00 2.479850500000000224e+01 6.814849966572117390e-02
2.658376000000000072e+00 2.473648899999999529e+01 6.800648251583374382e-02
2.663119000000000014e+00 2.477459599999999895e+01 6.798887076378383465e-02
2.667861999999999956e+00 2.486982499999999874e+01 6.806090645000477390e-02
2.672604999999999897e+00 2.480570700000000528e+01 6.791493575885131084e-02
2.677347000000000143e+00 2.478730500000000347e+01 6.783216421056974255e-02
2.682090000000000085e+00 2.472036899999999804e+01 6.768288408642984810e-02
2.686833000000000027e+00 2.478879799999999989e+01 6.771935060029740661e-02
2.691575999999999969e+00 2.468943499999999602e+01 6.752602490603086538e-02
2.696318999999999910e+00 2.475044600000000017e+01 6.755224769315155975e-02
2.701061999999999852e+00 2.474536900000000017e+01 6.748867777323393213e-02
2.705804999999999794e+00 2.478243600000000058e+01 6.748231662990758495e-02
2.710547000000000040e+00 2.475824099999999817e+01 6.739262198639403567e-02
2.715289999999999981e+00 2.486445500000000308e+01 6.748071674942776599e-02
2.720032999999999923e+00 2.477057599999999837e+01 6.729707884174244981e-02
2.724775999999999865e+00 2.476425800000000521e+01 6.723230668030140411e-02
2.729518999999999807e+00 2.479284600000000083e+01 6.721490628600847173e-02
2.734262000000000192e+00 2.473925099999999944e+01 6.708651247723866617e-02
2.739005000000000134e+00 2.479166199999999876e+01 6.710205891854884031e-02
2.743746999999999936e+00 2.478541000000000238e+01 6.703793066488254737e-02
2.748489999999999878e+00 2.482962399999999903e+01 6.704236695426034343e-02
2.753232999999999819e+00 2.475949000000000311e+01 6.689243566712682609e-02
2.757976000000000205e+00 2.470995400000000330e+01 6.677056069825833273e-02
2.762719000000000147e+00 2.483045899999999762e+01 6.687828272330936796e-02
2.767462000000000089e+00 2.485191000000000017e+01 6.685222568804123633e-02
2.772205000000000030e+00 2.470145300000000077e+01 6.659512474114377689e-02
2.776947999999999972e+00 2.471315500000000043e+01 6.655655910812022236e-02
2.781690000000000218e+00 2.476652800000000099e+01 6.657421639273494729e-02
2.786433000000000160e+00 2.468516399999999678e+01 6.641047549124760863e-02
2.791176000000000101e+00 2.477246800000000349e+01 6.647378718052102120e-02
2.795919000000000043e+00 2.484508599999999845e+01 6.651742608180280514e-02
2.800661999999999985e+00 2.472655499999999762e+01 6.632011048050132085e-02
2.805404999999999927e+00 2.476154100000000113e+01 6.630370664983896434e-02
2.810147999999999868e+00 2.473270500000000283e+01 6.624342021829186800e-02
2.814890000000000114e+00 2.492661700000000025e+01 6.645767744639440033e-02
2.819633000000000056e+00 2.486246299999999820e+01 6.760212300752690973e-02
2.824375999999999998e+00 2.484490699999999919e+01 6.899661029200564177e-02
2.829118999999999939e+00 2.487848499999999774e+01 6.993565957167416358e-02
2.833861999999999881e+00 2.478046199999999999e+01 7.052637469638220469e-02
2.838604999999999823e+00 2.468275999999999470e+01 7.100295633093808845e-02
2.843348000000000209e+00 2.468461100000000030e+01 7.130510422273639293e-02
2.848091000000000150e+00 2.466254800000000458e+01 7.148952251598342245e-02
2.852832999999999952e+00 2.467283299999999713e+01 7.171311770015370568e-02
2.857575999999999894e+00 2.472527800000000298e+01 7.198213298518667258e-02
2.862318999999999836e+00 2.466082600000000014e+01 7.206752486507705946e-02
2.867062000000000221e+00 2.469951500000000522e+01 7.229307777233377752e-02
2.871805000000000163e+00 2.460667199999999966e+01 7.231628224435213137e-02
2.876548000000000105e+00 2.463914500000000629e+01 7.251503386561783393e-02
2.881291000000000047e+00 2.475177199999999900e+01 7.248420423192904194e-02
2.886032999999999848e+00 2.483654600000000556e+01 7.053806101306230036e-02
2.890775999999999790e+00 2.487057500000000232e+01 6.947693482294466094e-02
2.895519000000000176e+00 2.471136999999999873e+01 6.850606763914493524e-02
2.900262000000000118e+00 2.473067400000000049e+01 6.794004537151340783e-02
2.905005000000000059e+00 2.478350999999999615e+01 6.764620920543959470e-02
2.909748000000000001e+00 2.471222099999999955e+01 6.737178589261530459e-02
2.914490999999999943e+00 2.472164799999999829e+01 6.722675340807929278e-02
2.919233000000000189e+00 2.471185500000000346e+01 6.707052110871511430e-02
2.923976000000000131e+00 2.475007599999999996e+01 6.699051666857108733e-02
2.928719000000000072e+00 2.475490999999999886e+01 6.687458191300413302e-02
2.933462000000000014e+00 2.480887299999999840e+01 6.683198581411149697e-02
2.938204999999999956e+00 2.478076799999999835e+01 6.668491845878196655e-02
2.942947999999999897e+00 2.480091399999999879e+01 6.660851347637777864e-02
2.947690999999999839e+00 2.474394699999999858e+01 6.643297400880002201e-02
2.952433999999999781e+00 2.483496500000000040e+01 6.646736173522685420e-02
2.957176000000000027e+00 2.477179100000000034e+01 6.629736335373073719e-02
2.961918999999999969e+00 2.468480300000000227e+01 6.607897924564209990e-02
2.966661999999999910e+00 2.481146100000000132e+01 6.616266625673121460e-02
2.971404999999999852e+00 2.467540799999999734e+01 6.589777229339167930e-02
2.976147999999999794e+00 2.474698099999999812e+01 6.591221249205263255e-02
2.980891000000000179e+00 2.469391499999999695e+01 6.576244287656063392e-02
2.985634000000000121e+00 2.469651300000000305e+01 6.568874828129700472e-02
2.990375999999999923e+00 2.473722199999999916e+01 6.568424660141501670e-02
2.995118999999999865e+00 2.467908500000000060e+01 6.551887058581290502e-02
2.999861999999999806e+00 2.477902100000000019e+01 6.557573091098564677e-02
3.004605000000000192e+00 2.465466699999999989e+01 6.533986535311883670e-02
3.009348000000000134e+00 2.467471999999999710e+01 6.529641962412717493e-02
3.014091000000000076e+00 2.467599000000000231e+01 6.524879609414567516e-02
3.018834000000000017e+00 2.466395699999999636e+01 6.514493542676667859e-02
3.023576999999999959e+00 2.470690899999999601e+01 6.513479642323831420e-02
3.028319000000000205e+00 2.474443800000000238e+01 6.511797625037497872e-02
3.033062000000000147e+00 2.475373399999999791e+01 6.506464170227174715e-02
3.037805000000000089e+00 2.471371800000000007e+01 6.494764411852442521e-02
3.042548000000000030e+00 2.465589300000000250e+01 6.480822421161992752e-02
3.047290999999999972e+00 2.466355300000000028e+01 6.475539718857727112e-02
3.052033999999999914e+00 2.463879399999999720e+01 6.466045370148666704e-02
3.056776999999999855e+00 2.476001000000000118e+01 6.475772275855908033e-02
3.061519000000000101e+00 2.467925199999999819e+01 6.459075206956023385e-02
3.066262000000000043e+00 2.473846200000000195e+01 6.460794088084839681e-02
3.071004999999999985e+00 2.471754299999999915e+01 6.453377199924702212e-02
3.075747999999999927e+00 2.473444499999999735e+01 6.449922856199288845e-02
3.080490999999999868e+00 2.467085399999999851e+01 6.435066545676741689e-02
3.085233999999999810e+00 2.466103999999999985e+01 6.427032881149588595e-02
3.089977000000000196e+00 2.464104700000000037e+01 6.420456651173575557e-02
3.094720000000000137e+00 2.467177500000000379e+01 6.416982854432759509e-02
3.099461999999999939e+00 2.467073000000000249e+01 6.411071599942087806e-02
3.104204999999999881e+00 2.470430400000000049e+01 6.409764355192942853e-02
3.108947999999999823e+00 2.464469000000000420e+01 6.396375560907442692e-02
3.113691000000000209e+00 2.470772300000000499e+01 6.399000419295187980e-02
3.118434000000000150e+00 2.469491400000000425e+01 6.391802051445272248e-02
3.123177000000000092e+00 2.457048499999999791e+01 6.370160554693578281e-02
3.127920000000000034e+00 2.459635399999999805e+01 6.368033259289872239e-02
3.132661999999999836e+00 2.466632600000000153e+01 6.371663566482696495e-02
3.137405000000000221e+00 2.463179300000000183e+01 6.361806964510319240e-02
3.142148000000000163e+00 2.472243199999999774e+01 6.368085704877173014e-02
3.146891000000000105e+00 2.468264599999999831e+01 6.358424479681738795e-02
3.151634000000000047e+00 2.458915999999999968e+01 6.341296755127219520e-02
3.156376999999999988e+00 2.465251099999999695e+01 6.343171797921919042e-02
3.161119999999999930e+00 2.460939400000000532e+01 6.332402945095881586e-02
3.165862000000000176e+00 2.470872599999999863e+01 6.344344750010989797e-02
3.170605000000000118e+00 2.464512699999999867e+01 6.329321425053557881e-02
3.175348000000000059e+00 2.463479900000000100e+01 6.320034070450174235e-02
3.180091000000000001e+00 2.469153099999999768e+01 6.322144071028276691e-02
3.184833999999999943e+00 2.464140599999999992e+01 6.310589547468604954e-02
3.189576999999999884e+00 2.459167000000000058e+01 6.299114171953862362e-02
3.194319999999999826e+00 2.450855200000000167e+01 6.281586357292479050e-02
3.199063000000000212e+00 2.453567999999999927e+01 6.273536536004552244e-02
3.203805000000000014e+00 2.462270699999999835e+01 6.273006095148721262e-02
3.208547999999999956e+00 2.460430799999999607e+01 6.262951775115389863e-02
3.213290999999999897e+00 2.470893500000000387e+01 6.271296610399798577e-02
3.218033999999999839e+00 2.461893700000000251e+01 6.254946774646448493e-02
3.222776999999999781e+00 2.467974199999999740e+01 6.257762061249531882e-02
3.227520000000000167e+00 2.475089400000000239e+01 6.261893377164770569e-02
3.232263000000000108e+00 2.457823699999999789e+01 6.235153645260956695e-02
3.237004999999999910e+00 2.453879999999999839e+01 6.225342136804852544e-02
3.241747999999999852e+00 2.465416699999999750e+01 6.235123291515733829e-02
3.246490999999999794e+00 2.454330200000000062e+01 6.216300341022303055e-02
3.251234000000000179e+00 2.462888600000000139e+01 6.224102688483938717e-02
3.255977000000000121e+00 2.475099900000000019e+01 6.241104741200791117e-02
3.260720000000000063e+00 2.457243399999999411e+01 6.220328517981184302e-02
3.265463000000000005e+00 2.452684200000000203e+01 6.212319936345277183e-02
3.270205999999999946e+00 2.457321299999999908e+01 6.213464025287664810e-02
3.274948000000000192e+00 2.459260700000000099e+01 6.211157553670570985e-02
3.279691000000000134e+00 2.465197099999999963e+01 6.213915110125338426e-02
3.284434000000000076e+00 2.466413600000000272e+01 6.210763156260105944e-02
3.289177000000000017e+00 2.463329399999999936e+01 6.202180952046787432e-02
3.293919999999999959e+00 2.451632900000000248e+01 6.182772498338184874e-02
3.298662999999999901e+00 2.454767000000000010e+01 6.182077683830170672e-02
3.303405999999999842e+00 2.465810099999999849e+01 6.191333323269795214e-02
3.308148000000000089e+00 2.458834200000000081e+01 6.177959379731708806e-02
3.312891000000000030e+00 2.459389300000000134e+01 6.174037855577903938e-02
3.317633999999999972e+00 2.456752799999999581e+01 6.166136811292545483e-02
3.322376999999999914e+00 2.455479799999999813e+01 6.160064001441786091e-02
3.327119999999999855e+00 2.456773300000000049e+01 6.158666153643092139e-02
3.331862999999999797e+00 2.465548599999999979e+01 6.163459748071207361e-02
3.336606000000000183e+00 2.469563499999999934e+01 6.163933176478147979e-02
3.341347999999999985e+00 2.463761399999999924e+01 6.152178926184202062e-02
3.346090999999999926e+00 2.468246399999999952e+01 6.153282228131665837e-02
3.350833999999999868e+00 2.455430699999999788e+01 6.132751271232676077e-02
3.355576999999999810e+00 2.465926700000000338e+01 6.141385774268133535e-02
3.360320000000000196e+00 2.473728099999999941e+01 6.146633960906896371e-02
3.365063000000000137e+00 2.460246099999999814e+01 6.125409751321294477e-02
3.369806000000000079e+00 2.458557100000000162e+01 6.118859182988362067e-02
3.374549000000000021e+00 2.459894299999999845e+01 6.116078756423596469e-02
3.379290999999999823e+00 2.481380399999999753e+01 6.206613709227842834e-02
3.384034000000000209e+00 2.465101100000000400e+01 6.331383790868232164e-02
3.388777000000000150e+00 2.462883400000000123e+01 6.412192029772657842e-02
3.393520000000000092e+00 2.457470299999999952e+01 6.471132439318948160e-02
3.398263000000000034e+00 2.457937800000000195e+01 6.510896365221305326e-02
3.403005999999999975e+00 2.453862900000000025e+01 6.523039999574509196e-02
3.407748999999999917e+00 2.459735699999999881e+01 6.527461344796994802e-02
3.412491000000000163e+00 2.461263199999999784e+01 6.533109700782850637e-02
3.417234000000000105e+00 2.461382499999999851e+01 6.550645670169620571e-02
3.421977000000000046e+00 2.468717199999999679e+01 6.576277201351232726e-02
3.426719999999999988e+00 2.457460799999999779e+01 6.574621774493799586e-02
3.431462999999999930e+00 2.454275700000000171e+01 6.584063765006609170e-02
3.436205999999999872e+00 2.448869999999999791e+01 6.591048155566534006e-02
3.440948999999999813e+00 2.456627999999999901e+01 6.613461243292879932e-02
3.445692000000000199e+00 2.455964999999999776e+01 6.625626497939571258e-02
3.450434000000000001e+00 2.466784000000000177e+01 6.649445581230287172e-02
3.455176999999999943e+00 2.456739100000000420e+01 6.646764462511516036e-02
3.459919999999999884e+00 2.451183400000000034e+01 6.649678632567816716e-02
3.464662999999999826e+00 2.456359499999999940e+01 6.666737729080093877e-02
3.469406000000000212e+00 2.450614900000000063e+01 6.668676400501302726e-02
3.474149000000000154e+00 2.458450199999999697e+01 6.688733276165451103e-02
3.478892000000000095e+00 2.456088300000000046e+01 6.694645396311442453e-02
3.483633999999999897e+00 2.453598799999999969e+01 6.700068771450037874e-02
3.488376999999999839e+00 2.468461000000000283e+01 6.728954826001212752e-02
3.493119999999999781e+00 2.450461200000000161e+01 6.712700499367671436e-02
3.497863000000000167e+00 2.449909699999999546e+01 6.720052949064687919e-02
3.502606000000000108e+00 2.468926599999999638e+01 6.754025115996312167e-02
3.507349000000000050e+00 2.460522399999999976e+01 6.750222536807286289e-02
3.512091999999999992e+00 2.459795000000000087e+01 6.756770266969419625e-02
3.516833999999999794e+00 2.462326699999999491e+01 6.767588920635472793e-02
3.521577000000000179e+00 2.464032500000000070e+01 6.777094982022016656e-02
3.526320000000000121e+00 2.463173499999999905e+01 6.782946966734518246e-02
3.531063000000000063e+00 2.459242599999999968e+01 6.784395398818379719e-02
3.535806000000000004e+00 2.466902600000000234e+01 6.801711509064538308e-02
3.540548999999999946e+00 2.459303099999999986e+01 6.797751989931818950e-02
3.545291999999999888e+00 2.459623300000000157e+01 6.804664322688004641e-02
3.550034999999999830e+00 2.453940700000000419e+01 6.803128377694926676e-02
3.554777000000000076e+00 2.452360300000000137e+01 6.807088384562301475e-02
3.559520000000000017e+00 2.445839600000000047e+01 6.804094343640892939e-02
3.564262999999999959e+00 2.458360500000000215e+01 6.827451149375658723e-02
3.569005999999999901e+00 2.452424699999999902e+01 6.826364801986339881e-02
3.573748999999999842e+00 2.455926299999999785e+01 6.838965612451199105e-02
3.578491999999999784e+00 2.449390500000000515e+01 6.832188538062529404e-02
3.583235000000000170e+00 2.459170900000000159e+01 6.851392519354586319e-02
3.587976999999999972e+00 2.450632699999999886e+01 6.842601197958055048e-02
3.592719999999999914e+00 2.444045700000000210e+01 6.828081771164798419e-02
3.597462999999999855e+00 2.449274899999999988e+01 6.829299957093552809e-02
3.602205999999999797e+00 2.456962599999999597e+01 6.833957582657650132e-02
3.606949000000000183e+00 2.454858800000000230e+01 6.824997651161573975e-02
3.611692000000000125e+00 2.466571800000000181e+01 6.840335572825942401e-02
3.616435000000000066e+00 2.456856900000000010e+01 6.833666967445589657e-02
3.621178000000000008e+00 2.467328700000000197e+01 6.930995399696929238e-02
3.625919999999999810e+00 2.470445199999999630e+01 7.183352387038657860e-02
3.630663000000000196e+00 2.461561500000000180e+01 7.310042144744105519e-02
3.635406000000000137e+00 2.466391499999999937e+01 7.421645107207228143e-02
3.640149000000000079e+00 2.446597499999999670e+01 7.468435816698300311e-02
3.644892000000000021e+00 2.456153400000000175e+01 7.534173876413856330e-02
3.649634999999999962e+00 2.451094499999999954e+01 7.574939148667796107e-02
3.654377999999999904e+00 2.452888499999999894e+01 7.619831637340421238e-02
3.659120000000000150e+00 2.458631600000000006e+01 7.671341183655371043e-02
3.663863000000000092e+00 2.463776100000000469e+01 7.720411082768455224e-02
3.668606000000000034e+00 2.451138100000000009e+01 7.740237927235182891e-02
3.673348999999999975e+00 2.457785899999999657e+01 7.789368714707695096e-02
3.678091999999999917e+00 2.438424299999999789e+01 7.796179503373815156e-02
3.682834999999999859e+00 2.456537199999999999e+01 7.862006103695989845e-02
3.687577999999999800e+00 2.444593199999999911e+01 7.879034458298300736e-02
3.692321000000000186e+00 2.458119599999999849e+01 7.936476368431899520e-02
3.697062999999999988e+00 2.451177599999999757e+01 7.960333101578664916e-02
3.701805999999999930e+00 2.451530299999999940e+01 7.995520180305468183e-02
3.706548999999999872e+00 2.459327899999999900e+01 8.042535884100984744e-02
3.711291999999999813e+00 2.457299700000000087e+01 8.073066150515614825e-02
3.716035000000000199e+00 2.459823800000000205e+01 8.110782715604210324e-02
3.720778000000000141e+00 2.449527200000000349e+01 8.127006638132579230e-02
3.725521000000000083e+00 2.453966099999999884e+01 8.167327332544227492e-02
3.730262999999999884e+00 2.459044200000000302e+01 8.208633044505096732e-02
3.735005999999999826e+00 2.454285300000000092e+01 8.233207845528740798e-02
3.739749000000000212e+00 2.447540400000000105e+01 8.254220464206721286e-02
3.744492000000000154e+00 2.447415399999999863e+01 8.286175422629729614e-02
3.749235000000000095e+00 2.450220900000000057e+01 8.322927507752544973e-02
3.753978000000000037e+00 2.440002800000000249e+01 8.337406996903953815e-02
3.758720999999999979e+00 2.454027100000000061e+01 8.393118168783578192e-02
3.763462999999999781e+00 2.437482100000000074e+01 8.396405779797924684e-02
3.768206000000000166e+00 2.433010900000000376e+01 8.420189094951074926e-02
3.772949000000000108e+00 2.446653600000000139e+01 8.475258784187122973e-02
3.777692000000000050e+00 2.449446699999999666e+01 8.511534081342564395e-02
3.782434999999999992e+00 2.449029499999999970e+01 8.542205401245629715e-02
3.787177999999999933e+00 2.451497499999999974e+01 8.577894842392916330e-02
3.791920999999999875e+00 2.454889399999999711e+01 8.615195001503216099e-02
3.796663999999999817e+00 2.452647400000000033e+01 8.642565429148396650e-02
3.801406000000000063e+00 2.446295500000000089e+01 8.662661042111943765e-02
3.806149000000000004e+00 2.453572800000000242e+01 8.706847926801868087e-02
3.810891999999999946e+00 2.457555299999999932e+01 8.745249816499983675e-02
3.815634999999999888e+00 2.453081500000000048e+01 8.768556509060143611e-02
3.820377999999999830e+00 2.455319800000000185e+01 8.803908130131300747e-02
3.825121000000000215e+00 2.459913499999999686e+01 8.843501655482799428e-02
3.829864000000000157e+00 2.456150800000000345e+01 8.868146433253457084e-02
3.834605999999999959e+00 2.454001000000000232e+01 8.895675134002084539e-02
3.839348999999999901e+00 2.446433099999999428e+01 8.913414741485611859e-02
3.844091999999999842e+00 2.473151299999999964e+01 8.993537564340908785e-02
3.848834999999999784e+00 2.448602900000000204e+01 8.980575827837378178e-02
3.853578000000000170e+00 2.435795200000000449e+01 8.993307481878620724e-02
3.858321000000000112e+00 2.462246300000000332e+01 9.068650832209276813e-02
3.863064000000000053e+00 2.466826300000000316e+01 9.108936232846566450e-02
3.867806999999999995e+00 2.441681399999999513e+01 9.094178733825666883e-02
3.872548999999999797e+00 2.448714500000000172e+01 9.139066193833700336e-02
3.877292000000000183e+00 2.450660000000000238e+01 9.174637923945608287e-02
3.882035000000000124e+00 2.448696699999999993e+01 9.203034751536581792e-02
3.886778000000000066e+00 2.453900900000000007e+01 9.244972467328714527e-02
3.891521000000000008e+00 2.445773499999999956e+01 9.261855971644236685e-02
3.896263999999999950e+00 2.450313300000000183e+01 9.302754648604251442e-02
3.901006999999999891e+00 2.453086000000000055e+01 9.340422401876587177e-02
3.905749000000000137e+00 2.452840600000000038e+01 9.372582964700393315e-02
3.910492000000000079e+00 2.446717700000000306e+01 9.393550435739619897e-02
3.915235000000000021e+00 2.443492300000000483e+01 9.420061303684704179e-02
3.919977999999999962e+00 2.453851799999999983e+01 9.468775253820368998e-02
3.924720999999999904e+00 2.435332299999999961e+01 9.441360612274059261e-02
3.929463999999999846e+00 2.444403799999999904e+01 9.466172493839947188e-02
3.934206999999999788e+00 2.452118099999999856e+01 9.493587578343026800e-02
3.938949000000000034e+00 2.445177499999999782e+01 9.490505551380389038e-02
3.943691999999999975e+00 2.434295499999999990e+01 9.479606332070547592e-02
3.948434999999999917e+00 2.454638399999999621e+01 9.529339902895844761e-02
3.953177999999999859e+00 2.459254299999999915e+01 9.551165189891755447e-02
3.957920999999999800e+00 2.446611199999999897e+01 9.543375850863256016e-02
3.962664000000000186e+00 2.461043799999999848e+01 9.572341402651494968e-02
3.967407000000000128e+00 2.448907099999999915e+01 9.573317955532553714e-02
3.972150000000000070e+00 2.448973400000000211e+01 9.605748138625799792e-02
3.976891999999999872e+00 2.447906300000000002e+01 9.636077663140538152e-02
3.981634999999999813e+00 2.452619600000000588e+01 9.677909961876841882e-02
3.986378000000000199e+00 2.442086599999999663e+01 9.689779054584783669e-02
3.991121000000000141e+00 2.448936899999999994e+01 9.736176544221555873e-02
3.995864000000000082e+00 2.446280400000000199e+01 9.763955895104350913e-02
4.000606999999999580e+00 2.447423500000000018e+01 9.799422643266286759e-02
4.005349999999999966e+00 2.454908999999999963e+01 9.847848608282572247e-02
4.010092000000000212e+00 2.455479000000000411e+01 9.882579266703100940e-02
4.014834999999999710e+00 2.446141099999999824e+01 9.897463944997982044e-02
4.019578000000000095e+00 2.452601000000000298e+01 9.944507207231387258e-02
4.024320999999999593e+00 2.466722800000000149e+01 1.000723765333381143e-01
4.029063999999999979e+00 2.459762200000000121e+01 1.002751238891580743e-01
4.033807000000000365e+00 2.451905100000000104e+01 1.004597124818695508e-01
4.038549999999999862e+00 2.448915099999999967e+01 1.007453776764517528e-01
4.043293000000000248e+00 2.445792800000000256e+01 1.010296635674137189e-01
4.048034999999999606e+00 2.450179499999999422e+01 1.014715931662684562e-01
4.052777999999999992e+00 2.455918700000000143e+01 1.019435102457807163e-01
4.057521000000000377e+00 2.451849199999999840e+01 1.022145882216046464e-01
4.062263999999999875e+00 2.448755200000000087e+01 1.025073367079644832e-01
4.067007000000000261e+00 2.460187399999999869e+01 1.031067685122232930e-01
4.071749999999999758e+00 2.451975599999999744e+01 1.032965274039834291e-01
4.076493000000000144e+00 2.461548100000000261e+01 1.038628182710145814e-01
4.081235000000000390e+00 2.440238400000000141e+01 1.037777827234148409e-01
4.085977999999999888e+00 2.458113100000000273e+01 1.045270731126921870e-01
4.090721000000000274e+00 2.448967700000000036e+01 1.047038745137810201e-01
4.095463999999999771e+00 2.460691499999999721e+01 1.053288127634903065e-01
4.100207000000000157e+00 2.448084799999999817e+01 1.054348503437487761e-01
4.104949999999999655e+00 2.448710700000000173e+01 1.058283448659327747e-01
4.109693000000000040e+00 2.441677499999999412e+01 1.060565569837424171e-01
4.114436000000000426e+00 2.457266199999999756e+01 1.067794109366716759e-01
4.119177999999999784e+00 2.461875699999999867e+01 1.072677972700656346e-01
4.123921000000000170e+00 2.474633300000000347e+01 1.079370208007345566e-01
4.128663999999999668e+00 2.441792600000000135e+01 1.076111453240639060e-01
4.133407000000000053e+00 2.441888399999999848e+01 1.080086226076474032e-01
4.138150000000000439e+00 2.454074400000000011e+01 1.086764032097681520e-01
4.142892999999999937e+00 2.463705100000000314e+01 1.092925190666419744e-01
4.147636000000000323e+00 2.465160000000000196e+01 1.097303210175993166e-01
4.152377999999999680e+00 2.452496000000000009e+01 1.098565491103616482e-01
4.157121000000000066e+00 2.465219300000000047e+01 1.105532714516621606e-01
4.161863999999999564e+00 2.466057699999999642e+01 1.109879720283292598e-01
4.166606999999999950e+00 2.443603599999999787e+01 1.108983903043542635e-01
4.171350000000000335e+00 2.443033599999999694e+01 1.113052697633616084e-01
4.176092999999999833e+00 2.437170800000000170e+01 1.116012258233528565e-01
4.180836000000000219e+00 2.444629300000000072e+01 1.123534985510001860e-01
4.185577999999999577e+00 2.453493200000000130e+01 1.128688898103290261e-01
4.190320999999999962e+00 2.459377099999999672e+01 1.133992667999392384e-01
4.195064000000000348e+00 2.434991000000000128e+01 1.132729323657187814e-01
4.199806999999999846e+00 2.455348000000000042e+01 1.141880922465009079e-01
4.204550000000000232e+00 2.458262100000000316e+01 1.147028168354369548e-01
4.209292999999999729e+00 2.433270499999999714e+01 1.145677435165448343e-01
4.214036000000000115e+00 2.457473000000000241e+01 1.155901496489017549e-01
4.218778999999999613e+00 2.443363199999999935e+01 1.157157007126712323e-01
4.223520999999999859e+00 2.465474099999999424e+01 1.167017435176141704e-01
4.228264000000000244e+00 2.468798499999999763e+01 1.172494385256347416e-01
4.233006999999999742e+00 2.448034399999999522e+01 1.172255553117697857e-01
4.237750000000000128e+00 2.450109900000000351e+01 1.177504401976459808e-01
4.242492999999999626e+00 2.449978800000000234e+01 1.182272168510330734e-01
4.247236000000000011e+00 2.444367699999999743e+01 1.185743251339534260e-01
4.251979000000000397e+00 2.479635700000000398e+01 1.199236370251828276e-01
4.256720999999999755e+00 2.458885300000000029e+01 1.201175162864509122e-01
4.261464000000000141e+00 2.443152500000000060e+01 1.200635273810227444e-01
4.266206999999999638e+00 2.465499200000000002e+01 1.210766896300700113e-01
4.270950000000000024e+00 2.463679099999999877e+01 1.215420738390941002e-01
4.275693000000000410e+00 2.467377499999999912e+01 1.221474382122031965e-01
4.280435999999999908e+00 2.473388100000000378e+01 1.228180467114381447e-01
4.285179000000000293e+00 2.470184800000000180e+01 1.232643053726791560e-01
4.289921999999999791e+00 2.460007100000000335e+01 1.235402155307744332e-01
4.294664000000000037e+00 2.464234300000000033e+01 1.241837786026580848e-01
4.299407000000000423e+00 2.456626100000000079e+01 1.245317197972335838e-01
4.304149999999999920e+00 2.448297300000000476e+01 1.248660505188183556e-01
4.308893000000000306e+00 2.456985300000000194e+01 1.256416559276667677e-01
4.313635999999999804e+00 2.437245100000000164e+01 1.256914480749824203e-01
4.318379000000000190e+00 2.479166000000000025e+01 1.273356444671930876e-01
4.323121999999999687e+00 2.477832799999999835e+01 1.279649552540022550e-01
4.327863999999999933e+00 2.458366399999999885e+01 1.280124997821786847e-01
4.332607000000000319e+00 2.464472500000000110e+01 1.286934753415696631e-01
4.337349999999999817e+00 2.455995899999999921e+01 1.290635702191435530e-01
4.342093000000000202e+00 2.460669899999999899e+01 1.297847756860561197e-01
4.346835999999999700e+00 2.435449399999999542e+01 1.297196347597876220e-01
4.351579000000000086e+00 2.460104799999999869e+01 1.309862308538790876e-01
4.356321999999999584e+00 2.472678700000000163e+01 1.319420618702065173e-01
4.361063999999999830e+00 2.469315400000000338e+01 1.324805468314816381e-01
4.365807000000000215e+00 2.473844799999999822e+01 1.332391816307924581e-01
4.370549999999999713e+00 2.473896099999999620e+01 1.338837848195568447e-01
4.375293000000000099e+00 2.457230800000000315e+01 1.340821196677349503e-01
4.380035999999999596e+00 2.458327399999999940e+01 1.348323136955058565e-01
4.384778999999999982e+00 2.475995299999999943e+01 1.360394639480363987e-01
4.389522000000000368e+00 2.473083299999999696e+01 1.365210946932568503e-01
4.394264999999999866e+00 2.455835099999999827e+01 1.367117272092361335e-01
4.399007000000000112e+00 2.449337399999999576e+01 1.367986974886683804e-01
4.403749999999999609e+00 2.460127100000000056e+01 1.371939349825639920e-01
4.408492999999999995e+00 2.437464500000000456e+01 1.366530126497787767e-01
4.413236000000000381e+00 2.433516200000000040e+01 1.366335401949949346e-01
4.417978999999999878e+00 2.453280900000000386e+01 1.372795538919266700e-01
4.422722000000000264e+00 2.471726000000000312e+01 1.378877267057782852e-01
4.427464999999999762e+00 2.461825900000000189e+01 1.376999647328484289e-01
4.432207000000000008e+00 2.456705699999999837e+01 1.376475757424009128e-01
4.436950000000000394e+00 2.465137999999999963e+01 1.380495172425604822e-01
4.441692999999999891e+00 2.433576000000000050e+01 1.377838905714583173e-01
4.446436000000000277e+00 2.475652900000000045e+01 1.396822149731399842e-01
4.451178999999999775e+00 2.463706400000000230e+01 1.400625751518820294e-01
4.455922000000000160e+00 2.463618900000000167e+01 1.407882335849263977e-01
4.460664999999999658e+00 2.452836600000000189e+01 1.412170920580710087e-01
4.465408000000000044e+00 2.433933599999999586e+01 1.414166619294056071e-01
4.470150000000000290e+00 2.463000000000000256e+01 1.430180161802295513e-01
4.474892999999999788e+00 2.460916900000000140e+01 1.437277268509757622e-01
4.479636000000000173e+00 2.468603599999999787e+01 1.447336249421892485e-01
4.484378999999999671e+00 2.449779400000000251e+01 1.449728515608074142e-01
4.489122000000000057e+00 2.477746499999999941e+01 1.466049026155854806e-01
4.493865000000000443e+00 2.464404300000000347e+01 1.470267077660524779e-01
4.498607999999999940e+00 2.464021199999999823e+01 1.478446591808270094e-01
4.503350000000000186e+00 2.469534300000000115e+01 1.488523056326525318e-01
4.508092999999999684e+00 2.455725600000000242e+01 1.492894826050495671e-01
4.512836000000000070e+00 2.473243699999999734e+01 1.506911525352218617e-01
4.517578999999999567e+00 2.459492999999999796e+01 1.511528136100691033e-01
4.522321999999999953e+00 2.450141299999999589e+01 1.517586637771063118e-01
4.527065000000000339e+00 2.459696900000000142e+01 1.529647999375931544e-01
4.531807999999999836e+00 2.464355800000000229e+01 1.540367904779708641e-01
4.536551000000000222e+00 2.470161999999999836e+01 1.551593375193043300e-01
4.541292999999999580e+00 2.485309299999999766e+01 1.565960711968933661e-01
4.546035999999999966e+00 2.489305699999999888e+01 1.577014805683053800e-01
4.550779000000000352e+00 2.478519999999999968e+01 1.583520519666676007e-01
4.555521999999999849e+00 2.487450599999999667e+01 1.596507762830268740e-01
4.560265000000000235e+00 2.463786200000000193e+01 1.599127819092692193e-01
4.565007999999999733e+00 2.454690500000000242e+01 1.606619421719210350e-01
4.569751000000000118e+00 2.427555899999999767e+01 1.608247737534261312e-01
4.574493000000000364e+00 2.454168300000000258e+01 1.627858315747801876e-01
4.579235999999999862e+00 2.466439400000000148e+01 1.642954173733744139e-01
4.583979000000000248e+00 2.476892699999999792e+01 1.657694178796713380e-01
4.588721999999999746e+00 2.491280199999999923e+01 1.674028521757054688e-01
4.593465000000000131e+00 2.484097700000000231e+01 1.683337107308770786e-01
4.598207999999999629e+00 2.473933599999999799e+01 1.691817304222066609e-01
4.602951000000000015e+00 2.473863099999999804e+01 1.703972954146018570e-01
4.607693000000000261e+00 2.449172499999999886e+01 1.707809659603141961e-01
4.612435999999999758e+00 2.458048600000000050e+01 1.723535509617472594e-01
4.617179000000000144e+00 2.464166999999999774e+01 1.738587823640008190e-01
4.621921999999999642e+00 2.466113000000000355e+01 1.752488525973197597e-01
4.626665000000000028e+00 2.498762999999999934e+01 1.777638812052226291e-01
4.631408000000000413e+00 2.488944400000000101e+01 1.787975454039875678e-01
4.636150999999999911e+00 2.474503999999999948e+01 1.796892763104573632e-01
4.640894000000000297e+00 2.494529299999999949e+01 1.818655835531585718e-01
4.645635999999999655e+00 2.487570699999999846e+01 1.830887934457783861e-01
4.650379000000000040e+00 2.467283399999999816e+01 1.838495271647436202e-01
4.655122000000000426e+00 2.480008799999999880e+01 1.858726494901735138e-01
4.659864999999999924e+00 2.486545399999999972e+01 1.877052697497771372e-01
4.664608000000000310e+00 2.488967099999999988e+01 1.894261061244935651e-01
4.669350999999999807e+00 2.471760800000000202e+01 1.904326166992443004e-01
4.674094000000000193e+00 2.452514000000000394e+01 1.913906135737210024e-01
4.678836000000000439e+00 2.460815200000000047e+01 1.934601350092982341e-01
4.683578999999999937e+00 2.503838099999999756e+01 1.969508153374654180e-01
4.688322000000000322e+00 2.498500200000000149e+01 1.985937618249974113e-01
4.693064999999999820e+00 2.484503399999999829e+01 1.999380088037699954e-01
4.697808000000000206e+00 2.464736400000000316e+01 2.010839663267380006e-01
4.702550999999999704e+00 2.478719999999999857e+01 2.036631834519270490e-01
4.707294000000000089e+00 2.491806799999999811e+01 2.062714544790267279e-01
4.712036999999999587e+00 2.495062300000000022e+01 2.085398421989361761e-01
4.716778999999999833e+00 2.471870299999999787e+01 2.097557400776643988e-01
4.721522000000000219e+00 2.442359799999999836e+01 2.107410768856755323e-01
4.726264999999999716e+00 2.461184399999999783e+01 2.138754729440524582e-01
4.731008000000000102e+00 2.529475399999999752e+01 2.192533954409552344e-01
4.735750999999999600e+00 2.480636799999999909e+01 2.196164703558123321e-01
4.740493999999999986e+00 2.486893900000000457e+01 2.224669454738674168e-01
4.745237000000000371e+00 2.488778400000000346e+01 2.252126277999857429e-01
4.749978999999999729e+00 2.466478599999999943e+01 2.269502306611471398e-01
4.754722000000000115e+00 2.476867700000000383e+01 2.302818333425715736e-01
4.759464999999999613e+00 2.519553200000000359e+01 2.352431264028277680e-01
4.764207999999999998e+00 2.490940599999999705e+01 2.369834218039253704e-01
4.768951000000000384e+00 2.479010900000000106e+01 2.396084101001425548e-01
4.773693999999999882e+00 2.466560299999999728e+01 2.423258623581404092e-01
4.778437000000000268e+00 2.479462800000000300e+01 2.464233237473352212e-01
4.783178999999999625e+00 2.458551199999999781e+01 2.489771828096034589e-01
4.787922000000000011e+00 2.468930200000000141e+01 2.532664534966678205e-01
4.792665000000000397e+00 2.492559600000000231e+01 2.584274602495292283e-01
4.797407999999999895e+00 2.458817000000000164e+01 2.607836366825587726e-01
4.802151000000000280e+00 2.446371599999999802e+01 2.644207167656217883e-01
4.806893999999999778e+00 2.508483599999999925e+01 2.723282038659105009e-01
4.811637000000000164e+00 2.530230500000000049e+01 2.783329352903815002e-01
4.816379999999999661e+00 2.486891000000000318e+01 2.809816617333003030e-01
4.821121999999999908e+00 2.462709799999999660e+01 2.849099332809742480e-01
4.825865000000000293e+00 2.513986099999999979e+01 2.935264532969016349e-01
4.830607999999999791e+00 2.504409200000000268e+01 2.989608596747077573e-01
4.835351000000000177e+00 2.477185300000000368e+01 3.036684020308851872e-01
4.840093999999999674e+00 2.532730400000000515e+01 3.138820361166352324e-01
4.844837000000000060e+00 2.489839599999999820e+01 3.184476236704254504e-01
4.849579999999999558e+00 2.496363099999999591e+01 3.266300982936661823e-01
4.854321999999999804e+00 2.466505500000000239e+01 3.329733337814456684e-01
4.859065000000000190e+00 2.471246899999999869e+01 3.422666812259703706e-01
4.863807999999999687e+00 2.464992399999999861e+01 3.515523227695558917e-01
4.868551000000000073e+00 2.507099099999999936e+01 3.652145366652866931e-01
4.873293999999999571e+00 2.495659699999999503e+01 3.760353427062541054e-01
4.878036999999999956e+00 2.552035700000000062e+01 3.932562137241190636e-01
4.882780000000000342e+00 2.555855399999999733e+01 4.079562088165836764e-01
4.887522999999999840e+00 2.546190100000000101e+01 4.232652139888653520e-01
4.892265000000000086e+00 2.528327800000000281e+01 4.398364500834940349e-01
4.897007999999999583e+00 2.505362999999999829e+01 4.583140381264467211e-01
4.901750999999999969e+00 2.455403999999999698e+01 4.771077613672304318e-01
4.906494000000000355e+00 2.524481899999999968e+01 5.115627374729124766e-01
4.911236999999999853e+00 2.438847200000000015e+01 5.354304597875059191e-01
4.915980000000000238e+00 2.542581700000000211e+01 5.873526060231877288e-01
4.920722999999999736e+00 2.459013200000000055e+01 6.281063895133371933e-01
4.925464999999999982e+00 2.496948599999999630e+01 6.999007125880499780e-01
4.930208000000000368e+00 2.600640000000000285e+01 8.100621968041712417e-01
4.934950999999999866e+00 2.519258199999999803e+01 9.436273644687928064e-01
4.939694000000000251e+00 2.303256700000000023e+01 1.165124485337184934e+00
4.944436999999999749e+00 8.123266600000000892e+00 1.198810955313860172e+00