# copyA
# Sample c= 0.0 mg/ml
#
# Number of frames collected: 10
# Exposure time per frame: 0.5
# No significant radiation damage detected, merging 10 files
# Merged from: /data/visitor/mx1905/bm29/20170412/Poker/1d/Sxl_10gs_138_00001.dat
# Merged from: /data/visitor/mx1905/bm29/20170412/Poker/1d/Sxl_10gs_138_00002.dat
# Merged from: /data/visitor/mx1905/bm29/20170412/Poker/1d/Sxl_10gs_138_00003.dat
# Merged from: /data/visitor/mx1905/bm29/20170412/Poker/1d/Sxl_10gs_138_00004.dat
# Merged from: /data/visitor/mx1905/bm29/20170412/Poker/1d/Sxl_10gs_138_00005.dat
# Merged from: /data/visitor/mx1905/bm29/20170412/Poker/1d/Sxl_10gs_138_00006.dat
# Merged from: /data/visitor/mx1905/bm29/20170412/Poker/1d/Sxl_10gs_138_00007.dat
# Merged from: /data/visitor/mx1905/bm29/20170412/Poker/1d/Sxl_10gs_138_00008.dat
# Merged from: /data/visitor/mx1905/bm29/20170412/Poker/1d/Sxl_10gs_138_00009.dat
# Merged from: /data/visitor/mx1905/bm29/20170412/Poker/1d/Sxl_10gs_138_00010.dat
#
# Sample Information:
# Storage Temperature (degrees C): 20.0
# Measurement Temperature (degrees C): 20.03
# Concentration: 0.0
# Code: 
3.082862000000000102e-02 6.171249200000000883e+02 8.303594238508406278e+00
3.557148999999999728e-02 1.189559899999999971e+03 4.753603120066188126e+00
4.031434999999999880e-02 1.157014300000000048e+03 3.088242163556864206e+00
4.505722000000000199e-02 9.127942500000001473e+02 1.950479505019355742e+00
4.980007999999999657e-02 6.174166900000000169e+02 1.436419204302835206e+00
5.454294999999999977e-02 4.414753699999999981e+02 1.142691245184546789e+00
5.928581000000000129e-02 3.219253199999999993e+02 9.276533144984446810e-01
6.402868000000000448e-02 2.501520099999999616e+02 7.796633478489354285e-01
6.877154000000000600e-02 2.006071499999999901e+02 6.706685874550185611e-01
7.351441000000000225e-02 1.630487899999999968e+02 5.826230308108494294e-01
7.825727999999999851e-02 1.351490600000000200e+02 5.106210786252463052e-01
8.300014000000000003e-02 1.144885199999999656e+02 4.549489142343566828e-01
8.774300999999999628e-02 9.952603199999998651e+01 4.115723723154774416e-01
9.248586999999999780e-02 8.783483299999998906e+01 3.757403833617701805e-01
9.722873999999999406e-02 7.777029500000000439e+01 3.432952973090659943e-01
1.019715999999999956e-01 6.990865599999999347e+01 3.172038489236500558e-01
1.067145000000000038e-01 6.418417000000000883e+01 2.966769284468694368e-01
1.114572999999999953e-01 5.904259700000000066e+01 2.781052894755017268e-01
1.162002000000000035e-01 5.472322699999999429e+01 2.618896955852163533e-01
1.209430999999999978e-01 5.124603999999999360e+01 2.481142445022139209e-01
1.256858999999999893e-01 4.878547600000000273e+01 2.372503213663806620e-01
1.304288000000000114e-01 4.653018399999999133e+01 2.272645268632799698e-01
1.351717000000000057e-01 4.400790700000000299e+01 2.168818653135655694e-01
1.399144999999999972e-01 4.240361399999999747e+01 2.090301970726370917e-01
1.446573999999999915e-01 4.082544499999999488e+01 2.015416859071169908e-01
1.494003000000000136e-01 3.956751099999999610e+01 1.950953625349636789e-01
1.541431000000000051e-01 3.827170000000000272e+01 1.890660925921266444e-01
1.588859999999999995e-01 3.746124299999999607e+01 1.840940498776595380e-01
1.636287999999999909e-01 3.638361600000000351e+01 1.786649674586296699e-01
1.683717000000000130e-01 3.533260599999999130e+01 1.734732538369062049e-01
1.731146000000000074e-01 3.426010800000000245e+01 1.683708810414262236e-01
1.778573999999999988e-01 3.378320099999999826e+01 1.648468907527287919e-01
1.826002999999999932e-01 3.319223099999999960e+01 1.611807977610651976e-01
1.873431999999999875e-01 3.273305599999999060e+01 1.579529110210118881e-01
1.920860000000000067e-01 3.213473700000000832e+01 1.544830912315830196e-01
1.968289000000000011e-01 3.173310299999999273e+01 1.515737283497720911e-01
2.015717999999999954e-01 3.145663799999999810e+01 1.490645347402540233e-01
2.063145999999999869e-01 3.095801099999999906e+01 1.461056185457311751e-01
2.110575000000000090e-01 3.056967599999999763e+01 1.433388073007442753e-01
2.158004000000000033e-01 3.017426100000000133e+01 1.407760319443558394e-01
2.205431999999999948e-01 3.016591100000000125e+01 1.391975597192152692e-01
2.252860999999999891e-01 2.992245300000000086e+01 1.371376408497699817e-01
2.300290000000000112e-01 2.959330300000000236e+01 1.349341580033806554e-01
2.347718000000000027e-01 2.942181199999999919e+01 1.331356255409629208e-01
2.395146999999999970e-01 2.903438300000000183e+01 1.309029864319309344e-01
2.442575999999999914e-01 2.880528499999999781e+01 1.290762525558334373e-01
2.490004000000000106e-01 2.870194599999999951e+01 1.275718425422200930e-01
2.537433000000000050e-01 2.853381499999999704e+01 1.259590363559792425e-01
2.584861999999999993e-01 2.829980799999999519e+01 1.242575324967561123e-01
2.632289999999999908e-01 2.815932099999999849e+01 1.228085631650553955e-01
2.679718999999999851e-01 2.805698900000000506e+01 1.214750420449612484e-01
2.727146999999999766e-01 2.790813099999999736e+01 1.200677428276220871e-01
2.774576000000000264e-01 2.788170299999999813e+01 1.189902813225840739e-01
2.822005000000000208e-01 2.767946200000000090e+01 1.175925963838246879e-01
2.869433000000000122e-01 2.759611899999999807e+01 1.164174459391563721e-01
2.916862000000000066e-01 2.758893000000000484e+01 1.154230621248331923e-01
2.964291000000000009e-01 2.747848800000000580e+01 1.142433642856012926e-01
3.011718999999999924e-01 2.725360599999999778e+01 1.128552389551415597e-01
3.059147999999999867e-01 2.716209800000000385e+01 1.117695333913808486e-01
3.106576999999999811e-01 2.733197900000000047e+01 1.112346062194176088e-01
3.154004999999999725e-01 2.712494699999999881e+01 1.099590622316910238e-01
3.201434000000000224e-01 2.704319100000000020e+01 1.089648560118536558e-01
3.248863000000000167e-01 2.708557700000000068e+01 1.082353123836227449e-01
3.296291000000000082e-01 2.701258500000000140e+01 1.072873765942107538e-01
3.343720000000000026e-01 2.710133300000000034e+01 1.066824825802900889e-01
3.391148999999999969e-01 2.700525600000000281e+01 1.068452010053970447e-01
3.438576999999999884e-01 2.715423100000000289e+01 1.085240382517840968e-01
3.486005999999999827e-01 2.704723300000000563e+01 1.110671619277907862e-01
3.533434999999999770e-01 2.683217199999999636e+01 1.126539722419977602e-01
3.580863000000000240e-01 2.670039500000000388e+01 1.137739776566513428e-01
3.628292000000000184e-01 2.667826299999999762e+01 1.148484605287154181e-01
3.675720000000000098e-01 2.671494400000000269e+01 1.158733621980487793e-01
3.723149000000000042e-01 2.666664799999999858e+01 1.166205892747635697e-01
3.770577999999999985e-01 2.656714500000000001e+01 1.171817657994634471e-01
3.818005999999999900e-01 2.648079299999999847e+01 1.176153584002837676e-01
3.865434999999999843e-01 2.646313400000000371e+01 1.181562709550432605e-01
3.912863999999999787e-01 2.663668499999999995e+01 1.190184051753883365e-01
3.960292000000000256e-01 2.666203499999999593e+01 1.195642693832977554e-01
4.007721000000000200e-01 2.661352199999999968e+01 1.199661213129698673e-01
4.055150000000000143e-01 2.662656899999999993e+01 1.241312410337111760e-01
4.102578000000000058e-01 2.637252399999999852e+01 1.267591621742152341e-01
4.150007000000000001e-01 2.631466900000000209e+01 1.293925902267127614e-01
4.197435999999999945e-01 2.631960099999999869e+01 1.313977984520128817e-01
4.244863999999999860e-01 2.648269499999999965e+01 1.339384961051175993e-01
4.292292999999999803e-01 2.653849799999999703e+01 1.361278612253472575e-01
4.339721999999999746e-01 2.638998000000000133e+01 1.378249049063401122e-01
4.387150000000000216e-01 2.651215799999999945e+01 1.401588977320508689e-01
4.434579000000000160e-01 2.639532200000000373e+01 1.419042641926387127e-01
4.482008000000000103e-01 2.632707399999999964e+01 1.441135770579826114e-01
4.529436000000000018e-01 2.625309199999999876e+01 1.462564807513448417e-01
4.576864999999999961e-01 2.638307300000000311e+01 1.481491786890274942e-01
4.624293999999999905e-01 2.620430400000000049e+01 1.488763381944347153e-01
4.671721999999999819e-01 2.629000399999999971e+01 1.483829173229364584e-01
4.719150999999999763e-01 2.663618900000000167e+01 1.434780664020410546e-01
4.766579000000000232e-01 2.651908399999999943e+01 1.404668099767126255e-01
4.814008000000000176e-01 2.653184900000000113e+01 1.387158261040109253e-01
4.861437000000000119e-01 2.640522699999999645e+01 1.370223019336483938e-01
4.908865000000000034e-01 2.645229499999999945e+01 1.360262235444327783e-01
4.956293999999999977e-01 2.629890300000000281e+01 1.346766898257333867e-01
5.003722999999999921e-01 2.621000400000000496e+01 1.336033679734302260e-01
5.051151000000000391e-01 2.625004599999999755e+01 1.329467342971323296e-01
5.098580000000000334e-01 2.631227400000000216e+01 1.324122598468631395e-01
5.146009000000000277e-01 2.624678999999999718e+01 1.316088390933158325e-01
5.193436999999999637e-01 2.616472200000000115e+01 1.308016980725162370e-01
5.240865999999999580e-01 2.614829400000000348e+01 1.301973988982018660e-01
5.288294999999999524e-01 2.614028300000000016e+01 1.296444580849748507e-01
5.335722999999999994e-01 2.618075800000000442e+01 1.289820258674432563e-01
5.383151999999999937e-01 2.621974600000000422e+01 1.281465513291282499e-01
5.430580999999999881e-01 2.610443800000000536e+01 1.269737445421879329e-01
5.478009000000000350e-01 2.600732899999999859e+01 1.258826840698414051e-01
5.525438000000000294e-01 2.607860499999999959e+01 1.252297005763692572e-01
5.572867000000000237e-01 2.594070400000000021e+01 1.240974111744717334e-01
5.620294999999999597e-01 2.615900300000000200e+01 1.238413774180443239e-01
5.667723999999999540e-01 2.603180999999999656e+01 1.227892087821670086e-01
5.715152000000000010e-01 2.604013499999999937e+01 1.220798017132789237e-01
5.762580999999999953e-01 2.594137500000000074e+01 1.211363128791755062e-01
5.810009999999999897e-01 2.624231099999999373e+01 1.211733687828113470e-01
5.857438000000000367e-01 2.609761400000000009e+01 1.204775703376421009e-01
5.904867000000000310e-01 2.602808699999999931e+01 1.200277798601723650e-01
5.952296000000000253e-01 2.598425400000000351e+01 1.196371717243273902e-01
5.999723999999999613e-01 2.593035899999999927e+01 1.193535248063357368e-01
6.047152999999999556e-01 2.595792900000000003e+01 1.191150802949861448e-01
6.094581999999999500e-01 2.595352899999999607e+01 1.187230277197153516e-01
6.142009999999999970e-01 2.578237600000000640e+01 1.181644648771960487e-01
6.189438999999999913e-01 2.596394799999999847e+01 1.181947286944371178e-01
6.236867999999999856e-01 2.607964600000000388e+01 1.181844795771902490e-01
6.284296000000000326e-01 2.603628099999999534e+01 1.178175345285968068e-01
6.331725000000000270e-01 2.609365299999999976e+01 1.176775502584584132e-01
6.379154000000000213e-01 2.610876400000000075e+01 1.174445645307700126e-01
6.426581999999999573e-01 2.600869399999999843e+01 1.169563396602240485e-01
6.474010999999999516e-01 2.599788300000000163e+01 1.166717920324724378e-01
6.521439999999999459e-01 2.620712199999999825e+01 1.168781051738271570e-01
6.568867999999999929e-01 2.592104800000000253e+01 1.159802606693712129e-01
6.616296999999999873e-01 2.593228300000000175e+01 1.157505207161177302e-01
6.663725999999999816e-01 2.594655799999999957e+01 1.155297329986250537e-01
6.711154000000000286e-01 2.599236700000000155e+01 1.153779227711254907e-01
6.758583000000000229e-01 2.590991799999999756e+01 1.149437709877742797e-01
6.806010999999999589e-01 2.603063200000000421e+01 1.149625010642874728e-01
6.853439999999999532e-01 2.593745799999999946e+01 1.145110452157153125e-01
6.900868999999999476e-01 2.593126500000000334e+01 1.142508753502081420e-01
6.948296999999999946e-01 2.605668399999999707e+01 1.142816015656417938e-01
6.995725999999999889e-01 2.584935499999999564e+01 1.135846274284759982e-01
7.043154999999999832e-01 2.573697500000000105e+01 1.130990388153153142e-01
7.090583000000000302e-01 2.591236800000000429e+01 1.132436999555237883e-01
7.138012000000000246e-01 2.578815100000000626e+01 1.127340515389143594e-01
7.185441000000000189e-01 2.601901699999999806e+01 1.130015875427902994e-01
7.232868999999999549e-01 2.586820099999999911e+01 1.124404686907254092e-01
7.280297999999999492e-01 2.587179300000000381e+01 1.122145792027617883e-01
7.327727000000000546e-01 2.593235899999999816e+01 1.121129759576548757e-01
7.375154999999999905e-01 2.586005700000000118e+01 1.117271302404442973e-01
7.422583999999999849e-01 2.605225800000000191e+01 1.119131702506014348e-01
7.470012999999999792e-01 2.605501199999999784e+01 1.116903654863117684e-01
7.517441000000000262e-01 2.581988400000000183e+01 1.109584132845891913e-01
7.564870000000000205e-01 2.578319799999999873e+01 1.106558821535778281e-01
7.612299000000000149e-01 2.592002000000000095e+01 1.107265784816929138e-01
7.659726999999999508e-01 2.596802599999999828e+01 1.106062453309531735e-01
7.707155999999999452e-01 2.603959800000000158e+01 1.105360697385862345e-01
7.754585000000000505e-01 2.589375900000000641e+01 1.100075676262437796e-01
7.802012999999999865e-01 2.582694099999999793e+01 1.097567752799921692e-01
7.849441999999999808e-01 2.582998800000000372e+01 1.095080772835442529e-01
7.896870000000000278e-01 2.569240700000000288e+01 1.089296017917448511e-01
7.944299000000000222e-01 2.582108200000000053e+01 1.089884671580998027e-01
7.991728000000000165e-01 2.592274700000000465e+01 1.089904377337580915e-01
8.039155999999999525e-01 2.583932099999999465e+01 1.086028929230925116e-01
8.086584999999999468e-01 2.587264499999999856e+01 1.084609611604018670e-01
8.134014000000000522e-01 2.580679699999999954e+01 1.081139488565134171e-01
8.181441999999999881e-01 2.571637499999999932e+01 1.077988717963787452e-01
8.228870999999999825e-01 2.579785100000000142e+01 1.076853630045959409e-01
8.276299999999999768e-01 2.579666999999999533e+01 1.074716699362487649e-01
8.323728000000000238e-01 2.576181700000000063e+01 1.071946873640069881e-01
8.371157000000000181e-01 2.570425999999999789e+01 1.068728280067702680e-01
8.418586000000000125e-01 2.585820300000000316e+01 1.069896210375548690e-01
8.466013999999999484e-01 2.577674900000000235e+01 1.066185059867117840e-01
8.513443000000000538e-01 2.587550500000000397e+01 1.066225168434411924e-01
8.560872000000000481e-01 2.595357700000000278e+01 1.065844695522288610e-01
8.608299999999999841e-01 2.574309099999999972e+01 1.059535131641277800e-01
8.655728999999999784e-01 2.583964099999999320e+01 1.059538513334442184e-01
8.703157999999999728e-01 2.587333100000000030e+01 1.058270431091457853e-01
8.750586000000000197e-01 2.563049700000000186e+01 1.051357290568249170e-01
8.798015000000000141e-01 2.569832400000000305e+01 1.050815603567429035e-01
8.845442999999999500e-01 2.566994900000000257e+01 1.048302227097233780e-01
8.892872000000000554e-01 2.561539200000000349e+01 1.045277106372272113e-01
8.940301000000000498e-01 2.574257699999999360e+01 1.045972496244437638e-01
8.987728999999999857e-01 2.566121899999999911e+01 1.042427503725961851e-01
9.035157999999999801e-01 2.578405500000000217e+01 1.043020519951390890e-01
9.082586999999999744e-01 2.560895300000000319e+01 1.037606293603397373e-01
9.130015000000000214e-01 2.577422399999999669e+01 1.039088798255380225e-01
9.177444000000000157e-01 2.576968499999999906e+01 1.037143615939099400e-01
9.224873000000000101e-01 2.572467300000000279e+01 1.034381285863738009e-01
9.272300999999999460e-01 2.588392099999999729e+01 1.035737559278034486e-01
9.319730000000000514e-01 2.579742800000000358e+01 1.032183173583061386e-01
9.367159000000000457e-01 2.583689700000000045e+01 1.031155076537767917e-01
9.414586999999999817e-01 2.567856699999999748e+01 1.026173490376763586e-01
9.462015999999999760e-01 2.577502999999999744e+01 1.026298878598622399e-01
9.509444999999999704e-01 2.552023299999999750e+01 1.019439298451477044e-01
9.556873000000000173e-01 2.564292299999999614e+01 1.020111847761523832e-01
9.604302000000000117e-01 2.568553400000000053e+01 1.019179124772205958e-01
9.651731000000000060e-01 2.558899800000000013e+01 1.015505384564222568e-01
9.699159000000000530e-01 2.573014199999999363e+01 1.016554669705731911e-01
9.746588000000000473e-01 2.557439600000000013e+01 1.011736775131125698e-01
9.794017000000000417e-01 2.559895500000000368e+01 1.010479951924980052e-01
9.841444999999999776e-01 2.577577199999999635e+01 1.012235300935701299e-01
9.888873999999999720e-01 2.565182699999999727e+01 1.008089197961653527e-01
9.936302000000000190e-01 2.542236499999999566e+01 1.001874172995037282e-01
9.983731000000000133e-01 2.558705400000000196e+01 1.003406369858643038e-01
1.003115999999999897e+00 2.560134199999999893e+01 1.001997764912721800e-01
1.007859000000000060e+00 2.550282499999999786e+01 9.983963504970408409e-02
1.012602000000000002e+00 2.553226400000000140e+01 9.973057154440206906e-02
1.017344999999999944e+00 2.558732900000000043e+01 9.967052711189752778e-02
1.022086999999999968e+00 2.557475300000000118e+01 9.948047745973528921e-02
1.026829999999999909e+00 2.564082199999999645e+01 9.944457923440322422e-02
1.031573000000000073e+00 2.539189100000000110e+01 9.879760349254126939e-02
1.036316000000000015e+00 2.556386499999999984e+01 9.896754270290133992e-02
1.041058999999999957e+00 2.550251799999999847e+01 9.868656349129197036e-02
1.045801999999999898e+00 2.546385700000000085e+01 9.845099483867544854e-02
1.050545000000000062e+00 2.563422299999999865e+01 9.861914830112253338e-02
1.055287000000000086e+00 2.553079699999999974e+01 9.825887863216127560e-02
1.060030000000000028e+00 2.551809899999999942e+01 9.807545483005572495e-02
1.064772999999999969e+00 2.571762499999999818e+01 9.829962579424093849e-02
1.069515999999999911e+00 2.547755300000000034e+01 9.768264471067519827e-02
1.074259000000000075e+00 2.550448300000000046e+01 9.757636810255596038e-02
1.079002000000000017e+00 2.554028899999999780e+01 9.748862674401306827e-02
1.083744999999999958e+00 2.566508900000000182e+01 9.759221115725424944e-02
1.088487999999999900e+00 2.548680699999999888e+01 9.711980378000102665e-02
1.093229999999999924e+00 2.553072799999999987e+01 9.700615228325674966e-02
1.097973000000000088e+00 2.547174400000000105e+01 9.674084497344438704e-02
1.102716000000000030e+00 2.563177400000000006e+01 9.689191576270282658e-02
1.107458999999999971e+00 2.551516300000000115e+01 9.651982435739457633e-02
1.112201999999999913e+00 2.562825099999999878e+01 9.658096859908323062e-02
1.116945000000000077e+00 2.557417600000000135e+01 9.632847216534787260e-02
1.121688000000000018e+00 2.557414800000000099e+01 9.617884184735954467e-02
1.126430000000000042e+00 2.555173500000000075e+01 9.598783352315490291e-02
1.131172999999999984e+00 2.556216999999999828e+01 9.585806425832466005e-02
1.135915999999999926e+00 2.540222100000000083e+01 9.541026538052024830e-02
1.140659000000000090e+00 2.551366399999999857e+01 9.547271498874586315e-02
1.145402000000000031e+00 2.533661300000000338e+01 9.499532602397867120e-02
1.150144999999999973e+00 2.542939899999999653e+01 9.502280475785694625e-02
1.154887999999999915e+00 2.551230299999999929e+01 9.503237693648727835e-02
1.159631000000000078e+00 2.540655899999999789e+01 9.469150191854810994e-02
1.164373000000000102e+00 2.540917800000000071e+01 9.455351266148073752e-02
1.169116000000000044e+00 2.550405500000000103e+01 9.465684808203947420e-02
1.173858999999999986e+00 2.537173800000000057e+01 9.424322496445461383e-02
1.178601999999999927e+00 2.546120300000000114e+01 9.422226245583312232e-02
1.183345000000000091e+00 2.553246800000000150e+01 9.421319508648563767e-02
1.188088000000000033e+00 2.539553999999999689e+01 9.381914687556959509e-02
1.192830999999999975e+00 2.560217499999999902e+01 9.405959487678169917e-02
1.197572999999999999e+00 2.567465999999999937e+01 9.405310925728718741e-02
1.202315999999999940e+00 2.557025300000000101e+01 9.372319542782299451e-02
1.207059000000000104e+00 2.553465500000000077e+01 9.382228442090556619e-02
1.211802000000000046e+00 2.562240600000000157e+01 9.706082668400006774e-02
1.216544999999999987e+00 2.553520999999999930e+01 9.891239011019245519e-02
1.221287999999999929e+00 2.549465800000000115e+01 1.003195903929008370e-01
1.226031000000000093e+00 2.536905200000000349e+01 1.013251072376758072e-01
1.230774000000000035e+00 2.550696700000000305e+01 1.027202577180703902e-01
1.235516000000000059e+00 2.544812900000000155e+01 1.036281642845882089e-01
1.240259000000000000e+00 2.543266099999999597e+01 1.045556312825124679e-01
1.245001999999999942e+00 2.544189400000000134e+01 1.054805329651685025e-01
1.249745000000000106e+00 2.536177600000000254e+01 1.061780565183682301e-01
1.254488000000000048e+00 2.546770500000000226e+01 1.072318432386434317e-01
1.259230999999999989e+00 2.537721700000000169e+01 1.075864529566724626e-01
1.263973999999999931e+00 2.518884500000000060e+01 1.074618861996489427e-01
1.268715999999999955e+00 2.537478499999999926e+01 1.081192892356497987e-01
1.273458999999999897e+00 2.548278900000000391e+01 1.065737003012788425e-01
1.278202000000000060e+00 2.569553499999999957e+01 1.030625998911283148e-01
1.282945000000000002e+00 2.557061500000000009e+01 1.008507098214355829e-01
1.287687999999999944e+00 2.544593999999999667e+01 9.918784355802025277e-02
1.292431000000000108e+00 2.553533400000000242e+01 9.821428269159328261e-02
1.297174000000000049e+00 2.557695200000000213e+01 9.731540159114845934e-02
1.301916000000000073e+00 2.544738699999999909e+01 9.620840601679980786e-02
1.306659000000000015e+00 2.546205599999999691e+01 9.546304533203725518e-02
1.311401999999999957e+00 2.550964600000000360e+01 9.484669832254520594e-02
1.316144999999999898e+00 2.545652700000000124e+01 9.409736012376276881e-02
1.320888000000000062e+00 2.543061800000000261e+01 9.358115090310868689e-02
1.325631000000000004e+00 2.552816800000000086e+01 9.351910407229102606e-02
1.330373999999999945e+00 2.544117500000000121e+01 9.313185949385580087e-02
1.335117000000000109e+00 2.555532499999999985e+01 9.312244332222119336e-02
1.339858999999999911e+00 2.558743400000000179e+01 9.296941556636731385e-02
1.344602000000000075e+00 2.558474899999999863e+01 9.276079236372229697e-02
1.349345000000000017e+00 2.560311100000000195e+01 9.259730563128767966e-02
1.354087999999999958e+00 2.547865499999999983e+01 9.218139499435229478e-02
1.358830999999999900e+00 2.543801200000000051e+01 9.192142382303650217e-02
1.363574000000000064e+00 2.538928500000000099e+01 9.165198890820100419e-02
1.368317000000000005e+00 2.543051999999999779e+01 9.154954425386727102e-02
1.373059000000000029e+00 2.540935900000000203e+01 9.133886726891406183e-02
1.377801999999999971e+00 2.542638400000000232e+01 9.119895787514516183e-02
1.382544999999999913e+00 2.557990299999999806e+01 9.130630203524672805e-02
1.387288000000000077e+00 2.543978899999999754e+01 9.089259285617008743e-02
1.392031000000000018e+00 2.544485299999999839e+01 9.074088483792132342e-02
1.396773999999999960e+00 2.542381499999999761e+01 9.054443087733778095e-02
1.401516999999999902e+00 2.532203200000000010e+01 9.020700262310459017e-02
1.406260000000000066e+00 2.534400199999999970e+01 9.009274222631921680e-02
1.411002000000000089e+00 2.540483899999999906e+01 9.004957072055923273e-02
1.415745000000000031e+00 2.529520099999999871e+01 8.970504275600674204e-02
1.420487999999999973e+00 2.536292799999999659e+01 8.967710430874259453e-02
1.425230999999999915e+00 2.548690199999999706e+01 8.974974987085869438e-02
1.429974000000000078e+00 2.537129200000000040e+01 8.940201410770284851e-02
1.434717000000000020e+00 2.544274500000000216e+01 8.938437588267370004e-02
1.439459999999999962e+00 2.538816399999999973e+01 8.914690466951445680e-02
1.444201999999999986e+00 2.533962899999999863e+01 8.892187795551664831e-02
1.448944999999999927e+00 2.529464899999999972e+01 8.870510757695466986e-02
1.453688000000000091e+00 2.539793500000000037e+01 8.874849285302484347e-02
1.458431000000000033e+00 2.535947399999999874e+01 8.854503354169616924e-02
1.463173999999999975e+00 2.511719400000000491e+01 8.801044869294441519e-02
1.467916999999999916e+00 2.529864500000000049e+01 8.819659007765834335e-02
1.472660000000000080e+00 2.516467800000000210e+01 8.780572488508138485e-02
1.477402000000000104e+00 2.537490500000000182e+01 8.804015175270257787e-02
1.482145000000000046e+00 2.525947500000000190e+01 8.770990435064161816e-02
1.486887999999999987e+00 2.546846999999999994e+01 8.794311619679109904e-02
1.491630999999999929e+00 2.551638499999999965e+01 8.789685550537630621e-02
1.496374000000000093e+00 2.529981400000000136e+01 8.739547223942439880e-02
1.501117000000000035e+00 2.547117399999999776e+01 8.760882307813865066e-02
1.505859999999999976e+00 2.558421799999999990e+01 8.937342962037933547e-02
1.510602999999999918e+00 2.556781599999999699e+01 9.185781971016349079e-02
1.515344999999999942e+00 2.548406200000000155e+01 9.322683732699237058e-02
1.520088000000000106e+00 2.546850599999999787e+01 9.442632685123360237e-02
1.524831000000000047e+00 2.552207100000000395e+01 9.559826253677626562e-02
1.529573999999999989e+00 2.528428600000000159e+01 9.590084408321128406e-02
1.534316999999999931e+00 2.563194399999999717e+01 9.387388248376596356e-02
1.539060000000000095e+00 2.562062699999999538e+01 9.239662194103256954e-02
1.543803000000000036e+00 2.545988799999999941e+01 9.113491285113514695e-02
1.548545000000000060e+00 2.543658300000000239e+01 9.014186171204308096e-02
1.553288000000000002e+00 2.540319200000000066e+01 8.928323434637266964e-02
1.558030999999999944e+00 2.537709900000000474e+01 8.848581233353909614e-02
1.562774000000000107e+00 2.515972299999999962e+01 8.722407179574455383e-02
1.567517000000000049e+00 2.520970200000000006e+01 8.650728810727741080e-02
1.572259999999999991e+00 2.542137199999999808e+01 8.636041473660487078e-02
1.577002999999999933e+00 2.538466899999999526e+01 8.595890697412339465e-02
1.581746000000000096e+00 2.543607600000000346e+01 8.587978769259738132e-02
1.586487999999999898e+00 2.550706199999999768e+01 8.602214179890141366e-02
1.591231000000000062e+00 2.538515799999999700e+01 8.592618401204839274e-02
1.595974000000000004e+00 2.531528199999999984e+01 8.591370456905580988e-02
1.600716999999999945e+00 2.536343199999999953e+01 8.607020446956077653e-02
1.605460000000000109e+00 2.540056100000000328e+01 8.602122618470281479e-02
1.610203000000000051e+00 2.529737300000000033e+01 8.570288178106147403e-02
1.614945999999999993e+00 2.541766799999999904e+01 8.576624669169800874e-02
1.619688000000000017e+00 2.512621400000000094e+01 8.513647373473487434e-02
1.624430999999999958e+00 2.534931800000000024e+01 8.537862426108247527e-02
1.629173999999999900e+00 2.528353500000000054e+01 8.513478406746269322e-02
1.633917000000000064e+00 2.537081900000000090e+01 8.515105029618777466e-02
1.638660000000000005e+00 2.530061399999999949e+01 8.490460026357110612e-02
1.643402999999999947e+00 2.532448400000000177e+01 8.481784530723472659e-02
1.648146000000000111e+00 2.539105299999999943e+01 8.480341666292580405e-02
1.652889000000000053e+00 2.537974000000000174e+01 8.466062834253181013e-02
1.657631000000000077e+00 2.531258799999999809e+01 8.442663434678360224e-02
1.662374000000000018e+00 2.536096899999999721e+01 8.438596624860675299e-02
1.667116999999999960e+00 2.530340500000000148e+01 8.417017784398224400e-02
1.671859999999999902e+00 2.537689299999999903e+01 8.417368958933604817e-02
1.676603000000000065e+00 2.526028300000000115e+01 8.386325713056999587e-02
1.681346000000000007e+00 2.522242899999999821e+01 8.368429133425818456e-02
1.686088999999999949e+00 2.519813900000000473e+01 8.352866956700974455e-02
1.690830999999999973e+00 2.518516999999999584e+01 8.339338521022515716e-02
1.695573999999999915e+00 2.531630499999999984e+01 8.349716625687723937e-02
1.700317000000000078e+00 2.533374400000000293e+01 8.341330289969459133e-02
1.705060000000000020e+00 2.525233700000000425e+01 8.316763133971172284e-02
1.709802999999999962e+00 2.530253500000000244e+01 8.313953480585814515e-02
1.714545999999999903e+00 2.533577799999999769e+01 8.308466081629148348e-02
1.719289000000000067e+00 2.530843099999999524e+01 8.293066070532176259e-02
1.724031000000000091e+00 2.530624500000000054e+01 8.281835547686935972e-02
1.728774000000000033e+00 2.514684199999999592e+01 8.244999938952214669e-02
1.733516999999999975e+00 2.525546100000000393e+01 8.252155829014620747e-02
1.738259999999999916e+00 2.520424500000000378e+01 8.233174478863727885e-02
1.743003000000000080e+00 2.511671099999999868e+01 8.208304395820918697e-02
1.747746000000000022e+00 2.519477200000000039e+01 8.210606834771227991e-02
1.752488999999999963e+00 2.520568300000000050e+01 8.202016039687377857e-02
1.757231999999999905e+00 2.518342600000000076e+01 8.188053093163294438e-02
1.761973999999999929e+00 2.530621300000000318e+01 8.197650010951797184e-02
1.766717000000000093e+00 2.524061999999999983e+01 8.176808486651317154e-02
1.771460000000000035e+00 2.523117400000000288e+01 8.165134322985752313e-02
1.776202999999999976e+00 2.517934400000000039e+01 8.150302675909036620e-02
1.780945999999999918e+00 2.517971800000000115e+01 8.140538930581253663e-02
1.785689000000000082e+00 2.514224400000000514e+01 8.120593504186070233e-02
1.790432000000000023e+00 2.513640600000000092e+01 8.109749136773652944e-02
1.795174000000000047e+00 2.526783999999999963e+01 8.121020757946811885e-02
1.799916999999999989e+00 2.519066499999999920e+01 8.098719990939926006e-02
1.804659999999999931e+00 2.511427700000000129e+01 8.076683203590258320e-02
1.809403000000000095e+00 2.512360499999999774e+01 8.068472975937267255e-02
1.814146000000000036e+00 2.520770900000000125e+01 8.072281517287475949e-02
1.818888999999999978e+00 2.519511999999999574e+01 8.060586034477704165e-02
1.823631999999999920e+00 2.536635500000000221e+01 8.078301705009041656e-02
1.828375000000000083e+00 2.529645899999999870e+01 8.057619705032870172e-02
1.833117000000000107e+00 2.520677600000000140e+01 8.033813167283267165e-02
1.837860000000000049e+00 2.523552700000000115e+01 8.028896843587168819e-02
1.842602999999999991e+00 2.529822800000000171e+01 8.029420946410829873e-02
1.847345999999999933e+00 2.521726600000000218e+01 8.007205278729775944e-02
1.852089000000000096e+00 2.523101899999999986e+01 8.006650067415960192e-02
1.856832000000000038e+00 2.511547200000000046e+01 7.972984543357085341e-02
1.861574999999999980e+00 2.507191300000000211e+01 7.956270557747394112e-02
1.866317000000000004e+00 2.512816500000000275e+01 7.956007249067210962e-02
1.871059999999999945e+00 2.519581399999999860e+01 7.957550415202407912e-02
1.875803000000000109e+00 2.529573599999999800e+01 7.964120841294600184e-02
1.880546000000000051e+00 2.522645500000000141e+01 7.944121269665387064e-02
1.885288999999999993e+00 2.524787399999999948e+01 7.938456537723878603e-02
1.890031999999999934e+00 2.513457299999999961e+01 7.911614712952722006e-02
1.894775000000000098e+00 2.503932300000000311e+01 7.887611584531339926e-02
1.899516999999999900e+00 2.517908600000000163e+01 7.900681972487945404e-02
1.904260000000000064e+00 2.516661300000000168e+01 7.889823695725273200e-02
1.909003000000000005e+00 2.519646499999999634e+01 7.885654737404687586e-02
1.913745999999999947e+00 2.509536800000000056e+01 7.860964911658047116e-02
1.918489000000000111e+00 2.507069500000000062e+01 7.848339534205053813e-02
1.923232000000000053e+00 2.522570499999999782e+01 7.863816732844300383e-02
1.927974999999999994e+00 2.516242200000000295e+01 7.845007745435308988e-02
1.932717999999999936e+00 2.524676300000000140e+01 7.843240595643231894e-02
1.937459999999999960e+00 2.514238499999999732e+01 7.808760725513236300e-02
1.942202999999999902e+00 2.510471199999999925e+01 7.781638412334063171e-02
1.946946000000000065e+00 2.499951100000000181e+01 7.746447960668617627e-02
1.951689000000000007e+00 2.511205199999999849e+01 7.748560492871497951e-02
1.956431999999999949e+00 2.495976900000000143e+01 7.716696933192336572e-02
1.961174999999999891e+00 2.499846099999999893e+01 7.714548301270658659e-02
1.965918000000000054e+00 2.500832400000000177e+01 7.708070432849845055e-02
1.970660000000000078e+00 2.509732099999999733e+01 7.718136398879200943e-02
1.975403000000000020e+00 2.521883000000000408e+01 7.734715625039940978e-02
1.980145999999999962e+00 2.516001999999999938e+01 7.727813691730410495e-02
1.984888999999999903e+00 2.499348399999999515e+01 7.704238742313936072e-02
1.989632000000000067e+00 2.513754599999999684e+01 7.728446293989692240e-02
1.994375000000000009e+00 2.512554100000000190e+01 7.723772837557499327e-02
1.999117999999999951e+00 2.504776299999999623e+01 7.700727067360002565e-02
2.003861000000000114e+00 2.505515899999999974e+01 7.693682160870761455e-02
2.008602999999999916e+00 2.516760599999999570e+01 7.702696749166812462e-02
2.013345999999999858e+00 2.524678100000000214e+01 7.775052310698687963e-02
2.018088999999999800e+00 2.514162799999999720e+01 7.985256776873614348e-02
2.022832000000000185e+00 2.499082800000000049e+01 8.093042750439974342e-02
2.027575000000000127e+00 2.507113299999999967e+01 8.208552212443068208e-02
2.032318000000000069e+00 2.498295000000000599e+01 8.281961834684159474e-02
2.037061000000000011e+00 2.495980700000000496e+01 8.356917359398678691e-02
2.041802999999999813e+00 2.498223199999999977e+01 8.431527670560597099e-02
2.046546000000000198e+00 2.496138199999999685e+01 8.466533002013988674e-02
2.051289000000000140e+00 2.496793800000000019e+01 8.493653413301663346e-02
2.056032000000000082e+00 2.503606500000000068e+01 8.529341444947727280e-02
2.060775000000000023e+00 2.489497400000000127e+01 8.527763370430373191e-02
2.065517999999999965e+00 2.491063899999999975e+01 8.551521549556781454e-02
2.070260999999999907e+00 2.491491900000000470e+01 8.572210891889500695e-02
2.075003000000000153e+00 2.493670800000000298e+01 8.594897309652396733e-02
2.079746000000000095e+00 2.512002600000000285e+01 8.419124838639464870e-02
2.084489000000000036e+00 2.513918999999999571e+01 8.208374319372685468e-02
2.089231999999999978e+00 2.519987000000000066e+01 8.100752278409086016e-02
2.093974999999999920e+00 2.512659099999999768e+01 8.000296761884211072e-02
2.098717999999999861e+00 2.513828999999999780e+01 7.929080987020374616e-02
2.103460999999999803e+00 2.512038299999999680e+01 7.863299717515033482e-02
2.108204000000000189e+00 2.520966400000000363e+01 7.833474797704018111e-02
2.112945999999999991e+00 2.509974100000000163e+01 7.795594862090447774e-02
2.117688999999999933e+00 2.504993999999999943e+01 7.769013267345023510e-02
2.122431999999999874e+00 2.504984300000000275e+01 7.751409268378557649e-02
2.127174999999999816e+00 2.509783399999999887e+01 7.742394388118445381e-02
2.131918000000000202e+00 2.510001900000000319e+01 7.727169195705824167e-02
2.136661000000000143e+00 2.509191799999999972e+01 7.711116523124390831e-02
2.141404000000000085e+00 2.495087199999999683e+01 7.675255752259529940e-02
2.146145999999999887e+00 2.490445500000000223e+01 7.654570169287495951e-02
2.150888999999999829e+00 2.504739500000000163e+01 7.663403628982685956e-02
2.155632000000000215e+00 2.502821600000000402e+01 7.647851753466981817e-02
2.160375000000000156e+00 2.495750799999999714e+01 7.624752695920045120e-02
2.165118000000000098e+00 2.490938499999999678e+01 7.605508142495477630e-02
2.169861000000000040e+00 2.487303600000000259e+01 7.588378175014079408e-02
2.174603999999999981e+00 2.497596000000000060e+01 7.592743131081414187e-02
2.179346999999999923e+00 2.489066899999999904e+01 7.568688529925775288e-02
2.184089000000000169e+00 2.488448899999999497e+01 7.556930963961031034e-02
2.188832000000000111e+00 2.493756100000000231e+01 7.554368831515576033e-02
2.193575000000000053e+00 2.481007999999999925e+01 7.524648809627862422e-02
2.198317999999999994e+00 2.502461900000000128e+01 7.546829842835268976e-02
2.203060999999999936e+00 2.494986300000000057e+01 7.525462777416881688e-02
2.207803999999999878e+00 2.501899200000000079e+01 7.525983995113463831e-02
2.212546999999999819e+00 2.499759199999999737e+01 7.513004952465225650e-02
2.217289000000000065e+00 2.487111200000000011e+01 7.484324404292815036e-02
2.222032000000000007e+00 2.491938400000000087e+01 7.482074805498270531e-02
2.226774999999999949e+00 2.500824999999999676e+01 7.486031969126299979e-02
2.231517999999999891e+00 2.493608100000000150e+01 7.465969747139415691e-02
2.236260999999999832e+00 2.481455000000000410e+01 7.438579656303546950e-02
2.241004000000000218e+00 2.483447199999999810e+01 7.432535886953321735e-02
2.245747000000000160e+00 2.489924699999999902e+01 7.433287007399552726e-02
2.250490000000000101e+00 2.508117900000000233e+01 7.451515943281138143e-02
2.255231999999999903e+00 2.499890700000000265e+01 7.430475934056511578e-02
2.259974999999999845e+00 2.497063900000000203e+01 7.417567663742810624e-02
2.264717999999999787e+00 2.493550899999999970e+01 7.403768300436609773e-02
2.269461000000000173e+00 2.489506500000000244e+01 7.389233280063364773e-02
2.274204000000000114e+00 2.498136500000000382e+01 7.393536735028372053e-02
2.278947000000000056e+00 2.494606900000000138e+01 7.379912552049314178e-02
2.283689999999999998e+00 2.493547099999999972e+01 7.370036365506346665e-02
2.288431999999999800e+00 2.483253799999999956e+01 7.346591673892390040e-02
2.293175000000000185e+00 2.482238999999999862e+01 7.336891593490529884e-02
2.297918000000000127e+00 2.488025200000000225e+01 7.337308677643526733e-02
2.302661000000000069e+00 2.501416599999999946e+01 7.348961359122116455e-02
2.307404000000000011e+00 2.487975899999999996e+01 7.321198663999359257e-02
2.312146999999999952e+00 2.482356799999999808e+01 7.304960607039780174e-02
2.316889999999999894e+00 2.491736799999999974e+01 7.310829073834103353e-02
2.321632000000000140e+00 2.488961800000000224e+01 7.298944694318076909e-02
2.326375000000000082e+00 2.486521300000000068e+01 7.287579532080525058e-02
2.331118000000000023e+00 2.492201299999999975e+01 7.288118975462667959e-02
2.335860999999999965e+00 2.485673599999999794e+01 7.270870831552916913e-02
2.340603999999999907e+00 2.481837100000000262e+01 7.257612429179446933e-02
2.345346999999999849e+00 2.483772900000000305e+01 7.252866189732649904e-02
2.350089999999999790e+00 2.484626400000000146e+01 7.246547269341033215e-02
2.354833000000000176e+00 2.493063000000000073e+01 7.251279891033787783e-02
2.359574999999999978e+00 2.491813099999999892e+01 7.242009512538837013e-02
2.364317999999999920e+00 2.493755499999999969e+01 7.237373228498306110e-02
2.369060999999999861e+00 2.482742700000000013e+01 7.213985799975419777e-02
2.373803999999999803e+00 2.484522099999999512e+01 7.209219070438974142e-02
2.378547000000000189e+00 2.483288299999999893e+01 7.200105237464171637e-02
2.383290000000000131e+00 2.483615199999999845e+01 7.193320816002578277e-02
2.388033000000000072e+00 2.484378699999999895e+01 7.187163443533199636e-02
2.392774999999999874e+00 2.485927900000000079e+01 7.182180269765581215e-02
2.397517999999999816e+00 2.479211199999999948e+01 7.165319734096239901e-02
2.402261000000000202e+00 2.489088999999999885e+01 7.172450918042801160e-02
2.407004000000000143e+00 2.486675400000000025e+01 7.161835350406346723e-02
2.411747000000000085e+00 2.472611500000000007e+01 7.134511784679312130e-02
2.416490000000000027e+00 2.489097699999999946e+01 7.151217708263817030e-02
2.421232999999999969e+00 2.490653800000000118e+01 7.146447819227115528e-02
2.425975999999999910e+00 2.477220699999999809e+01 7.120163705069006144e-02
2.430718000000000156e+00 2.476905500000000160e+01 7.112760340192689212e-02
2.435461000000000098e+00 2.491481699999999933e+01 7.126780373421227888e-02
2.440204000000000040e+00 2.475691499999999934e+01 7.099785777321102054e-02
2.444946999999999981e+00 2.474002899999999983e+01 7.088005983292480772e-02
2.449689999999999923e+00 2.469903099999999796e+01 7.075307095505396771e-02
2.454432999999999865e+00 2.480692199999999659e+01 7.083954571293142599e-02
2.459175999999999807e+00 2.487830700000000306e+01 7.087384981327950195e-02
2.463918000000000053e+00 2.485360099999999761e+01 7.077080911058032664e-02
2.468660999999999994e+00 2.489245600000000280e+01 7.075911313679743297e-02
2.473403999999999936e+00 2.488062100000000143e+01 7.067516194434081411e-02
2.478146999999999878e+00 2.476757900000000134e+01 7.044799469827867089e-02
2.482889999999999819e+00 2.469390000000000285e+01 7.027680244175740776e-02
2.487633000000000205e+00 2.472914199999999951e+01 7.026089295865944884e-02
2.492376000000000147e+00 2.489059300000000263e+01 7.042412729758104617e-02
2.497117999999999949e+00 2.477217100000000016e+01 7.019089996967411982e-02
2.501860999999999891e+00 2.472906300000000357e+01 7.006449274751155865e-02
2.506603999999999832e+00 2.475039999999999907e+01 7.002972897232717653e-02
2.511347000000000218e+00 2.478838500000000167e+01 7.001715730092875067e-02
2.516090000000000160e+00 2.473114500000000149e+01 6.981795833182248556e-02
2.520833000000000101e+00 2.475855999999999923e+01 6.971346717421604555e-02
2.525576000000000043e+00 2.479251999999999967e+01 6.961943307762495647e-02
2.530318999999999985e+00 2.464673099999999550e+01 6.930078214607682252e-02
2.535060999999999787e+00 2.465983199999999798e+01 6.925582945427337378e-02
2.539804000000000173e+00 2.471788300000000049e+01 6.927458075672995874e-02
2.544547000000000114e+00 2.470039799999999985e+01 6.918817881842244388e-02
2.549290000000000056e+00 2.465859799999999780e+01 6.906754049837304787e-02
2.554032999999999998e+00 2.473141700000000043e+01 6.910788130779224603e-02
2.558775999999999939e+00 2.466815999999999676e+01 6.895771537875003410e-02
2.563518999999999881e+00 2.476138100000000009e+01 6.902896010800393944e-02
2.568261000000000127e+00 2.464004100000000008e+01 6.885388813902813820e-02
2.573004000000000069e+00 2.470034399999999764e+01 6.895394471868523945e-02
2.577747000000000011e+00 2.472861399999999676e+01 6.900853350713809231e-02
2.582489999999999952e+00 2.464051899999999762e+01 6.886675416952507678e-02
2.587232999999999894e+00 2.460226600000000374e+01 6.875252885635915745e-02
2.591975999999999836e+00 2.469173600000000235e+01 6.881641447245781529e-02
2.596719000000000221e+00 2.479925599999999974e+01 6.890498906160787140e-02
2.601462000000000163e+00 2.468573899999999810e+01 6.868641480232609564e-02
2.606203999999999965e+00 2.470419700000000063e+01 6.865200276715312244e-02
2.610946999999999907e+00 2.462841399999999936e+01 6.848643741213292224e-02
2.615689999999999849e+00 2.469591700000000145e+01 6.852016143230983680e-02
2.620432999999999790e+00 2.467552400000000290e+01 6.843189308071126464e-02
2.625176000000000176e+00 2.468641200000000069e+01 6.838744738538864165e-02
2.629919000000000118e+00 2.470093100000000419e+01 6.834812917156035672e-02
2.634662000000000059e+00 2.471389699999999934e+01 6.832141968048234537e-02
2.639403999999999861e+00 2.471515500000000287e+01 6.827585217608418688e-02
2.644146999999999803e+00 2.473543799999999848e+01 6.822223146144663908e-02
2.648890000000000189e+00 2.464886299999999864e+01 6.804022524471314837e-02
2.653633000000000131e+00 2.463859400000000122e+01 6.797767393116728452e-02
2.658376000000000072e+00 2.465623199999999571e+01 6.794530943176725624e-02
2.663119000000000014e+00 2.465029000000000181e+01 6.786718359837026759e-02
2.667861999999999956e+00 2.475035500000000255e+01 6.794647767833737750e-02
2.672604999999999897e+00 2.470127099999999842e+01 6.782106936706690237e-02
2.677347000000000143e+00 2.468510299999999802e+01 6.774120072233293099e-02
2.682090000000000085e+00 2.473105400000000387e+01 6.774662722112664848e-02
2.686833000000000027e+00 2.472212500000000190e+01 6.767716147276643668e-02
2.691575999999999969e+00 2.457664900000000330e+01 6.742040283980510473e-02
2.696318999999999910e+00 2.460913400000000095e+01 6.740822473000011861e-02
2.701061999999999852e+00 2.471943499999999716e+01 6.750232341048491291e-02
2.705804999999999794e+00 2.457153399999999976e+01 6.724343949414024468e-02
2.710547000000000040e+00 2.462339300000000009e+01 6.725781376901571185e-02
2.715289999999999981e+00 2.473213099999999898e+01 6.734980487250277759e-02
2.720032999999999923e+00 2.478442499999999526e+01 6.736460831692410445e-02
2.724775999999999865e+00 2.475677999999999912e+01 6.727103070791840000e-02
2.729518999999999807e+00 2.465203500000000147e+01 6.707240695052697765e-02
2.734262000000000192e+00 2.460328000000000159e+01 6.695047572491251431e-02
2.739005000000000134e+00 2.459037299999999959e+01 6.687747255187279083e-02
2.743746999999999936e+00 2.456784100000000493e+01 6.679145221584045777e-02
2.748489999999999878e+00 2.466670799999999986e+01 6.687049685171556068e-02
2.753232999999999819e+00 2.461434300000000164e+01 6.674442118737265728e-02
2.757976000000000205e+00 2.462520500000000112e+01 6.670425690927903051e-02
2.762719000000000147e+00 2.460586800000000451e+01 6.662346560258780581e-02
2.767462000000000089e+00 2.457902299999999940e+01 6.653234135091670720e-02
2.772205000000000030e+00 2.465615400000000079e+01 6.658233229502552586e-02
2.776947999999999972e+00 2.465875499999999931e+01 6.653156247692444680e-02
2.781690000000000218e+00 2.465276800000000534e+01 6.646931091400225255e-02
2.786433000000000160e+00 2.453436400000000361e+01 6.625537772220606303e-02
2.791176000000000101e+00 2.468802900000000022e+01 6.640853590383995197e-02
2.795919000000000043e+00 2.451336200000000431e+01 6.611987279984438137e-02
2.800661999999999985e+00 2.451930700000000130e+01 6.608953215936241854e-02
2.805404999999999927e+00 2.457438399999999845e+01 6.610072361763144611e-02
2.810147999999999868e+00 2.456728799999999779e+01 6.606941524616061212e-02
2.814890000000000114e+00 2.475263200000000197e+01 6.627352901857044842e-02
2.819633000000000056e+00 2.471770599999999973e+01 6.745401128171177318e-02
2.824375999999999998e+00 2.466746600000000100e+01 6.879985707889733904e-02
2.829118999999999939e+00 2.467918599999999429e+01 6.970555753866976290e-02
2.833861999999999881e+00 2.466351099999999974e+01 7.041082589681930959e-02
2.838604999999999823e+00 2.448623999999999867e+01 7.077118005149130031e-02
2.843348000000000209e+00 2.453842399999999913e+01 7.114525792347090039e-02
2.848091000000000150e+00 2.447569499999999820e+01 7.126995881722818227e-02
2.852832999999999952e+00 2.448647799999999819e+01 7.149367614484444799e-02
2.857575999999999894e+00 2.450870699999999758e+01 7.171820133070963554e-02
2.862318999999999836e+00 2.451383399999999568e+01 7.190457099640328031e-02
2.867062000000000221e+00 2.456886899999999585e+01 7.215401922422548520e-02
2.871805000000000163e+00 2.461813199999999924e+01 7.238551619207671262e-02
2.876548000000000105e+00 2.458366399999999885e+01 7.248594316194002796e-02
2.881291000000000047e+00 2.457613699999999923e+01 7.227897291670309921e-02
2.886032999999999848e+00 2.487764500000000112e+01 7.064764030459969035e-02
2.890775999999999790e+00 2.478278199999999742e+01 6.940453533934075325e-02
2.895519000000000176e+00 2.469664099999999962e+01 6.853523841258013505e-02
2.900262000000000118e+00 2.463467200000000190e+01 6.785729578315805033e-02
2.905005000000000059e+00 2.467435999999999652e+01 6.754605991245973828e-02
2.909748000000000001e+00 2.464019500000000207e+01 6.732252103070264504e-02
2.914490999999999943e+00 2.462730200000000025e+01 6.714733919045787203e-02
2.919233000000000189e+00 2.463944299999999998e+01 6.702065045589829240e-02
2.923976000000000131e+00 2.461616799999999827e+01 6.685761034847864659e-02
2.928719000000000072e+00 2.460867799999999761e+01 6.672533761954675680e-02
2.933462000000000014e+00 2.463362299999999649e+01 6.664396841840003471e-02
2.938204999999999956e+00 2.456816099999999636e+01 6.644645194655543485e-02
2.942947999999999897e+00 2.459613100000000330e+01 6.638119426740152207e-02
2.947690999999999839e+00 2.455982499999999646e+01 6.623341498822629680e-02
2.952433999999999781e+00 2.452697900000000075e+01 6.610188826488241909e-02
2.957176000000000027e+00 2.458447500000000474e+01 6.609426717118285777e-02
2.961918999999999969e+00 2.458836200000000005e+01 6.599762804232588154e-02
2.966661999999999910e+00 2.465115399999999823e+01 6.599639556546174624e-02
2.971404999999999852e+00 2.467713699999999832e+01 6.594783238205408071e-02
2.976147999999999794e+00 2.455476999999999776e+01 6.570331499465000002e-02
2.980891000000000179e+00 2.455781700000000001e+01 6.562858607042741654e-02
2.985634000000000121e+00 2.451091599999999815e+01 6.548892498827570130e-02
2.990375999999999923e+00 2.453421700000000172e+01 6.546180375367149917e-02
2.995118999999999865e+00 2.455261700000000502e+01 6.539837988771740607e-02
2.999861999999999806e+00 2.456149999999999878e+01 6.533476563605244980e-02
3.004605000000000192e+00 2.458329099999999556e+01 6.529255400205755122e-02
3.009348000000000134e+00 2.469068600000000657e+01 6.536485707367759024e-02
3.014091000000000076e+00 2.453481299999999976e+01 6.510915868820375818e-02
3.018834000000000017e+00 2.458883200000000357e+01 6.509292561496679563e-02
3.023576999999999959e+00 2.455212600000000478e+01 6.497753463439190358e-02
3.028319000000000205e+00 2.452248599999999712e+01 6.487222791152928714e-02
3.033062000000000147e+00 2.454816500000000445e+01 6.484101538465525394e-02
3.037805000000000089e+00 2.457395000000000351e+01 6.481068066966354235e-02
3.042548000000000030e+00 2.454536399999999929e+01 6.470961372935245259e-02
3.047290999999999972e+00 2.462061300000000230e+01 6.474589711272521475e-02
3.052033999999999914e+00 2.463686300000000529e+01 6.470484528409135849e-02
3.056776999999999855e+00 2.464514700000000147e+01 6.465422378807590686e-02
3.061519000000000101e+00 2.462645200000000401e+01 6.456851087325307659e-02
3.066262000000000043e+00 2.461098700000000150e+01 6.448792925031009149e-02
3.071004999999999985e+00 2.454547699999999821e+01 6.435535063299477332e-02
3.075747999999999927e+00 2.453857999999999961e+01 6.428996696007939493e-02
3.080490999999999868e+00 2.446953099999999992e+01 6.413410764333592196e-02
3.085233999999999810e+00 2.460634399999999999e+01 6.424547025054608285e-02
3.089977000000000196e+00 2.453634799999999672e+01 6.411441284735905355e-02
3.094720000000000137e+00 2.457711800000000224e+01 6.409308080757704362e-02
3.099461999999999939e+00 2.453390600000000177e+01 6.397913390389949051e-02
3.104204999999999881e+00 2.461248199999999997e+01 6.402478520282672836e-02
3.108947999999999823e+00 2.448106700000000302e+01 6.379749078522367611e-02
3.113691000000000209e+00 2.441572100000000134e+01 6.365692304310585636e-02
3.118434000000000150e+00 2.452329900000000151e+01 6.374173515478301355e-02
3.123177000000000092e+00 2.457230699999999857e+01 6.375021358170575303e-02
3.127920000000000034e+00 2.459501600000000465e+01 6.372479770053962600e-02
3.132661999999999836e+00 2.457511600000000129e+01 6.364487469072195591e-02
3.137405000000000221e+00 2.456030100000000260e+01 6.357175519240915174e-02
3.142148000000000163e+00 2.458894899999999595e+01 6.355477881445738275e-02
3.146891000000000105e+00 2.455176799999999915e+01 6.346149154316654828e-02
3.151634000000000047e+00 2.448999900000000096e+01 6.333096051277684047e-02
3.156376999999999988e+00 2.453046799999999905e+01 6.332039378910636618e-02
3.161119999999999930e+00 2.456322499999999565e+01 6.331038543003035535e-02
3.165862000000000176e+00 2.447315099999999788e+01 6.318604886290168920e-02
3.170605000000000118e+00 2.454798299999999855e+01 6.321422738405096942e-02
3.175348000000000059e+00 2.450187900000000241e+01 6.307546270459774007e-02
3.180091000000000001e+00 2.452290700000000001e+01 6.305077795015300024e-02
3.184833999999999943e+00 2.449723700000000193e+01 6.296661576695859741e-02
3.189576999999999884e+00 2.447788900000000112e+01 6.289085089456572519e-02
3.194319999999999826e+00 2.445813100000000162e+01 6.279657376627882648e-02
3.199063000000000212e+00 2.449436400000000091e+01 6.272800236085794567e-02
3.203805000000000014e+00 2.453557799999999745e+01 6.266441919692147811e-02
3.208547999999999956e+00 2.444542400000000271e+01 6.247218598854773625e-02
3.213290999999999897e+00 2.448584699999999970e+01 6.247439534729968408e-02
3.218033999999999839e+00 2.451535400000000209e+01 6.246316697298496395e-02
3.222776999999999781e+00 2.455788799999999839e+01 6.246828994153114101e-02
3.227520000000000167e+00 2.448844999999999672e+01 6.233130632446828162e-02
3.232263000000000108e+00 2.451802100000000095e+01 6.232030583504144516e-02
3.237004999999999910e+00 2.447486200000000167e+01 6.221729872874666445e-02
3.241747999999999852e+00 2.456728700000000032e+01 6.228645306705865581e-02
3.246490999999999794e+00 2.456875199999999637e+01 6.224032743678731272e-02
3.251234000000000179e+00 2.451042899999999847e+01 6.213614545183584331e-02
3.255977000000000121e+00 2.455597200000000413e+01 6.220983837686768630e-02
3.260720000000000063e+00 2.439880899999999997e+01 6.202806042780396878e-02
3.265463000000000005e+00 2.443548999999999793e+01 6.205242841447463492e-02
3.270205999999999946e+00 2.445705600000000146e+01 6.203263462561540986e-02
3.274948000000000192e+00 2.443701599999999985e+01 6.195983850507520707e-02
3.279691000000000134e+00 2.450795500000000260e+01 6.200234396284063504e-02
3.284434000000000076e+00 2.443290099999999754e+01 6.186067535164323228e-02
3.289177000000000017e+00 2.455031299999999916e+01 6.196228791387387025e-02
3.293919999999999959e+00 2.454249900000000295e+01 6.190556600110527080e-02
3.298662999999999901e+00 2.450398100000000312e+01 6.181054738566145457e-02
3.303405999999999842e+00 2.450920400000000043e+01 6.177083777189280867e-02
3.308148000000000089e+00 2.449063699999999955e+01 6.170150116016222264e-02
3.312891000000000030e+00 2.453716800000000120e+01 6.171381759462139099e-02
3.317633999999999972e+00 2.450090900000000005e+01 6.162233188581230092e-02
3.322376999999999914e+00 2.457612199999999802e+01 6.167193725613375616e-02
3.327119999999999855e+00 2.462309499999999929e+01 6.170064333747744822e-02
3.331862999999999797e+00 2.440972500000000167e+01 6.137124623279619634e-02
3.336606000000000183e+00 2.447643500000000216e+01 6.140977440317461206e-02
3.341347999999999985e+00 2.446880499999999969e+01 6.135521039692391071e-02
3.346090999999999926e+00 2.449028200000000055e+01 6.133727845718376509e-02
3.350833999999999868e+00 2.449789100000000275e+01 6.130153156917043933e-02
3.355576999999999810e+00 2.458524299999999840e+01 6.136605016046006028e-02
3.360320000000000196e+00 2.446444799999999731e+01 6.117073486403690197e-02
3.365063000000000137e+00 2.446193999999999846e+01 6.112322590277528833e-02
3.369806000000000079e+00 2.447467499999999774e+01 6.109472436694759340e-02
3.374549000000000021e+00 2.460574099999999831e+01 6.121364789311693755e-02
3.379290999999999823e+00 2.460583100000000201e+01 6.185032028940917748e-02
3.384034000000000209e+00 2.460102799999999945e+01 6.329557610604867601e-02
3.388777000000000150e+00 2.455506400000000156e+01 6.407226288949766091e-02
3.393520000000000092e+00 2.464251300000000100e+01 6.484779949521495002e-02
3.398263000000000034e+00 2.461685999999999908e+01 6.520583395856768827e-02
3.403005999999999975e+00 2.448470599999999919e+01 6.520590052012931181e-02
3.407748999999999917e+00 2.436764300000000105e+01 6.501624661762626933e-02
3.412491000000000163e+00 2.447426799999999858e+01 6.519452200159764343e-02
3.417234000000000105e+00 2.446351800000000054e+01 6.535369068236543399e-02
3.421977000000000046e+00 2.451009000000000171e+01 6.557409650019052627e-02
3.426719999999999988e+00 2.451223200000000091e+01 6.571052022803655634e-02
3.431462999999999930e+00 2.451043299999999903e+01 6.584489645083207998e-02
3.436205999999999872e+00 2.445874699999999891e+01 6.591801871193944673e-02
3.440948999999999813e+00 2.444289900000000415e+01 6.601626862318407674e-02
3.445692000000000199e+00 2.442475800000000064e+01 6.612199977020885577e-02
3.450434000000000001e+00 2.443647000000000347e+01 6.622989606423898556e-02
3.455176999999999943e+00 2.449563100000000304e+01 6.641867536472553790e-02
3.459919999999999884e+00 2.442191399999999746e+01 6.642276685197026631e-02
3.464662999999999826e+00 2.448019699999999688e+01 6.660251674709673220e-02
3.469406000000000212e+00 2.452944600000000008e+01 6.676691081768423852e-02
3.474149000000000154e+00 2.451853699999999847e+01 6.684610837022302021e-02
3.478892000000000095e+00 2.441266900000000106e+01 6.679270390178780603e-02
3.483633999999999897e+00 2.447829200000000327e+01 6.697050153432927699e-02
3.488376999999999839e+00 2.452429699999999713e+01 6.711941458843483088e-02
3.493119999999999781e+00 2.450748100000000207e+01 6.717959206290627372e-02
3.497863000000000167e+00 2.443869500000000272e+01 6.716645905221965696e-02
3.502606000000000108e+00 2.445376500000000064e+01 6.726627784053314241e-02
3.507349000000000050e+00 2.433166899999999799e+01 6.717470266532335477e-02
3.512091999999999992e+00 2.444257900000000205e+01 6.740274405596184681e-02
3.516833999999999794e+00 2.444633399999999668e+01 6.748123992774954227e-02
3.521577000000000179e+00 2.440172499999999900e+01 6.749099938676267341e-02
3.526320000000000121e+00 2.447996699999999848e+01 6.766917760596179165e-02
3.531063000000000063e+00 2.455893200000000220e+01 6.784692382220287865e-02
3.535806000000000004e+00 2.453083200000000019e+01 6.787561340170562840e-02
3.540548999999999946e+00 2.442394499999999624e+01 6.779251562104846029e-02
3.545291999999999888e+00 2.452044000000000068e+01 6.799104296813809900e-02
3.550034999999999830e+00 2.442538499999999857e+01 6.792220944102378422e-02
3.554777000000000076e+00 2.438591199999999759e+01 6.792888260196688899e-02
3.559520000000000017e+00 2.451983600000000507e+01 6.817589590756985285e-02
3.564262999999999959e+00 2.442611999999999739e+01 6.810499443147544074e-02
3.569005999999999901e+00 2.446837199999999868e+01 6.823548546778868129e-02
3.573748999999999842e+00 2.447621799999999936e+01 6.832340006376584618e-02
3.578491999999999784e+00 2.437584199999999868e+01 6.820656722185115817e-02
3.583235000000000170e+00 2.447172499999999928e+01 6.839633221644929317e-02
3.587976999999999972e+00 2.448466199999999660e+01 6.844550238215436899e-02
3.592719999999999914e+00 2.443149000000000015e+01 6.831778793474947709e-02
3.597462999999999855e+00 2.445731899999999825e+01 6.829302431694689313e-02
3.602205999999999797e+00 2.446905600000000192e+01 6.824902218944971233e-02
3.606949000000000183e+00 2.433158300000000196e+01 6.799713109824487289e-02
3.611692000000000125e+00 2.445703699999999614e+01 6.816300130706393068e-02
3.616435000000000066e+00 2.449073500000000081e+01 6.827790127825181243e-02
3.621178000000000008e+00 2.476494600000000190e+01 6.948909613877921054e-02
3.625919999999999810e+00 2.461211899999999986e+01 7.175123914454648033e-02
3.630663000000000196e+00 2.464533399999999830e+01 7.319760668025765415e-02
3.635406000000000137e+00 2.447695899999999725e+01 7.398833448008003411e-02
3.640149000000000079e+00 2.437570900000000407e+01 7.460061263466674641e-02
3.644892000000000021e+00 2.433532500000000098e+01 7.504857665735772954e-02
3.649634999999999962e+00 2.442930099999999882e+01 7.567835196787189855e-02
3.654377999999999904e+00 2.449919200000000075e+01 7.620756051265190067e-02
3.659120000000000150e+00 2.440178500000000028e+01 7.648048084095444843e-02
3.663863000000000092e+00 2.436269299999999660e+01 7.682791307136618841e-02
3.668606000000000034e+00 2.424493600000000271e+01 7.703645477767653849e-02
3.673348999999999975e+00 2.450622299999999854e+01 7.783651166408989130e-02
3.678091999999999917e+00 2.443448000000000064e+01 7.809889123230878694e-02
3.682834999999999859e+00 2.450206999999999624e+01 7.857589480846782770e-02
3.687577999999999800e+00 2.447260100000000094e+01 7.889056852440853862e-02
3.692321000000000186e+00 2.442358300000000071e+01 7.916749987158240576e-02
3.697062999999999988e+00 2.442322200000000265e+01 7.951696810447943242e-02
3.701805999999999930e+00 2.440078199999999953e+01 7.982622614252724014e-02
3.706548999999999872e+00 2.440807600000000122e+01 8.017989894737645451e-02
3.711291999999999813e+00 2.436588100000000168e+01 8.044816561539486210e-02
3.716035000000000199e+00 2.429181899999999672e+01 8.065971374699144880e-02
3.720778000000000141e+00 2.441007200000000310e+01 8.118764874604018911e-02
3.725521000000000083e+00 2.448246999999999929e+01 8.163745548656022033e-02
3.730262999999999884e+00 2.433104799999999912e+01 8.171134727581047530e-02
3.735005999999999826e+00 2.428022999999999954e+01 8.194969825653355966e-02
3.739749000000000212e+00 2.427954000000000079e+01 8.227097273760716756e-02
3.744492000000000154e+00 2.450724799999999703e+01 8.297771874137419013e-02
3.749235000000000095e+00 2.455881500000000273e+01 8.338562942670456335e-02
3.753978000000000037e+00 2.434293800000000019e+01 8.333692015825339139e-02
3.758720999999999979e+00 2.439027300000000054e+01 8.373502328940203576e-02
3.763462999999999781e+00 2.445378900000000044e+01 8.416076497238722531e-02
3.768206000000000166e+00 2.447021499999999605e+01 8.450510032587618681e-02
3.772949000000000108e+00 2.441619099999999776e+01 8.472694180993552149e-02
3.777692000000000050e+00 2.440984299999999863e+01 8.502967187227644663e-02
3.782434999999999992e+00 2.444313399999999348e+01 8.540181387313502959e-02
3.787177999999999933e+00 2.434964800000000196e+01 8.555115457546087765e-02
3.791920999999999875e+00 2.439086400000000054e+01 8.593664113353978451e-02
3.796663999999999817e+00 2.440508999999999418e+01 8.627401144320576143e-02
3.801406000000000063e+00 2.451322599999999952e+01 8.677868080351361368e-02
3.806149000000000004e+00 2.450809200000000132e+01 8.708258985550729192e-02
3.810891999999999946e+00 2.438796999999999926e+01 8.718122206887846115e-02
3.815634999999999888e+00 2.437594299999999947e+01 8.747168102417776647e-02
3.820377999999999830e+00 2.445468000000000330e+01 8.792610482803216165e-02
3.825121000000000215e+00 2.445605600000000024e+01 8.824135613715090865e-02
3.829864000000000157e+00 2.433051099999999423e+01 8.832742636418261517e-02
3.834605999999999959e+00 2.434266299999999816e+01 8.866243818361302376e-02
3.839348999999999901e+00 2.438406599999999713e+01 8.905250509934686809e-02
3.844091999999999842e+00 2.429825600000000208e+01 8.920878794178575821e-02
3.848834999999999784e+00 2.442886399999999725e+01 8.976598204704663853e-02
3.853578000000000170e+00 2.447824399999999656e+01 9.022023659962823128e-02
3.858321000000000112e+00 2.431051799999999830e+01 9.017555868530618968e-02
3.863064000000000053e+00 2.452561099999999783e+01 9.089166294486364372e-02
3.867806999999999995e+00 2.443864200000000508e+01 9.104833773847439971e-02
3.872548999999999797e+00 2.430899099999999891e+01 9.112366029876926843e-02
3.877292000000000183e+00 2.438073999999999586e+01 9.157711330256484983e-02
3.882035000000000124e+00 2.445193900000000298e+01 9.203145188110964381e-02
3.886778000000000066e+00 2.448348100000000116e+01 9.241220854805007323e-02
3.891521000000000008e+00 2.449971900000000602e+01 9.276529772452626887e-02
3.896263999999999950e+00 2.441368100000000041e+01 9.292498641835843232e-02
3.901006999999999891e+00 2.431874600000000086e+01 9.306699412400079585e-02
3.905749000000000137e+00 2.439423899999999890e+01 9.353693822724049034e-02
3.910492000000000079e+00 2.429180100000000309e+01 9.366596842591763672e-02
3.915235000000000021e+00 2.430439599999999700e+01 9.401681689230655115e-02
3.919977999999999962e+00 2.428737800000000036e+01 9.427029176996908066e-02
3.924720999999999904e+00 2.443616600000000005e+01 9.464256735615164673e-02
3.929463999999999846e+00 2.427929200000000520e+01 9.441074793510270680e-02
3.934206999999999788e+00 2.428189499999999867e+01 9.453997725995497148e-02
3.938949000000000034e+00 2.431255399999999867e+01 9.470308257609093283e-02
3.943691999999999975e+00 2.427571200000000218e+01 9.473369812913301491e-02
3.948434999999999917e+00 2.451776899999999770e+01 9.530696984406335226e-02
3.953177999999999859e+00 2.433853399999999922e+01 9.508632068102225443e-02
3.957920999999999800e+00 2.444845799999999869e+01 9.546886893796374673e-02
3.962664000000000186e+00 2.440735600000000005e+01 9.539685299306575883e-02
3.967407000000000128e+00 2.440726199999999579e+01 9.564244196670899922e-02
3.972150000000000070e+00 2.423544199999999904e+01 9.562695872449306078e-02
3.976891999999999872e+00 2.449872400000000283e+01 9.646926101098214634e-02
3.981634999999999813e+00 2.438623300000000071e+01 9.657247445039193745e-02
3.986378000000000199e+00 2.438610899999999759e+01 9.689928330801832190e-02
3.991121000000000141e+00 2.435855199999999599e+01 9.717203639282753769e-02
3.995864000000000082e+00 2.440215099999999637e+01 9.758922308300491122e-02
4.000606999999999580e+00 2.444524999999999793e+01 9.800714777410013401e-02
4.005349999999999966e+00 2.443034700000000115e+01 9.831103042966694849e-02
4.010092000000000212e+00 2.442720999999999876e+01 9.864010102954831605e-02
4.014834999999999710e+00 2.453564400000000134e+01 9.919664328837493605e-02
4.019578000000000095e+00 2.436833999999999989e+01 9.919673190570091337e-02
4.024320999999999593e+00 2.449930900000000378e+01 9.980357719490870472e-02
4.029063999999999979e+00 2.441829000000000249e+01 9.998147276823141083e-02
4.033807000000000365e+00 2.441653399999999863e+01 1.003222908287674658e-01
4.038549999999999862e+00 2.449660199999999932e+01 1.008336864160841728e-01
4.043293000000000248e+00 2.449306099999999731e+01 1.011755021567958546e-01
4.048034999999999606e+00 2.442642600000000286e+01 1.013886464548605232e-01
4.052777999999999992e+00 2.442404399999999853e+01 1.017364337393094481e-01
4.057521000000000377e+00 2.446176499999999976e+01 1.021700810307885482e-01
4.062263999999999875e+00 2.451057800000000242e+01 1.026299102506384592e-01
4.067007000000000261e+00 2.441036900000000287e+01 1.027790840570687314e-01
4.071749999999999758e+00 2.449930600000000069e+01 1.033284676918253819e-01
4.076493000000000144e+00 2.437227499999999836e+01 1.034237208723037538e-01
4.081235000000000390e+00 2.436188800000000043e+01 1.037668559967333676e-01
4.085977999999999888e+00 2.444715999999999667e+01 1.043178230402432155e-01
4.090721000000000274e+00 2.425790699999999944e+01 1.042829597183878299e-01
4.095463999999999771e+00 2.451836099999999874e+01 1.052155319446311521e-01
4.100207000000000157e+00 2.438907199999999875e+01 1.053135530028329325e-01
4.104949999999999655e+00 2.448607600000000062e+01 1.059026401408911938e-01
4.109693000000000040e+00 2.436929599999999851e+01 1.060304203347275098e-01
4.114436000000000426e+00 2.441213800000000234e+01 1.065071465355926089e-01
4.119177999999999784e+00 2.455068200000000189e+01 1.071972844848557704e-01
4.123921000000000170e+00 2.456802399999999764e+01 1.076252743398826428e-01
4.128663999999999668e+00 2.440620000000000189e+01 1.076634347883755616e-01
4.133407000000000053e+00 2.442983999999999511e+01 1.081114939867482416e-01
4.138150000000000439e+00 2.428430599999999728e+01 1.081857001444054001e-01
4.142892999999999937e+00 2.451832699999999932e+01 1.091078654395460923e-01
4.147636000000000323e+00 2.439962400000000287e+01 1.092471589793876652e-01
4.152377999999999680e+00 2.446612299999999962e+01 1.098044736751422057e-01
4.157121000000000066e+00 2.429623900000000347e+01 1.098318081243735145e-01
4.161863999999999564e+00 2.438427300000000031e+01 1.104443794821520219e-01
4.166606999999999950e+00 2.450844600000000284e+01 1.111429943193060765e-01
4.171350000000000335e+00 2.439293199999999828e+01 1.113006017577146817e-01
4.176092999999999833e+00 2.443562400000000068e+01 1.118286184604602856e-01
4.180836000000000219e+00 2.454149100000000061e+01 1.126537473958447722e-01
4.185577999999999577e+00 2.443988600000000133e+01 1.127317216573626990e-01
4.190320999999999962e+00 2.452645200000000258e+01 1.133264230492703611e-01
4.195064000000000348e+00 2.443362099999999870e+01 1.135498517054636947e-01
4.199806999999999846e+00 2.458345800000000025e+01 1.143407418689536825e-01
4.204550000000000232e+00 2.449552799999999664e+01 1.145825711644742340e-01
4.209292999999999729e+00 2.454206100000000035e+01 1.151428914630525380e-01
4.214036000000000115e+00 2.442116400000000098e+01 1.153117689782105354e-01
4.218778999999999613e+00 2.441496699999999720e+01 1.157554796595141877e-01
4.223520999999999859e+00 2.435279500000000397e+01 1.160691946031400662e-01
4.228264000000000244e+00 2.434384500000000173e+01 1.165139190541924219e-01
4.233006999999999742e+00 2.457873899999999878e+01 1.175461730470490629e-01
4.237750000000000128e+00 2.450086900000000156e+01 1.178350344772109703e-01
4.242492999999999626e+00 2.446608499999999964e+01 1.182313670177436438e-01
4.247236000000000011e+00 2.457401000000000479e+01 1.189767357672730091e-01
4.251979000000000397e+00 2.454633899999999969e+01 1.194039014320880526e-01
4.256720999999999755e+00 2.433621500000000282e+01 1.195853231640371661e-01
4.261464000000000141e+00 2.438551600000000263e+01 1.200375220785234315e-01
4.266206999999999638e+00 2.422617999999999938e+01 1.201060504420838893e-01
4.270950000000000024e+00 2.440765099999999777e+01 1.210632078024677927e-01
4.275693000000000410e+00 2.437697600000000264e+01 1.214987503463558494e-01
4.280435999999999908e+00 2.443243499999999813e+01 1.221561021139889736e-01
4.285179000000000293e+00 2.457410300000000092e+01 1.230343696730710201e-01
4.289921999999999791e+00 2.437957700000000116e+01 1.230747376283557182e-01
4.294664000000000037e+00 2.450441200000000208e+01 1.239252680676418833e-01
4.299407000000000423e+00 2.478173299999999557e+01 1.251675739760074457e-01
4.304149999999999920e+00 2.450101000000000084e+01 1.250029845152850760e-01
4.308893000000000306e+00 2.455723700000000065e+01 1.257004953353279275e-01
4.313635999999999804e+00 2.462725000000000009e+01 1.264384704378766211e-01
4.318379000000000190e+00 2.445844500000000110e+01 1.265686514489492154e-01
4.323121999999999687e+00 2.448605500000000035e+01 1.273002182472885713e-01
4.327863999999999933e+00 2.461991199999999580e+01 1.281999887248723713e-01
4.332607000000000319e+00 2.454926700000000039e+01 1.285373978437131803e-01
4.337349999999999817e+00 2.477196899999999857e+01 1.297135647237677991e-01
4.342093000000000202e+00 2.470597699999999719e+01 1.301405599058222118e-01
4.346835999999999700e+00 2.455082999999999771e+01 1.303362803075302501e-01
4.351579000000000086e+00 2.472388500000000278e+01 1.314083288891967349e-01
4.356321999999999584e+00 2.452714399999999983e+01 1.315036159327662713e-01
4.361063999999999830e+00 2.448875899999999461e+01 1.320269042894523237e-01
4.365807000000000215e+00 2.452969200000000072e+01 1.327721534973361761e-01
4.370549999999999713e+00 2.451954899999999782e+01 1.333856651850089114e-01
4.375293000000000099e+00 2.451004499999999808e+01 1.340093306403968287e-01
4.380035999999999596e+00 2.450589300000000392e+01 1.347176634262541861e-01
4.384778999999999982e+00 2.441410199999999620e+01 1.351840118708318161e-01
4.389522000000000368e+00 2.465828099999999878e+01 1.364195480294800034e-01
4.394264999999999866e+00 2.441812900000000042e+01 1.364200370308357724e-01
4.399007000000000112e+00 2.427667399999999631e+01 1.362906774337969973e-01
4.403749999999999609e+00 2.430713399999999780e+01 1.364700679190971877e-01
4.408492999999999995e+00 2.453017600000000087e+01 1.371879088219417342e-01
4.413236000000000381e+00 2.459469700000000003e+01 1.374602166818963689e-01
4.417978999999999878e+00 2.460894700000000057e+01 1.375926798331372214e-01
4.422722000000000264e+00 2.431643299999999996e+01 1.368647800302981721e-01
4.427464999999999762e+00 2.445323000000000135e+01 1.373372443088793082e-01
4.432207000000000008e+00 2.438660199999999634e+01 1.372407117619676986e-01
4.436950000000000394e+00 2.447698899999999966e+01 1.376598687609544291e-01
4.441692999999999891e+00 2.444049399999999750e+01 1.381801877728341399e-01
4.446436000000000277e+00 2.442184699999999964e+01 1.388353057079362018e-01
4.451178999999999775e+00 2.454874799999999979e+01 1.399128281957737474e-01
4.455922000000000160e+00 2.449397000000000091e+01 1.404828826747137882e-01
4.460664999999999658e+00 2.446432300000000026e+01 1.411348623263019297e-01
4.465408000000000044e+00 2.472885199999999983e+01 1.426470707120801873e-01
4.470150000000000290e+00 2.460842999999999847e+01 1.430592486042664147e-01
4.474892999999999788e+00 2.458281600000000466e+01 1.437549902474589136e-01
4.479636000000000173e+00 2.428828999999999638e+01 1.436667471178226241e-01
4.484378999999999671e+00 2.458118800000000448e+01 1.453244619651130887e-01
4.489122000000000057e+00 2.446762100000000117e+01 1.457912414990832073e-01
4.493865000000000443e+00 2.466670599999999780e+01 1.472011876702440103e-01
4.498607999999999940e+00 2.464642999999999873e+01 1.479703663595001717e-01
4.503350000000000186e+00 2.447211700000000079e+01 1.482858860259104461e-01
4.508092999999999684e+00 2.448941400000000357e+01 1.491913420493464759e-01
4.512836000000000070e+00 2.472321600000000075e+01 1.507725633952430866e-01
4.517578999999999567e+00 2.459353999999999729e+01 1.512585474379590234e-01
4.522321999999999953e+00 2.443554199999999810e+01 1.516645876354523192e-01
4.527065000000000339e+00 2.442080999999999946e+01 1.525268822325861195e-01
4.531807999999999836e+00 2.448545899999999875e+01 1.536529970879517148e-01
4.536551000000000222e+00 2.448725299999999905e+01 1.545970631487419145e-01
4.541292999999999580e+00 2.464687899999999843e+01 1.560581115426586951e-01
4.546035999999999966e+00 2.429166199999999876e+01 1.558981063723302585e-01
4.550779000000000352e+00 2.437935099999999977e+01 1.571641120024835636e-01
4.555521999999999849e+00 2.424238399999999771e+01 1.577234930901741106e-01
4.560265000000000235e+00 2.455782100000000057e+01 1.597686098269015254e-01
4.565007999999999733e+00 2.457997499999999746e+01 1.608868105610108679e-01
4.569751000000000118e+00 2.446236100000000135e+01 1.615597495618849855e-01
4.574493000000000364e+00 2.454511899999999969e+01 1.629154071617653909e-01
4.579235999999999862e+00 2.488341000000000136e+01 1.651429754724499377e-01
4.583979000000000248e+00 2.441388200000000452e+01 1.646966283389997010e-01
4.588721999999999746e+00 2.459196899999999886e+01 1.664420331168503242e-01
4.593465000000000131e+00 2.465585200000000299e+01 1.678270107896672747e-01
4.598207999999999629e+00 2.445596499999999907e+01 1.683319164935725976e-01
4.602951000000000015e+00 2.462921899999999908e+01 1.701435535348251316e-01
4.607693000000000261e+00 2.455889300000000119e+01 1.711389815896185440e-01
4.612435999999999758e+00 2.474029200000000017e+01 1.730383087493959915e-01
4.617179000000000144e+00 2.479109000000000052e+01 1.745113532202380857e-01
4.621921999999999642e+00 2.482542099999999863e+01 1.759594757524731989e-01
4.626665000000000028e+00 2.459610800000000097e+01 1.764935028509219683e-01
4.631408000000000413e+00 2.458216099999999926e+01 1.778192045296449475e-01
4.636150999999999911e+00 2.458436400000000077e+01 1.792349257473969393e-01
4.640894000000000297e+00 2.467500499999999874e+01 1.810089697918006446e-01
4.645635999999999655e+00 2.479281000000000645e+01 1.829161495426027129e-01
4.650379000000000040e+00 2.482558300000000173e+01 1.845515155632556636e-01
4.655122000000000426e+00 2.452821100000000243e+01 1.849851249623785387e-01
4.659864999999999924e+00 2.456867500000000248e+01 1.867170322407208927e-01
4.664608000000000310e+00 2.442832500000000095e+01 1.877982411891123138e-01
4.669350999999999807e+00 2.441172200000000458e+01 1.893878801983072957e-01
4.674094000000000193e+00 2.462361599999999839e+01 1.919139836364289198e-01
4.678836000000000439e+00 2.461294400000000238e+01 1.936192377523109354e-01
4.683578999999999937e+00 2.445970199999999650e+01 1.948028660645153287e-01
4.688322000000000322e+00 2.471030300000000324e+01 1.976423385353639206e-01
4.693064999999999820e+00 2.464159100000000180e+01 1.992624440227214466e-01
4.697808000000000206e+00 2.476247599999999949e+01 2.016992576030826601e-01
4.702550999999999704e+00 2.470400099999999810e+01 2.034683141298086750e-01
4.707294000000000089e+00 2.435454700000000372e+01 2.040736606356599592e-01
4.712036999999999587e+00 2.467128100000000046e+01 2.075197978599422621e-01
4.716778999999999833e+00 2.476545400000000186e+01 2.101066895559991488e-01
4.721522000000000219e+00 2.451257499999999823e+01 2.112781528415867416e-01
4.726264999999999716e+00 2.495028500000000093e+01 2.154974240242460426e-01
4.731008000000000102e+00 2.486345599999999934e+01 2.175338314778453019e-01
4.735750999999999600e+00 2.490277999999999992e+01 2.202028523926626846e-01
4.740493999999999986e+00 2.498539399999999588e+01 2.231491295156971810e-01
4.745237000000000371e+00 2.482056600000000302e+01 2.250716408610918262e-01
4.749978999999999729e+00 2.481900700000000626e+01 2.278239711089111719e-01
4.754722000000000115e+00 2.478416700000000006e+01 2.305208949330093127e-01
4.759464999999999613e+00 2.476088800000000134e+01 2.333746580725396813e-01
4.764207999999999998e+00 2.433061599999999913e+01 2.343837014657216000e-01
4.768951000000000384e+00 2.488689799999999863e+01 2.402492332917345874e-01
4.773693999999999882e+00 2.476861500000000049e+01 2.430075420471508596e-01
4.778437000000000268e+00 2.449493999999999971e+01 2.451073172943645795e-01
4.783178999999999625e+00 2.465979300000000052e+01 2.495337502145028308e-01
4.787922000000000011e+00 2.445814200000000227e+01 2.522606893062958044e-01
4.792665000000000397e+00 2.450709600000000066e+01 2.564349922946548843e-01
4.797407999999999895e+00 2.477570300000000003e+01 2.619663019185430874e-01
4.802151000000000280e+00 2.457631900000000158e+01 2.652211940747929431e-01
4.806893999999999778e+00 2.456556800000000607e+01 2.696902153998748664e-01
4.811637000000000164e+00 2.463658600000000121e+01 2.748466376487185281e-01
4.816379999999999661e+00 2.458674500000000052e+01 2.795862602362673144e-01
4.821121999999999908e+00 2.495330300000000179e+01 2.869987590782993037e-01
4.825865000000000293e+00 2.567046800000000673e+01 2.968232092436254854e-01
4.830607999999999791e+00 2.535774099999999720e+01 3.010453469451758179e-01
4.835351000000000177e+00 2.526091100000000012e+01 3.068737404492580811e-01
4.840093999999999674e+00 2.509804700000000111e+01 3.126845967127263037e-01
4.844837000000000060e+00 2.513088199999999972e+01 3.201629651470482285e-01
4.849579999999999558e+00 2.503127999999999886e+01 3.273098034686709457e-01
4.854321999999999804e+00 2.527089799999999897e+01 3.372831218278199428e-01
4.859065000000000190e+00 2.460740200000000044e+01 3.417864451178250218e-01
4.863807999999999687e+00 2.474404099999999929e+01 3.524783983422955513e-01
4.868551000000000073e+00 2.497346400000000344e+01 3.647675245535572652e-01
4.873293999999999571e+00 2.509644699999999773e+01 3.773611067046390710e-01
4.878036999999999956e+00 2.430861800000000272e+01 3.840851179964409612e-01
4.882780000000000342e+00 2.442864999999999753e+01 3.991263982018728451e-01
4.887522999999999840e+00 2.450794599999999690e+01 4.155616110130481711e-01
4.892265000000000086e+00 2.514836599999999933e+01 4.389788871091182543e-01
4.897007999999999583e+00 2.496250599999999764e+01 4.578112126234459289e-01
4.901750999999999969e+00 2.533770100000000269e+01 4.850134092619605708e-01
4.906494000000000355e+00 2.441228799999999666e+01 5.034219730799203152e-01
4.911236999999999853e+00 2.503731999999999758e+01 5.429004791028186894e-01
4.915980000000000238e+00 2.511967700000000292e+01 5.842297293911615785e-01
4.920722999999999736e+00 2.557282100000000113e+01 6.409991364848708351e-01
4.925464999999999982e+00 2.543775700000000128e+01 7.069463392209128783e-01
4.930208000000000368e+00 2.476861699999999900e+01 7.911242562092632991e-01
4.934950999999999866e+00 2.467754100000000150e+01 9.346104433931176070e-01
4.939694000000000251e+00 2.417959400000000159e+01 1.194647000638293211e+00
4.944436999999999749e+00 8.579429600000000988e+00 1.232898142611067449e+00