# copyA
# Sample c= 0.0 mg/ml
#
# Number of frames collected: 10
# Exposure time per frame: 0.5
# No significant radiation damage detected, merging 10 files
# Merged from: /data/visitor/mx1905/bm29/20170412/Poker/1d/Sxl_10gs_158_00001.dat
# Merged from: /data/visitor/mx1905/bm29/20170412/Poker/1d/Sxl_10gs_158_00002.dat
# Merged from: /data/visitor/mx1905/bm29/20170412/Poker/1d/Sxl_10gs_158_00003.dat
# Merged from: /data/visitor/mx1905/bm29/20170412/Poker/1d/Sxl_10gs_158_00004.dat
# Merged from: /data/visitor/mx1905/bm29/20170412/Poker/1d/Sxl_10gs_158_00005.dat
# Merged from: /data/visitor/mx1905/bm29/20170412/Poker/1d/Sxl_10gs_158_00006.dat
# Merged from: /data/visitor/mx1905/bm29/20170412/Poker/1d/Sxl_10gs_158_00007.dat
# Merged from: /data/visitor/mx1905/bm29/20170412/Poker/1d/Sxl_10gs_158_00008.dat
# Merged from: /data/visitor/mx1905/bm29/20170412/Poker/1d/Sxl_10gs_158_00009.dat
# Merged from: /data/visitor/mx1905/bm29/20170412/Poker/1d/Sxl_10gs_158_00010.dat
#
# Sample Information:
# Storage Temperature (degrees C): 20.0
# Measurement Temperature (degrees C): 20.03
# Concentration: 0.0
# Code: 
3.082862000000000102e-02 6.201480300000000625e+02 8.329931471958817113e+00
3.557148999999999728e-02 1.178700599999999895e+03 4.735283042017762511e+00
4.031434999999999880e-02 1.150050500000000056e+03 3.081162125302696619e+00
4.505722000000000199e-02 9.013153099999999540e+02 1.939579265469602021e+00
4.980007999999999657e-02 6.128876699999998436e+02 1.432177416324964314e+00
5.454294999999999977e-02 4.386143799999999828e+02 1.139806998668125404e+00
5.928581000000000129e-02 3.195090600000000336e+02 9.248343063768397210e-01
6.402868000000000448e-02 2.495838299999999776e+02 7.793413812713976263e-01
6.877154000000000600e-02 1.998949100000000385e+02 6.699616344879906205e-01
7.351441000000000225e-02 1.628009900000000130e+02 5.826017879017365564e-01
7.825727999999999851e-02 1.345153700000000185e+02 5.097914801621346026e-01
8.300014000000000003e-02 1.141910499999999900e+02 4.546865403365157876e-01
8.774300999999999628e-02 9.884038599999999519e+01 4.104492183799842708e-01
9.248586999999999780e-02 8.704021099999999933e+01 3.743076055090785448e-01
9.722873999999999406e-02 7.728753799999999785e+01 3.424760491258476147e-01
1.019715999999999956e-01 6.943290499999999099e+01 3.163516079449962826e-01
1.067145000000000038e-01 6.445037400000001071e+01 2.975066823002147087e-01
1.114572999999999953e-01 5.867725400000000491e+01 2.774442092762227641e-01
1.162002000000000035e-01 5.431568100000000499e+01 2.611015223104916627e-01
1.209430999999999978e-01 5.131222900000000209e+01 2.484542101231941302e-01
1.256858999999999893e-01 4.900947299999999984e+01 2.379664344085118954e-01
1.304288000000000114e-01 4.584831299999999032e+01 2.257565357092445324e-01
1.351717000000000057e-01 4.382980400000000287e+01 2.165992729867877442e-01
1.399144999999999972e-01 4.213510099999999881e+01 2.085181383820980672e-01
1.446573999999999915e-01 4.073950900000000530e+01 2.014752033433417355e-01
1.494003000000000136e-01 3.943701599999999985e+01 1.949143203166165406e-01
1.541431000000000051e-01 3.842804499999999024e+01 1.895890017297920671e-01
1.588859999999999995e-01 3.750221599999999711e+01 1.843280603988991240e-01
1.636287999999999909e-01 3.636781299999999817e+01 1.787553908958390003e-01
1.683717000000000130e-01 3.550738900000000342e+01 1.740277298461466726e-01
1.731146000000000074e-01 3.459277900000000727e+01 1.693088409352417611e-01
1.778573999999999988e-01 3.379161599999999765e+01 1.649868493114948209e-01
1.826002999999999932e-01 3.311618199999999490e+01 1.611126006644896247e-01
1.873431999999999875e-01 3.269254199999999599e+01 1.579693766449706549e-01
1.920860000000000067e-01 3.249876100000000179e+01 1.554680494193546592e-01
1.968289000000000011e-01 3.206597099999999756e+01 1.524769241970722056e-01
2.015717999999999954e-01 3.150816199999999867e+01 1.492945273700744258e-01
2.063145999999999869e-01 3.117526199999999648e+01 1.467234690540470399e-01
2.110575000000000090e-01 3.095049099999999953e+01 1.443331944588101268e-01
2.158004000000000033e-01 3.041389099999999956e+01 1.414362134963167983e-01
2.205431999999999948e-01 3.002593699999999899e+01 1.389747480615086406e-01
2.252860999999999891e-01 2.991399999999999793e+01 1.372175738705928016e-01
2.300290000000000112e-01 2.962194099999999963e+01 1.350972043727171057e-01
2.347718000000000027e-01 2.940522899999999851e+01 1.331944756742309555e-01
2.395146999999999970e-01 2.916845799999999755e+01 1.312999482573096732e-01
2.442575999999999914e-01 2.918527599999999822e+01 1.300188608768297338e-01
2.490004000000000106e-01 2.914456500000000005e+01 1.286448247048566640e-01
2.537433000000000050e-01 2.852878199999999964e+01 1.260390681711400784e-01
2.584861999999999993e-01 2.823758799999999880e+01 1.242107152964328637e-01
2.632289999999999908e-01 2.835945300000000202e+01 1.233334196224834950e-01
2.679718999999999851e-01 2.811711000000000382e+01 1.216931551453137583e-01
2.727146999999999766e-01 2.806000500000000031e+01 1.204811869583276573e-01
2.774576000000000264e-01 2.798783099999999990e+01 1.193028063019826862e-01
2.822005000000000208e-01 2.814743500000000154e+01 1.186683620132662070e-01
2.869433000000000122e-01 2.767036200000000079e+01 1.166584500714740458e-01
2.916862000000000066e-01 2.753542399999999546e+01 1.153945747745187544e-01
2.964291000000000009e-01 2.722642100000000553e+01 1.138004961702733520e-01
3.011718999999999924e-01 2.732874100000000084e+01 1.130925572462697648e-01
3.059147999999999867e-01 2.729765000000000441e+01 1.121291883056035471e-01
3.106576999999999811e-01 2.734066100000000077e+01 1.113328470656230057e-01
3.154004999999999725e-01 2.708683199999999758e+01 1.099613295038278371e-01
3.201434000000000224e-01 2.715985099999999619e+01 1.092786727486640130e-01
3.248863000000000167e-01 2.696819300000000297e+01 1.080787158767701206e-01
3.296291000000000082e-01 2.705238899999999802e+01 1.074441566352530852e-01
3.343720000000000026e-01 2.714071299999999809e+01 1.068372821546294260e-01
3.391148999999999969e-01 2.708707799999999821e+01 1.070844110271485794e-01
3.438576999999999884e-01 2.692134300000000025e+01 1.081359177249354014e-01
3.486005999999999827e-01 2.687678500000000170e+01 1.107968248768090858e-01
3.533434999999999770e-01 2.692827600000000032e+01 1.129372575726425298e-01
3.580863000000000240e-01 2.688226599999999777e+01 1.142434875447988080e-01
3.628292000000000184e-01 2.668958300000000605e+01 1.149559932175769628e-01
3.675720000000000098e-01 2.664351800000000026e+01 1.158021139072318573e-01
3.723149000000000042e-01 2.664471999999999952e+01 1.166570442551756043e-01
3.770577999999999985e-01 2.670128500000000216e+01 1.175623066284844642e-01
3.818005999999999900e-01 2.657396099999999706e+01 1.179073713619093466e-01
3.865434999999999843e-01 2.660764500000000155e+01 1.185641945592180030e-01
3.912863999999999787e-01 2.663926099999999764e+01 1.191103700768887802e-01
3.960292000000000256e-01 2.664197200000000265e+01 1.196058546465113420e-01
4.007721000000000200e-01 2.684379099999999951e+01 1.205712265290259932e-01
4.055150000000000143e-01 2.654966000000000648e+01 1.240416455361589565e-01
4.102578000000000058e-01 2.673463600000000184e+01 1.277187880665608954e-01
4.150007000000000001e-01 2.647599799999999703e+01 1.298826331684386493e-01
4.197435999999999945e-01 2.632867100000000349e+01 1.315156050724304859e-01
4.244863999999999860e-01 2.633576299999999648e+01 1.336631436906430825e-01
4.292292999999999803e-01 2.659774399999999872e+01 1.363784299539380906e-01
4.339721999999999746e-01 2.673220600000000147e+01 1.388161345737375096e-01
4.387150000000000216e-01 2.648574599999999890e+01 1.401905200944200680e-01
4.434579000000000160e-01 2.659210900000000066e+01 1.425353941097354249e-01
4.482008000000000103e-01 2.671527999999999992e+01 1.452773158178134183e-01
4.529436000000000018e-01 2.643413200000000529e+01 1.468660654557852330e-01
4.576864999999999961e-01 2.636350299999999791e+01 1.482014445898466870e-01
4.624293999999999905e-01 2.644319300000000084e+01 1.496616904848943053e-01
4.671721999999999819e-01 2.665687300000000093e+01 1.495228034410280293e-01
4.719150999999999763e-01 2.679456200000000266e+01 1.440081000021596058e-01
4.766579000000000232e-01 2.656646299999999883e+01 1.406939444711157727e-01
4.814008000000000176e-01 2.647287800000000146e+01 1.386618782376078940e-01
4.861437000000000119e-01 2.648420400000000541e+01 1.373263452366278448e-01
4.908865000000000034e-01 2.650237800000000021e+01 1.362534684354919645e-01
4.956293999999999977e-01 2.632740400000000136e+01 1.348472281120583482e-01
5.003722999999999921e-01 2.622111599999999498e+01 1.337284672808504715e-01
5.051151000000000391e-01 2.635249900000000167e+01 1.333023965898670615e-01
5.098580000000000334e-01 2.641993099999999828e+01 1.327789053566808264e-01
5.146009000000000277e-01 2.627023900000000367e+01 1.317629154696377536e-01
5.193436999999999637e-01 2.630225399999999780e+01 1.312400012070047139e-01
5.240865999999999580e-01 2.643127999999999744e+01 1.309947797341478037e-01
5.288294999999999524e-01 2.647202200000000261e+01 1.305589601269349642e-01
5.335722999999999994e-01 2.623640300000000281e+01 1.292124507238605891e-01
5.383151999999999937e-01 2.611332900000000024e+01 1.279788342170095072e-01
5.430580999999999881e-01 2.617370599999999925e+01 1.272341837464539271e-01
5.478009000000000350e-01 2.625183999999999784e+01 1.265645912320491617e-01
5.525438000000000294e-01 2.604936200000000213e+01 1.252500814396122486e-01
5.572867000000000237e-01 2.630072900000000047e+01 1.250461207142620768e-01
5.620294999999999597e-01 2.614470500000000541e+01 1.238972092304188866e-01
5.667723999999999540e-01 2.598803299999999439e+01 1.227747473227621955e-01
5.715152000000000010e-01 2.616794800000000265e+01 1.224676563629034237e-01
5.762580999999999953e-01 2.620532300000000347e+01 1.218391851047162106e-01
5.810009999999999897e-01 2.607775300000000129e+01 1.208803134419054182e-01
5.857438000000000367e-01 2.613394100000000009e+01 1.206486821024709694e-01
5.904867000000000310e-01 2.611224499999999438e+01 1.203087039466234909e-01
5.952296000000000253e-01 2.604115999999999786e+01 1.198548287744102547e-01
5.999723999999999613e-01 2.592141299999999404e+01 1.194192953255456963e-01
6.047152999999999556e-01 2.588089300000000392e+01 1.190242922140984649e-01
6.094581999999999500e-01 2.608572200000000407e+01 1.191111316860544306e-01
6.142009999999999970e-01 2.580437900000000084e+01 1.183004871764300747e-01
6.189438999999999913e-01 2.612718800000000030e+01 1.186515816049331234e-01
6.236867999999999856e-01 2.631209999999999738e+01 1.187959526115565934e-01
6.284296000000000326e-01 2.605003500000000116e+01 1.179339806468178153e-01
6.331725000000000270e-01 2.614777500000000288e+01 1.178848324637609968e-01
6.379154000000000213e-01 2.590179499999999990e+01 1.170628627121167720e-01
6.426581999999999573e-01 2.579359000000000179e+01 1.165560422615271319e-01
6.474010999999999516e-01 2.573149500000000245e+01 1.161565977118260706e-01
6.521439999999999459e-01 2.582132600000000622e+01 1.160986394365373375e-01
6.568867999999999929e-01 2.595759499999999775e+01 1.161460446375497391e-01
6.616296999999999873e-01 2.586164399999999475e+01 1.156764144369166469e-01
6.663725999999999816e-01 2.589170700000000380e+01 1.154910556606376232e-01
6.711154000000000286e-01 2.593950500000000403e+01 1.153439708626233379e-01
6.758583000000000229e-01 2.594596399999999647e+01 1.151069466868433616e-01
6.806010999999999589e-01 2.586971300000000085e+01 1.146896137255802167e-01
6.853439999999999532e-01 2.603101300000000151e+01 1.148003803111161264e-01
6.900868999999999476e-01 2.597336599999999862e+01 1.144263723725514187e-01
6.948296999999999946e-01 2.597968600000000450e+01 1.141952295126876099e-01
6.995725999999999889e-01 2.598844000000000420e+01 1.139722794486172502e-01
7.043154999999999832e-01 2.592832999999999899e+01 1.136008706404994795e-01
7.090583000000000302e-01 2.598991300000000138e+01 1.134951607663362144e-01
7.138012000000000246e-01 2.593634499999999932e+01 1.131393529132604658e-01
7.185441000000000189e-01 2.603607000000000227e+01 1.131204067684447451e-01
7.232868999999999549e-01 2.587064000000000163e+01 1.125271667558861016e-01
7.280297999999999492e-01 2.583650799999999848e+01 1.122192139751366363e-01
7.327727000000000546e-01 2.589865700000000359e+01 1.121212061727758363e-01
7.375154999999999905e-01 2.595064599999999899e+01 1.120037107417709843e-01
7.422583999999999849e-01 2.601500300000000010e+01 1.119140426070303340e-01
7.470012999999999792e-01 2.591520100000000326e+01 1.114709220351428609e-01
7.517441000000000262e-01 2.576560999999999879e+01 1.109219360233641982e-01
7.564870000000000205e-01 2.595266299999999404e+01 1.110992841010062515e-01
7.612299000000000149e-01 2.581664799999999715e+01 1.105855783254742486e-01
7.659726999999999508e-01 2.593727700000000169e+01 1.106207880621770806e-01
7.707155999999999452e-01 2.596973100000000301e+01 1.104676013957440750e-01
7.754585000000000505e-01 2.592059800000000180e+01 1.101442880470090424e-01
7.802012999999999865e-01 2.579085699999999903e+01 1.097595025715846495e-01
7.849441999999999808e-01 2.592429000000000272e+01 1.097872210381194702e-01
7.896870000000000278e-01 2.609043399999999835e+01 1.098496486451627091e-01
7.944299000000000222e-01 2.599047200000000046e+01 1.094245633940958279e-01
7.991728000000000165e-01 2.585220000000000340e+01 1.089208284903002422e-01
8.039155999999999525e-01 2.596576799999999707e+01 1.089471588082892434e-01
8.086584999999999468e-01 2.585441700000000154e+01 1.085013139488715944e-01
8.134014000000000522e-01 2.579621700000000217e+01 1.081701186462037667e-01
8.181441999999999881e-01 2.595748100000000136e+01 1.083814612613370337e-01
8.228870999999999825e-01 2.587834600000000052e+01 1.079312585891269993e-01
8.276299999999999768e-01 2.585655399999999915e+01 1.076742336752186946e-01
8.323728000000000238e-01 2.584313099999999963e+01 1.074414874519912938e-01
8.371157000000000181e-01 2.582850200000000385e+01 1.072084138182283902e-01
8.418586000000000125e-01 2.578193100000000371e+01 1.069091166308706320e-01
8.466013999999999484e-01 2.573378100000000401e+01 1.066067326761152428e-01
8.513443000000000538e-01 2.573950900000000530e+01 1.064189069235683405e-01
8.560872000000000481e-01 2.567479700000000165e+01 1.060872050390597315e-01
8.608299999999999841e-01 2.578477300000000128e+01 1.061160527113108182e-01
8.655728999999999784e-01 2.583511999999999986e+01 1.060212737400291622e-01
8.703157999999999728e-01 2.582585200000000469e+01 1.058064416163637944e-01
8.750586000000000197e-01 2.585928299999999780e+01 1.056803774712746780e-01
8.798015000000000141e-01 2.571143099999999748e+01 1.051843949653088889e-01
8.845442999999999500e-01 2.579093999999999909e+01 1.051530460701843028e-01
8.892872000000000554e-01 2.576918900000000434e+01 1.049169147295587329e-01
8.940301000000000498e-01 2.573953400000000258e+01 1.046668079434010384e-01
8.987728999999999857e-01 2.569931299999999652e+01 1.043956274953769386e-01
9.035157999999999801e-01 2.584273599999999504e+01 1.044963006215803986e-01
9.082586999999999744e-01 2.570873900000000134e+01 1.040378773780088195e-01
9.130015000000000214e-01 2.571338200000000285e+01 1.038613404066084656e-01
9.177444000000000157e-01 2.563214700000000335e+01 1.035121628978739883e-01
9.224873000000000101e-01 2.569364800000000315e+01 1.034505869666199479e-01
9.272300999999999460e-01 2.574116900000000285e+01 1.033625785669025354e-01
9.319730000000000514e-01 2.567089899999999858e+01 1.030394644342676191e-01
9.367159000000000457e-01 2.557547999999999888e+01 1.026668104412852695e-01
9.414586999999999817e-01 2.550106900000000110e+01 1.023361446018634241e-01
9.462015999999999760e-01 2.579289799999999744e+01 1.027398392649506720e-01
9.509444999999999704e-01 2.574471600000000038e+01 1.024654606356761588e-01
9.556873000000000173e-01 2.595929300000000239e+01 1.027128451787146235e-01
9.604302000000000117e-01 2.571356499999999912e+01 1.020472703685394861e-01
9.651731000000000060e-01 2.567302300000000059e+01 1.017907326138976221e-01
9.699159000000000530e-01 2.572550199999999876e+01 1.017198775435258773e-01
9.746588000000000473e-01 2.575496700000000061e+01 1.016037542107672415e-01
9.794017000000000417e-01 2.578139799999999582e+01 1.014809022743634326e-01
9.841444999999999776e-01 2.560536399999999801e+01 1.009614659098816702e-01
9.888873999999999720e-01 2.551219099999999784e+01 1.006070574433662601e-01
9.936302000000000190e-01 2.552293600000000140e+01 1.004581145617206850e-01
9.983731000000000133e-01 2.551188600000000051e+01 1.002656949062524505e-01
1.003115999999999897e+00 2.560505799999999610e+01 1.002795794460442369e-01
1.007859000000000060e+00 2.553927399999999892e+01 9.998325596816749761e-02
1.012602000000000002e+00 2.560949899999999957e+01 9.995362469163637797e-02
1.017344999999999944e+00 2.564579100000000267e+01 9.985658874097443072e-02
1.022086999999999968e+00 2.563762500000000344e+01 9.967484333812669239e-02
1.026829999999999909e+00 2.561199199999999720e+01 9.946064523761447007e-02
1.031573000000000073e+00 2.563717600000000374e+01 9.934552744713573413e-02
1.036316000000000015e+00 2.557066400000000073e+01 9.905234867533832532e-02
1.041058999999999957e+00 2.572301200000000065e+01 9.918403570320981355e-02
1.045801999999999898e+00 2.563537400000000233e+01 9.885352558261846501e-02
1.050545000000000062e+00 2.564623999999999882e+01 9.871368299493996079e-02
1.055287000000000086e+00 2.553815599999999719e+01 9.834415332180759806e-02
1.060030000000000028e+00 2.567614499999999822e+01 9.844996704802394527e-02
1.064772999999999969e+00 2.566231000000000151e+01 9.826490765724862908e-02
1.069515999999999911e+00 2.548984900000000309e+01 9.777697420707494314e-02
1.074259000000000075e+00 2.564282700000000048e+01 9.791154195479918887e-02
1.079002000000000017e+00 2.567960199999999915e+01 9.782492103524541294e-02
1.083744999999999958e+00 2.561723200000000134e+01 9.757178174059497056e-02
1.088487999999999900e+00 2.568796700000000399e+01 9.757290196272938587e-02
1.093229999999999924e+00 2.574345600000000189e+01 9.747993170237810590e-02
1.097973000000000088e+00 2.558039299999999727e+01 9.701705480934422199e-02
1.102716000000000030e+00 2.568605400000000216e+01 9.706464100282707896e-02
1.107458999999999971e+00 2.558829300000000018e+01 9.672799414747676461e-02
1.112201999999999913e+00 2.559672099999999872e+01 9.659140184893529046e-02
1.116945000000000077e+00 2.549186399999999963e+01 9.624296707735531531e-02
1.121688000000000018e+00 2.552737099999999870e+01 9.616041699941821341e-02
1.126430000000000042e+00 2.551969499999999869e+01 9.599713946521062913e-02
1.131172999999999984e+00 2.563578199999999896e+01 9.606548231969014306e-02
1.135915999999999926e+00 2.561394199999999799e+01 9.587642242410331084e-02
1.140659000000000090e+00 2.557545999999999964e+01 9.565747068293725675e-02
1.145402000000000031e+00 2.551040300000000371e+01 9.538953302903782627e-02
1.150144999999999973e+00 2.562286899999999790e+01 9.545264367658237714e-02
1.154887999999999915e+00 2.562212099999999992e+01 9.530564213764576575e-02
1.159631000000000078e+00 2.563200500000000304e+01 9.517954293154962109e-02
1.164373000000000102e+00 2.563460599999999801e+01 9.504084937545960454e-02
1.169116000000000044e+00 2.559498900000000177e+01 9.489416599041113065e-02
1.173858999999999986e+00 2.547754099999999866e+01 9.450795098962255780e-02
1.178601999999999927e+00 2.547453300000000098e+01 9.431512443579344318e-02
1.183345000000000091e+00 2.555794200000000416e+01 9.432838422153587421e-02
1.188088000000000033e+00 2.553417100000000062e+01 9.414291483217682166e-02
1.192830999999999975e+00 2.537943199999999777e+01 9.371726387746923126e-02
1.197572999999999999e+00 2.549901899999999699e+01 9.379863653305307858e-02
1.202315999999999940e+00 2.557888999999999768e+01 9.380693780655083303e-02
1.207059000000000104e+00 2.573190999999999917e+01 9.425216298642540014e-02
1.211802000000000046e+00 2.579352200000000295e+01 9.745493559131523931e-02
1.216544999999999987e+00 2.552891999999999939e+01 9.897182799013262700e-02
1.221287999999999929e+00 2.549980699999999700e+01 1.004023428601026058e-01
1.226031000000000093e+00 2.547175199999999862e+01 1.016034832697737811e-01
1.230774000000000035e+00 2.550315599999999705e+01 1.027869594104986739e-01
1.235516000000000059e+00 2.542732500000000329e+01 1.036607741602357524e-01
1.240259000000000000e+00 2.538891099999999668e+01 1.045412378613042870e-01
1.245001999999999942e+00 2.541094599999999915e+01 1.054926753761098873e-01
1.249745000000000106e+00 2.548836600000000274e+01 1.065198181293246504e-01
1.254488000000000048e+00 2.539385499999999851e+01 1.071537582792852772e-01
1.259230999999999989e+00 2.536241100000000159e+01 1.076329442425013189e-01
1.263973999999999931e+00 2.548266200000000126e+01 1.081651458606579103e-01
1.268715999999999955e+00 2.529462999999999795e+01 1.080265973648420613e-01
1.273458999999999897e+00 2.562742799999999832e+01 1.069531253211891964e-01
1.278202000000000060e+00 2.596668499999999469e+01 1.036799267627543236e-01
1.282945000000000002e+00 2.568739400000000117e+01 1.011538940059185238e-01
1.287687999999999944e+00 2.553382600000000480e+01 9.943090357067616014e-02
1.292431000000000108e+00 2.559912299999999874e+01 9.840803963882829852e-02
1.297174000000000049e+00 2.548017500000000268e+01 9.720141327304557266e-02
1.301916000000000073e+00 2.557143399999999644e+01 9.651240517800756258e-02
1.306659000000000015e+00 2.562520999999999916e+01 9.583770085205091382e-02
1.311401999999999957e+00 2.571693099999999887e+01 9.530028784517338702e-02
1.316144999999999898e+00 2.558598500000000087e+01 9.440467170077919412e-02
1.320888000000000062e+00 2.556510899999999964e+01 9.389634727380453960e-02
1.325631000000000004e+00 2.559581800000000129e+01 9.371068134967538987e-02
1.330373999999999945e+00 2.559575399999999945e+01 9.348203101863319930e-02
1.335117000000000109e+00 2.562730599999999725e+01 9.332098494166196634e-02
1.339858999999999911e+00 2.551151899999999983e+01 9.289861260884740846e-02
1.344602000000000075e+00 2.556190699999999794e+01 9.278649650036582819e-02
1.349345000000000017e+00 2.540132200000000040e+01 9.229839817792614975e-02
1.354087999999999958e+00 2.550149899999999903e+01 9.228939506475540566e-02
1.358830999999999900e+00 2.544398699999999991e+01 9.199875931505163695e-02
1.363574000000000064e+00 2.546386600000000300e+01 9.185302220089766601e-02
1.368317000000000005e+00 2.544966500000000309e+01 9.165027757700464073e-02
1.373059000000000029e+00 2.551385699999999446e+01 9.159277341158253427e-02
1.377801999999999971e+00 2.545944499999999877e+01 9.132439192459809729e-02
1.382544999999999913e+00 2.550702499999999873e+01 9.124217781218946222e-02
1.387288000000000077e+00 2.540728100000000111e+01 9.090022132850282544e-02
1.392031000000000018e+00 2.549339299999999753e+01 9.089314435415851712e-02
1.396773999999999960e+00 2.553374200000000016e+01 9.080563816838027602e-02
1.401516999999999902e+00 2.552783099999999905e+01 9.063833957305485189e-02
1.406260000000000066e+00 2.534463799999999623e+01 9.015902082587465283e-02
1.411002000000000089e+00 2.537801499999999777e+01 9.006717742512862501e-02
1.415745000000000031e+00 2.533445900000000250e+01 8.983956241800769571e-02
1.420487999999999973e+00 2.547201500000000252e+01 8.993479978909832417e-02
1.425230999999999915e+00 2.559026200000000273e+01 8.999658997296841600e-02
1.429974000000000078e+00 2.550604299999999824e+01 8.970397652544506717e-02
1.434717000000000020e+00 2.544578700000000282e+01 8.945437721365735728e-02
1.439459999999999962e+00 2.547432699999999883e+01 8.936273992639717778e-02
1.444201999999999986e+00 2.547100099999999756e+01 8.921668869378363009e-02
1.448944999999999927e+00 2.546540100000000351e+01 8.906840191052997624e-02
1.453688000000000091e+00 2.549849200000000238e+01 8.898833417976370619e-02
1.458431000000000033e+00 2.548668999999999940e+01 8.883108248689305930e-02
1.463173999999999975e+00 2.536019500000000093e+01 8.849918931084679863e-02
1.467916999999999916e+00 2.550709599999999710e+01 8.862319951868527501e-02
1.472660000000000080e+00 2.547358599999999740e+01 8.840699798422521627e-02
1.477402000000000104e+00 2.553787399999999863e+01 8.838635969965671912e-02
1.482145000000000046e+00 2.544904099999999758e+01 8.810212518347727839e-02
1.486887999999999987e+00 2.550817099999999726e+01 8.807537600135352529e-02
1.491630999999999929e+00 2.543083199999999877e+01 8.781291067733262845e-02
1.496374000000000093e+00 2.536380899999999983e+01 8.756932998806031543e-02
1.501117000000000035e+00 2.566955500000000256e+01 8.801290908070133479e-02
1.505859999999999976e+00 2.563564800000000332e+01 8.952792630592479317e-02
1.510602999999999918e+00 2.556204199999999815e+01 9.191392349038256249e-02
1.515344999999999942e+00 2.540063500000000118e+01 9.314152656472354797e-02
1.520088000000000106e+00 2.538884599999999736e+01 9.434680029403966217e-02
1.524831000000000047e+00 2.533574899999999985e+01 9.531757260104192775e-02
1.529573999999999989e+00 2.554694099999999679e+01 9.646752747613157597e-02
1.534316999999999931e+00 2.565984600000000526e+01 9.399305158109987068e-02
1.539060000000000095e+00 2.561914200000000008e+01 9.246083506754143588e-02
1.543803000000000036e+00 2.543039500000000075e+01 9.114796774751207642e-02
1.548545000000000060e+00 2.540238399999999785e+01 9.014654484107419152e-02
1.553288000000000002e+00 2.538302200000000397e+01 8.931252057029182012e-02
1.558030999999999944e+00 2.557374899999999585e+01 8.889235057549665919e-02
1.562774000000000107e+00 2.538210999999999729e+01 8.767214801967669613e-02
1.567517000000000049e+00 2.535685299999999742e+01 8.682214679155947357e-02
1.572259999999999991e+00 2.535821900000000184e+01 8.631549035732113961e-02
1.577002999999999933e+00 2.546153899999999837e+01 8.615121916322718287e-02
1.581746000000000096e+00 2.538517700000000232e+01 8.585592056351791512e-02
1.586487999999999898e+00 2.536952099999999888e+01 8.585204726757481031e-02
1.591231000000000062e+00 2.534910100000000099e+01 8.592732893614637990e-02
1.595974000000000004e+00 2.535229400000000055e+01 8.603873532573919070e-02
1.600716999999999945e+00 2.534311000000000291e+01 8.609802908598720994e-02
1.605460000000000109e+00 2.542560500000000090e+01 8.612605669744145820e-02
1.610203000000000051e+00 2.543974699999999700e+01 8.600600354114995572e-02
1.614945999999999993e+00 2.528400399999999593e+01 8.560238556338484184e-02
1.619688000000000017e+00 2.549754799999999832e+01 8.582542777713200732e-02
1.624430999999999958e+00 2.517895400000000450e+01 8.515289270254534915e-02
1.629173999999999900e+00 2.549669399999999797e+01 8.555480379835081473e-02
1.633917000000000064e+00 2.545544400000000351e+01 8.535466406570234310e-02
1.638660000000000005e+00 2.527313500000000346e+01 8.491998837603488559e-02
1.643402999999999947e+00 2.545779100000000028e+01 8.510240459197437879e-02
1.648146000000000111e+00 2.536698600000000070e+01 8.482458366451969822e-02
1.652889000000000053e+00 2.537496499999999955e+01 8.471388907898927401e-02
1.657631000000000077e+00 2.529075900000000132e+01 8.445130178706602986e-02
1.662374000000000018e+00 2.543972699999999776e+01 8.457809621805459366e-02
1.667116999999999960e+00 2.530909700000000129e+01 8.424063392349975810e-02
1.671859999999999902e+00 2.540814200000000511e+01 8.428662419789512139e-02
1.676603000000000065e+00 2.541293499999999739e+01 8.417725331328587690e-02
1.681346000000000007e+00 2.530918600000000396e+01 8.388881180975624186e-02
1.686088999999999949e+00 2.536313500000000332e+01 8.386231186724642239e-02
1.690830999999999973e+00 2.534337099999999765e+01 8.371545863153231903e-02
1.695573999999999915e+00 2.516782699999999551e+01 8.331219113873730708e-02
1.700317000000000078e+00 2.525620400000000387e+01 8.334583055332402124e-02
1.705060000000000020e+00 2.524980399999999747e+01 8.322366214713096400e-02
1.709802999999999962e+00 2.530103499999999883e+01 8.319725989040563374e-02
1.714545999999999903e+00 2.542366600000000432e+01 8.328893172931023381e-02
1.719289000000000067e+00 2.535991200000000134e+01 8.307500272282752896e-02
1.724031000000000091e+00 2.530562900000000326e+01 8.287735490858463838e-02
1.728774000000000033e+00 2.543686699999999945e+01 8.298410946232176455e-02
1.733516999999999975e+00 2.538510799999999890e+01 8.279295939837215401e-02
1.738259999999999916e+00 2.520734200000000058e+01 8.239636929452109904e-02
1.743003000000000080e+00 2.538357199999999736e+01 8.257773739749352249e-02
1.747746000000000022e+00 2.536081700000000083e+01 8.243580117733252666e-02
1.752488999999999963e+00 2.521710099999999599e+01 8.209801038270599094e-02
1.757231999999999905e+00 2.522128599999999921e+01 8.200137317973278661e-02
1.761973999999999929e+00 2.534470099999999704e+01 8.209827468573929754e-02
1.766717000000000093e+00 2.536110000000000042e+01 8.202237577134852131e-02
1.771460000000000035e+00 2.543548999999999793e+01 8.204071442432775418e-02
1.776202999999999976e+00 2.537413699999999750e+01 8.187696285434689636e-02
1.780945999999999918e+00 2.528552499999999981e+01 8.163537473797741195e-02
1.785689000000000082e+00 2.530365399999999454e+01 8.152510600443521604e-02
1.790432000000000023e+00 2.526062499999999744e+01 8.135649135230330065e-02
1.795174000000000047e+00 2.524466400000000021e+01 8.123164891310159785e-02
1.799916999999999989e+00 2.539823900000000023e+01 8.137902508770242238e-02
1.804659999999999931e+00 2.535557800000000128e+01 8.121270931186633235e-02
1.809403000000000095e+00 2.530683400000000205e+01 8.103707107773085172e-02
1.814146000000000036e+00 2.525247599999999792e+01 8.085288602181062156e-02
1.818888999999999978e+00 2.527496199999999860e+01 8.079192521155563467e-02
1.823631999999999920e+00 2.523004400000000302e+01 8.062398131840488313e-02
1.828375000000000083e+00 2.510612899999999925e+01 8.033060550478192396e-02
1.833117000000000107e+00 2.518215900000000218e+01 8.035697258617262306e-02
1.837860000000000049e+00 2.525097000000000236e+01 8.037164776260095900e-02
1.842602999999999991e+00 2.526156399999999991e+01 8.029414025098965957e-02
1.847345999999999933e+00 2.525621299999999891e+01 8.019197136500698375e-02
1.852089000000000096e+00 2.519340000000000401e+01 8.006470084420287681e-02
1.856832000000000038e+00 2.515962499999999835e+01 7.985764488034755026e-02
1.861574999999999980e+00 2.525868299999999778e+01 7.991627469558437724e-02
1.866317000000000004e+00 2.523956100000000191e+01 7.979396869309922369e-02
1.871059999999999945e+00 2.523118599999999745e+01 7.968902202343872143e-02
1.875803000000000109e+00 2.529328199999999782e+01 7.969513184129631278e-02
1.880546000000000051e+00 2.515688600000000719e+01 7.938900836883591716e-02
1.885288999999999993e+00 2.517569000000000301e+01 7.932833212070956874e-02
1.890031999999999934e+00 2.530479700000000065e+01 7.944107127460454942e-02
1.894775000000000098e+00 2.506887499999999847e+01 7.897978706563787976e-02
1.899516999999999900e+00 2.512768700000000166e+01 7.898322586468597972e-02
1.904260000000000064e+00 2.519243399999999866e+01 7.899594574965287941e-02
1.909003000000000005e+00 2.514162899999999823e+01 7.882778753348021472e-02
1.913745999999999947e+00 2.518350800000000334e+01 7.880457616991161374e-02
1.918489000000000111e+00 2.516391499999999937e+01 7.868604532311113120e-02
1.923232000000000053e+00 2.512550399999999939e+01 7.853864945952725163e-02
1.927974999999999994e+00 2.509210000000000207e+01 7.839701911212250407e-02
1.932717999999999936e+00 2.518648900000000168e+01 7.839556665627016308e-02
1.937459999999999960e+00 2.514405000000000001e+01 7.814671144314519480e-02
1.942202999999999902e+00 2.515975100000000353e+01 7.795808881405894009e-02
1.946946000000000065e+00 2.520357399999999970e+01 7.783634632681188381e-02
1.951689000000000007e+00 2.531672199999999862e+01 7.785708382180325793e-02
1.956431999999999949e+00 2.511366400000000354e+01 7.746053637876644526e-02
1.961174999999999891e+00 2.514750599999999991e+01 7.743112360716328246e-02
1.965918000000000054e+00 2.516781100000000038e+01 7.738205506166853653e-02
1.970660000000000078e+00 2.502552499999999469e+01 7.712667946593577961e-02
1.975403000000000020e+00 2.524121699999999890e+01 7.743754600934096843e-02
1.980145999999999962e+00 2.514079900000000123e+01 7.730463305609566738e-02
1.984888999999999903e+00 2.515419199999999478e+01 7.734562245556887705e-02
1.989632000000000067e+00 2.506674999999999898e+01 7.723136904119529134e-02
1.994375000000000009e+00 2.529175800000000152e+01 7.754890515964167619e-02
1.999117999999999951e+00 2.505650999999999584e+01 7.707642904652822757e-02
2.003861000000000114e+00 2.498671000000000220e+01 7.688722995572931651e-02
2.008602999999999916e+00 2.511574900000000099e+01 7.700320322030571041e-02
2.013345999999999858e+00 2.531318700000000277e+01 7.790910486388416545e-02
2.018088999999999800e+00 2.506334500000000176e+01 7.978592083410643299e-02
2.022832000000000185e+00 2.505508899999999883e+01 8.109309470988204649e-02
2.027575000000000127e+00 2.513241899999999873e+01 8.224532849392725276e-02
2.032318000000000069e+00 2.510402400000000256e+01 8.308002779846310193e-02
2.037061000000000011e+00 2.515186300000000230e+01 8.395085348023509364e-02
2.041802999999999813e+00 2.495803700000000092e+01 8.433548231807712348e-02
2.046546000000000198e+00 2.496637100000000231e+01 8.473504877968147941e-02
2.051289000000000140e+00 2.494613299999999967e+01 8.496093721519554220e-02
2.056032000000000082e+00 2.505196900000000326e+01 8.538230517890402216e-02
2.060775000000000023e+00 2.501525600000000082e+01 8.554534617582421063e-02
2.065517999999999965e+00 2.495149500000000131e+01 8.564722349084587238e-02
2.070260999999999907e+00 2.502150299999999916e+01 8.596745365587199483e-02
2.075003000000000153e+00 2.496584399999999704e+01 8.606153131292923475e-02
2.079746000000000095e+00 2.514597400000000249e+01 8.429580396176492019e-02
2.084489000000000036e+00 2.500820599999999772e+01 8.192898075594190477e-02
2.089231999999999978e+00 2.500074000000000041e+01 8.074518395099920809e-02
2.093974999999999920e+00 2.508395000000000508e+01 7.999290663154139114e-02
2.098717999999999861e+00 2.510208400000000140e+01 7.929096548362933594e-02
2.103460999999999803e+00 2.530741300000000038e+01 7.898229838939482828e-02
2.108204000000000189e+00 2.514858499999999708e+01 7.829653083012362569e-02
2.112945999999999991e+00 2.507709900000000047e+01 7.797720203644203929e-02
2.117688999999999933e+00 2.504070099999999854e+01 7.773209155082475008e-02
2.122431999999999874e+00 2.512365299999999735e+01 7.768429612353000557e-02
2.127174999999999816e+00 2.506523700000000332e+01 7.742961589520382104e-02
2.131918000000000202e+00 2.505811299999999875e+01 7.726307152599098949e-02
2.136661000000000143e+00 2.494867800000000457e+01 7.694636794166766214e-02
2.141404000000000085e+00 2.498930000000000362e+01 7.686731631800475251e-02
2.146145999999999887e+00 2.492895000000000039e+01 7.663884588494597472e-02
2.150888999999999829e+00 2.500519499999999695e+01 7.662491436420075519e-02
2.155632000000000215e+00 2.512580299999999767e+01 7.668289378623435737e-02
2.160375000000000156e+00 2.515038000000000196e+01 7.659698962145836121e-02
2.165118000000000098e+00 2.513006399999999729e+01 7.644644526440716459e-02
2.169861000000000040e+00 2.505904299999999907e+01 7.622208797238828881e-02
2.174603999999999981e+00 2.509892800000000079e+01 7.616916212613081272e-02
2.179346999999999923e+00 2.495956000000000330e+01 7.584631029651342504e-02
2.184089000000000169e+00 2.495196800000000081e+01 7.572652320943039361e-02
2.188832000000000111e+00 2.498064699999999760e+01 7.566374803416693606e-02
2.193575000000000053e+00 2.499474500000000177e+01 7.558078399385190216e-02
2.198317999999999994e+00 2.503164099999999692e+01 7.553354280692518852e-02
2.203060999999999936e+00 2.495417400000000185e+01 7.531550605837486478e-02
2.207803999999999878e+00 2.493638999999999939e+01 7.518995560525022770e-02
2.212546999999999819e+00 2.505038300000000007e+01 7.526374752700400184e-02
2.217289000000000065e+00 2.492617200000000111e+01 7.498025746462264052e-02
2.222032000000000007e+00 2.491232699999999767e+01 7.486434302106044492e-02
2.226774999999999949e+00 2.488900200000000140e+01 7.473561677117543378e-02
2.231517999999999891e+00 2.499855000000000160e+01 7.480724250929050856e-02
2.236260999999999832e+00 2.501373900000000106e+01 7.473781631078005305e-02
2.241004000000000218e+00 2.494869399999999970e+01 7.454999766033866548e-02
2.245747000000000160e+00 2.487286399999999986e+01 7.434725886205086065e-02
2.250490000000000101e+00 2.492150799999999933e+01 7.433136030369281999e-02
2.255231999999999903e+00 2.494938600000000051e+01 7.428485358384910586e-02
2.259974999999999845e+00 2.497832499999999811e+01 7.424094451165071107e-02
2.264717999999999787e+00 2.491241099999999875e+01 7.405697363861690752e-02
2.269461000000000173e+00 2.503137399999999957e+01 7.414802549245595731e-02
2.274204000000000114e+00 2.493483900000000375e+01 7.391994104420605838e-02
2.278947000000000056e+00 2.488020500000000013e+01 7.375508730227224585e-02
2.283689999999999998e+00 2.487426300000000268e+01 7.366313323536341495e-02
2.288431999999999800e+00 2.494988599999999579e+01 7.369262394213413336e-02
2.293175000000000185e+00 2.498507699999999687e+01 7.366219621497584191e-02
2.297918000000000127e+00 2.489699799999999996e+01 7.345092821779312942e-02
2.302661000000000069e+00 2.489765300000000181e+01 7.337121989113101761e-02
2.307404000000000011e+00 2.490236199999999656e+01 7.329837232584976436e-02
2.312146999999999952e+00 2.498140899999999931e+01 7.333449469590146153e-02
2.316889999999999894e+00 2.490275500000000264e+01 7.313978517506597443e-02
2.321632000000000140e+00 2.494755099999999715e+01 7.312723407251568719e-02
2.326375000000000082e+00 2.495937299999999937e+01 7.306646450234334511e-02
2.331118000000000023e+00 2.494046200000000368e+01 7.296092275909962788e-02
2.335860999999999965e+00 2.490558099999999797e+01 7.283292956860035194e-02
2.340603999999999907e+00 2.483054400000000328e+01 7.264647909872164189e-02
2.345346999999999849e+00 2.483661599999999936e+01 7.257955108655467225e-02
2.350089999999999790e+00 2.488316699999999670e+01 7.257165220034611508e-02
2.354833000000000176e+00 2.496748699999999843e+01 7.261895788319534806e-02
2.359574999999999978e+00 2.487733999999999668e+01 7.241320546527270363e-02
2.364317999999999920e+00 2.494755800000000434e+01 7.244063590746425974e-02
2.369060999999999861e+00 2.484513000000000105e+01 7.221783749712323841e-02
2.373803999999999803e+00 2.486005700000000118e+01 7.216591585195950009e-02
2.378547000000000189e+00 2.484834399999999732e+01 7.207559068329513763e-02
2.383290000000000131e+00 2.491153700000000271e+01 7.209431375784083884e-02
2.388033000000000072e+00 2.496505200000000002e+01 7.209900692390013022e-02
2.392774999999999874e+00 2.491335899999999981e+01 7.195190596521471027e-02
2.397517999999999816e+00 2.488843600000000222e+01 7.184421314748808129e-02
2.402261000000000202e+00 2.496976000000000084e+01 7.189029080824614615e-02
2.407004000000000143e+00 2.490438000000000329e+01 7.172444897832118416e-02
2.411747000000000085e+00 2.488022199999999984e+01 7.161879229781943634e-02
2.416490000000000027e+00 2.481937500000000085e+01 7.146092932582670532e-02
2.421232999999999969e+00 2.493079499999999626e+01 7.155102150904694980e-02
2.425975999999999910e+00 2.489697999999999922e+01 7.143234405467666082e-02
2.430718000000000156e+00 2.477329300000000245e+01 7.118516306830517670e-02
2.435461000000000098e+00 2.475886100000000312e+01 7.109581929689184898e-02
2.440204000000000040e+00 2.479138599999999570e+01 7.109876873611878367e-02
2.444946999999999981e+00 2.489483500000000049e+01 7.115297314547157359e-02
2.449689999999999923e+00 2.486412999999999940e+01 7.104056353549076386e-02
2.454432999999999865e+00 2.490326200000000512e+01 7.102840463291498763e-02
2.459175999999999807e+00 2.475787700000000058e+01 7.075328086836610297e-02
2.463918000000000053e+00 2.481125199999999964e+01 7.076168826911564957e-02
2.468660999999999994e+00 2.485902399999999801e+01 7.076263371624037790e-02
2.473403999999999936e+00 2.486091599999999957e+01 7.069823369439083571e-02
2.478146999999999878e+00 2.481369399999999814e+01 7.056461100623953597e-02
2.482889999999999819e+00 2.478306199999999748e+01 7.045473807966147473e-02
2.487633000000000205e+00 2.488488100000000003e+01 7.053290888250887680e-02
2.492376000000000147e+00 2.493666799999999739e+01 7.054028485485722144e-02
2.497117999999999949e+00 2.481021100000000246e+01 7.029558466758918656e-02
2.501860999999999891e+00 2.482618099999999828e+01 7.025268212194107909e-02
2.506603999999999832e+00 2.479906100000000180e+01 7.014922693240532858e-02
2.511347000000000218e+00 2.470675800000000066e+01 6.995230810055805271e-02
2.516090000000000160e+00 2.482771499999999776e+01 7.000477207685916470e-02
2.520833000000000101e+00 2.475364499999999879e+01 6.975704076010966204e-02
2.525576000000000043e+00 2.487356799999999879e+01 6.978365720525042670e-02
2.530318999999999985e+00 2.485998500000000178e+01 6.965043010944296786e-02
2.535060999999999787e+00 2.480464100000000016e+01 6.950924510042962023e-02
2.539804000000000173e+00 2.486981199999999959e+01 6.953741857012885053e-02
2.544547000000000114e+00 2.470115300000000147e+01 6.923920585768947311e-02
2.549290000000000056e+00 2.480022400000000005e+01 6.931577840269197155e-02
2.554032999999999998e+00 2.481555300000000486e+01 6.927537892577131928e-02
2.558775999999999939e+00 2.475761599999999873e+01 6.913261391156853841e-02
2.563518999999999881e+00 2.476666300000000120e+01 6.908628752990494948e-02
2.568261000000000127e+00 2.467963599999999857e+01 6.895898024307639540e-02
2.573004000000000069e+00 2.477493500000000282e+01 6.910795937818883794e-02
2.577747000000000011e+00 2.478251399999999904e+01 6.913383852547029529e-02
2.582489999999999952e+00 2.471712400000000187e+01 6.902364870148998410e-02
2.587232999999999894e+00 2.472992599999999896e+01 6.898061700742172397e-02
2.591975999999999836e+00 2.474256100000000202e+01 6.893712659923098562e-02
2.596719000000000221e+00 2.469473699999999994e+01 6.880940742806757049e-02
2.601462000000000163e+00 2.478269000000000233e+01 6.887094702131371649e-02
2.606203999999999965e+00 2.473072800000000271e+01 6.873846627207433335e-02
2.610946999999999907e+00 2.469133800000000178e+01 6.862339500725245234e-02
2.615689999999999849e+00 2.465550099999999745e+01 6.851355396889872995e-02
2.620432999999999790e+00 2.471871599999999702e+01 6.854138214067542756e-02
2.625176000000000176e+00 2.483281799999999606e+01 6.863964419099649605e-02
2.629919000000000118e+00 2.467711100000000002e+01 6.836453308583113897e-02
2.634662000000000059e+00 2.465142000000000166e+01 6.828437544873570963e-02
2.639403999999999861e+00 2.473009499999999861e+01 6.834587096603642054e-02
2.644146999999999803e+00 2.467287599999999870e+01 6.818533662701461995e-02
2.648890000000000189e+00 2.470041099999999901e+01 6.816072867767186683e-02
2.653633000000000131e+00 2.476629000000000147e+01 6.820301645262033530e-02
2.658376000000000072e+00 2.474235800000000296e+01 6.811312691231843908e-02
2.663119000000000014e+00 2.476891899999999680e+01 6.807965087527403925e-02
2.667861999999999956e+00 2.467343699999999984e+01 6.788981111483077813e-02
2.672604999999999897e+00 2.463252600000000214e+01 6.777553796400881403e-02
2.677347000000000143e+00 2.468236100000000022e+01 6.778645579652398112e-02
2.682090000000000085e+00 2.468811700000000187e+01 6.773688408910760739e-02
2.686833000000000027e+00 2.488326599999999900e+01 6.794663273013902549e-02
2.691575999999999969e+00 2.470738000000000056e+01 6.764846269809314527e-02
2.696318999999999910e+00 2.471953500000000048e+01 6.760812459734036328e-02
2.701061999999999852e+00 2.473981499999999656e+01 6.757898716659491156e-02
2.705804999999999794e+00 2.475691199999999625e+01 6.754548541252701488e-02
2.710547000000000040e+00 2.480438099999999935e+01 6.755325403346532087e-02
2.715289999999999981e+00 2.492304800000000142e+01 6.765807490348435538e-02
2.720032999999999923e+00 2.480224799999999874e+01 6.743759188684973760e-02
2.724775999999999865e+00 2.474044699999999963e+01 6.729753372875560413e-02
2.729518999999999807e+00 2.472629400000000288e+01 6.722198624565552116e-02
2.734262000000000192e+00 2.469559299999999880e+01 6.712456126488798580e-02
2.739005000000000134e+00 2.464390000000000569e+01 6.699875211687975063e-02
2.743746999999999936e+00 2.475431300000000334e+01 6.709304554837483558e-02
2.748489999999999878e+00 2.477987099999999643e+01 6.707223632776605771e-02
2.753232999999999819e+00 2.471343500000000049e+01 6.692713371079400675e-02
2.757976000000000205e+00 2.463232700000000008e+01 6.676226663457435206e-02
2.762719000000000147e+00 2.460344500000000068e+01 6.666839575052785349e-02
2.767462000000000089e+00 2.467963699999999605e+01 6.671673783449023898e-02
2.772205000000000030e+00 2.474649900000000713e+01 6.675249751197853687e-02
2.776947999999999972e+00 2.472037400000000318e+01 6.666288232302215733e-02
2.781690000000000218e+00 2.458612800000000220e+01 6.642737941748266817e-02
2.786433000000000160e+00 2.454927899999999497e+01 6.632360746868869172e-02
2.791176000000000101e+00 2.456920799999999616e+01 6.629655137516655972e-02
2.795919000000000043e+00 2.464550799999999953e+01 6.634575576830367694e-02
2.800661999999999985e+00 2.475801999999999481e+01 6.645857075811065218e-02
2.805404999999999927e+00 2.471830099999999675e+01 6.634195415875913937e-02
2.810147999999999868e+00 2.462426700000000324e+01 6.619389114146863318e-02
2.814890000000000114e+00 2.477737499999999926e+01 6.635456581662937947e-02
2.819633000000000056e+00 2.470282300000000220e+01 6.748238956602010952e-02
2.824375999999999998e+00 2.476551500000000061e+01 6.898617086717526159e-02
2.829118999999999939e+00 2.464940299999999951e+01 6.971373658457420686e-02
2.833861999999999881e+00 2.464061099999999982e+01 7.042916205150819009e-02
2.838604999999999823e+00 2.461748100000000505e+01 7.101205368567227449e-02
2.843348000000000209e+00 2.459201800000000304e+01 7.127460191128463796e-02
2.848091000000000150e+00 2.465351299999999668e+01 7.158008644928909314e-02
2.852832999999999952e+00 2.469039099999999820e+01 7.184273065194417274e-02
2.857575999999999894e+00 2.459436600000000084e+01 7.189552950822046540e-02
2.862318999999999836e+00 2.462012900000000215e+01 7.211246138256410809e-02
2.867062000000000221e+00 2.466525299999999987e+01 7.234766172777043480e-02
2.871805000000000163e+00 2.470287399999999423e+01 7.256263297659271139e-02
2.876548000000000105e+00 2.461312999999999818e+01 7.258193310090947648e-02
2.881291000000000047e+00 2.459725500000000054e+01 7.236235723650660812e-02
2.886032999999999848e+00 2.469781100000000151e+01 7.044273766167098716e-02
2.890775999999999790e+00 2.467861200000000110e+01 6.930855150432088663e-02
2.895519000000000176e+00 2.469210300000000302e+01 6.857860038105399736e-02
2.900262000000000118e+00 2.472685600000000150e+01 6.803336064970773311e-02
2.905005000000000059e+00 2.465890200000000121e+01 6.757375324275986805e-02
2.909748000000000001e+00 2.469373799999999619e+01 6.744415889785045082e-02
2.914490999999999943e+00 2.452806600000000259e+01 6.706029513731877334e-02
2.919233000000000189e+00 2.464518799999999743e+01 6.707713476113301432e-02
2.923976000000000131e+00 2.461014399999999824e+01 6.689771346601391944e-02
2.928719000000000072e+00 2.468235500000000116e+01 6.687346789613426989e-02
2.933462000000000014e+00 2.467721399999999932e+01 6.675119879227639497e-02
2.938204999999999956e+00 2.453820099999999726e+01 6.645403419125131550e-02
2.942947999999999897e+00 2.464888900000000049e+01 6.650032231283845019e-02
2.947690999999999839e+00 2.470736499999999936e+01 6.648013939334287969e-02
2.952433999999999781e+00 2.466674000000000078e+01 6.633791127068291993e-02
2.957176000000000027e+00 2.463764599999999660e+01 6.621349951904142994e-02
2.961918999999999969e+00 2.462198199999999559e+01 6.609050230896265643e-02
2.966661999999999910e+00 2.462303999999999959e+01 6.600655409304670429e-02
2.971404999999999852e+00 2.453265899999999888e+01 6.580204553402348167e-02
2.976147999999999794e+00 2.461934000000000111e+01 6.583727494462919549e-02
2.980891000000000179e+00 2.461439999999999628e+01 6.575175926902412926e-02
2.985634000000000121e+00 2.463898699999999664e+01 6.570736415884828596e-02
2.990375999999999923e+00 2.459194199999999952e+01 6.558609795753593541e-02
2.995118999999999865e+00 2.462285899999999828e+01 6.553910069564808372e-02
2.999861999999999806e+00 2.468439199999999545e+01 6.554541755404796888e-02
3.004605000000000192e+00 2.452569100000000191e+01 6.526317169939567508e-02
3.009348000000000134e+00 2.460885300000000342e+01 6.530370582481977160e-02
3.014091000000000076e+00 2.461704899999999796e+01 6.526534499714989335e-02
3.018834000000000017e+00 2.454406899999999681e+01 6.508072356531002800e-02
3.023576999999999959e+00 2.462189099999999797e+01 6.511687895873005671e-02
3.028319000000000205e+00 2.465078000000000102e+01 6.508880151123616620e-02
3.033062000000000147e+00 2.464365700000000103e+01 6.501390227003758793e-02
3.037805000000000089e+00 2.460800199999999904e+01 6.490251402581335982e-02
3.042548000000000030e+00 2.458236899999999636e+01 6.480532758095046419e-02
3.047290999999999972e+00 2.462621199999999888e+01 6.480010830442028968e-02
3.052033999999999914e+00 2.458581199999999711e+01 6.468453664075672627e-02
3.056776999999999855e+00 2.453172900000000212e+01 6.455185988895903448e-02
3.061519000000000101e+00 2.445855099999999993e+01 6.439451968361438461e-02
3.066262000000000043e+00 2.457462699999999955e+01 6.448707790496480130e-02
3.071004999999999985e+00 2.459933600000000098e+01 6.447261263689178790e-02
3.075747999999999927e+00 2.459222800000000220e+01 6.440680507150001177e-02
3.080490999999999868e+00 2.455704399999999765e+01 6.429520260008517174e-02
3.085233999999999810e+00 2.453416700000000006e+01 6.419772707487937657e-02
3.089977000000000196e+00 2.456837200000000365e+01 6.420280002171556422e-02
3.094720000000000137e+00 2.458123800000000259e+01 6.414476486087231089e-02
3.099461999999999939e+00 2.448034799999999933e+01 6.395556409064891146e-02
3.104204999999999881e+00 2.458157699999999934e+01 6.403096042285481848e-02
3.108947999999999823e+00 2.453195400000000248e+01 6.390984732005702829e-02
3.113691000000000209e+00 2.451352399999999676e+01 6.383046713445390818e-02
3.118434000000000150e+00 2.452950600000000136e+01 6.379594647926464801e-02
3.123177000000000092e+00 2.457891700000000057e+01 6.380488472464784788e-02
3.127920000000000034e+00 2.466062300000000107e+01 6.385598397935936255e-02
3.132661999999999836e+00 2.453474800000000045e+01 6.363859472183762411e-02
3.137405000000000221e+00 2.453626899999999722e+01 6.358687216508765450e-02
3.142148000000000163e+00 2.457226700000000008e+01 6.357927586459757863e-02
3.146891000000000105e+00 2.459961699999999496e+01 6.356940021621645953e-02
3.151634000000000047e+00 2.456371299999999991e+01 6.347197336868296014e-02
3.156376999999999988e+00 2.462539500000000103e+01 6.348877081462596383e-02
3.161119999999999930e+00 2.449943300000000335e+01 6.327399615393909660e-02
3.165862000000000176e+00 2.452616400000000141e+01 6.330024921966895257e-02
3.170605000000000118e+00 2.454095799999999628e+01 6.325087139357132848e-02
3.175348000000000059e+00 2.459207399999999666e+01 6.323712722739782688e-02
3.180091000000000001e+00 2.460212400000000343e+01 6.319829457993071664e-02
3.184833999999999943e+00 2.454411999999999949e+01 6.307257119227342723e-02
3.189576999999999884e+00 2.455817000000000050e+01 6.303958073475267321e-02
3.194319999999999826e+00 2.459816200000000563e+01 6.302188129563890406e-02
3.199063000000000212e+00 2.447806700000000291e+01 6.275248620179361969e-02
3.203805000000000014e+00 2.456490000000000151e+01 6.274706090474915787e-02
3.208547999999999956e+00 2.459750299999999612e+01 6.271172100138618088e-02
3.213290999999999897e+00 2.457574400000000026e+01 6.263441977606880318e-02
3.218033999999999839e+00 2.450048699999999968e+01 6.248947907290075543e-02
3.222776999999999781e+00 2.458725000000000449e+01 6.255079142260551450e-02
3.227520000000000167e+00 2.465287599999999912e+01 6.258559733906995937e-02
3.232263000000000108e+00 2.443082799999999821e+01 6.225452691323819787e-02
3.237004999999999910e+00 2.446123800000000159e+01 6.224499471840767850e-02
3.241747999999999852e+00 2.450875699999999568e+01 6.225727425355209732e-02
3.246490999999999794e+00 2.462111099999999908e+01 6.235170791230902620e-02
3.251234000000000179e+00 2.461125899999999689e+01 6.230881676761403781e-02
3.255977000000000121e+00 2.463706599999999725e+01 6.235758232802648265e-02
3.260720000000000063e+00 2.443204400000000120e+01 6.211514878530840361e-02
3.265463000000000005e+00 2.450579200000000313e+01 6.218650482930761919e-02
3.270205999999999946e+00 2.453002499999999841e+01 6.217009274585649781e-02
3.274948000000000192e+00 2.450289800000000540e+01 6.208795316000117331e-02
3.279691000000000134e+00 2.446023200000000131e+01 6.198677944779677068e-02
3.284434000000000076e+00 2.455053399999999542e+01 6.205431190705364836e-02
3.289177000000000017e+00 2.446578999999999837e+01 6.190034978189622172e-02
3.293919999999999959e+00 2.444131699999999796e+01 6.182268535740016724e-02
3.298662999999999901e+00 2.459744899999999745e+01 6.197324514478970425e-02
3.303405999999999842e+00 2.450186400000000120e+01 6.180631592461890284e-02
3.308148000000000089e+00 2.460734300000000374e+01 6.189302937239217484e-02
3.312891000000000030e+00 2.462181100000000100e+01 6.186511474296640944e-02
3.317633999999999972e+00 2.455933800000000033e+01 6.174068313499535277e-02
3.322376999999999914e+00 2.454597800000000163e+01 6.167881528652281731e-02
3.327119999999999855e+00 2.453728800000000021e+01 6.163764224577056305e-02
3.331862999999999797e+00 2.450703499999999835e+01 6.153787413477329604e-02
3.336606000000000183e+00 2.461246099999999970e+01 6.162482526583989983e-02
3.341347999999999985e+00 2.457654799999999895e+01 6.153478036557049474e-02
3.346090999999999926e+00 2.455944699999999870e+01 6.146825773113388097e-02
3.350833999999999868e+00 2.455452100000000115e+01 6.141695208829074659e-02
3.355576999999999810e+00 2.457298700000000125e+01 6.139518360463465385e-02
3.360320000000000196e+00 2.456243799999999666e+01 6.133742203293923723e-02
3.365063000000000137e+00 2.454033100000000189e+01 6.126529410927526731e-02
3.369806000000000079e+00 2.452976399999999657e+01 6.120756840769284862e-02
3.374549000000000021e+00 2.462104299999999668e+01 6.127712737142138044e-02
3.379290999999999823e+00 2.461702000000000368e+01 6.190925932569133622e-02
3.384034000000000209e+00 2.460243200000000030e+01 6.334312859636789805e-02
3.388777000000000150e+00 2.449472099999999841e+01 6.403977005802956313e-02
3.393520000000000092e+00 2.461223599999999934e+01 6.485465079871295668e-02
3.398263000000000034e+00 2.453193199999999763e+01 6.514037874560986430e-02
3.403005999999999975e+00 2.453486099999999936e+01 6.531997691298659092e-02
3.407748999999999917e+00 2.447729500000000158e+01 6.520958875642753061e-02
3.412491000000000163e+00 2.441908099999999848e+01 6.516807566817131581e-02
3.417234000000000105e+00 2.448121300000000389e+01 6.542463231234395271e-02
3.421977000000000046e+00 2.441539399999999915e+01 6.549461190315505887e-02
3.426719999999999988e+00 2.435636199999999718e+01 6.554868692087889581e-02
3.431462999999999930e+00 2.447883699999999862e+01 6.585026024391019139e-02
3.436205999999999872e+00 2.455400800000000316e+01 6.609408606899183636e-02
3.440948999999999813e+00 2.445043600000000339e+01 6.607412255125602596e-02
3.445692000000000199e+00 2.455871200000000343e+01 6.635094132260672961e-02
3.450434000000000001e+00 2.447324700000000064e+01 6.632763606478600527e-02
3.455176999999999943e+00 2.453466099999999983e+01 6.651973252923225333e-02
3.459919999999999884e+00 2.461929100000000403e+01 6.673898621863985636e-02
3.464662999999999826e+00 2.459160099999999716e+01 6.680207037713650764e-02
3.469406000000000212e+00 2.449765800000000127e+01 6.677201813105321238e-02
3.474149000000000154e+00 2.440849899999999906e+01 6.674412092226400528e-02
3.478892000000000095e+00 2.448531799999999947e+01 6.694048974348634773e-02
3.483633999999999897e+00 2.454940099999999958e+01 6.711633250212946378e-02
3.488376999999999839e+00 2.446701399999999893e+01 6.708940538446289681e-02
3.493119999999999781e+00 2.444295999999999935e+01 6.713960936092643050e-02
3.497863000000000167e+00 2.452468299999999957e+01 6.733319369589711723e-02
3.502606000000000108e+00 2.456628799999999657e+01 6.746954071455651958e-02
3.507349000000000050e+00 2.456253299999999840e+01 6.754133894511418768e-02
3.512091999999999992e+00 2.452053799999999839e+01 6.755901466357097651e-02
3.516833999999999794e+00 2.450496700000000061e+01 6.761105675028160344e-02
3.521577000000000179e+00 2.451304100000000119e+01 6.769378565341283016e-02
3.526320000000000121e+00 2.455270900000000012e+01 6.781873980165879778e-02
3.531063000000000063e+00 2.446307600000000093e+01 6.776339852516621853e-02
3.535806000000000004e+00 2.435099699999999956e+01 6.767523861872819235e-02
3.540548999999999946e+00 2.449919399999999925e+01 6.794612275119014944e-02
3.545291999999999888e+00 2.459079600000000099e+01 6.813774567862515563e-02
3.550034999999999830e+00 2.445988999999999436e+01 6.801925952150979227e-02
3.554777000000000076e+00 2.448646500000000259e+01 6.811804067609035507e-02
3.559520000000000017e+00 2.442556399999999783e+01 6.809405800289553001e-02
3.564262999999999959e+00 2.443591599999999886e+01 6.816782622327779984e-02
3.569005999999999901e+00 2.450653399999999849e+01 6.833799717069413693e-02
3.573748999999999842e+00 2.445840400000000159e+01 6.834811168443938323e-02
3.578491999999999784e+00 2.458486299999999858e+01 6.854797815470124733e-02
3.583235000000000170e+00 2.451150099999999910e+01 6.850142981398052444e-02
3.587976999999999972e+00 2.447073100000000068e+01 6.847561684475211852e-02
3.592719999999999914e+00 2.443450400000000045e+01 6.837157969659615753e-02
3.597462999999999855e+00 2.455583199999999877e+01 6.848005608508582476e-02
3.602205999999999797e+00 2.443231799999999865e+01 6.824714081405974797e-02
3.606949000000000183e+00 2.446672500000000383e+01 6.823503768401392722e-02
3.611692000000000125e+00 2.446600799999999865e+01 6.822474863684072077e-02
3.616435000000000066e+00 2.456304599999999638e+01 6.842812570064812916e-02
3.621178000000000008e+00 2.456438099999999736e+01 6.925711522639749207e-02
3.625919999999999810e+00 2.462084200000000322e+01 7.181602410927034885e-02
3.630663000000000196e+00 2.455350900000000181e+01 7.311420123541595428e-02
3.635406000000000137e+00 2.448124099999999714e+01 7.404825566410393189e-02
3.640149000000000079e+00 2.449152000000000129e+01 7.483183183465977328e-02
3.644892000000000021e+00 2.437205699999999808e+01 7.515948310392109311e-02
3.649634999999999962e+00 2.447254200000000068e+01 7.579990544727743806e-02
3.654377999999999904e+00 2.450689699999999860e+01 7.627475021683256806e-02
3.659120000000000150e+00 2.452444399999999902e+01 7.672797325436597760e-02
3.663863000000000092e+00 2.434123400000000359e+01 7.684963155085845765e-02
3.668606000000000034e+00 2.440110999999999564e+01 7.734010086758422164e-02
3.673348999999999975e+00 2.441615700000000189e+01 7.774957555242857643e-02
3.678091999999999917e+00 2.438145200000000301e+01 7.807052250975139718e-02
3.682834999999999859e+00 2.443573500000000109e+01 7.852611542377860299e-02
3.687577999999999800e+00 2.446374799999999894e+01 7.893310777354899110e-02
3.692321000000000186e+00 2.446096500000000518e+01 7.928533308779940614e-02
3.697062999999999988e+00 2.450177599999999956e+01 7.970248394894915989e-02
3.701805999999999930e+00 2.443793400000000204e+01 7.994480043068966091e-02
3.706548999999999872e+00 2.452444300000000155e+01 8.042902745343562254e-02
3.711291999999999813e+00 2.451309300000000135e+01 8.074934935197869423e-02
3.716035000000000199e+00 2.441107099999999974e+01 8.091587068753014478e-02
3.720778000000000141e+00 2.441217900000000185e+01 8.124984274105703785e-02
3.725521000000000083e+00 2.444060599999999539e+01 8.162670079186466754e-02
3.730262999999999884e+00 2.440587199999999868e+01 8.189612217502365010e-02
3.735005999999999826e+00 2.440027700000000266e+01 8.221128043861924972e-02
3.739749000000000212e+00 2.424362400000000051e+01 8.226935811558579170e-02
3.744492000000000154e+00 2.435294000000000025e+01 8.277591163104577876e-02
3.749235000000000095e+00 2.457855800000000102e+01 8.347979695808560585e-02
3.753978000000000037e+00 2.450644500000000292e+01 8.367699266561209881e-02
3.758720999999999979e+00 2.435152099999999820e+01 8.372920149710613713e-02
3.763462999999999781e+00 2.444421700000000186e+01 8.420536650071300255e-02
3.768206000000000166e+00 2.450257699999999872e+01 8.462243098713603806e-02
3.772949000000000108e+00 2.437123199999999912e+01 8.471001788741458483e-02
3.777692000000000050e+00 2.435794999999999888e+01 8.500090234236398756e-02
3.782434999999999992e+00 2.439435100000000034e+01 8.537822930881912298e-02
3.787177999999999933e+00 2.445597100000000168e+01 8.579964095759143317e-02
3.791920999999999875e+00 2.449675200000000430e+01 8.618546423912154530e-02
3.796663999999999817e+00 2.438522099999999426e+01 8.630142763538967143e-02
3.801406000000000063e+00 2.447739299999999929e+01 8.677791489801191249e-02
3.806149000000000004e+00 2.448644099999999568e+01 8.710701119637384582e-02
3.810891999999999946e+00 2.452455899999999644e+01 8.748840144090871962e-02
3.815634999999999888e+00 2.456179900000000060e+01 8.786813546947722098e-02
3.820377999999999830e+00 2.450793999999999784e+01 8.808545353417612800e-02
3.825121000000000215e+00 2.450562400000000451e+01 8.839481202533325255e-02
3.829864000000000157e+00 2.445995400000000330e+01 8.862627110520107654e-02
3.834605999999999959e+00 2.444517400000000151e+01 8.891337474974954358e-02
3.839348999999999901e+00 2.439815599999999307e+01 8.914284910273566342e-02
3.844091999999999842e+00 2.417182100000000133e+01 8.904087440824523525e-02
3.848834999999999784e+00 2.436636600000000286e+01 8.971600840182314407e-02
3.853578000000000170e+00 2.449302899999999639e+01 9.031285121212925815e-02
3.858321000000000112e+00 2.443787700000000029e+01 9.047699061878881899e-02
3.863064000000000053e+00 2.438319399999999604e+01 9.069300796885997051e-02
3.867806999999999995e+00 2.454088600000000042e+01 9.130466513697589603e-02
3.872548999999999797e+00 2.441235499999999803e+01 9.138340841946912541e-02
3.877292000000000183e+00 2.439501399999999620e+01 9.167016406585841437e-02
3.882035000000000124e+00 2.456271100000000018e+01 9.230634347564689590e-02
3.886778000000000066e+00 2.439553000000000083e+01 9.231289507942971873e-02
3.891521000000000008e+00 2.448261600000000016e+01 9.280012251504629606e-02
3.896263999999999950e+00 2.452985100000000074e+01 9.321313578285896073e-02
3.901006999999999891e+00 2.449932399999999788e+01 9.347954654931259211e-02
3.905749000000000137e+00 2.436217099999999647e+01 9.354315266649290694e-02
3.910492000000000079e+00 2.439191900000000146e+01 9.392669302393009956e-02
3.915235000000000021e+00 2.434131000000000000e+01 9.415616856833491921e-02
3.919977999999999962e+00 2.448706399999999661e+01 9.472559331055097065e-02
3.924720999999999904e+00 2.446610899999999944e+01 9.476921804523186221e-02
3.929463999999999846e+00 2.445909699999999631e+01 9.482840075797967228e-02
3.934206999999999788e+00 2.436209099999999950e+01 9.476480527946753996e-02
3.938949000000000034e+00 2.437516700000000114e+01 9.489367993405777024e-02
3.943691999999999975e+00 2.440227300000000099e+01 9.504941911364635232e-02
3.948434999999999917e+00 2.445030799999999971e+01 9.524461419638119430e-02
3.953177999999999859e+00 2.425495099999999837e+01 9.499132129415770176e-02
3.957920999999999800e+00 2.437995899999999949e+01 9.540400222317667323e-02
3.962664000000000186e+00 2.436305799999999877e+01 9.537933481134316938e-02
3.967407000000000128e+00 2.441888600000000054e+01 9.573463699778467229e-02
3.972150000000000070e+00 2.436820600000000425e+01 9.595767726545907650e-02
3.976891999999999872e+00 2.436118099999999842e+01 9.626762784882413049e-02
3.981634999999999813e+00 2.443037099999999739e+01 9.672983067704088445e-02
3.986378000000000199e+00 2.451163000000000380e+01 9.721871730305334247e-02
3.991121000000000141e+00 2.438129100000000093e+01 9.728768507336887916e-02
3.995864000000000082e+00 2.450188700000000352e+01 9.785902867922305348e-02
4.000606999999999580e+00 2.452359399999999923e+01 9.823519658294169177e-02
4.005349999999999966e+00 2.458708299999999980e+01 9.869742089146452124e-02
4.010092000000000212e+00 2.454593500000000361e+01 9.895110671203126429e-02
4.014834999999999710e+00 2.456978300000000104e+01 9.933756687107804517e-02
4.019578000000000095e+00 2.432908499999999918e+01 9.918855878843436946e-02
4.024320999999999593e+00 2.444527500000000231e+01 9.976545931906544151e-02
4.029063999999999979e+00 2.444759099999999563e+01 1.001140017450381225e-01
4.033807000000000365e+00 2.434781200000000112e+01 1.002535551764908578e-01
4.038549999999999862e+00 2.443153200000000069e+01 1.007727675942369922e-01
4.043293000000000248e+00 2.432153600000000182e+01 1.008935094537819904e-01
4.048034999999999606e+00 2.429172000000000153e+01 1.011819763242979980e-01
4.052777999999999992e+00 2.446062999999999832e+01 1.018864012355549936e-01
4.057521000000000377e+00 2.444668300000000016e+01 1.022125742475445270e-01
4.062263999999999875e+00 2.449985199999999708e+01 1.026817326385039142e-01
4.067007000000000261e+00 2.456743000000000166e+01 1.031839355512426532e-01
4.071749999999999758e+00 2.448433099999999740e+01 1.033714568953717494e-01
4.076493000000000144e+00 2.456835900000000095e+01 1.039137942477465215e-01
4.081235000000000390e+00 2.440056000000000225e+01 1.039243850889751408e-01
4.085977999999999888e+00 2.458696099999999873e+01 1.046913598715805971e-01
4.090721000000000274e+00 2.455372799999999955e+01 1.049927781341269267e-01
4.095463999999999771e+00 2.444811899999999838e+01 1.051406439552250438e-01
4.100207000000000157e+00 2.452209399999999562e+01 1.056766464670439720e-01
4.104949999999999655e+00 2.447543999999999542e+01 1.059567182593600387e-01
4.109693000000000040e+00 2.451380200000000187e+01 1.064214313119632022e-01
4.114436000000000426e+00 2.450106099999999998e+01 1.067784003337177712e-01
4.119177999999999784e+00 2.432117900000000077e+01 1.067723369896472485e-01
4.123921000000000170e+00 2.442529499999999842e+01 1.073898025472996148e-01
4.128663999999999668e+00 2.429251500000000163e+01 1.074901479145535521e-01
4.133407000000000053e+00 2.440220599999999962e+01 1.081283628609834430e-01
4.138150000000000439e+00 2.438601699999999894e+01 1.084903267655771275e-01
4.142892999999999937e+00 2.436529900000000026e+01 1.088453298408149639e-01
4.147636000000000323e+00 2.439922500000000127e+01 1.093250400242446740e-01
4.152377999999999680e+00 2.433800199999999947e+01 1.095960030866969942e-01
4.157121000000000066e+00 2.444852300000000156e+01 1.102551921239167676e-01
4.161863999999999564e+00 2.451228900000000266e+01 1.108140456824079773e-01
4.166606999999999950e+00 2.477195800000000148e+01 1.118196897650096389e-01
4.171350000000000335e+00 2.439058599999999899e+01 1.113757797058067683e-01
4.176092999999999833e+00 2.436674400000000063e+01 1.117519501347054856e-01
4.180836000000000219e+00 2.452276599999999718e+01 1.126924497951664189e-01
4.185577999999999577e+00 2.448946600000000018e+01 1.129278571716230833e-01
4.190320999999999962e+00 2.444462800000000158e+01 1.132191005865759437e-01
4.195064000000000348e+00 2.450760400000000416e+01 1.138038772003634458e-01
4.199806999999999846e+00 2.450520699999999863e+01 1.142413453917998228e-01
4.204550000000000232e+00 2.461681899999999956e+01 1.149491617919078112e-01
4.209292999999999729e+00 2.449491500000000244e+01 1.151154131220506888e-01
4.214036000000000115e+00 2.435842499999999688e+01 1.152473119073039315e-01
4.218778999999999613e+00 2.436735100000000287e+01 1.157265268206982833e-01
4.223520999999999859e+00 2.438318999999999903e+01 1.162259720847960837e-01
4.228264000000000244e+00 2.451772000000000418e+01 1.170138939493336333e-01
4.233006999999999742e+00 2.447526799999999980e+01 1.173833873898670471e-01
4.237750000000000128e+00 2.447602900000000048e+01 1.178607016712682753e-01
4.242492999999999626e+00 2.448046000000000078e+01 1.183519331353539983e-01
4.247236000000000011e+00 2.452715900000000104e+01 1.189490605672264278e-01
4.251979000000000397e+00 2.451210499999999826e+01 1.194072127505520636e-01
4.256720999999999755e+00 2.452527299999999855e+01 1.201360355222316212e-01
4.261464000000000141e+00 2.466700099999999907e+01 1.208156996054564891e-01
4.266206999999999638e+00 2.440931899999999999e+01 1.206464199156634665e-01
4.270950000000000024e+00 2.444402900000000045e+01 1.212412728930321870e-01
4.275693000000000410e+00 2.437527700000000053e+01 1.215824574551826326e-01
4.280435999999999908e+00 2.448647199999999913e+01 1.223795034240395124e-01
4.285179000000000293e+00 2.440677299999999761e+01 1.227033395773574620e-01
4.289921999999999791e+00 2.448216599999999943e+01 1.234225804613272581e-01
4.294664000000000037e+00 2.438109000000000037e+01 1.237024567829604627e-01
4.299407000000000423e+00 2.459059200000000089e+01 1.247743830968504469e-01
4.304149999999999920e+00 2.436688099999999935e+01 1.247503332855251362e-01
4.308893000000000306e+00 2.423581300000000027e+01 1.249653315961614941e-01
4.313635999999999804e+00 2.457858799999999988e+01 1.264049239900720822e-01
4.318379000000000190e+00 2.447671399999999764e+01 1.267076637484406409e-01
4.323121999999999687e+00 2.461449800000000465e+01 1.277260498921899690e-01
4.327863999999999933e+00 2.447338799999999992e+01 1.279101216652958894e-01
4.332607000000000319e+00 2.463530100000000189e+01 1.288553866193974939e-01
4.337349999999999817e+00 2.452469699999999619e+01 1.291579829306798988e-01
4.342093000000000202e+00 2.465675700000000248e+01 1.301050356720173107e-01
4.346835999999999700e+00 2.452828999999999837e+01 1.303705326591216296e-01
4.351579000000000086e+00 2.463659600000000438e+01 1.312709149189347224e-01
4.356321999999999584e+00 2.468293800000000005e+01 1.320160178778677640e-01
4.361063999999999830e+00 2.456637599999999821e+01 1.323317344827464326e-01
4.365807000000000215e+00 2.448305500000000023e+01 1.327416749777167726e-01
4.370549999999999713e+00 2.449711500000000086e+01 1.334211040876352450e-01
4.375293000000000099e+00 2.454599500000000134e+01 1.342045729450971614e-01
4.380035999999999596e+00 2.458981999999999957e+01 1.350459337316148312e-01
4.384778999999999982e+00 2.464792600000000178e+01 1.359282366768615746e-01
4.389522000000000368e+00 2.434196199999999521e+01 1.356400357049724614e-01
4.394264999999999866e+00 2.448477299999999701e+01 1.367051085617037309e-01
4.399007000000000112e+00 2.457342900000000441e+01 1.372206363856974809e-01
4.403749999999999609e+00 2.456367499999999637e+01 1.372877405652186966e-01
4.408492999999999995e+00 2.474829099999999826e+01 1.378961874611550065e-01
4.413236000000000381e+00 2.446254899999999566e+01 1.371895139389133489e-01
4.417978999999999878e+00 2.448143199999999808e+01 1.373345213426526157e-01
4.422722000000000264e+00 2.432513999999999754e+01 1.369881254445647067e-01
4.427464999999999762e+00 2.479386399999999924e+01 1.383907078010033764e-01
4.432207000000000008e+00 2.453077700000000050e+01 1.377455942629988439e-01
4.436950000000000394e+00 2.443107400000000240e+01 1.376304554294924265e-01
4.441692999999999891e+00 2.472606099999999785e+01 1.390856506563815098e-01
4.446436000000000277e+00 2.442167300000000196e+01 1.389353892246964484e-01
4.451178999999999775e+00 2.467744900000000285e+01 1.403805175692086626e-01
4.455922000000000160e+00 2.437878600000000162e+01 1.402538703346092874e-01
4.460664999999999658e+00 2.436821899999999985e+01 1.409593729384427951e-01
4.465408000000000044e+00 2.442455600000000260e+01 1.418694172557126432e-01
4.470150000000000290e+00 2.462334100000000348e+01 1.432061842729443757e-01
4.474892999999999788e+00 2.466390799999999928e+01 1.440963758397267869e-01
4.479636000000000173e+00 2.467015699999999967e+01 1.448972210276608386e-01
4.484378999999999671e+00 2.457386400000000037e+01 1.454080896631452791e-01
4.489122000000000057e+00 2.453234499999999940e+01 1.460895365761518128e-01
4.493865000000000443e+00 2.467669300000000021e+01 1.473376893303224022e-01
4.498607999999999940e+00 2.473354199999999992e+01 1.483391015291736781e-01
4.503350000000000186e+00 2.464613899999999802e+01 1.489197089720692424e-01
4.508092999999999684e+00 2.467220200000000219e+01 1.498557105038406667e-01
4.512836000000000070e+00 2.467071300000000633e+01 1.507212442282891973e-01
4.517578999999999567e+00 2.443373499999999865e+01 1.508753157636265052e-01
4.522321999999999953e+00 2.455329799999999807e+01 1.521397719807795756e-01
4.527065000000000339e+00 2.430769099999999838e+01 1.522833064741808962e-01
4.531807999999999836e+00 2.444402800000000653e+01 1.536343040123835935e-01
4.536551000000000222e+00 2.447763299999999731e+01 1.546783455572152688e-01
4.541292999999999580e+00 2.459751800000000088e+01 1.560148193412577711e-01
4.546035999999999966e+00 2.428349000000000046e+01 1.559849726875588982e-01
4.550779000000000352e+00 2.462768499999999960e+01 1.580772503668617657e-01
4.555521999999999849e+00 2.446702200000000005e+01 1.585671560123170787e-01
4.560265000000000235e+00 2.427209099999999964e+01 1.589517685094925248e-01
4.565007999999999733e+00 2.448507200000000239e+01 1.606922947103774368e-01
4.569751000000000118e+00 2.472529300000000063e+01 1.625430107391468149e-01
4.574493000000000364e+00 2.459252000000000038e+01 1.631906426651711928e-01
4.579235999999999862e+00 2.485107500000000158e+01 1.651552103414893891e-01
4.583979000000000248e+00 2.450074900000000255e+01 1.651088734405056213e-01
4.588721999999999746e+00 2.435394000000000148e+01 1.657544456997841753e-01
4.593465000000000131e+00 2.428238999999999947e+01 1.666717899769220024e-01
4.598207999999999629e+00 2.442324900000000198e+01 1.683411632548747483e-01
4.602951000000000015e+00 2.454893299999999812e+01 1.699887823545800924e-01
4.607693000000000261e+00 2.463425299999999751e+01 1.715253127824770962e-01
4.612435999999999758e+00 2.464925300000000163e+01 1.728445329678057751e-01
4.617179000000000144e+00 2.448303800000000052e+01 1.735493632297416267e-01
4.621921999999999642e+00 2.461363000000000056e+01 1.753339331798787759e-01
4.626665000000000028e+00 2.461930999999999869e+01 1.767046709110429714e-01
4.631408000000000413e+00 2.459755200000000031e+01 1.780038062064690785e-01
4.636150999999999911e+00 2.480199999999999960e+01 1.801568587236611341e-01
4.640894000000000297e+00 2.477316199999999924e+01 1.815002057600189067e-01
4.645635999999999655e+00 2.466031299999999860e+01 1.825587948336560018e-01
4.650379000000000040e+00 2.475868700000000189e+01 1.844361754151169763e-01
4.655122000000000426e+00 2.470021399999999900e+01 1.857669971510738927e-01
4.659864999999999924e+00 2.466516100000000122e+01 1.872187139854608606e-01
4.664608000000000310e+00 2.454546799999999962e+01 1.883847031630447866e-01
4.669350999999999807e+00 2.501727400000000401e+01 1.918612060943430953e-01
4.674094000000000193e+00 2.500299599999999955e+01 1.935264468702538876e-01
4.678836000000000439e+00 2.464235900000000257e+01 1.938747565847957488e-01
4.683578999999999937e+00 2.495996799999999638e+01 1.969271702858449991e-01
4.688322000000000322e+00 2.501490899999999584e+01 1.990008688718589713e-01
4.693064999999999820e+00 2.475129899999999594e+01 1.998501166118208938e-01
4.697808000000000206e+00 2.494882999999999740e+01 2.026033606907550744e-01
4.702550999999999704e+00 2.439092400000000183e+01 2.023213419192987639e-01
4.707294000000000089e+00 2.466046800000000161e+01 2.054998397195328397e-01
4.712036999999999587e+00 2.466888299999999745e+01 2.076599760612966306e-01
4.716778999999999833e+00 2.450675199999999876e+01 2.091577376028634916e-01
4.721522000000000219e+00 2.442097700000000060e+01 2.110357533890961368e-01
4.726264999999999716e+00 2.469986899999999963e+01 2.145685185093414160e-01
4.731008000000000102e+00 2.478000899999999973e+01 2.173259582592930728e-01
4.735750999999999600e+00 2.431240900000000238e+01 2.177341681189036426e-01
4.740493999999999986e+00 2.495694300000000254e+01 2.231834895314433742e-01
4.745237000000000371e+00 2.501084399999999874e+01 2.260961030250786818e-01
4.749978999999999729e+00 2.488839700000000477e+01 2.283075641050022198e-01
4.754722000000000115e+00 2.476198099999999869e+01 2.305844837203084308e-01
4.759464999999999613e+00 2.485686499999999910e+01 2.339956274192240004e-01
4.764207999999999998e+00 2.479854699999999923e+01 2.367982948220324624e-01
4.768951000000000384e+00 2.507692700000000130e+01 2.413400658683195199e-01
4.773693999999999882e+00 2.492331300000000027e+01 2.439416701112374353e-01
4.778437000000000268e+00 2.444980999999999582e+01 2.450587870817693970e-01
4.783178999999999625e+00 2.458123399999999492e+01 2.493167956108695571e-01
4.787922000000000011e+00 2.479028700000000285e+01 2.541522282787115339e-01
4.792665000000000397e+00 2.514026600000000400e+01 2.599141195273396154e-01
4.797407999999999895e+00 2.500555800000000062e+01 2.633687534981532519e-01
4.802151000000000280e+00 2.491263400000000061e+01 2.672226658986457948e-01
4.806893999999999778e+00 2.508083199999999735e+01 2.727013678252719897e-01
4.811637000000000164e+00 2.502491400000000255e+01 2.772045653620015537e-01
4.816379999999999661e+00 2.450172899999999743e+01 2.793042206096966185e-01
4.821121999999999908e+00 2.489998100000000036e+01 2.868992491098620867e-01
4.825865000000000293e+00 2.502345000000000397e+01 2.932707657780972976e-01
4.830607999999999791e+00 2.493079799999999935e+01 2.987169263253406926e-01
4.835351000000000177e+00 2.553730699999999842e+01 3.087712749690291192e-01
4.840093999999999674e+00 2.527741100000000074e+01 3.140271573307645836e-01
4.844837000000000060e+00 2.540972899999999868e+01 3.221673107660608104e-01
4.849579999999999558e+00 2.454523200000000571e+01 3.243512144596619740e-01
4.854321999999999804e+00 2.489620299999999986e+01 3.350150400592187827e-01
4.859065000000000190e+00 2.483097700000000074e+01 3.435839927810665495e-01
4.863807999999999687e+00 2.461727700000000141e+01 3.518289975581603279e-01
4.868551000000000073e+00 2.533876099999999809e+01 3.676921416419720035e-01
4.873293999999999571e+00 2.459453399999999945e+01 3.738394149550846590e-01
4.878036999999999956e+00 2.446756900000000101e+01 3.856176072837572133e-01
4.882780000000000342e+00 2.484848799999999969e+01 4.028335029272018808e-01
4.887522999999999840e+00 2.431343899999999891e+01 4.142094112580495535e-01
4.892265000000000086e+00 2.479169999999999874e+01 4.361712523503927796e-01
4.897007999999999583e+00 2.547235300000000180e+01 4.627987043842710646e-01
4.901750999999999969e+00 2.552601900000000157e+01 4.871647962169988189e-01
4.906494000000000355e+00 2.596761799999999809e+01 5.195866867677423340e-01
4.911236999999999853e+00 2.592671299999999945e+01 5.528582616425750107e-01
4.915980000000000238e+00 2.524766999999999939e+01 5.861390612122518995e-01
4.920722999999999736e+00 2.524893300000000096e+01 6.373865211813785070e-01
4.925464999999999982e+00 2.492484299999999564e+01 7.002899734243736019e-01
4.930208000000000368e+00 2.592574499999999915e+01 8.099818312766403627e-01
4.934950999999999866e+00 2.598826400000000447e+01 9.598030224732625459e-01
4.939694000000000251e+00 2.431702399999999997e+01 1.198906895086891300e+00
4.944436999999999749e+00 8.108956100000000333e+00 1.199483790857062804e+00