# copyA
# Sample c= 0.0 mg/ml
#
# Number of frames collected: 10
# Exposure time per frame: 0.5
# No significant radiation damage detected, merging 10 files
# Merged from: /data/visitor/mx1905/bm29/20170412/Poker/1d/Sxl_10gs_160_00001.dat
# Merged from: /data/visitor/mx1905/bm29/20170412/Poker/1d/Sxl_10gs_160_00002.dat
# Merged from: /data/visitor/mx1905/bm29/20170412/Poker/1d/Sxl_10gs_160_00003.dat
# Merged from: /data/visitor/mx1905/bm29/20170412/Poker/1d/Sxl_10gs_160_00004.dat
# Merged from: /data/visitor/mx1905/bm29/20170412/Poker/1d/Sxl_10gs_160_00005.dat
# Merged from: /data/visitor/mx1905/bm29/20170412/Poker/1d/Sxl_10gs_160_00006.dat
# Merged from: /data/visitor/mx1905/bm29/20170412/Poker/1d/Sxl_10gs_160_00007.dat
# Merged from: /data/visitor/mx1905/bm29/20170412/Poker/1d/Sxl_10gs_160_00008.dat
# Merged from: /data/visitor/mx1905/bm29/20170412/Poker/1d/Sxl_10gs_160_00009.dat
# Merged from: /data/visitor/mx1905/bm29/20170412/Poker/1d/Sxl_10gs_160_00010.dat
#
# Sample Information:
# Storage Temperature (degrees C): 20.0
# Measurement Temperature (degrees C): 20.03
# Concentration: 0.0
# Code: 
3.082862000000000102e-02 6.042836799999998902e+02 8.225491423144456249e+00
3.557148999999999728e-02 1.184156499999999824e+03 4.747843055855258676e+00
4.031434999999999880e-02 1.148882099999999809e+03 3.080645396504817946e+00
4.505722000000000199e-02 8.978217400000000907e+02 1.936475677682895524e+00
4.980007999999999657e-02 6.151247000000000753e+02 1.435276973721291816e+00
5.454294999999999977e-02 4.390649099999999407e+02 1.140780383277018029e+00
5.928581000000000129e-02 3.212196700000000646e+02 9.276223206878487781e-01
6.402868000000000448e-02 2.498231500000000267e+02 7.799802088954566059e-01
6.877154000000000600e-02 2.002252900000000011e+02 6.707430788287493950e-01
7.351441000000000225e-02 1.627641299999999944e+02 5.827339565149606271e-01
7.825727999999999851e-02 1.345458800000000110e+02 5.100227329385131902e-01
8.300014000000000003e-02 1.135667699999999911e+02 4.535962145081129937e-01
8.774300999999999628e-02 9.829923000000000854e+01 4.094632781310431069e-01
9.248586999999999780e-02 8.728143500000000188e+01 3.749534742970519474e-01
9.722873999999999406e-02 7.682630600000000243e+01 3.415686497723993686e-01
1.019715999999999956e-01 6.883999900000000594e+01 3.151051745054760378e-01
1.067145000000000038e-01 6.410670199999999852e+01 2.968134746998245532e-01
1.114572999999999953e-01 5.891172500000000412e+01 2.780926236024242604e-01
1.162002000000000035e-01 5.446574800000000494e+01 2.615509336963808273e-01
1.209430999999999978e-01 5.118149700000000024e+01 2.482218569788713913e-01
1.256858999999999893e-01 4.881760700000000242e+01 2.375810373178198487e-01
1.304288000000000114e-01 4.589189300000000316e+01 2.259406236190630024e-01
1.351717000000000057e-01 4.401854900000000015e+01 2.171389546371992885e-01
1.399144999999999972e-01 4.262333099999999320e+01 2.097940540260342934e-01
1.446573999999999915e-01 4.080372500000000002e+01 2.017025387179323670e-01
1.494003000000000136e-01 3.911365800000000803e+01 1.941796849983409012e-01
1.541431000000000051e-01 3.843840100000000604e+01 1.896791657151686017e-01
1.588859999999999995e-01 3.728172500000000156e+01 1.838479197154147815e-01
1.636287999999999909e-01 3.625070000000000192e+01 1.785281443529125878e-01
1.683717000000000130e-01 3.503365699999999805e+01 1.729217299546002562e-01
1.731146000000000074e-01 3.434841500000000281e+01 1.687672190043078280e-01
1.778573999999999988e-01 3.379974700000000354e+01 1.650628487813036172e-01
1.826002999999999932e-01 3.317697099999999466e+01 1.613153174223669328e-01
1.873431999999999875e-01 3.273704300000000700e+01 1.581306853807132040e-01
1.920860000000000067e-01 3.202944300000000055e+01 1.543939240138930968e-01
1.968289000000000011e-01 3.162910000000000110e+01 1.514861989562567568e-01
2.015717999999999954e-01 3.129937899999999829e+01 1.488497135974990726e-01
2.063145999999999869e-01 3.097748500000000149e+01 1.463071374690592674e-01
2.110575000000000090e-01 3.069843000000000188e+01 1.437932218744444046e-01
2.158004000000000033e-01 3.041526299999999949e+01 1.414875698469992837e-01
2.205431999999999948e-01 3.021156699999999518e+01 1.394511243171678294e-01
2.252860999999999891e-01 2.977350600000000469e+01 1.369415288896216887e-01
2.300290000000000112e-01 2.948667199999999866e+01 1.348342477277590656e-01
2.347718000000000027e-01 2.938889500000000155e+01 1.332027514981203309e-01
2.395146999999999970e-01 2.914456900000000061e+01 1.312907825488057456e-01
2.442575999999999914e-01 2.897612799999999922e+01 1.295962691030224101e-01
2.490004000000000106e-01 2.869913100000000128e+01 1.277013847907852717e-01
2.537433000000000050e-01 2.864759499999999548e+01 1.263441877857343354e-01
2.584861999999999993e-01 2.852376299999999532e+01 1.248810160195423791e-01
2.632289999999999908e-01 2.826840100000000078e+01 1.231771792258480741e-01
2.679718999999999851e-01 2.819975999999999772e+01 1.219133547038571963e-01
2.727146999999999766e-01 2.787506399999999829e+01 1.201243395902333450e-01
2.774576000000000264e-01 2.786089999999999733e+01 1.190724753709021533e-01
2.822005000000000208e-01 2.798593299999999928e+01 1.183676710836873702e-01
2.869433000000000122e-01 2.770081699999999358e+01 1.167622721850007234e-01
2.916862000000000066e-01 2.754297700000000049e+01 1.154496261967941501e-01
2.964291000000000009e-01 2.731478200000000101e+01 1.140237966795181607e-01
3.011718999999999924e-01 2.737214199999999664e+01 1.132208115093064488e-01
3.059147999999999867e-01 2.724700299999999942e+01 1.120632174510485662e-01
3.106576999999999811e-01 2.714711099999999533e+01 1.109758254075201567e-01
3.154004999999999725e-01 2.705782599999999860e+01 1.099398277760411935e-01
3.201434000000000224e-01 2.711565399999999926e+01 1.092268659237300571e-01
3.248863000000000167e-01 2.699277500000000174e+01 1.081647435628402959e-01
3.296291000000000082e-01 2.710704199999999986e+01 1.075892170771434592e-01
3.343720000000000026e-01 2.698091699999999804e+01 1.065585466182698837e-01
3.391148999999999969e-01 2.699160600000000088e+01 1.069318809057794584e-01
3.438576999999999884e-01 2.711332900000000024e+01 1.085576784729634092e-01
3.486005999999999827e-01 2.688263200000000097e+01 1.108465181782409409e-01
3.533434999999999770e-01 2.679926100000000133e+01 1.127046968183229581e-01
3.580863000000000240e-01 2.684031100000000336e+01 1.141930954682860849e-01
3.628292000000000184e-01 2.674667200000000022e+01 1.151180130723519629e-01
3.675720000000000098e-01 2.682050300000000220e+01 1.162256013479358030e-01
3.723149000000000042e-01 2.681067600000000084e+01 1.170595583326261291e-01
3.770577999999999985e-01 2.670631199999999694e+01 1.176133687997223259e-01
3.818005999999999900e-01 2.666105200000000153e+01 1.181406085178216686e-01
3.865434999999999843e-01 2.655833599999999706e+01 1.184945531041330102e-01
3.912863999999999787e-01 2.640044999999999931e+01 1.186155856978361040e-01
3.960292000000000256e-01 2.637967400000000495e+01 1.190561046821732721e-01
4.007721000000000200e-01 2.655625500000000372e+01 1.199644963303043294e-01
4.055150000000000143e-01 2.658104400000000211e+01 1.241570495700220073e-01
4.102578000000000058e-01 2.667305899999999497e+01 1.276149834821612983e-01
4.150007000000000001e-01 2.651349300000000042e+01 1.300187197932117233e-01
4.197435999999999945e-01 2.662961199999999806e+01 1.323100801675873850e-01
4.244863999999999860e-01 2.641390000000000171e+01 1.339068343499617564e-01
4.292292999999999803e-01 2.654479600000000161e+01 1.362889403511462483e-01
4.339721999999999746e-01 2.649494299999999924e+01 1.382457198156018807e-01
4.387150000000000216e-01 2.650537799999999677e+01 1.402901855766197359e-01
4.434579000000000160e-01 2.640826099999999954e+01 1.420901065535954411e-01
4.482008000000000103e-01 2.656055699999999931e+01 1.449052636623528456e-01
4.529436000000000018e-01 2.621583600000000303e+01 1.463082058682680375e-01
4.576864999999999961e-01 2.647857799999999884e+01 1.485750518217584248e-01
4.624293999999999905e-01 2.617567999999999984e+01 1.489533329076442592e-01
4.671721999999999819e-01 2.647658799999999957e+01 1.490670529262291266e-01
4.719150999999999763e-01 2.655591299999999677e+01 1.434141667668326625e-01
4.766579000000000232e-01 2.642014599999999902e+01 1.403537724467422421e-01
4.814008000000000176e-01 2.643305600000000055e+01 1.386046812675841844e-01
4.861437000000000119e-01 2.646970100000000414e+01 1.373354776715343117e-01
4.908865000000000034e-01 2.631072400000000044e+01 1.358061048233443757e-01
4.956293999999999977e-01 2.658176800000000028e+01 1.355431045326032091e-01
5.003722999999999921e-01 2.612928699999999793e+01 1.335394927615373983e-01
5.051151000000000391e-01 2.617304100000000133e+01 1.328928258657927075e-01
5.098580000000000334e-01 2.642581900000000061e+01 1.328388850752516004e-01
5.146009000000000277e-01 2.650701799999999864e+01 1.324004202200159130e-01
5.193436999999999637e-01 2.617718699999999643e+01 1.309721356326844777e-01
5.240865999999999580e-01 2.616409699999999816e+01 1.303753513259530983e-01
5.288294999999999524e-01 2.643517899999999798e+01 1.305124819860755681e-01
5.335722999999999994e-01 2.618190999999999846e+01 1.291221303833002820e-01
5.383151999999999937e-01 2.614089200000000091e+01 1.280898735016008094e-01
5.430580999999999881e-01 2.601279299999999850e+01 1.268855999085621300e-01
5.478009000000000350e-01 2.615700799999999759e+01 1.263787930728110798e-01
5.525438000000000294e-01 2.614395700000000033e+01 1.255199795404269569e-01
5.572867000000000237e-01 2.626413800000000265e+01 1.250015921909905237e-01
5.620294999999999597e-01 2.613275600000000054e+01 1.239110221011092972e-01
5.667723999999999540e-01 2.613283000000000200e+01 1.231581452261018839e-01
5.715152000000000010e-01 2.597262100000000373e+01 1.220512736019186278e-01
5.762580999999999953e-01 2.622422500000000056e+01 1.219245956090890537e-01
5.810009999999999897e-01 2.605197800000000186e+01 1.208616713850813734e-01
5.857438000000000367e-01 2.609875600000000162e+01 1.206084990849496386e-01
5.904867000000000310e-01 2.600864599999999882e+01 1.201106729067945994e-01
5.952296000000000253e-01 2.581929999999999836e+01 1.193838590188351229e-01
5.999723999999999613e-01 2.600517999999999574e+01 1.196528512990020776e-01
6.047152999999999556e-01 2.607922800000000763e+01 1.195201332703528241e-01
6.094581999999999500e-01 2.603702500000000697e+01 1.190403855933035854e-01
6.142009999999999970e-01 2.613602300000000156e+01 1.190987531798901600e-01
6.189438999999999913e-01 2.601314699999999647e+01 1.184326188735586455e-01
6.236867999999999856e-01 2.615154700000000432e+01 1.184732530144521484e-01
6.284296000000000326e-01 2.593807199999999469e+01 1.177203024076548116e-01
6.331725000000000270e-01 2.600014999999999787e+01 1.175915258025436866e-01
6.379154000000000213e-01 2.588686000000000220e+01 1.170689346251681667e-01
6.426581999999999573e-01 2.601396899999999590e+01 1.170927338639750903e-01
6.474010999999999516e-01 2.601557699999999684e+01 1.168358073110444123e-01
6.521439999999999459e-01 2.596878000000000242e+01 1.164692574122725144e-01
6.568867999999999929e-01 2.595668900000000434e+01 1.161835276873516010e-01
6.616296999999999873e-01 2.596070700000000286e+01 1.159372030116929270e-01
6.663725999999999816e-01 2.601507799999999904e+01 1.158053251760125246e-01
6.711154000000000286e-01 2.588490499999999628e+01 1.152617147498314065e-01
6.758583000000000229e-01 2.588675299999999879e+01 1.150146299845745679e-01
6.806010999999999589e-01 2.592979100000000159e+01 1.148617624872803333e-01
6.853439999999999532e-01 2.594133800000000178e+01 1.146414211336596045e-01
6.900868999999999476e-01 2.601785399999999981e+01 1.145632610770464244e-01
6.948296999999999946e-01 2.593464999999999776e+01 1.141349980381985985e-01
6.995725999999999889e-01 2.571045199999999653e+01 1.133996202307679668e-01
7.043154999999999832e-01 2.571845800000000537e+01 1.131786637388425831e-01
7.090583000000000302e-01 2.609025200000000311e+01 1.137527097819265309e-01
7.138012000000000246e-01 2.594604899999999859e+01 1.131989880980541346e-01
7.185441000000000189e-01 2.596517599999999604e+01 1.130047607947359811e-01
7.232868999999999549e-01 2.593141299999999916e+01 1.126975600322318305e-01
7.280297999999999492e-01 2.596929099999999835e+01 1.125454946421441671e-01
7.327727000000000546e-01 2.615395899999999685e+01 1.127108399940484756e-01
7.375154999999999905e-01 2.580836099999999789e+01 1.117342252904256900e-01
7.422583999999999849e-01 2.596338500000000593e+01 1.118409905625048495e-01
7.470012999999999792e-01 2.586988999999999805e+01 1.114113314098386515e-01
7.517441000000000262e-01 2.591952400000000267e+01 1.112905769988402904e-01
7.564870000000000205e-01 2.592786200000000463e+01 1.110839231698646790e-01
7.612299000000000149e-01 2.584633200000000031e+01 1.106867859299528190e-01
7.659726999999999508e-01 2.570610699999999582e+01 1.101641841711642755e-01
7.707155999999999452e-01 2.590145600000000314e+01 1.103598260101025241e-01
7.754585000000000505e-01 2.596139499999999956e+01 1.102684174534608041e-01
7.802012999999999865e-01 2.589447700000000196e+01 1.100171851043549448e-01
7.849441999999999808e-01 2.609845199999999821e+01 1.101928924652048475e-01
7.896870000000000278e-01 2.589184000000000196e+01 1.094679450494372014e-01
7.944299000000000222e-01 2.579135200000000694e+01 1.090416431594938979e-01
7.991728000000000165e-01 2.576238999999999990e+01 1.087684325216962955e-01
8.039155999999999525e-01 2.587691099999999622e+01 1.087975572760859350e-01
8.086584999999999468e-01 2.589626299999999759e+01 1.086259862809572097e-01
8.134014000000000522e-01 2.588279299999999949e+01 1.083882519417122825e-01
8.181441999999999881e-01 2.581786600000000220e+01 1.081263553079345324e-01
8.228870999999999825e-01 2.574772800000000217e+01 1.076951766826996781e-01
8.276299999999999768e-01 2.570518900000000073e+01 1.073951173467946746e-01
8.323728000000000238e-01 2.564464700000000263e+01 1.070645238488253659e-01
8.371157000000000181e-01 2.590873399999999904e+01 1.074113175920763802e-01
8.418586000000000125e-01 2.600018299999999982e+01 1.073971641474191774e-01
8.466013999999999484e-01 2.576377699999999749e+01 1.067051401504899577e-01
8.513443000000000538e-01 2.575907900000000339e+01 1.064956263272689441e-01
8.560872000000000481e-01 2.588534400000000346e+01 1.065576145750926490e-01
8.608299999999999841e-01 2.585785299999999864e+01 1.063024867300629006e-01
8.655728999999999784e-01 2.574792999999999665e+01 1.058782141872240679e-01
8.703157999999999728e-01 2.575222800000000234e+01 1.056914413429592692e-01
8.750586000000000197e-01 2.583716300000000388e+01 1.056711194171875007e-01
8.798015000000000141e-01 2.582240699999999833e+01 1.054470385540115657e-01
8.845442999999999500e-01 2.566024200000000022e+01 1.049219453934323310e-01
8.892872000000000554e-01 2.572867099999999851e+01 1.048700409521251264e-01
8.940301000000000498e-01 2.570054999999999978e+01 1.046230694712103337e-01
8.987728999999999857e-01 2.565818500000000313e+01 1.043475214299716819e-01
9.035157999999999801e-01 2.585525700000000171e+01 1.045571202675188438e-01
9.082586999999999744e-01 2.569488799999999884e+01 1.040452212382793479e-01
9.130015000000000214e-01 2.578343199999999769e+01 1.040381322218180832e-01
9.177444000000000157e-01 2.571673799999999943e+01 1.037181010436023232e-01
9.224873000000000101e-01 2.573869000000000185e+01 1.035764713064617759e-01
9.272300999999999460e-01 2.568875699999999895e+01 1.032924240131603277e-01
9.319730000000000514e-01 2.562733300000000014e+01 1.029869968663578439e-01
9.367159000000000457e-01 2.560923500000000175e+01 1.027694626964761326e-01
9.414586999999999817e-01 2.571554199999999923e+01 1.028004999835861605e-01
9.462015999999999760e-01 2.575504000000000104e+01 1.026993087249704895e-01
9.509444999999999704e-01 2.573286299999999827e+01 1.024767194739502896e-01
9.556873000000000173e-01 2.556952000000000425e+01 1.019735272977643908e-01
9.604302000000000117e-01 2.575037200000000581e+01 1.021550723440764752e-01
9.651731000000000060e-01 2.554775500000000221e+01 1.015766607070009986e-01
9.699159000000000530e-01 2.559656900000000235e+01 1.014991981945507771e-01
9.746588000000000473e-01 2.567859399999999681e+01 1.014875234439105850e-01
9.794017000000000417e-01 2.583170100000000247e+01 1.016143839308087243e-01
9.841444999999999776e-01 2.576412799999999947e+01 1.013083815313357838e-01
9.888873999999999720e-01 2.575097700000000600e+01 1.011110844017865384e-01
9.936302000000000190e-01 2.557913599999999832e+01 1.006028214893429223e-01
9.983731000000000133e-01 2.564814499999999953e+01 1.005673185672781161e-01
1.003115999999999897e+00 2.578351599999999877e+01 1.006626607334556722e-01
1.007859000000000060e+00 2.574295199999999539e+01 1.004152990225926495e-01
1.012602000000000002e+00 2.566482900000000456e+01 1.000955649012932047e-01
1.017344999999999944e+00 2.560243300000000133e+01 9.980605921714522100e-02
1.022086999999999968e+00 2.566311799999999721e+01 9.975828942270761890e-02
1.026829999999999909e+00 2.576538899999999899e+01 9.979198322238966301e-02
1.031573000000000073e+00 2.567922500000000241e+01 9.946079610757949108e-02
1.036316000000000015e+00 2.547176099999999721e+01 9.889421739633971753e-02
1.041058999999999957e+00 2.557442699999999647e+01 9.893084881068796299e-02
1.045801999999999898e+00 2.554136899999999599e+01 9.870566216645070001e-02
1.050545000000000062e+00 2.542778100000000308e+01 9.832578285322217393e-02
1.055287000000000086e+00 2.554701100000000125e+01 9.839469325147977286e-02
1.060030000000000028e+00 2.575160299999999580e+01 9.862800609856411937e-02
1.064772999999999969e+00 2.559241700000000108e+01 9.816446917019518159e-02
1.069515999999999911e+00 2.571850999999999843e+01 9.824796023128978817e-02
1.074259000000000075e+00 2.555367500000000192e+01 9.777440940179900342e-02
1.079002000000000017e+00 2.559117699999999829e+01 9.768955915928376199e-02
1.083744999999999958e+00 2.561204900000000251e+01 9.759507943401909968e-02
1.088487999999999900e+00 2.578330599999999961e+01 9.778708872185837286e-02
1.093229999999999924e+00 2.560051699999999641e+01 9.724206939128095251e-02
1.097973000000000088e+00 2.564094300000000359e+01 9.716492471492425842e-02
1.102716000000000030e+00 2.564486199999999982e+01 9.701977603756875568e-02
1.107458999999999971e+00 2.542181699999999722e+01 9.644560996858177193e-02
1.112201999999999913e+00 2.543201600000000084e+01 9.631292232532454034e-02
1.116945000000000077e+00 2.558117999999999626e+01 9.644418218563056977e-02
1.121688000000000018e+00 2.554400400000000104e+01 9.622442077671966576e-02
1.126430000000000042e+00 2.558580699999999908e+01 9.615406633668074909e-02
1.131172999999999984e+00 2.550237800000000021e+01 9.584782233599312140e-02
1.135915999999999926e+00 2.562775500000000051e+01 9.593487623693325306e-02
1.140659000000000090e+00 2.547386300000000148e+01 9.549976305922072695e-02
1.145402000000000031e+00 2.545097299999999763e+01 9.531082239991636729e-02
1.150144999999999973e+00 2.555129400000000217e+01 9.535165365299333451e-02
1.154887999999999915e+00 2.568083100000000130e+01 9.544722610649195027e-02
1.159631000000000078e+00 2.545407399999999853e+01 9.488086561423909882e-02
1.164373000000000102e+00 2.561576200000000014e+01 9.503818024275348386e-02
1.169116000000000044e+00 2.559419700000000120e+01 9.492494820689659218e-02
1.173858999999999986e+00 2.540980200000000266e+01 9.441431604673308775e-02
1.178601999999999927e+00 2.543618900000000238e+01 9.427624471429639497e-02
1.183345000000000091e+00 2.546073999999999771e+01 9.418088101046198646e-02
1.188088000000000033e+00 2.550753900000000129e+01 9.412587095695262862e-02
1.192830999999999975e+00 2.557634999999999792e+01 9.411219189588401757e-02
1.197572999999999999e+00 2.547411500000000117e+01 9.378475526267635032e-02
1.202315999999999940e+00 2.543092299999999994e+01 9.356697816915271471e-02
1.207059000000000104e+00 2.556235500000000016e+01 9.397304194470613992e-02
1.211802000000000046e+00 2.554902099999999976e+01 9.702487727452943633e-02
1.216544999999999987e+00 2.548922800000000422e+01 9.892845975254846436e-02
1.221287999999999929e+00 2.551514199999999732e+01 1.004667152483990494e-01
1.226031000000000093e+00 2.545496499999999429e+01 1.016045594203872360e-01
1.230774000000000035e+00 2.547309500000000071e+01 1.027613110686964593e-01
1.235516000000000059e+00 2.568013900000000405e+01 1.042102646712170094e-01
1.240259000000000000e+00 2.541351800000000338e+01 1.046275402365978435e-01
1.245001999999999942e+00 2.529591699999999577e+01 1.052894478570084447e-01
1.249745000000000106e+00 2.541011999999999915e+01 1.063923905437724332e-01
1.254488000000000048e+00 2.550844900000000237e+01 1.074317974325371683e-01
1.259230999999999989e+00 2.545813799999999816e+01 1.078725587844114181e-01
1.263973999999999931e+00 2.556402100000000388e+01 1.083744563231876096e-01
1.268715999999999955e+00 2.536679900000000032e+01 1.082174150015735581e-01
1.273458999999999897e+00 2.541350200000000115e+01 1.065420335449863698e-01
1.278202000000000060e+00 2.571594900000000194e+01 1.032132419858954042e-01
1.282945000000000002e+00 2.565797199999999378e+01 1.011304100705811421e-01
1.287687999999999944e+00 2.557894300000000243e+01 9.955252280667778453e-02
1.292431000000000108e+00 2.565735000000000099e+01 9.855340006261731345e-02
1.297174000000000049e+00 2.549049099999999868e+01 9.725418437777008651e-02
1.301916000000000073e+00 2.537803000000000253e+01 9.617945536807329110e-02
1.306659000000000015e+00 2.540352700000000397e+01 9.545473761127939993e-02
1.311401999999999957e+00 2.551095800000000224e+01 9.495006343933162785e-02
1.316144999999999898e+00 2.557496499999999884e+01 9.441640457758386507e-02
1.320888000000000062e+00 2.560053399999999968e+01 9.399329254406560419e-02
1.325631000000000004e+00 2.546847299999999947e+01 9.350912787288628847e-02
1.330373999999999945e+00 2.558362299999999578e+01 9.349164194170728193e-02
1.335117000000000109e+00 2.551267200000000201e+01 9.314369921080707659e-02
1.339858999999999911e+00 2.549344999999999928e+01 9.289725708653512326e-02
1.344602000000000075e+00 2.556346499999999722e+01 9.282089834572976317e-02
1.349345000000000017e+00 2.535179599999999667e+01 9.223979161428705331e-02
1.354087999999999958e+00 2.539587500000000020e+01 9.212940616279527428e-02
1.358830999999999900e+00 2.548437900000000056e+01 9.210310051792067187e-02
1.363574000000000064e+00 2.549076699999999818e+01 9.193277253465925725e-02
1.368317000000000005e+00 2.557677100000000081e+01 9.191012516291935386e-02
1.373059000000000029e+00 2.541497999999999990e+01 9.144619797555061935e-02
1.377801999999999971e+00 2.537872200000000333e+01 9.121045840597172272e-02
1.382544999999999913e+00 2.539171400000000034e+01 9.106671764758571264e-02
1.387288000000000077e+00 2.545992299999999986e+01 9.102532517977510174e-02
1.392031000000000018e+00 2.554211899999999602e+01 9.101094204446903702e-02
1.396773999999999960e+00 2.546595600000000204e+01 9.071591204637860506e-02
1.401516999999999902e+00 2.540795500000000118e+01 9.045605175736834425e-02
1.406260000000000066e+00 2.549499899999999641e+01 9.045692874566602093e-02
1.411002000000000089e+00 2.552171599999999785e+01 9.035255680632287012e-02
1.415745000000000031e+00 2.544345199999999707e+01 9.006324072660887303e-02
1.420487999999999973e+00 2.552820200000000028e+01 9.006459543796330180e-02
1.425230999999999915e+00 2.546074200000000332e+01 8.979915344310546166e-02
1.429974000000000078e+00 2.545882399999999990e+01 8.965141965793906043e-02
1.434717000000000020e+00 2.533943900000000227e+01 8.929771112226057850e-02
1.439459999999999962e+00 2.538973800000000125e+01 8.924454534929404659e-02
1.444201999999999986e+00 2.542804599999999837e+01 8.917172406055969003e-02
1.448944999999999927e+00 2.549118700000000359e+01 8.914384160535544777e-02
1.453688000000000091e+00 2.539445199999999758e+01 8.883686955775568772e-02
1.458431000000000033e+00 2.547488000000000241e+01 8.884066579460218882e-02
1.463173999999999975e+00 2.544029299999999338e+01 8.866901814404058724e-02
1.467916999999999916e+00 2.530010599999999599e+01 8.829292530127201555e-02
1.472660000000000080e+00 2.535654299999999850e+01 8.823365251493672790e-02
1.477402000000000104e+00 2.542027900000000074e+01 8.821265560890398372e-02
1.482145000000000046e+00 2.531721599999999839e+01 8.790359809671274838e-02
1.486887999999999987e+00 2.545487899999999826e+01 8.801323724524907910e-02
1.491630999999999929e+00 2.536304500000000317e+01 8.772565726971272293e-02
1.496374000000000093e+00 2.540005499999999827e+01 8.766163862443708543e-02
1.501117000000000035e+00 2.546149100000000232e+01 8.768535973817066786e-02
1.505859999999999976e+00 2.558747400000000027e+01 8.947423315926490706e-02
1.510602999999999918e+00 2.543210900000000407e+01 9.171127475852192124e-02
1.515344999999999942e+00 2.537463000000000335e+01 9.312548465932191100e-02
1.520088000000000106e+00 2.542620399999999847e+01 9.444828952621428519e-02
1.524831000000000047e+00 2.537194500000000019e+01 9.541815400658776314e-02
1.529573999999999989e+00 2.557044100000000242e+01 9.654466121977642312e-02
1.534316999999999931e+00 2.557661500000000032e+01 9.387234591339986556e-02
1.539060000000000095e+00 2.565815599999999819e+01 9.256272267155984945e-02
1.543803000000000036e+00 2.555150800000000189e+01 9.139590859573473725e-02
1.548545000000000060e+00 2.540414500000000331e+01 9.018026118404570690e-02
1.553288000000000002e+00 2.528090500000000063e+01 8.916295570441626350e-02
1.558030999999999944e+00 2.536737600000000015e+01 8.856308376663270254e-02
1.562774000000000107e+00 2.547409999999999997e+01 8.786079921957516692e-02
1.567517000000000049e+00 2.534091099999999841e+01 8.682440782566960835e-02
1.572259999999999991e+00 2.526424800000000204e+01 8.618475609615658395e-02
1.577002999999999933e+00 2.535438599999999809e+01 8.599907715956550680e-02
1.581746000000000096e+00 2.534945200000000298e+01 8.582463804290116349e-02
1.586487999999999898e+00 2.529433099999999968e+01 8.575380436555626873e-02
1.591231000000000062e+00 2.527120500000000192e+01 8.582440386609802019e-02
1.595974000000000004e+00 2.529119700000000392e+01 8.596421637033457852e-02
1.600716999999999945e+00 2.531046399999999963e+01 8.607180400117100949e-02
1.605460000000000109e+00 2.527318300000000306e+01 8.589667879593483601e-02
1.610203000000000051e+00 2.527931099999999986e+01 8.576355455678302819e-02
1.614945999999999993e+00 2.527251000000000403e+01 8.561203017909106705e-02
1.619688000000000017e+00 2.537155299999999869e+01 8.564219128984322527e-02
1.624430999999999958e+00 2.539048700000000025e+01 8.553886856029720154e-02
1.629173999999999900e+00 2.550048200000000165e+01 8.559021252297950577e-02
1.633917000000000064e+00 2.535877699999999990e+01 8.522147765937646002e-02
1.638660000000000005e+00 2.531979199999999963e+01 8.502730087542764714e-02
1.643402999999999947e+00 2.535605600000000237e+01 8.496103707945483474e-02
1.648146000000000111e+00 2.542950399999999789e+01 8.495787113306454974e-02
1.652889000000000053e+00 2.554023300000000063e+01 8.501816442148171782e-02
1.657631000000000077e+00 2.533340499999999906e+01 8.455122381476450066e-02
1.662374000000000018e+00 2.531625999999999976e+01 8.440132500546362881e-02
1.667116999999999960e+00 2.523227800000000087e+01 8.414135480985554527e-02
1.671859999999999902e+00 2.539269799999999933e+01 8.428968596103617039e-02
1.676603000000000065e+00 2.538390899999999917e+01 8.415777204236278564e-02
1.681346000000000007e+00 2.529582899999999768e+01 8.389514690183574874e-02
1.686088999999999949e+00 2.537898099999999957e+01 8.391702638105273671e-02
1.690830999999999973e+00 2.529067400000000276e+01 8.365675717930978750e-02
1.695573999999999915e+00 2.520721400000000045e+01 8.340574622815444261e-02
1.700317000000000078e+00 2.533811899999999895e+01 8.350935266137439472e-02
1.705060000000000020e+00 2.532141600000000281e+01 8.336996467796900512e-02
1.709802999999999962e+00 2.517326699999999917e+01 8.301516515389041617e-02
1.714545999999999903e+00 2.532268400000000241e+01 8.315164144919870437e-02
1.719289000000000067e+00 2.528346799999999917e+01 8.297797102899298616e-02
1.724031000000000091e+00 2.526631899999999931e+01 8.284110314860129720e-02
1.728774000000000033e+00 2.522530199999999923e+01 8.266634989301389902e-02
1.733516999999999975e+00 2.527409300000000059e+01 8.263981130430114730e-02
1.738259999999999916e+00 2.529283099999999607e+01 8.256405118034784718e-02
1.743003000000000080e+00 2.531310500000000019e+01 8.249110049575772430e-02
1.747746000000000022e+00 2.532203300000000112e+01 8.240079777553613316e-02
1.752488999999999963e+00 2.530172800000000066e+01 8.226372554214464450e-02
1.757231999999999905e+00 2.521321799999999769e+01 8.201621203135511795e-02
1.761973999999999929e+00 2.534714400000000367e+01 8.213015270500537146e-02
1.766717000000000093e+00 2.528825699999999799e+01 8.193239352212774995e-02
1.771460000000000035e+00 2.530071500000000384e+01 8.185086258543766702e-02
1.776202999999999976e+00 2.521192500000000081e+01 8.164253908379136282e-02
1.780945999999999918e+00 2.530536000000000030e+01 8.169509756722063976e-02
1.785689000000000082e+00 2.523956599999999639e+01 8.144958811472345628e-02
1.790432000000000023e+00 2.526383300000000176e+01 8.138936717722100589e-02
1.795174000000000047e+00 2.520364700000000013e+01 8.119334923422052985e-02
1.799916999999999989e+00 2.535455699999999979e+01 8.133673526464102466e-02
1.804659999999999931e+00 2.507275399999999621e+01 8.078598705255385370e-02
1.809403000000000095e+00 2.517278299999999902e+01 8.084968843963283303e-02
1.814146000000000036e+00 2.526246300000000389e+01 8.089644622871453028e-02
1.818888999999999978e+00 2.516399300000000139e+01 8.064178494451372525e-02
1.823631999999999920e+00 2.536443299999999823e+01 8.086594610475414391e-02
1.828375000000000083e+00 2.530965699999999785e+01 8.068304416642321786e-02
1.833117000000000107e+00 2.521145899999999784e+01 8.043111566160139614e-02
1.837860000000000049e+00 2.526920399999999844e+01 8.042801681707625883e-02
1.842602999999999991e+00 2.519701699999999889e+01 8.021876714906618633e-02
1.847345999999999933e+00 2.514785499999999985e+01 8.004694317878978393e-02
1.852089000000000096e+00 2.504779099999999659e+01 7.986015667655367578e-02
1.856832000000000038e+00 2.516637700000000066e+01 7.989548164885609816e-02
1.861574999999999980e+00 2.511420999999999992e+01 7.971451028656703630e-02
1.866317000000000004e+00 2.515982199999999835e+01 7.969489042009343660e-02
1.871059999999999945e+00 2.512163799999999725e+01 7.954293478139148887e-02
1.875803000000000109e+00 2.514025499999999980e+01 7.948069862440125533e-02
1.880546000000000051e+00 2.520939200000000113e+01 7.949883779176523946e-02
1.885288999999999993e+00 2.521656700000000484e+01 7.941973792003408084e-02
1.890031999999999934e+00 2.521112699999999762e+01 7.932085000677312203e-02
1.894775000000000098e+00 2.514007199999999997e+01 7.911880202135709861e-02
1.899516999999999900e+00 2.516328299999999984e+01 7.906616127267530880e-02
1.904260000000000064e+00 2.507167299999999699e+01 7.883315631101991960e-02
1.909003000000000005e+00 2.518640199999999751e+01 7.892481291290781575e-02
1.913745999999999947e+00 2.520381299999999669e+01 7.886311704054436988e-02
1.918489000000000111e+00 2.531237100000000240e+01 7.894469357760025563e-02
1.923232000000000053e+00 2.526327200000000062e+01 7.878042762936489363e-02
1.927974999999999994e+00 2.513500499999999960e+01 7.849084012169574298e-02
1.932717999999999936e+00 2.521507199999999926e+01 7.846668423928272740e-02
1.937459999999999960e+00 2.516848999999999847e+01 7.821133214455626426e-02
1.942202999999999902e+00 2.516414000000000328e+01 7.799143162631072546e-02
1.946946000000000065e+00 2.512829500000000138e+01 7.774643294601303600e-02
1.951689000000000007e+00 2.508205999999999847e+01 7.752172014426989000e-02
1.956431999999999949e+00 2.506667399999999901e+01 7.741440348036081331e-02
1.961174999999999891e+00 2.515318100000000356e+01 7.746622824415747011e-02
1.965918000000000054e+00 2.513635900000000234e+01 7.735995899632509831e-02
1.970660000000000078e+00 2.505205099999999874e+01 7.719370707086038730e-02
1.975403000000000020e+00 2.495632900000000021e+01 7.702536182274835608e-02
1.980145999999999962e+00 2.509509800000000013e+01 7.726056614333147443e-02
1.984888999999999903e+00 2.510523500000000041e+01 7.729666460311143683e-02
1.989632000000000067e+00 2.530325600000000108e+01 7.762125595516347620e-02
1.994375000000000009e+00 2.510795399999999944e+01 7.729282056499296727e-02
1.999117999999999951e+00 2.518927599999999956e+01 7.730665677779177680e-02
2.003861000000000114e+00 2.516550200000000004e+01 7.718810261935708794e-02
2.008602999999999916e+00 2.522069499999999920e+01 7.719027266850532476e-02
2.013345999999999858e+00 2.535839699999999652e+01 7.800521295436799174e-02
2.018088999999999800e+00 2.513682700000000025e+01 7.992994321935428803e-02
2.022832000000000185e+00 2.524286900000000244e+01 8.142407003168902757e-02
2.027575000000000127e+00 2.490309500000000043e+01 8.189705015947582045e-02
2.032318000000000069e+00 2.508498099999999909e+01 8.307690325825163591e-02
2.037061000000000011e+00 2.514599900000000332e+01 8.396953507314602883e-02
2.041802999999999813e+00 2.513060400000000172e+01 8.465530376047208927e-02
2.046546000000000198e+00 2.490934500000000185e+01 8.466701775127372098e-02
2.051289000000000140e+00 2.500959599999999838e+01 8.509792306501316739e-02
2.056032000000000082e+00 2.501660000000000394e+01 8.535103485461614792e-02
2.060775000000000023e+00 2.501562999999999803e+01 8.557491981474538156e-02
2.065517999999999965e+00 2.511135900000000021e+01 8.595035702313866266e-02
2.070260999999999907e+00 2.507204099999999869e+01 8.608353858324366281e-02
2.075003000000000153e+00 2.488699099999999831e+01 8.595465827781353929e-02
2.079746000000000095e+00 2.526373099999999994e+01 8.452172196626675515e-02
2.084489000000000036e+00 2.512631299999999968e+01 8.215007712228941661e-02
2.089231999999999978e+00 2.513395400000000279e+01 8.098751654375135889e-02
2.093974999999999920e+00 2.513717600000000374e+01 8.010499875083078314e-02
2.098717999999999861e+00 2.512715799999999788e+01 7.935758626839969909e-02
2.103460999999999803e+00 2.509754299999999816e+01 7.868096440303651296e-02
2.108204000000000189e+00 2.510872499999999974e+01 7.826109967664650335e-02
2.112945999999999991e+00 2.506735800000000225e+01 7.798859654496227700e-02
2.117688999999999933e+00 2.491262499999999847e+01 7.755951797449620044e-02
2.122431999999999874e+00 2.494220299999999924e+01 7.742974332704261053e-02
2.127174999999999816e+00 2.509353600000000029e+01 7.749969773266925099e-02
2.131918000000000202e+00 2.503340999999999994e+01 7.725113806931843685e-02
2.136661000000000143e+00 2.504164999999999708e+01 7.711589773417930338e-02
2.141404000000000085e+00 2.505910999999999689e+01 7.700081449359544306e-02
2.146145999999999887e+00 2.508739999999999526e+01 7.690821816722319404e-02
2.150888999999999829e+00 2.502226700000000292e+01 7.667713162061814969e-02
2.155632000000000215e+00 2.491241499999999931e+01 7.638254511862183072e-02
2.160375000000000156e+00 2.490864699999999488e+01 7.625385872831616507e-02
2.165118000000000098e+00 2.493840999999999752e+01 7.618018450956914878e-02
2.169861000000000040e+00 2.504081600000000307e+01 7.622038788650185859e-02
2.174603999999999981e+00 2.500142800000000065e+01 7.604702001914079301e-02
2.179346999999999923e+00 2.502528200000000069e+01 7.597189063313747326e-02
2.184089000000000169e+00 2.495601800000000026e+01 7.575837284682070127e-02
2.188832000000000111e+00 2.506854700000000236e+01 7.582257015206092521e-02
2.193575000000000053e+00 2.504026799999999753e+01 7.567525937116899304e-02
2.198317999999999994e+00 2.498654700000000162e+01 7.549117086354469042e-02
2.203060999999999936e+00 2.497216299999999833e+01 7.536838873738246902e-02
2.207803999999999878e+00 2.495094500000000082e+01 7.523741008503216643e-02
2.212546999999999819e+00 2.488658699999999868e+01 7.504278457660737423e-02
2.217289000000000065e+00 2.493459800000000115e+01 7.501844528350745667e-02
2.222032000000000007e+00 2.501776000000000266e+01 7.504807214863683240e-02
2.226774999999999949e+00 2.496686199999999900e+01 7.487788574547094012e-02
2.231517999999999891e+00 2.506854800000000338e+01 7.493733557661561018e-02
2.236260999999999832e+00 2.492944299999999913e+01 7.463710497194273041e-02
2.241004000000000218e+00 2.495034200000000268e+01 7.457778654299349053e-02
2.245747000000000160e+00 2.493497900000000556e+01 7.446541669746634118e-02
2.250490000000000101e+00 2.500367899999999466e+01 7.447910736724963621e-02
2.255231999999999903e+00 2.491664499999999549e+01 7.426128769922388240e-02
2.259974999999999845e+00 2.495613300000000123e+01 7.423307919833582735e-02
2.264717999999999787e+00 2.486793199999999970e+01 7.401596874984613106e-02
2.269461000000000173e+00 2.490556300000000434e+01 7.398660639376224146e-02
2.274204000000000114e+00 2.488270299999999935e+01 7.386765575003514939e-02
2.278947000000000056e+00 2.493896199999999652e+01 7.386714182614756430e-02
2.283689999999999998e+00 2.481654500000000141e+01 7.360256566011200152e-02
2.288431999999999800e+00 2.487355500000000319e+01 7.360483176975204933e-02
2.293175000000000185e+00 2.487092799999999926e+01 7.351875815588904128e-02
2.297918000000000127e+00 2.495798300000000225e+01 7.356596486715374916e-02
2.302661000000000069e+00 2.488557800000000242e+01 7.337856690972507923e-02
2.307404000000000011e+00 2.488296000000000419e+01 7.329469726496794235e-02
2.312146999999999952e+00 2.497320900000000421e+01 7.334739429080558426e-02
2.316889999999999894e+00 2.487604699999999980e+01 7.312536482897914747e-02
2.321632000000000140e+00 2.495280600000000248e+01 7.315977680813617878e-02
2.326375000000000082e+00 2.489549500000000393e+01 7.299780452856648172e-02
2.331118000000000023e+00 2.482594399999999624e+01 7.281793894384405719e-02
2.335860999999999965e+00 2.482497599999999949e+01 7.273958837896114804e-02
2.340603999999999907e+00 2.495821900000000326e+01 7.285770114822659460e-02
2.345346999999999849e+00 2.486344999999999672e+01 7.264341829502725389e-02
2.350089999999999790e+00 2.485148300000000177e+01 7.255020071889049793e-02
2.354833000000000176e+00 2.489720900000000015e+01 7.254136226087293249e-02
2.359574999999999978e+00 2.489741000000000071e+01 7.246700055009105967e-02
2.364317999999999920e+00 2.490998099999999837e+01 7.241081469074699128e-02
2.369060999999999861e+00 2.482445399999999935e+01 7.221227017840528561e-02
2.373803999999999803e+00 2.482474199999999698e+01 7.213916576033160832e-02
2.378547000000000189e+00 2.480445200000000128e+01 7.203635721252013568e-02
2.383290000000000131e+00 2.494826799999999878e+01 7.217204805804876278e-02
2.388033000000000072e+00 2.483338400000000235e+01 7.193300106470117139e-02
2.392774999999999874e+00 2.486651299999999765e+01 7.190865566073947890e-02
2.397517999999999816e+00 2.483552300000000201e+01 7.179213456643282476e-02
2.402261000000000202e+00 2.489127900000000082e+01 7.180154799115824604e-02
2.407004000000000143e+00 2.478159400000000190e+01 7.157166927999583650e-02
2.411747000000000085e+00 2.486411999999999622e+01 7.162006434797932308e-02
2.416490000000000027e+00 2.483433699999999789e+01 7.150693923085646442e-02
2.421232999999999969e+00 2.479088300000000089e+01 7.137433574074997233e-02
2.425975999999999910e+00 2.478800999999999988e+01 7.130008803397089312e-02
2.430718000000000156e+00 2.483270800000000378e+01 7.129474811761943309e-02
2.435461000000000098e+00 2.471752299999999991e+01 7.106058656351706138e-02
2.440204000000000040e+00 2.472012799999999544e+01 7.102058536287067514e-02
2.444946999999999981e+00 2.472553600000000529e+01 7.093474858408535533e-02
2.449689999999999923e+00 2.480453200000000180e+01 7.097944357820509809e-02
2.454432999999999865e+00 2.474523900000000154e+01 7.082683527231750653e-02
2.459175999999999807e+00 2.477439700000000045e+01 7.080103206701439389e-02
2.463918000000000053e+00 2.480665300000000428e+01 7.077929974213012509e-02
2.468660999999999994e+00 2.476729800000000026e+01 7.065601894994580356e-02
2.473403999999999936e+00 2.486805400000000432e+01 7.073251531587718133e-02
2.478146999999999878e+00 2.486607600000000318e+01 7.066306651023290808e-02
2.482889999999999819e+00 2.485614300000000298e+01 7.058242000777176228e-02
2.487633000000000205e+00 2.470282300000000220e+01 7.029837624800305829e-02
2.492376000000000147e+00 2.476641800000000160e+01 7.032297336449092051e-02
2.497117999999999949e+00 2.481842999999999932e+01 7.033121119196654447e-02
2.501860999999999891e+00 2.478819299999999970e+01 7.022284733366128406e-02
2.506603999999999832e+00 2.474520400000000109e+01 7.009695206991599370e-02
2.511347000000000218e+00 2.480774500000000415e+01 7.011897945944592370e-02
2.516090000000000160e+00 2.470936700000000030e+01 6.986147957468406833e-02
2.520833000000000101e+00 2.470602099999999979e+01 6.971356329348041281e-02
2.525576000000000043e+00 2.473634899999999703e+01 6.961449424844010081e-02
2.530318999999999985e+00 2.483722300000000160e+01 6.964216310557921896e-02
2.535060999999999787e+00 2.481225600000000142e+01 6.954346730026768342e-02
2.539804000000000173e+00 2.490155999999999992e+01 6.960551071671049195e-02
2.544547000000000114e+00 2.483066299999999771e+01 6.944418353673041666e-02
2.549290000000000056e+00 2.478477500000000333e+01 6.931773229134879921e-02
2.554032999999999998e+00 2.473372600000000077e+01 6.918464956299916202e-02
2.558775999999999939e+00 2.469708300000000278e+01 6.907169142256616712e-02
2.563518999999999881e+00 2.475927999999999685e+01 6.909952220621934371e-02
2.568261000000000127e+00 2.470491699999999824e+01 6.901783297787536520e-02
2.573004000000000069e+00 2.470374199999999831e+01 6.903205449497283597e-02
2.577747000000000011e+00 2.459704100000000082e+01 6.889796060703030911e-02
2.582489999999999952e+00 2.468306799999999868e+01 6.899943513854878141e-02
2.587232999999999894e+00 2.472700100000000134e+01 6.899991931821369828e-02
2.591975999999999836e+00 2.475709799999999916e+01 6.898083687382459972e-02
2.596719000000000221e+00 2.476355199999999712e+01 6.892862490663802244e-02
2.601462000000000163e+00 2.479318299999999908e+01 6.890900920354826875e-02
2.606203999999999965e+00 2.472423599999999766e+01 6.875287719463238356e-02
2.610946999999999907e+00 2.466583500000000129e+01 6.861129025070727971e-02
2.615689999999999849e+00 2.478417999999999921e+01 6.871536333001448948e-02
2.620432999999999790e+00 2.476170600000000377e+01 6.862417641750245823e-02
2.625176000000000176e+00 2.469625800000000027e+01 6.847380643751958818e-02
2.629919000000000118e+00 2.476527700000000465e+01 6.850993096932517235e-02
2.634662000000000059e+00 2.472050399999999826e+01 6.840314314580726862e-02
2.639403999999999861e+00 2.474057800000000285e+01 6.838360913731302004e-02
2.644146999999999803e+00 2.472305800000000175e+01 6.827777856924828470e-02
2.648890000000000189e+00 2.467441199999999668e+01 6.814801361243334743e-02
2.653633000000000131e+00 2.472573000000000221e+01 6.817033494708163444e-02
2.658376000000000072e+00 2.468799399999999622e+01 6.806140915203710839e-02
2.663119000000000014e+00 2.479809900000000056e+01 6.814286596353501257e-02
2.667861999999999956e+00 2.472360600000000019e+01 6.798205520301073279e-02
2.672604999999999897e+00 2.454549300000000400e+01 6.767869533247077019e-02
2.677347000000000143e+00 2.466452199999999806e+01 6.778504486651905359e-02
2.682090000000000085e+00 2.468101199999999906e+01 6.775011403690033018e-02
2.686833000000000027e+00 2.469154999999999944e+01 6.770734198347325150e-02
2.691575999999999969e+00 2.477667000000000286e+01 6.776634810370041340e-02
2.696318999999999910e+00 2.479626299999999972e+01 6.773589142689936948e-02
2.701061999999999852e+00 2.474949900000000014e+01 6.761517397929846240e-02
2.705804999999999794e+00 2.479990600000000001e+01 6.762706514217661780e-02
2.710547000000000040e+00 2.479200100000000617e+01 6.755939412482397932e-02
2.715289999999999981e+00 2.477448700000000059e+01 6.747911145762072738e-02
2.720032999999999923e+00 2.468634199999999979e+01 6.730268483188764361e-02
2.724775999999999865e+00 2.466516499999999468e+01 6.721786299390958286e-02
2.729518999999999807e+00 2.468167199999999895e+01 6.718427627732473373e-02
2.734262000000000192e+00 2.468721799999999789e+01 6.713592926144167083e-02
2.739005000000000134e+00 2.464868999999999843e+01 6.702802073637861846e-02
2.743746999999999936e+00 2.473673099999999891e+01 6.709195179119847863e-02
2.748489999999999878e+00 2.478001099999999823e+01 6.709535092132987155e-02
2.753232999999999819e+00 2.467208199999999962e+01 6.689389897238610938e-02
2.757976000000000205e+00 2.468730099999999794e+01 6.685941549602419931e-02
2.762719000000000147e+00 2.477874800000000022e+01 6.692818358127239353e-02
2.767462000000000089e+00 2.468595599999999735e+01 6.674785052031037558e-02
2.772205000000000030e+00 2.455298600000000064e+01 6.651363431922585612e-02
2.776947999999999972e+00 2.463187700000000291e+01 6.656609965126543405e-02
2.781690000000000218e+00 2.472212800000000144e+01 6.663362715478424181e-02
2.786433000000000160e+00 2.469116999999999607e+01 6.653759066758278828e-02
2.791176000000000101e+00 2.471692100000000281e+01 6.651824223010782688e-02
2.795919000000000043e+00 2.476879199999999770e+01 6.653420216967059764e-02
2.800661999999999985e+00 2.462435800000000441e+01 6.630141361349470297e-02
2.805404999999999927e+00 2.464738499999999988e+01 6.626918592987392220e-02
2.810147999999999868e+00 2.463822300000000354e+01 6.623509628995265242e-02
2.814890000000000114e+00 2.489996900000000224e+01 6.654099020791619246e-02
2.819633000000000056e+00 2.484868000000000521e+01 6.770435362128715551e-02
2.824375999999999998e+00 2.468558800000000275e+01 6.889828278106428783e-02
2.829118999999999939e+00 2.463912900000000405e+01 6.972296188519246096e-02
2.833861999999999881e+00 2.476142600000000016e+01 7.062559661420708679e-02
2.838604999999999823e+00 2.466901899999999515e+01 7.111053010508569527e-02
2.843348000000000209e+00 2.470929600000000192e+01 7.146853667686850486e-02
2.848091000000000150e+00 2.454232199999999509e+01 7.144285011855559808e-02
2.852832999999999952e+00 2.468914900000000401e+01 7.186539361603538900e-02
2.857575999999999894e+00 2.455844799999999850e+01 7.186742030823980998e-02
2.862318999999999836e+00 2.455080499999999688e+01 7.203548929042682958e-02
2.867062000000000221e+00 2.456133700000000175e+01 7.221974475546696914e-02
2.871805000000000163e+00 2.452282100000000042e+01 7.232235973717948685e-02
2.876548000000000105e+00 2.449546500000000293e+01 7.243293180044971247e-02
2.881291000000000047e+00 2.449311300000000102e+01 7.223363790315215360e-02
2.886032999999999848e+00 2.488143799999999572e+01 7.072820253686998293e-02
2.890775999999999790e+00 2.476645200000000102e+01 6.945544135414662146e-02
2.895519000000000176e+00 2.466644499999999951e+01 6.856622628992278812e-02
2.900262000000000118e+00 2.463379199999999969e+01 6.792821480009834934e-02
2.905005000000000059e+00 2.467394399999999877e+01 6.761717060673198831e-02
2.909748000000000001e+00 2.458793899999999866e+01 6.732248346212356405e-02
2.914490999999999943e+00 2.465513500000000136e+01 6.725672241267634244e-02
2.919233000000000189e+00 2.460638499999999951e+01 6.704703525188641933e-02
2.923976000000000131e+00 2.469597999999999871e+01 6.703711998265587946e-02
2.928719000000000072e+00 2.467401900000000126e+01 6.688486165176318887e-02
2.933462000000000014e+00 2.467454599999999942e+01 6.677021080807518660e-02
2.938204999999999956e+00 2.462284199999999856e+01 6.659120684198102658e-02
2.942947999999999897e+00 2.467653900000000178e+01 6.656038935591798711e-02
2.947690999999999839e+00 2.460652800000000440e+01 6.636704558342264304e-02
2.952433999999999781e+00 2.464503200000000049e+01 6.633142744069511765e-02
2.957176000000000027e+00 2.462444999999999951e+01 6.621837115804495022e-02
2.961918999999999969e+00 2.469184699999999921e+01 6.620669198018731827e-02
2.966661999999999910e+00 2.470152999999999821e+01 6.613425160547066473e-02
2.971404999999999852e+00 2.462086899999999901e+01 6.594286171040500411e-02
2.976147999999999794e+00 2.467064300000000188e+01 6.592823011139917200e-02
2.980891000000000179e+00 2.461162700000000569e+01 6.577027554453911129e-02
2.985634000000000121e+00 2.465905699999999712e+01 6.575645447570374613e-02
2.990375999999999923e+00 2.460772300000000001e+01 6.562965323216404800e-02
2.995118999999999865e+00 2.470788800000000052e+01 6.567458039947800252e-02
2.999861999999999806e+00 2.474320200000000014e+01 6.564575527924862430e-02
3.004605000000000192e+00 2.457683499999999555e+01 6.535327983065500335e-02
3.009348000000000134e+00 2.460520899999999855e+01 6.532102534657810433e-02
3.014091000000000076e+00 2.464588600000000085e+01 6.532573879638943481e-02
3.018834000000000017e+00 2.462878300000000209e+01 6.521518736663033111e-02
3.023576999999999959e+00 2.465234799999999993e+01 6.517933456565355721e-02
3.028319000000000205e+00 2.466785899999999998e+01 6.513359769049764658e-02
3.033062000000000147e+00 2.453925300000000220e+01 6.489817779803759568e-02
3.037805000000000089e+00 2.465130300000000219e+01 6.498187794178311716e-02
3.042548000000000030e+00 2.460985900000000015e+01 6.486363974300549118e-02
3.047290999999999972e+00 2.460119100000000003e+01 6.478926594649070392e-02
3.052033999999999914e+00 2.465852300000000241e+01 6.480218080544744574e-02
3.056776999999999855e+00 2.453151500000000240e+01 6.457369187189779258e-02
3.061519000000000101e+00 2.457218199999999797e+01 6.456585781761750575e-02
3.066262000000000043e+00 2.461679499999999976e+01 6.456413820304736373e-02
3.071004999999999985e+00 2.467066599999999710e+01 6.458799418029095851e-02
3.075747999999999927e+00 2.456788299999999836e+01 6.439676747057727912e-02
3.080490999999999868e+00 2.455721499999999580e+01 6.431732676854581832e-02
3.085233999999999810e+00 2.463557600000000036e+01 6.435206407660440386e-02
3.089977000000000196e+00 2.459095100000000045e+01 6.425413138493508980e-02
3.094720000000000137e+00 2.457239500000000021e+01 6.415525122920025247e-02
3.099461999999999939e+00 2.450927399999999778e+01 6.401501224777200738e-02
3.104204999999999881e+00 2.460735599999999934e+01 6.408625701378260764e-02
3.108947999999999823e+00 2.461106200000000044e+01 6.403455295846374740e-02
3.113691000000000209e+00 2.463128900000000243e+01 6.400524101748074346e-02
3.118434000000000150e+00 2.461038600000000187e+01 6.392276536355416539e-02
3.123177000000000092e+00 2.465748200000000168e+01 6.392856378503822268e-02
3.127920000000000034e+00 2.465391800000000444e+01 6.386901803798381017e-02
3.132661999999999836e+00 2.465073500000000450e+01 6.381044300282831538e-02
3.137405000000000221e+00 2.459360699999999866e+01 6.368262135400364066e-02
3.142148000000000163e+00 2.465554300000000154e+01 6.370878024688120256e-02
3.146891000000000105e+00 2.461540299999999348e+01 6.361125290750371808e-02
3.151634000000000047e+00 2.456439500000000109e+01 6.349437001210658793e-02
3.156376999999999988e+00 2.449404299999999779e+01 6.334056132386181592e-02
3.161119999999999930e+00 2.450838600000000511e+01 6.330704569303483020e-02
3.165862000000000176e+00 2.452056400000000025e+01 6.331455831665099010e-02
3.170605000000000118e+00 2.457331999999999894e+01 6.331422345195747425e-02
3.175348000000000059e+00 2.463229200000000318e+01 6.331034491233797357e-02
3.180091000000000001e+00 2.452433899999999767e+01 6.311983613671855176e-02
3.184833999999999943e+00 2.447760300000000200e+01 6.300839221477723406e-02
3.189576999999999884e+00 2.457457399999999836e+01 6.308210087106326525e-02
3.194319999999999826e+00 2.452141800000000416e+01 6.294480038578167957e-02
3.199063000000000212e+00 2.460301999999999722e+01 6.293385441761531474e-02
3.203805000000000014e+00 2.454623899999999992e+01 6.274479140583544279e-02
3.208547999999999956e+00 2.444967699999999766e+01 6.254424435382124892e-02
3.213290999999999897e+00 2.462342399999999998e+01 6.271650493554148387e-02
3.218033999999999839e+00 2.461426399999999859e+01 6.265560628720545644e-02
3.222776999999999781e+00 2.450076599999999871e+01 6.246198123604790320e-02
3.227520000000000167e+00 2.451042200000000193e+01 6.242556257695880406e-02
3.232263000000000108e+00 2.454602999999999469e+01 6.242227376394181293e-02
3.237004999999999910e+00 2.452490399999999937e+01 6.234713640092863496e-02
3.241747999999999852e+00 2.446858900000000148e+01 6.222725125288116471e-02
3.246490999999999794e+00 2.452493099999999870e+01 6.225090137745316332e-02
3.251234000000000179e+00 2.455152700000000010e+01 6.225442365007084755e-02
3.255977000000000121e+00 2.451516200000000012e+01 6.222429889116550678e-02
3.260720000000000063e+00 2.452112499999999784e+01 6.224957930468767719e-02
3.265463000000000005e+00 2.452714499999999731e+01 6.223482204937521439e-02
3.270205999999999946e+00 2.456868200000000257e+01 6.224008022773187820e-02
3.274948000000000192e+00 2.453053299999999837e+01 6.214417386722266567e-02
3.279691000000000134e+00 2.458804999999999552e+01 6.216963841471494223e-02
3.284434000000000076e+00 2.461572799999999717e+01 6.215771125307382322e-02
3.289177000000000017e+00 2.461428099999999830e+01 6.210911218698670494e-02
3.293919999999999959e+00 2.452562599999999904e+01 6.195011355272966869e-02
3.298662999999999901e+00 2.456784100000000137e+01 6.195686947073746065e-02
3.303405999999999842e+00 2.446477399999999847e+01 6.178059628787100493e-02
3.308148000000000089e+00 2.445579600000000298e+01 6.172322235145860647e-02
3.312891000000000030e+00 2.452990000000000492e+01 6.177029871861070692e-02
3.317633999999999972e+00 2.455280300000000082e+01 6.175329835127350842e-02
3.322376999999999914e+00 2.455889400000000222e+01 6.171598708408706363e-02
3.327119999999999855e+00 2.454997400000000241e+01 6.167455619042994108e-02
3.331862999999999797e+00 2.451459499999999991e+01 6.156853834203309533e-02
3.336606000000000183e+00 2.450663100000000227e+01 6.151302356611972055e-02
3.341347999999999985e+00 2.455924399999999963e+01 6.153396595154094623e-02
3.346090999999999926e+00 2.461106499999999642e+01 6.155376245832418214e-02
3.350833999999999868e+00 2.455706299999999942e+01 6.144098048250776906e-02
3.355576999999999810e+00 2.451113699999999795e+01 6.133882524991980667e-02
3.360320000000000196e+00 2.450925600000000415e+01 6.129191729164865793e-02
3.365063000000000137e+00 2.449689400000000106e+01 6.123197633617259023e-02
3.369806000000000079e+00 2.458985400000000254e+01 6.130351809992799772e-02
3.374549000000000021e+00 2.464296299999999817e+01 6.132522057403951704e-02
3.379290999999999823e+00 2.472332100000000565e+01 6.206383881406145331e-02
3.384034000000000209e+00 2.460268699999999953e+01 6.336505879382027528e-02
3.388777000000000150e+00 2.452236299999999858e+01 6.409790620431995989e-02
3.393520000000000092e+00 2.450268200000000007e+01 6.473227505788282932e-02
3.398263000000000034e+00 2.449987000000000137e+01 6.511988035796748009e-02
3.403005999999999975e+00 2.450095499999999760e+01 6.529701799043353960e-02
3.407748999999999917e+00 2.454781799999999947e+01 6.532576439952081371e-02
3.412491000000000163e+00 2.442980999999999625e+01 6.520453180385700487e-02
3.417234000000000105e+00 2.454090900000000275e+01 6.552660105232989418e-02
3.421977000000000046e+00 2.447075500000000048e+01 6.559120928401915296e-02
3.426719999999999988e+00 2.451701699999999917e+01 6.578686556143027719e-02
3.431462999999999930e+00 2.459722899999999868e+01 6.603168424712033135e-02
3.436205999999999872e+00 2.457726000000000255e+01 6.614788681252257996e-02
3.440948999999999813e+00 2.445948399999999623e+01 6.610904902318440191e-02
3.445692000000000199e+00 2.436923200000000023e+01 6.611713125977941585e-02
3.450434000000000001e+00 2.437115299999999962e+01 6.621181628321337609e-02
3.455176999999999943e+00 2.444675599999999704e+01 6.642311690552017700e-02
3.459919999999999884e+00 2.460421499999999639e+01 6.674129726259896145e-02
3.464662999999999826e+00 2.445289599999999908e+01 6.663616523514240275e-02
3.469406000000000212e+00 2.444007800000000330e+01 6.671610437665932702e-02
3.474149000000000154e+00 2.444371999999999900e+01 6.681496460801353288e-02
3.478892000000000095e+00 2.446659999999999968e+01 6.693764831200450793e-02
3.483633999999999897e+00 2.454105800000000315e+01 6.712773296149066038e-02
3.488376999999999839e+00 2.451506099999999577e+01 6.717813103516798168e-02
3.493119999999999781e+00 2.445127300000000048e+01 6.717406937780158460e-02
3.497863000000000167e+00 2.448097200000000129e+01 6.729613066541864641e-02
3.502606000000000108e+00 2.454443600000000103e+01 6.746256842606646043e-02
3.507349000000000050e+00 2.448563100000000148e+01 6.745863068291632625e-02
3.512091999999999992e+00 2.450593799999999689e+01 6.756194721976417628e-02
3.516833999999999794e+00 2.460876100000000122e+01 6.777708064000911858e-02
3.521577000000000179e+00 2.446812700000000262e+01 6.765467917246227592e-02
3.526320000000000121e+00 2.446917700000000195e+01 6.772625655521571919e-02
3.531063000000000063e+00 2.457148499999999913e+01 6.793659188431225293e-02
3.535806000000000004e+00 2.445403800000000061e+01 6.784143460331008846e-02
3.540548999999999946e+00 2.445691099999999807e+01 6.791054325956537296e-02
3.545291999999999888e+00 2.450870499999999907e+01 6.804720092994201441e-02
3.550034999999999830e+00 2.436581699999999984e+01 6.791149688472783441e-02
3.554777000000000076e+00 2.426935699999999940e+01 6.783846303566289093e-02
3.559520000000000017e+00 2.454747599999999963e+01 6.828691557894309150e-02
3.564262999999999959e+00 2.450504600000000011e+01 6.828745448617191960e-02
3.569005999999999901e+00 2.446161900000000600e+01 6.829860101876684964e-02
3.573748999999999842e+00 2.440844299999999834e+01 6.830159983532303747e-02
3.578491999999999784e+00 2.448892999999999986e+01 6.843740791901531395e-02
3.583235000000000170e+00 2.451720100000000002e+01 6.853259625373242514e-02
3.587976999999999972e+00 2.444393600000000077e+01 6.846109941939874932e-02
3.592719999999999914e+00 2.448945900000000009e+01 6.847151423885702859e-02
3.597462999999999855e+00 2.453679899999999847e+01 6.847667693172251879e-02
3.602205999999999797e+00 2.442381699999999967e+01 6.825837276271974619e-02
3.606949000000000183e+00 2.451317000000000235e+01 6.832295681061306691e-02
3.611692000000000125e+00 2.456266299999999703e+01 6.838254413214091276e-02
3.616435000000000066e+00 2.450541699999999778e+01 6.837098371081404280e-02
3.621178000000000008e+00 2.460939800000000233e+01 6.934403658834623063e-02
3.625919999999999810e+00 2.452348300000000236e+01 7.169816136141288210e-02
3.630663000000000196e+00 2.449526899999999685e+01 7.305214721752605056e-02
3.635406000000000137e+00 2.441109999999999758e+01 7.396738217989264064e-02
3.640149000000000079e+00 2.447385500000000036e+01 7.483034074406316738e-02
3.644892000000000021e+00 2.450549499999999981e+01 7.539064972983652857e-02
3.649634999999999962e+00 2.451893399999999801e+01 7.589756719532911311e-02
3.654377999999999904e+00 2.446238999999999919e+01 7.623152537415475716e-02
3.659120000000000150e+00 2.445039200000000079e+01 7.663794438940085829e-02
3.663863000000000092e+00 2.449290500000000037e+01 7.711488554379887506e-02
3.668606000000000034e+00 2.466517799999999738e+01 7.778401837665241403e-02
3.673348999999999975e+00 2.456939100000000309e+01 7.801975272916340798e-02
3.678091999999999917e+00 2.438591200000000470e+01 7.810427430284465344e-02
3.682834999999999859e+00 2.440039000000000158e+01 7.849606998271377312e-02
3.687577999999999800e+00 2.443165600000000026e+01 7.890843797288792094e-02
3.692321000000000186e+00 2.443392899999999912e+01 7.926849306993415112e-02
3.697062999999999988e+00 2.443347200000000186e+01 7.961837816961483960e-02
3.701805999999999930e+00 2.443324799999999897e+01 7.996429245576616718e-02
3.706548999999999872e+00 2.443864499999999751e+01 8.031557338986257399e-02
3.711291999999999813e+00 2.455086100000000116e+01 8.083888943216933909e-02
3.716035000000000199e+00 2.447472000000000136e+01 8.104889439129135675e-02
3.720778000000000141e+00 2.448955399999999827e+01 8.140629410812103006e-02
3.725521000000000083e+00 2.455678100000000086e+01 8.184833319493928228e-02
3.730262999999999884e+00 2.445713399999999993e+01 8.201011248704576095e-02
3.735005999999999826e+00 2.447082400000000035e+01 8.235829866497910989e-02
3.739749000000000212e+00 2.444038999999999717e+01 8.263072315755198849e-02
3.744492000000000154e+00 2.440294099999999844e+01 8.288909472122010791e-02
3.749235000000000095e+00 2.441655200000000292e+01 8.323263882982384620e-02
3.753978000000000037e+00 2.447927900000000179e+01 8.365908641266708856e-02
3.758720999999999979e+00 2.445342199999999622e+01 8.393258476619852582e-02
3.763462999999999781e+00 2.448416800000000393e+01 8.430315375238046915e-02
3.768206000000000166e+00 2.435295699999999997e+01 8.439243834992860016e-02
3.772949000000000108e+00 2.452547000000000210e+01 8.500651085735315415e-02
3.777692000000000050e+00 2.442376799999999903e+01 8.514437565011091780e-02
3.782434999999999992e+00 2.439167999999999736e+01 8.540267157575047452e-02
3.787177999999999933e+00 2.450617899999999949e+01 8.591721927070847253e-02
3.791920999999999875e+00 2.446025500000000363e+01 8.615045849915947684e-02
3.796663999999999817e+00 2.452402000000000015e+01 8.657600953089950035e-02
3.801406000000000063e+00 2.455974800000000613e+01 8.695334162121776123e-02
3.806149000000000004e+00 2.447485900000000214e+01 8.711638323362030922e-02
3.810891999999999946e+00 2.442286700000000366e+01 8.733651673586312336e-02
3.815634999999999888e+00 2.453003999999999962e+01 8.784114021699000741e-02
3.820377999999999830e+00 2.458035499999999729e+01 8.824548426245445998e-02
3.825121000000000215e+00 2.461359999999999815e+01 8.861933217300670129e-02
3.829864000000000157e+00 2.445575799999999944e+01 8.864864715128201178e-02
3.834605999999999959e+00 2.439092000000000127e+01 8.884495395492982006e-02
3.839348999999999901e+00 2.450503699999999441e+01 8.936792710847722698e-02
3.844091999999999842e+00 2.458105200000000679e+01 8.982189011671543044e-02
3.848834999999999784e+00 2.441572899999999890e+01 8.983737378535228135e-02
3.853578000000000170e+00 2.435062499999999730e+01 9.008060253300484432e-02
3.858321000000000112e+00 2.446815000000000140e+01 9.056372374113323687e-02
3.863064000000000053e+00 2.439043800000000317e+01 9.073707307633302466e-02
3.867806999999999995e+00 2.440669300000000064e+01 9.108555033760239172e-02
3.872548999999999797e+00 2.434073500000000223e+01 9.128022951616740488e-02
3.877292000000000183e+00 2.427386100000000013e+01 9.147344218118939885e-02
3.882035000000000124e+00 2.446075499999999892e+01 9.214602755351691821e-02
3.886778000000000066e+00 2.430322999999999567e+01 9.216954504557890726e-02
3.891521000000000008e+00 2.447550899999999530e+01 9.281818432423304122e-02
3.896263999999999950e+00 2.446679400000000015e+01 9.312502223542015733e-02
3.901006999999999891e+00 2.439227800000000457e+01 9.330675812107823430e-02
3.905749000000000137e+00 2.443713699999999989e+01 9.371867786699510094e-02
3.910492000000000079e+00 2.440727700000000056e+01 9.398824777885105008e-02
3.915235000000000021e+00 2.448405999999999949e+01 9.446410028243003298e-02
3.919977999999999962e+00 2.436619699999999966e+01 9.452364093567597325e-02
3.924720999999999904e+00 2.444788799999999895e+01 9.476607382897847542e-02
3.929463999999999846e+00 2.441505000000000081e+01 9.477526341573891400e-02
3.934206999999999788e+00 2.459575199999999739e+01 9.525034985757953321e-02
3.938949000000000034e+00 2.441610299999999967e+01 9.500550560878248674e-02
3.943691999999999975e+00 2.445663200000000259e+01 9.518739164938914976e-02
3.948434999999999917e+00 2.435884999999999678e+01 9.509869680285318316e-02
3.953177999999999859e+00 2.445763100000000279e+01 9.542006840682781821e-02
3.957920999999999800e+00 2.442056500000000341e+01 9.551585281772916047e-02
3.962664000000000186e+00 2.440692699999999959e+01 9.549753694202955945e-02
3.967407000000000128e+00 2.456587700000000396e+01 9.605498804610149155e-02
3.972150000000000070e+00 2.441677000000000319e+01 9.608610707963352593e-02
3.976891999999999872e+00 2.440652800000000155e+01 9.638994074206549967e-02
3.981634999999999813e+00 2.443743400000000321e+01 9.677652717737136867e-02
3.986378000000000199e+00 2.443741200000000191e+01 9.710418442894672153e-02
3.991121000000000141e+00 2.431133799999999923e+01 9.718105630573223297e-02
3.995864000000000082e+00 2.440288499999999772e+01 9.769455395898841987e-02
4.000606999999999580e+00 2.456337300000000212e+01 9.834828366352409146e-02
4.005349999999999966e+00 2.446023699999999934e+01 9.847622284939902548e-02
4.010092000000000212e+00 2.456399599999999595e+01 9.902134009864439756e-02
4.014834999999999710e+00 2.434984899999999897e+01 9.892582698322567591e-02
4.019578000000000095e+00 2.458529700000000062e+01 9.974332460422050128e-02
4.024320999999999593e+00 2.449316299999999913e+01 9.989727547368797145e-02
4.029063999999999979e+00 2.443432900000000174e+01 1.001208383084835063e-01
4.033807000000000365e+00 2.454375100000000032e+01 1.006900773073568650e-01
4.038549999999999862e+00 2.440505499999999728e+01 1.007524362680213559e-01
4.043293000000000248e+00 2.432294500000000070e+01 1.009308782201418231e-01
4.048034999999999606e+00 2.432131200000000248e+01 1.012780826081531860e-01
4.052777999999999992e+00 2.429604100000000244e+01 1.015775797318497764e-01
4.057521000000000377e+00 2.437242999999999782e+01 1.020917945709281793e-01
4.062263999999999875e+00 2.431865499999999969e+01 1.023361460869066653e-01
4.067007000000000261e+00 2.454434800000000294e+01 1.031706445168430603e-01
4.071749999999999758e+00 2.449103900000000067e+01 1.034209716505433974e-01
4.076493000000000144e+00 2.448556800000000422e+01 1.037739995011467131e-01
4.081235000000000390e+00 2.434064399999999750e+01 1.038320336054760207e-01
4.085977999999999888e+00 2.449109500000000139e+01 1.045226633778210817e-01
4.090721000000000274e+00 2.450051200000000051e+01 1.049144536439979847e-01
4.095463999999999771e+00 2.440021600000000035e+01 1.050732821282841511e-01
4.100207000000000157e+00 2.463771900000000059e+01 1.059614894750640079e-01
4.104949999999999655e+00 2.451824300000000179e+01 1.060850027382018723e-01
4.109693000000000040e+00 2.456307799999999730e+01 1.065647031613512208e-01
4.114436000000000426e+00 2.442353599999999858e+01 1.066455867050460637e-01
4.119177999999999784e+00 2.451214699999999880e+01 1.072270793852844878e-01
4.123921000000000170e+00 2.451736000000000004e+01 1.076289651996984453e-01
4.128663999999999668e+00 2.459574100000000030e+01 1.081955687380846687e-01
4.133407000000000053e+00 2.448203600000000080e+01 1.083420692974718796e-01
4.138150000000000439e+00 2.438107600000000019e+01 1.085165742161827429e-01
4.142892999999999937e+00 2.451745400000000430e+01 1.092218644521045501e-01
4.147636000000000323e+00 2.451487600000000455e+01 1.096212975310527915e-01
4.152377999999999680e+00 2.454488800000000026e+01 1.100980237299471198e-01
4.157121000000000066e+00 2.426358899999999963e+01 1.098746588358002485e-01
4.161863999999999564e+00 2.432166699999999793e+01 1.104199235319410083e-01
4.166606999999999950e+00 2.440039200000000008e+01 1.110160875410145104e-01
4.171350000000000335e+00 2.463263399999999947e+01 1.119655385006842196e-01
4.176092999999999833e+00 2.452177999999999969e+01 1.121447489223820204e-01
4.180836000000000219e+00 2.453567700000000329e+01 1.127602734883318830e-01
4.185577999999999577e+00 2.446118899999999741e+01 1.129010363013081414e-01
4.190320999999999962e+00 2.456236299999999773e+01 1.135300210091841622e-01
4.195064000000000348e+00 2.444379600000000252e+01 1.136943962684902887e-01
4.199806999999999846e+00 2.450056099999999759e+01 1.142691324580247247e-01
4.204550000000000232e+00 2.432924500000000378e+01 1.143145399700978559e-01
4.209292999999999729e+00 2.456164199999999909e+01 1.153113831653328064e-01
4.214036000000000115e+00 2.445974200000000209e+01 1.155254774475543977e-01
4.218778999999999613e+00 2.446073400000000220e+01 1.159870938523321210e-01
4.223520999999999859e+00 2.453078999999999965e+01 1.166165119284674895e-01
4.228264000000000244e+00 2.436940699999999538e+01 1.166991334135545344e-01
4.233006999999999742e+00 2.445165399999999778e+01 1.173666003917000211e-01
4.237750000000000128e+00 2.452718599999999682e+01 1.180236181522973798e-01
4.242492999999999626e+00 2.446772700000000000e+01 1.183612401068690201e-01
4.247236000000000011e+00 2.453539500000000118e+01 1.190094743411855421e-01
4.251979000000000397e+00 2.449263099999999937e+01 1.194004991105133417e-01
4.256720999999999755e+00 2.449671800000000133e+01 1.201068030260222103e-01
4.261464000000000141e+00 2.444539199999999823e+01 1.203128289336203860e-01
4.266206999999999638e+00 2.433434500000000256e+01 1.205020475967076565e-01
4.270950000000000024e+00 2.449667899999999676e+01 1.214129538489711752e-01
4.275693000000000410e+00 2.471240999999999843e+01 1.224620970184509827e-01
4.280435999999999908e+00 2.445149800000000084e+01 1.223335863302396770e-01
4.285179000000000293e+00 2.433730299999999858e+01 1.225703344235341274e-01
4.289921999999999791e+00 2.450985499999999462e+01 1.235343872827505685e-01
4.294664000000000037e+00 2.455574400000000423e+01 1.241871382324297030e-01
4.299407000000000423e+00 2.440256000000000114e+01 1.243385789526239432e-01
4.304149999999999920e+00 2.440252900000000480e+01 1.248838116773134804e-01
4.308893000000000306e+00 2.444335700000000244e+01 1.255422927571796243e-01
4.313635999999999804e+00 2.442458099999999632e+01 1.260512576457966105e-01
4.318379000000000190e+00 2.450530399999999887e+01 1.268246913674103971e-01
4.323121999999999687e+00 2.450116900000000086e+01 1.274749607125532647e-01
4.327863999999999933e+00 2.455292999999999637e+01 1.281618503719238744e-01
4.332607000000000319e+00 2.442615200000000186e+01 1.283508200859674875e-01
4.337349999999999817e+00 2.461372100000000174e+01 1.294359197508106740e-01
4.342093000000000202e+00 2.458729500000000101e+01 1.299659680891786517e-01
4.346835999999999700e+00 2.432037799999999805e+01 1.298610645695063570e-01
4.351579000000000086e+00 2.452845800000000054e+01 1.310268858350598087e-01
4.356321999999999584e+00 2.454067699999999874e+01 1.316798413890261921e-01
4.361063999999999830e+00 2.468639300000000247e+01 1.326997332302246868e-01
4.365807000000000215e+00 2.467945399999999978e+01 1.333185033925077811e-01
4.370549999999999713e+00 2.462223399999999884e+01 1.338068895608884312e-01
4.375293000000000099e+00 2.444366500000000286e+01 1.339700785788472126e-01
4.380035999999999596e+00 2.438086600000000459e+01 1.345164896336657478e-01
4.384778999999999982e+00 2.465308599999999828e+01 1.359885693550237362e-01
4.389522000000000368e+00 2.463647099999999668e+01 1.365042650831431170e-01
4.394264999999999866e+00 2.454123499999999680e+01 1.369089631699462462e-01
4.399007000000000112e+00 2.449392300000000233e+01 1.370452654965197969e-01
4.403749999999999609e+00 2.463694899999999777e+01 1.375391467161473091e-01
4.408492999999999995e+00 2.464375599999999622e+01 1.376511699879808537e-01
4.413236000000000381e+00 2.446036300000000097e+01 1.372300746285164685e-01
4.417978999999999878e+00 2.464932499999999749e+01 1.378516984218290387e-01
4.422722000000000264e+00 2.469608199999999698e+01 1.380755659766151333e-01
4.427464999999999762e+00 2.443636000000000053e+01 1.374359252998320069e-01
4.432207000000000008e+00 2.462244299999999697e+01 1.380495463789765398e-01
4.436950000000000394e+00 2.470183300000000060e+01 1.384381888235793057e-01
4.441692999999999891e+00 2.448377599999999887e+01 1.384497147307974796e-01
4.446436000000000277e+00 2.466789400000000043e+01 1.396815099832218188e-01
4.451178999999999775e+00 2.475375899999999874e+01 1.406449040308805354e-01
4.455922000000000160e+00 2.451872799999999941e+01 1.407035840019464357e-01
4.460664999999999658e+00 2.457820500000000052e+01 1.416135966285769487e-01
4.465408000000000044e+00 2.439026700000000147e+01 1.418181282985666036e-01
4.470150000000000290e+00 2.455448799999999565e+01 1.430545334868115748e-01
4.474892999999999788e+00 2.444685300000000439e+01 1.435095856132819203e-01
4.479636000000000173e+00 2.463080300000000022e+01 1.448304166765206902e-01
4.484378999999999671e+00 2.450476599999999650e+01 1.452528015900918790e-01
4.489122000000000057e+00 2.470690700000000462e+01 1.466584489610895381e-01
4.493865000000000443e+00 2.445134300000000138e+01 1.467132718057374552e-01
4.498607999999999940e+00 2.447265199999999652e+01 1.476048980170373559e-01
4.503350000000000186e+00 2.455029700000000048e+01 1.486803943699881447e-01
4.508092999999999684e+00 2.454241299999999626e+01 1.495115461813381341e-01
4.512836000000000070e+00 2.424787500000000051e+01 1.494749563768081602e-01
4.517578999999999567e+00 2.456350000000000122e+01 1.513267372663072707e-01
4.522321999999999953e+00 2.469308299999999790e+01 1.526242438823554037e-01
4.527065000000000339e+00 2.441388800000000003e+01 1.526676717230550373e-01
4.531807999999999836e+00 2.452925799999999867e+01 1.539542016715441941e-01
4.536551000000000222e+00 2.460657300000000092e+01 1.551382646404487198e-01
4.541292999999999580e+00 2.438139200000000173e+01 1.553806253039966279e-01
4.546035999999999966e+00 2.457738600000000062e+01 1.569791914397969113e-01
4.550779000000000352e+00 2.447144600000000025e+01 1.576283176966185307e-01
4.555521999999999849e+00 2.445734999999999815e+01 1.585897550602121953e-01
4.560265000000000235e+00 2.470776500000000198e+01 1.604262791690594381e-01
4.565007999999999733e+00 2.478856400000000093e+01 1.617399763566376436e-01
4.569751000000000118e+00 2.461930399999999963e+01 1.622494916446498292e-01
4.574493000000000364e+00 2.453612700000000046e+01 1.630586987723844083e-01
4.579235999999999862e+00 2.466761900000000196e+01 1.646002024565650368e-01
4.583979000000000248e+00 2.452293699999999887e+01 1.652396705220640916e-01
4.588721999999999746e+00 2.463197900000000118e+01 1.667546676700634722e-01
4.593465000000000131e+00 2.443874100000000027e+01 1.672643950277012681e-01
4.598207999999999629e+00 2.440651000000000437e+01 1.683406352355799884e-01
4.602951000000000015e+00 2.449951700000000088e+01 1.698753807395309567e-01
4.607693000000000261e+00 2.475224099999999794e+01 1.719940300557798452e-01
4.612435999999999758e+00 2.476340099999999467e+01 1.733033680440882462e-01
4.617179000000000144e+00 2.475545599999999880e+01 1.745717486304840249e-01
4.621921999999999642e+00 2.464055599999999657e+01 1.754892405591633453e-01
4.626665000000000028e+00 2.447204500000000138e+01 1.762352256785166826e-01
4.631408000000000413e+00 2.462607100000000315e+01 1.781673976749582056e-01
4.636150999999999911e+00 2.475420899999999591e+01 1.800445327061402367e-01
4.640894000000000297e+00 2.478821500000000100e+01 1.816167911189537909e-01
4.645635999999999655e+00 2.467511300000000318e+01 1.826756102921112401e-01
4.650379000000000040e+00 2.475747899999999646e+01 1.844944844793466876e-01
4.655122000000000426e+00 2.485559999999999903e+01 1.864139664456609391e-01
4.659864999999999924e+00 2.455760199999999571e+01 1.868733660880717851e-01
4.664608000000000310e+00 2.483723300000000123e+01 1.895653592117576280e-01
4.669350999999999807e+00 2.453307799999999617e+01 1.900601347339604397e-01
4.674094000000000193e+00 2.419120499999999652e+01 1.904235892217621129e-01
4.678836000000000439e+00 2.459843199999999896e+01 1.937677981356509815e-01
4.683578999999999937e+00 2.456907599999999903e+01 1.954457793853287551e-01
4.688322000000000322e+00 2.456419700000000006e+01 1.972669204396208520e-01
4.693064999999999820e+00 2.473048799999999758e+01 1.998340298879265065e-01
4.697808000000000206e+00 2.455613600000000218e+01 2.010712760511602359e-01
4.702550999999999704e+00 2.449773599999999973e+01 2.028328404314878042e-01
4.707294000000000089e+00 2.482925000000000182e+01 2.062723846136770012e-01
4.712036999999999587e+00 2.480701900000000037e+01 2.083113482789470949e-01
4.716778999999999833e+00 2.455916799999999967e+01 2.094524479394953287e-01
4.721522000000000219e+00 2.447617399999999677e+01 2.113459064837059920e-01
4.726264999999999716e+00 2.476725399999999766e+01 2.149339557747423635e-01
4.731008000000000102e+00 2.469086699999999723e+01 2.170086084636653201e-01
4.735750999999999600e+00 2.484446999999999761e+01 2.201789048843785235e-01
4.740493999999999986e+00 2.491533900000000301e+01 2.230731169627142574e-01
4.745237000000000371e+00 2.478284800000000132e+01 2.251396209197436826e-01
4.749978999999999729e+00 2.453023700000000318e+01 2.267357333105256278e-01
4.754722000000000115e+00 2.468031900000000078e+01 2.302823409908977548e-01
4.759464999999999613e+00 2.477632700000000199e+01 2.336958073272237812e-01
4.764207999999999998e+00 2.454595600000000033e+01 2.356692509082610465e-01
4.768951000000000384e+00 2.452588100000000182e+01 2.387546999139599779e-01
4.773693999999999882e+00 2.502554400000000356e+01 2.445246039951045613e-01
4.778437000000000268e+00 2.473211999999999833e+01 2.465532708725731159e-01
4.783178999999999625e+00 2.454401700000000019e+01 2.492122323670614148e-01
4.787922000000000011e+00 2.496275699999999986e+01 2.551212777875069837e-01
4.792665000000000397e+00 2.478214200000000034e+01 2.581440785505050295e-01
4.797407999999999895e+00 2.441428500000000312e+01 2.603252334388873601e-01
4.802151000000000280e+00 2.415545300000000140e+01 2.632200734772631168e-01
4.806893999999999778e+00 2.445180500000000023e+01 2.693515883721905868e-01
4.811637000000000164e+00 2.453814600000000112e+01 2.745888397878205600e-01
4.816379999999999661e+00 2.456145800000000179e+01 2.797397757647385186e-01
4.821121999999999908e+00 2.488527199999999695e+01 2.869121360028360490e-01
4.825865000000000293e+00 2.452747799999999856e+01 2.904488990009573279e-01
4.830607999999999791e+00 2.495142999999999844e+01 2.989419117184723418e-01
4.835351000000000177e+00 2.467951599999999956e+01 3.036447531716299775e-01
4.840093999999999674e+00 2.461389199999999988e+01 3.099841155813271576e-01
4.844837000000000060e+00 2.501488799999999912e+01 3.197632242784664292e-01
4.849579999999999558e+00 2.487390400000000312e+01 3.266267850192785538e-01
4.854321999999999804e+00 2.463664800000000099e+01 3.333779578980889946e-01
4.859065000000000190e+00 2.473780399999999347e+01 3.430553988373452046e-01
4.863807999999999687e+00 2.490921099999999910e+01 3.540290149001632525e-01
4.868551000000000073e+00 2.522371000000000052e+01 3.669807827195860073e-01
4.873293999999999571e+00 2.446287900000000448e+01 3.729640410977042020e-01
4.878036999999999956e+00 2.467267000000000365e+01 3.873625221356991055e-01
4.882780000000000342e+00 2.472741099999999648e+01 4.019870390384495673e-01
4.887522999999999840e+00 2.497596100000000163e+01 4.199574778528297747e-01
4.892265000000000086e+00 2.494158499999999634e+01 4.376375534133353784e-01
4.897007999999999583e+00 2.493971099999999907e+01 4.580897984103116660e-01
4.901750999999999969e+00 2.389201800000000020e+01 4.714744322301688273e-01
4.906494000000000355e+00 2.524895799999999824e+01 5.125208860759041807e-01
4.911236999999999853e+00 2.491041299999999836e+01 5.420990536786796099e-01
4.915980000000000238e+00 2.560974799999999618e+01 5.905288867179656620e-01
4.920722999999999736e+00 2.554235000000000255e+01 6.412989963655096881e-01
4.925464999999999982e+00 2.599036899999999761e+01 7.153433208434534230e-01
4.930208000000000368e+00 2.554230099999999837e+01 8.042409685336602276e-01
4.934950999999999866e+00 2.643789600000000206e+01 9.683994758637520794e-01
4.939694000000000251e+00 2.372471200000000024e+01 1.184621396422700812e+00
4.944436999999999749e+00 6.872438699999999123e+00 1.104639009978762187e+00