# [56] Sgs_R07_1.0
# Sample c= 1.0 mg/ml
#
# Number of frames collected: 10
# Exposure time per frame: 0.5
# No significant radiation damage detected, merging 10 files
# Merged from: /data/visitor/mx1905/bm29/20170412/Poker/1d/Sxl_10gs_178_00001.dat
# Merged from: /data/visitor/mx1905/bm29/20170412/Poker/1d/Sxl_10gs_178_00002.dat
# Merged from: /data/visitor/mx1905/bm29/20170412/Poker/1d/Sxl_10gs_178_00003.dat
# Merged from: /data/visitor/mx1905/bm29/20170412/Poker/1d/Sxl_10gs_178_00004.dat
# Merged from: /data/visitor/mx1905/bm29/20170412/Poker/1d/Sxl_10gs_178_00005.dat
# Merged from: /data/visitor/mx1905/bm29/20170412/Poker/1d/Sxl_10gs_178_00006.dat
# Merged from: /data/visitor/mx1905/bm29/20170412/Poker/1d/Sxl_10gs_178_00007.dat
# Merged from: /data/visitor/mx1905/bm29/20170412/Poker/1d/Sxl_10gs_178_00008.dat
# Merged from: /data/visitor/mx1905/bm29/20170412/Poker/1d/Sxl_10gs_178_00009.dat
# Merged from: /data/visitor/mx1905/bm29/20170412/Poker/1d/Sxl_10gs_178_00010.dat
#
# Sample Information:
# Storage Temperature (degrees C): 20.0
# Measurement Temperature (degrees C): 20.03
# Concentration: 1.0
# Code: 
3.082862000000000102e-02 6.840544899999999870e+02 8.751397862844541464e+00
3.557148999999999728e-02 1.961977199999999812e+03 6.111201323257072104e+00
4.031434999999999880e-02 2.550729699999999866e+03 4.590099849559048373e+00
4.505722000000000199e-02 1.428782399999999825e+03 2.442801353514329588e+00
4.980007999999999657e-02 9.310201199999999062e+02 1.765722040533920012e+00
5.454294999999999977e-02 6.588120799999999235e+02 1.397357405469724423e+00
5.928581000000000129e-02 4.812314600000000837e+02 1.135367434866651370e+00
6.402868000000000448e-02 3.788488100000000713e+02 9.604829567536896651e-01
6.877154000000000600e-02 3.092491499999999860e+02 8.335674612354300184e-01
7.351441000000000225e-02 2.590068299999999795e+02 7.350830457366909210e-01
7.825727999999999851e-02 2.211554099999999892e+02 6.538724609275956556e-01
8.300014000000000003e-02 1.951895199999999875e+02 5.946509223900859897e-01
8.774300999999999628e-02 1.756479200000000276e+02 5.473329132249037388e-01
9.248586999999999780e-02 1.602028300000000058e+02 5.079742774909277170e-01
9.722873999999999406e-02 1.467455600000000118e+02 4.720584235017525887e-01
1.019715999999999956e-01 1.359316600000000221e+02 4.427778310678279761e-01
1.067145000000000038e-01 1.298301299999999969e+02 4.223864676942432617e-01
1.114572999999999953e-01 1.232588800000000049e+02 4.022425471682476994e-01
1.162002000000000035e-01 1.172443999999999988e+02 3.837345497297708352e-01
1.209430999999999978e-01 1.135057700000000125e+02 3.696434695905772005e-01
1.256858999999999893e-01 1.101715900000000090e+02 3.569019718841014988e-01
1.304288000000000114e-01 1.073490900000000039e+02 3.455541757471612407e-01
1.351717000000000057e-01 1.050493400000000008e+02 3.354341678941488158e-01
1.399144999999999972e-01 1.026525499999999909e+02 3.255706138939446492e-01
1.446573999999999915e-01 1.000359890000000007e+02 3.158131739150464856e-01
1.494003000000000136e-01 9.798019100000000492e+01 3.073260570363531841e-01
1.541431000000000051e-01 9.666781999999997765e+01 3.007935700769484577e-01
1.588859999999999995e-01 9.458251099999998246e+01 2.928241396391497720e-01
1.636287999999999909e-01 9.339200100000000759e+01 2.865457661578591497e-01
1.683717000000000130e-01 9.201214600000000132e+01 2.802335276647822671e-01
1.731146000000000074e-01 9.105986799999998027e+01 2.747824456716917441e-01
1.778573999999999988e-01 9.009900999999999271e+01 2.694904274303449032e-01
1.826002999999999932e-01 8.933457200000000853e+01 2.647022778688696842e-01
1.873431999999999875e-01 8.838503899999999192e+01 2.598224074443984399e-01
1.920860000000000067e-01 8.753268199999999410e+01 2.552297849013686615e-01
1.968289000000000011e-01 8.662700499999999693e+01 2.506958564330485917e-01
2.015717999999999954e-01 8.587660700000000702e+01 2.465519273979412396e-01
2.063145999999999869e-01 8.539188399999999035e+01 2.429077968998883397e-01
2.110575000000000090e-01 8.523724799999999391e+01 2.395994558952377618e-01
2.158004000000000033e-01 8.458106799999998771e+01 2.359390501723233613e-01
2.205431999999999948e-01 8.350899499999999875e+01 2.318423516058751022e-01
2.252860999999999891e-01 8.281632699999997271e+01 2.283856956412270434e-01
2.300290000000000112e-01 8.273535000000001105e+01 2.258517976530408367e-01
2.347718000000000027e-01 8.245388799999999208e+01 2.231094641312528493e-01
2.395146999999999970e-01 8.162389299999999537e+01 2.197125314368120197e-01
2.442575999999999914e-01 8.107150100000001203e+01 2.167690322764476429e-01
2.490004000000000106e-01 8.066924799999999607e+01 2.140947494346799596e-01
2.537433000000000050e-01 8.026026500000000397e+01 2.114717834242883510e-01
2.584861999999999993e-01 7.946779200000000287e+01 2.084391750392276810e-01
2.632289999999999908e-01 7.895791300000000490e+01 2.058582009087806530e-01
2.679718999999999851e-01 7.843590799999999774e+01 2.033184675226227256e-01
2.727146999999999766e-01 7.846834499999999935e+01 2.015399377577387074e-01
2.774576000000000264e-01 7.816587899999998967e+01 1.994404428589645339e-01
2.822005000000000208e-01 7.770625200000000632e+01 1.972341135227633491e-01
2.869433000000000122e-01 7.696175100000000668e+01 1.946186383569258882e-01
2.916862000000000066e-01 7.632719699999999818e+01 1.921841507862888376e-01
2.964291000000000009e-01 7.623485800000000268e+01 1.904864855791861822e-01
3.011718999999999924e-01 7.573037800000000175e+01 1.883205317851672778e-01
3.059147999999999867e-01 7.528004500000000121e+01 1.862663726311877821e-01
3.106576999999999811e-01 7.512084799999999518e+01 1.846024976875272339e-01
3.154004999999999725e-01 7.483010199999999656e+01 1.828258259698306298e-01
3.201434000000000224e-01 7.410927399999999921e+01 1.805704199377184682e-01
3.248863000000000167e-01 7.363928100000001109e+01 1.786518503772407118e-01
3.296291000000000082e-01 7.340471799999998836e+01 1.770436920667251557e-01
3.343720000000000026e-01 7.355939100000000508e+01 1.759420602766785802e-01
3.391148999999999969e-01 7.323651800000000378e+01 1.761357466868673227e-01
3.438576999999999884e-01 7.280004699999999218e+01 1.778794692973036662e-01
3.486005999999999827e-01 7.239905300000000921e+01 1.819045247786277575e-01
3.533434999999999770e-01 7.193074500000000171e+01 1.846412482077471606e-01
3.580863000000000240e-01 7.149473100000000159e+01 1.863691703149992496e-01
3.628292000000000184e-01 7.108679999999999666e+01 1.876695231985963663e-01
3.675720000000000098e-01 7.083474499999999807e+01 1.888784511867140081e-01
3.723149000000000042e-01 7.028333399999999642e+01 1.895265353747469239e-01
3.770577999999999985e-01 6.992020399999999825e+01 1.903013166540865053e-01
3.818005999999999900e-01 6.996982599999999763e+01 1.913844999439693606e-01
3.865434999999999843e-01 6.947947999999999524e+01 1.916536707587893074e-01
3.912863999999999787e-01 6.917525900000001116e+01 1.920004536811699969e-01
3.960292000000000256e-01 6.868933000000001243e+01 1.921111053704977756e-01
4.007721000000000200e-01 6.848020699999999295e+01 1.926383195300083728e-01
4.055150000000000143e-01 6.824507800000000657e+01 1.989353697432588164e-01
4.102578000000000058e-01 6.779706699999999842e+01 2.034518773937893654e-01
4.150007000000000001e-01 6.722125000000001194e+01 2.070220594064048070e-01
4.197435999999999945e-01 6.703995999999999356e+01 2.099269463391745805e-01
4.244863999999999860e-01 6.691593100000000049e+01 2.131287488319783263e-01
4.292292999999999803e-01 6.642426900000000956e+01 2.155882478019340298e-01
4.339721999999999746e-01 6.607462599999999497e+01 2.183123429139026128e-01
4.387150000000000216e-01 6.590859900000000948e+01 2.212187521506883969e-01
4.434579000000000160e-01 6.526283499999999549e+01 2.233663140331285657e-01
4.482008000000000103e-01 6.501692800000000716e+01 2.267094276829166033e-01
4.529436000000000018e-01 6.486682900000000984e+01 2.301383297592910770e-01
4.576864999999999961e-01 6.397991399999999373e+01 2.309464635141387223e-01
4.624293999999999905e-01 6.373030300000001347e+01 2.324155353196624973e-01
4.671721999999999819e-01 6.387875999999999976e+01 2.315365890957462036e-01
4.719150999999999763e-01 6.440080700000001457e+01 2.233304028387509965e-01
4.766579000000000232e-01 6.332074200000000985e+01 2.172802746657473416e-01
4.814008000000000176e-01 6.285769900000000376e+01 2.137343588729690436e-01
4.861437000000000119e-01 6.243905599999999367e+01 2.109245631587217118e-01
4.908865000000000034e-01 6.212406299999999959e+01 2.086764779136482117e-01
4.956293999999999977e-01 6.166566299999999501e+01 2.064420317505647751e-01
5.003722999999999921e-01 6.132660499999999359e+01 2.045790157004109822e-01
5.051151000000000391e-01 6.088348199999999366e+01 2.026819766149183244e-01
5.098580000000000334e-01 6.058560999999999552e+01 2.011344589080540646e-01
5.146009000000000277e-01 6.026450400000000940e+01 1.996322270670234100e-01
5.193436999999999637e-01 5.981078000000000117e+01 1.979693549049875156e-01
5.240865999999999580e-01 5.919857799999999770e+01 1.961051936397108508e-01
5.288294999999999524e-01 5.915020299999999764e+01 1.952224580876767424e-01
5.335722999999999994e-01 5.878455000000000297e+01 1.934739087347585873e-01
5.383151999999999937e-01 5.882827599999999535e+01 1.921491697054241443e-01
5.430580999999999881e-01 5.823401400000000194e+01 1.898445055379954782e-01
5.478009000000000350e-01 5.804559600000000330e+01 1.882589172786641174e-01
5.525438000000000294e-01 5.796734299999999251e+01 1.869001647014360001e-01
5.572867000000000237e-01 5.760192600000000596e+01 1.851157043956257742e-01
5.620294999999999597e-01 5.714331800000000072e+01 1.832275694210202810e-01
5.667723999999999540e-01 5.676184299999999894e+01 1.815052008370636183e-01
5.715152000000000010e-01 5.649321999999999377e+01 1.800003095627893679e-01
5.762580999999999953e-01 5.582625299999999413e+01 1.778893802452282125e-01
5.810009999999999897e-01 5.579079099999999869e+01 1.768643585615301550e-01
5.857438000000000367e-01 5.562295399999999290e+01 1.760701258902190869e-01
5.904867000000000310e-01 5.538053899999999885e+01 1.752637326816187113e-01
5.952296000000000253e-01 5.489131000000001137e+01 1.740667206366739994e-01
5.999723999999999613e-01 5.431674800000000403e+01 1.729221762592606237e-01
6.047152999999999556e-01 5.436998499999999979e+01 1.725694870188220764e-01
6.094581999999999500e-01 5.395613800000000992e+01 1.713601857569628240e-01
6.142009999999999970e-01 5.351151999999999731e+01 1.704126623248862216e-01
6.189438999999999913e-01 5.337444599999999895e+01 1.696415513390489849e-01
6.236867999999999856e-01 5.298621800000000803e+01 1.686334814413318062e-01
6.284296000000000326e-01 5.264454700000000287e+01 1.677064866064625348e-01
6.331725000000000270e-01 5.257139099999999132e+01 1.672067089893070069e-01
6.379154000000000213e-01 5.237507199999998875e+01 1.665155930934079376e-01
6.426581999999999573e-01 5.207084999999999297e+01 1.656588667796909664e-01
6.474010999999999516e-01 5.173223899999999276e+01 1.647519392302989050e-01
6.521439999999999459e-01 5.138700000000000045e+01 1.638335851336141791e-01
6.568867999999999929e-01 5.113499300000000147e+01 1.630684110797520625e-01
6.616296999999999873e-01 5.105453699999999628e+01 1.625820088538427466e-01
6.663725999999999816e-01 5.061812700000000120e+01 1.615323925803512084e-01
6.711154000000000286e-01 5.038798999999999495e+01 1.608111183259836319e-01
6.758583000000000229e-01 5.001577099999999376e+01 1.598669542262458887e-01
6.806010999999999589e-01 5.004758900000000921e+01 1.595726181425171641e-01
6.853439999999999532e-01 4.958913800000000549e+01 1.585001163935903790e-01
6.900868999999999476e-01 4.946517299999999295e+01 1.579610982446029155e-01
6.948296999999999946e-01 4.892745599999999939e+01 1.567637709060894502e-01
6.995725999999999889e-01 4.889599099999999510e+01 1.563810983614154770e-01
7.043154999999999832e-01 4.855567599999999828e+01 1.555080311934640691e-01
7.090583000000000302e-01 4.838049399999999878e+01 1.548989972815263128e-01
7.138012000000000246e-01 4.804591600000000540e+01 1.540373335043657699e-01
7.185441000000000189e-01 4.782795000000000130e+01 1.533672981918511868e-01
7.232868999999999549e-01 4.751198100000000579e+01 1.525435532056936827e-01
7.280297999999999492e-01 4.736838500000000352e+01 1.519963700168119047e-01
7.327727000000000546e-01 4.710399499999999762e+01 1.512573464419635916e-01
7.375154999999999905e-01 4.690058100000000252e+01 1.506211028619794667e-01
7.422583999999999849e-01 4.676584000000000430e+01 1.500982092939589507e-01
7.470012999999999792e-01 4.635545199999999966e+01 1.491328465180189744e-01
7.517441000000000262e-01 4.615076099999999570e+01 1.484995529282064908e-01
7.564870000000000205e-01 4.582962099999999595e+01 1.476834596034413694e-01
7.612299000000000149e-01 4.564794799999999952e+01 1.470949176925712143e-01
7.659726999999999508e-01 4.555926099999999224e+01 1.466565261715151169e-01
7.707155999999999452e-01 4.538120200000000892e+01 1.460755779177101421e-01
7.754585000000000505e-01 4.513883600000000484e+01 1.453961737340969396e-01
7.802012999999999865e-01 4.490518799999999544e+01 1.448758376516853796e-01
7.849441999999999808e-01 4.437492700000000667e+01 1.436831759313062229e-01
7.896870000000000278e-01 4.430242699999999445e+01 1.431892028319237675e-01
7.944299000000000222e-01 4.389065300000000036e+01 1.422434183018613518e-01
7.991728000000000165e-01 4.370953999999999695e+01 1.416735018940592228e-01
8.039155999999999525e-01 4.338729299999999967e+01 1.408753583904527318e-01
8.086584999999999468e-01 4.330384899999999959e+01 1.404653590893946979e-01
8.134014000000000522e-01 4.316260099999999511e+01 1.399656092252507533e-01
8.181441999999999881e-01 4.307919199999999904e+01 1.396677058111978342e-01
8.228870999999999825e-01 4.292973700000000292e+01 1.390582247837376106e-01
8.276299999999999768e-01 4.263249199999999917e+01 1.383041637654640332e-01
8.323728000000000238e-01 4.253065999999999747e+01 1.378760855620013159e-01
8.371157000000000181e-01 4.247953099999999438e+01 1.375332091024139003e-01
8.418586000000000125e-01 4.229815499999999417e+01 1.369796636666735234e-01
8.466013999999999484e-01 4.194332700000000358e+01 1.361453637046693421e-01
8.513443000000000538e-01 4.168775799999999521e+01 1.354757446032761048e-01
8.560872000000000481e-01 4.152511400000000208e+01 1.349595282265020346e-01
8.608299999999999841e-01 4.125105799999999334e+01 1.342627545723984461e-01
8.655728999999999784e-01 4.106488700000000591e+01 1.337092882341742728e-01
8.703157999999999728e-01 4.087581600000000037e+01 1.331547158810242881e-01
8.750586000000000197e-01 4.093418499999999938e+01 1.330049573295330190e-01
8.798015000000000141e-01 4.065246199999999988e+01 1.323031537646193190e-01
8.845442999999999500e-01 4.050630700000000672e+01 1.318220357562771006e-01
8.892872000000000554e-01 4.027557399999999177e+01 1.312062534888124021e-01
8.940301000000000498e-01 4.021438100000000304e+01 1.308693029095069904e-01
8.987728999999999857e-01 3.998309200000000629e+01 1.302561184855924314e-01
9.035157999999999801e-01 3.978037100000000237e+01 1.296894198220510108e-01
9.082586999999999744e-01 3.961519100000000293e+01 1.291874879419903366e-01
9.130015000000000214e-01 3.943481899999999740e+01 1.286627167806326799e-01
9.177444000000000157e-01 3.926773399999999725e+01 1.281608097890813702e-01
9.224873000000000101e-01 3.902373099999999795e+01 1.275331155166970765e-01
9.272300999999999460e-01 3.895317599999999914e+01 1.271917811499241602e-01
9.319730000000000514e-01 3.880872999999999706e+01 1.267319754914524310e-01
9.367159000000000457e-01 3.872175599999999918e+01 1.263671331882131599e-01
9.414586999999999817e-01 3.829694399999999632e+01 1.254498880193035404e-01
9.462015999999999760e-01 3.819781100000000151e+01 1.250680631311315294e-01
9.509444999999999704e-01 3.810819199999999540e+01 1.247042193177099467e-01
9.556873000000000173e-01 3.784263900000000547e+01 1.240530943709333700e-01
9.604302000000000117e-01 3.788599100000000419e+01 1.239076804920796748e-01
9.651731000000000060e-01 3.769011400000000123e+01 1.233735298558309018e-01
9.699159000000000530e-01 3.742731600000000469e+01 1.227316885817640035e-01
9.746588000000000473e-01 3.728006399999999587e+01 1.222801664788174120e-01
9.794017000000000417e-01 3.708669700000000091e+01 1.217526818659404181e-01
9.841444999999999776e-01 3.703237799999999424e+01 1.214560552415835659e-01
9.888873999999999720e-01 3.686701699999999704e+01 1.209794920670953927e-01
9.936302000000000190e-01 3.677933199999999658e+01 1.206312955187131275e-01
9.983731000000000133e-01 3.663101100000000088e+01 1.201832552210822802e-01
1.003115999999999897e+00 3.632627500000000254e+01 1.194809216680366160e-01
1.007859000000000060e+00 3.625810300000000552e+01 1.191691711038802975e-01
1.012602000000000002e+00 3.625254999999999939e+01 1.189612954873416062e-01
1.017344999999999944e+00 3.593918399999999735e+01 1.182472349694541486e-01
1.022086999999999968e+00 3.580245100000000491e+01 1.178260985791624166e-01
1.026829999999999909e+00 3.559596400000000216e+01 1.172920199504957905e-01
1.031573000000000073e+00 3.563658000000000925e+01 1.171654509488074397e-01
1.036316000000000015e+00 3.536194899999999564e+01 1.165199498577415282e-01
1.041058999999999957e+00 3.545363400000000098e+01 1.164795883065509463e-01
1.045801999999999898e+00 3.525004600000001176e+01 1.159553276016311446e-01
1.050545000000000062e+00 3.506656600000000168e+01 1.154650515064588739e-01
1.055287000000000086e+00 3.505868999999999858e+01 1.152630624640140072e-01
1.060030000000000028e+00 3.498640799999999729e+01 1.149578374558524879e-01
1.064772999999999969e+00 3.475847500000000423e+01 1.143982860928095258e-01
1.069515999999999911e+00 3.467209699999999373e+01 1.140725771114136089e-01
1.074259000000000075e+00 3.464736200000000110e+01 1.138477000770568848e-01
1.079002000000000017e+00 3.444950399999999746e+01 1.133405629312582014e-01
1.083744999999999958e+00 3.446359399999999340e+01 1.132079320141716056e-01
1.088487999999999900e+00 3.415061699999999689e+01 1.125387971604317333e-01
1.093229999999999924e+00 3.406384699999999555e+01 1.121675398869240725e-01
1.097973000000000088e+00 3.395937700000000348e+01 1.118183327282548101e-01
1.102716000000000030e+00 3.382259500000000685e+01 1.114177697662451089e-01
1.107458999999999971e+00 3.394542900000000429e+01 1.114450495996452961e-01
1.112201999999999913e+00 3.355842700000000178e+01 1.106332464029375906e-01
1.116945000000000077e+00 3.370951300000000117e+01 1.107089955303456746e-01
1.121688000000000018e+00 3.353657199999999960e+01 1.102531793028704438e-01
1.126430000000000042e+00 3.333300799999999953e+01 1.097479159274853816e-01
1.131172999999999984e+00 3.340040199999999970e+01 1.096878774508591725e-01
1.135915999999999926e+00 3.320181600000000088e+01 1.091925481140901821e-01
1.140659000000000090e+00 3.311822499999999536e+01 1.088877456858511755e-01
1.145402000000000031e+00 3.296389799999999326e+01 1.084675800962679321e-01
1.150144999999999973e+00 3.284279200000000287e+01 1.081017161053680897e-01
1.154887999999999915e+00 3.283020600000001110e+01 1.079161302499718894e-01
1.159631000000000078e+00 3.266644300000000101e+01 1.074834791024908975e-01
1.164373000000000102e+00 3.254414799999999985e+01 1.071202849874775265e-01
1.169116000000000044e+00 3.223328400000000471e+01 1.065252010386898984e-01
1.173858999999999986e+00 3.225099099999999908e+01 1.063651110684504519e-01
1.178601999999999927e+00 3.235086499999999177e+01 1.063187010190488613e-01
1.183345000000000091e+00 3.217594200000000626e+01 1.058726338927694910e-01
1.188088000000000033e+00 3.218402500000000543e+01 1.057269417459358041e-01
1.192830999999999975e+00 3.186653800000000203e+01 1.050473043723502559e-01
1.197572999999999999e+00 3.203076500000000237e+01 1.051616190545809487e-01
1.202315999999999940e+00 3.202760199999999458e+01 1.050013006837343943e-01
1.207059000000000104e+00 3.197475700000000032e+01 1.050986855922870361e-01
1.211802000000000046e+00 3.186855699999999914e+01 1.083597338190376985e-01
1.216544999999999987e+00 3.156222400000000405e+01 1.100823344709195573e-01
1.221287999999999929e+00 3.163473900000000327e+01 1.118654612070539844e-01
1.226031000000000093e+00 3.141243200000000257e+01 1.128673665088930633e-01
1.230774000000000035e+00 3.138383700000000687e+01 1.140598301168237738e-01
1.235516000000000059e+00 3.140178599999999420e+01 1.152337951410895844e-01
1.240259000000000000e+00 3.117574200000000317e+01 1.158810981075533431e-01
1.245001999999999942e+00 3.119560100000000347e+01 1.169222287998522569e-01
1.249745000000000106e+00 3.100519100000000350e+01 1.175209445001702546e-01
1.254488000000000048e+00 3.094913500000000184e+01 1.183330357126516769e-01
1.259230999999999989e+00 3.072611999999999099e+01 1.185064831947556241e-01
1.263973999999999931e+00 3.055634799999999629e+01 1.184823875790093906e-01
1.268715999999999955e+00 3.066434800000000038e+01 1.189794267972618946e-01
1.273458999999999897e+00 3.087667699999999371e+01 1.174342888442902744e-01
1.278202000000000060e+00 3.094162099999999782e+01 1.132130657965660925e-01
1.282945000000000002e+00 3.074746900000000238e+01 1.107046622178569362e-01
1.287687999999999944e+00 3.050663200000000330e+01 1.087173345998194429e-01
1.292431000000000108e+00 3.055851299999999782e+01 1.075530105111172502e-01
1.297174000000000049e+00 3.058253400000000255e+01 1.065237756452013934e-01
1.301916000000000073e+00 3.036285500000000326e+01 1.051999546320591394e-01
1.306659000000000015e+00 3.030257100000000037e+01 1.042511624012336935e-01
1.311401999999999957e+00 3.000866499999999704e+01 1.029784060461225864e-01
1.316144999999999898e+00 3.021664099999999920e+01 1.026251916370386208e-01
1.320888000000000062e+00 3.026092300000000179e+01 1.021890351492590610e-01
1.325631000000000004e+00 3.008647599999999755e+01 1.016316739194917523e-01
1.330373999999999945e+00 3.003111099999999922e+01 1.012904048020744074e-01
1.335117000000000109e+00 2.987801600000000235e+01 1.007957422964988192e-01
1.339858999999999911e+00 2.962146000000000257e+01 1.001342679414485015e-01
1.344602000000000075e+00 2.979048199999999724e+01 1.001994827577238623e-01
1.349345000000000017e+00 2.967262399999999545e+01 9.978897504377073902e-02
1.354087999999999958e+00 2.956007699999999971e+01 9.939404510981833529e-02
1.358830999999999900e+00 2.960930600000000368e+01 9.927554749686198776e-02
1.363574000000000064e+00 2.937787999999999755e+01 9.869150625348313555e-02
1.368317000000000005e+00 2.921445399999999992e+01 9.822683730281199510e-02
1.373059000000000029e+00 2.936172500000000696e+01 9.828839709387116041e-02
1.377801999999999971e+00 2.947098099999999476e+01 9.828745592475826576e-02
1.382544999999999913e+00 2.933705599999999691e+01 9.788422661837656302e-02
1.387288000000000077e+00 2.934936799999999835e+01 9.772914857905343200e-02
1.392031000000000018e+00 2.922490499999999969e+01 9.734921830487751337e-02
1.396773999999999960e+00 2.914574099999999746e+01 9.704691856337840927e-02
1.401516999999999902e+00 2.928964500000000015e+01 9.711817394521120306e-02
1.406260000000000066e+00 2.910774099999999720e+01 9.665164672466527995e-02
1.411002000000000089e+00 2.915359099999999870e+01 9.656561999732719836e-02
1.415745000000000031e+00 2.879055299999999917e+01 9.580209731880037771e-02
1.420487999999999973e+00 2.887621100000000141e+01 9.578659414240439651e-02
1.425230999999999915e+00 2.875091499999999911e+01 9.542297227487465949e-02
1.429974000000000078e+00 2.879887100000000189e+01 9.534899195797039151e-02
1.434717000000000020e+00 2.874107700000000065e+01 9.510071283320803426e-02
1.439459999999999962e+00 2.863924599999999643e+01 9.478156762543971103e-02
1.444201999999999986e+00 2.863602799999999959e+01 9.462760680627405052e-02
1.448944999999999927e+00 2.869903999999999655e+01 9.458468379153625594e-02
1.453688000000000091e+00 2.856593500000000319e+01 9.421905931071271334e-02
1.458431000000000033e+00 2.847000799999999643e+01 9.391621202891223263e-02
1.463173999999999975e+00 2.845430599999999544e+01 9.377247660486363878e-02
1.467916999999999916e+00 2.839045500000000288e+01 9.352803418065035179e-02
1.472660000000000080e+00 2.841835999999999984e+01 9.340698166523367374e-02
1.477402000000000104e+00 2.826874400000000520e+01 9.302177633877242724e-02
1.482145000000000046e+00 2.841371099999999927e+01 9.312222014610851972e-02
1.486887999999999987e+00 2.831941700000000495e+01 9.283148790334937173e-02
1.491630999999999929e+00 2.833405000000000129e+01 9.271948145673701569e-02
1.496374000000000093e+00 2.818772999999999840e+01 9.234490191063229880e-02
1.501117000000000035e+00 2.818849099999999908e+01 9.225968894089010830e-02
1.505859999999999976e+00 2.827286399999999844e+01 9.405024566478654979e-02
1.510602999999999918e+00 2.828447800000000001e+01 9.671556401712703976e-02
1.515344999999999942e+00 2.818040700000000243e+01 9.813711893995410995e-02
1.520088000000000106e+00 2.806915900000000264e+01 9.923367583620792964e-02
1.524831000000000047e+00 2.795026399999999711e+01 1.001469888626597832e-01
1.529573999999999989e+00 2.791346800000000172e+01 1.008688382918986604e-01
1.534316999999999931e+00 2.799409200000000197e+01 9.820643935635636756e-02
1.539060000000000095e+00 2.794991900000000129e+01 9.660599629438071378e-02
1.543803000000000036e+00 2.788771100000000303e+01 9.548063488471261739e-02
1.548545000000000060e+00 2.786345600000000289e+01 9.444252219854094854e-02
1.553288000000000002e+00 2.788064000000000675e+01 9.363328175100132933e-02
1.558030999999999944e+00 2.783581599999999412e+01 9.277001494008232929e-02
1.562774000000000107e+00 2.766645300000000773e+01 9.156154230117959092e-02
1.567517000000000049e+00 2.771084300000000056e+01 9.079171415267749123e-02
1.572259999999999991e+00 2.754476400000000424e+01 8.998852976005664028e-02
1.577002999999999933e+00 2.768938899999999848e+01 8.986992922166735231e-02
1.581746000000000096e+00 2.747799200000000042e+01 8.935339889467328045e-02
1.586487999999999898e+00 2.747671100000000166e+01 8.937483836705439888e-02
1.591231000000000062e+00 2.740128100000000089e+01 8.936637827853213811e-02
1.595974000000000004e+00 2.742256499999999875e+01 8.951129876798682994e-02
1.600716999999999945e+00 2.749158600000000163e+01 8.970186470091522091e-02
1.605460000000000109e+00 2.734673399999999788e+01 8.934905224562486592e-02
1.610203000000000051e+00 2.719828199999999896e+01 8.895731894236415249e-02
1.614945999999999993e+00 2.720536599999999794e+01 8.882360369169278735e-02
1.619688000000000017e+00 2.725217399999999657e+01 8.875761348457156252e-02
1.624430999999999958e+00 2.716729600000000033e+01 8.847939758548144240e-02
1.629173999999999900e+00 2.727657599999999860e+01 8.851889230426915334e-02
1.633917000000000064e+00 2.721623699999999957e+01 8.828550944141003165e-02
1.638660000000000005e+00 2.725654399999999811e+01 8.821735899770861977e-02
1.643402999999999947e+00 2.716590599999999966e+01 8.793907421112698297e-02
1.648146000000000111e+00 2.708656500000000023e+01 8.768044189840171199e-02
1.652889000000000053e+00 2.712147999999999826e+01 8.760869976480417654e-02
1.657631000000000077e+00 2.699439899999999781e+01 8.727712448127172840e-02
1.662374000000000018e+00 2.694071399999999628e+01 8.706520839132414480e-02
1.667116999999999960e+00 2.703961600000000232e+01 8.710076278221792756e-02
1.671859999999999902e+00 2.700650599999999457e+01 8.692503960770336935e-02
1.676603000000000065e+00 2.704615999999999687e+01 8.686776420973375823e-02
1.681346000000000007e+00 2.688683900000000193e+01 8.649145917835529551e-02
1.686088999999999949e+00 2.687194300000000524e+01 8.634818230874405365e-02
1.690830999999999973e+00 2.680054099999999906e+01 8.611588838535080837e-02
1.695573999999999915e+00 2.692422099999999929e+01 8.619778199052340051e-02
1.700317000000000078e+00 2.677449400000000423e+01 8.584189476793135931e-02
1.705060000000000020e+00 2.669194799999999645e+01 8.559454890208020861e-02
1.709802999999999962e+00 2.679066500000000062e+01 8.563868595249111981e-02
1.714545999999999903e+00 2.654514400000000052e+01 8.513322674007899049e-02
1.719289000000000067e+00 2.678300800000000237e+01 8.540137216676380039e-02
1.724031000000000091e+00 2.669162400000000090e+01 8.514385396826243402e-02
1.728774000000000033e+00 2.659615800000000263e+01 8.488111394562455891e-02
1.733516999999999975e+00 2.657653200000000382e+01 8.474062675468538308e-02
1.738259999999999916e+00 2.649577799999999428e+01 8.450284751253120397e-02
1.743003000000000080e+00 2.652441499999999763e+01 8.443997671390844617e-02
1.747746000000000022e+00 2.662883299999999664e+01 8.449848881768182163e-02
1.752488999999999963e+00 2.660038999999999731e+01 8.434664767289805354e-02
1.757231999999999905e+00 2.646866800000000097e+01 8.403151075047800289e-02
1.761973999999999929e+00 2.648537599999999514e+01 8.395217295180393280e-02
1.766717000000000093e+00 2.660898500000000055e+01 8.404289979301821090e-02
1.771460000000000035e+00 2.643056399999999684e+01 8.365666598262447295e-02
1.776202999999999976e+00 2.639390000000000214e+01 8.353267272565927104e-02
1.780945999999999918e+00 2.642307899999999421e+01 8.347805060504467911e-02
1.785689000000000082e+00 2.639864099999999780e+01 8.329695916088955543e-02
1.790432000000000023e+00 2.631420700000000323e+01 8.306220131621422365e-02
1.795174000000000047e+00 2.625261299999999665e+01 8.286388848197204227e-02
1.799916999999999989e+00 2.630396700000000010e+01 8.284378577672256438e-02
1.804659999999999931e+00 2.642593499999999906e+01 8.293552580738064450e-02
1.809403000000000095e+00 2.621625900000000087e+01 8.250661077085155726e-02
1.814146000000000036e+00 2.617901299999999765e+01 8.234909306956937625e-02
1.818888999999999978e+00 2.624832599999999871e+01 8.235916825138656083e-02
1.823631999999999920e+00 2.622151500000000368e+01 8.221909037706935652e-02
1.828375000000000083e+00 2.627956599999999909e+01 8.221264415394750891e-02
1.833117000000000107e+00 2.635521899999999818e+01 8.223361287736967451e-02
1.837860000000000049e+00 2.612419399999999925e+01 8.177560312720230651e-02
1.842602999999999991e+00 2.608962999999999965e+01 8.162553134003661115e-02
1.847345999999999933e+00 2.605106799999999723e+01 8.147000715511137914e-02
1.852089000000000096e+00 2.604497699999999938e+01 8.143251295613811169e-02
1.856832000000000038e+00 2.616530300000000153e+01 8.146398647189688480e-02
1.861574999999999980e+00 2.605626799999999932e+01 8.119415853110802106e-02
1.866317000000000004e+00 2.593905099999999919e+01 8.091791677671207605e-02
1.871059999999999945e+00 2.594687300000000008e+01 8.083717291002202876e-02
1.875803000000000109e+00 2.608536099999999891e+01 8.095908124537790074e-02
1.880546000000000051e+00 2.595169800000000038e+01 8.065904030882836695e-02
1.885288999999999993e+00 2.603176700000000210e+01 8.069159571426134936e-02
1.890031999999999934e+00 2.597682200000000563e+01 8.051470215934043717e-02
1.894775000000000098e+00 2.589620099999999780e+01 8.029806312456608253e-02
1.899516999999999900e+00 2.589551499999999962e+01 8.020654905548860181e-02
1.904260000000000064e+00 2.597804100000000105e+01 8.024376598070469269e-02
1.909003000000000005e+00 2.590620099999999937e+01 8.004297278867708587e-02
1.913745999999999947e+00 2.582345600000000019e+01 7.982498059034652538e-02
1.918489000000000111e+00 2.579918099999999725e+01 7.969844939889295099e-02
1.923232000000000053e+00 2.588248600000000010e+01 7.973835526426915898e-02
1.927974999999999994e+00 2.584431700000000021e+01 7.958895393344354863e-02
1.932717999999999936e+00 2.580917499999999265e+01 7.938407102500602552e-02
1.937459999999999960e+00 2.574782300000000035e+01 7.910465113904996404e-02
1.942202999999999902e+00 2.587666600000000017e+01 7.908618539364822841e-02
1.946946000000000065e+00 2.588860700000000037e+01 7.891216192093902793e-02
1.951689000000000007e+00 2.572773299999999352e+01 7.851156613426710229e-02
1.956431999999999949e+00 2.568367099999999681e+01 7.835966054073997822e-02
1.961174999999999891e+00 2.564655700000000138e+01 7.822058095748778139e-02
1.965918000000000054e+00 2.563566499999999948e+01 7.812287450719795912e-02
1.970660000000000078e+00 2.581176599999999866e+01 7.835381513570158218e-02
1.975403000000000020e+00 2.568170299999999884e+01 7.813509994244136059e-02
1.980145999999999962e+00 2.571784999999999854e+01 7.821164184722566304e-02
1.984888999999999903e+00 2.573000499999999846e+01 7.825085243513645039e-02
1.989632000000000067e+00 2.576573300000000089e+01 7.832575571489176769e-02
1.994375000000000009e+00 2.554366599999999465e+01 7.795897416943735336e-02
1.999117999999999951e+00 2.562344699999999875e+01 7.796837752952347211e-02
2.003861000000000114e+00 2.568639499999999742e+01 7.798124442721082739e-02
2.008602999999999916e+00 2.558455099999999760e+01 7.774331911686818697e-02
2.013345999999999858e+00 2.577765300000000437e+01 7.864562318383394590e-02
2.018088999999999800e+00 2.569252200000000386e+01 8.080686437840724212e-02
2.022832000000000185e+00 2.568369400000000269e+01 8.213016925855504136e-02
2.027575000000000127e+00 2.561885099999999937e+01 8.306387424140473930e-02
2.032318000000000069e+00 2.546504999999999797e+01 8.370206779062151770e-02
2.037061000000000011e+00 2.540750999999999493e+01 8.440328364949138684e-02
2.041802999999999813e+00 2.544424399999999764e+01 8.518006340553697930e-02
2.046546000000000198e+00 2.551247899999999902e+01 8.568411551661078707e-02
2.051289000000000140e+00 2.537147200000000069e+01 8.570958114344393031e-02
2.056032000000000082e+00 2.537126400000000004e+01 8.595209048069336888e-02
2.060775000000000023e+00 2.546674100000000251e+01 8.634128226060175382e-02
2.065517999999999965e+00 2.536635799999999819e+01 8.638386517096581507e-02
2.070260999999999907e+00 2.542230100000000093e+01 8.668095702162384453e-02
2.075003000000000153e+00 2.538836800000000338e+01 8.681436933911804155e-02
2.079746000000000095e+00 2.542859899999999840e+01 8.479512014566285838e-02
2.084489000000000036e+00 2.543988300000000180e+01 8.265932337312772993e-02
2.089231999999999978e+00 2.532386800000000093e+01 8.129131676837571263e-02
2.093974999999999920e+00 2.543177200000000227e+01 8.057127905842068061e-02
2.098717999999999861e+00 2.539011399999999696e+01 7.977004494036907256e-02
2.103460999999999803e+00 2.542907899999999799e+01 7.919712268166691216e-02
2.108204000000000189e+00 2.530077700000000007e+01 7.855805549656699749e-02
2.112945999999999991e+00 2.518896600000000063e+01 7.817581656788370748e-02
2.117688999999999933e+00 2.541334399999999860e+01 7.833321513448046614e-02
2.122431999999999874e+00 2.543240000000000123e+01 7.818521069128227252e-02
2.127174999999999816e+00 2.530981600000000142e+01 7.783135545763095187e-02
2.131918000000000202e+00 2.529417900000000330e+01 7.765093806821268818e-02
2.136661000000000143e+00 2.526571599999999762e+01 7.745850655675398655e-02
2.141404000000000085e+00 2.521241099999999946e+01 7.723424273434678633e-02
2.146145999999999887e+00 2.530139100000000241e+01 7.723381751354066460e-02
2.150888999999999829e+00 2.521055499999999938e+01 7.696341925512145687e-02
2.155632000000000215e+00 2.534349499999999722e+01 7.703901682303454512e-02
2.160375000000000156e+00 2.539704799999999807e+01 7.699619979086370913e-02
2.165118000000000098e+00 2.522561400000000020e+01 7.661606222435671243e-02
2.169861000000000040e+00 2.527633499999999600e+01 7.657633195322624542e-02
2.174603999999999981e+00 2.514684600000000003e+01 7.626625510989050449e-02
2.179346999999999923e+00 2.529568199999999933e+01 7.637971461674689100e-02
2.184089000000000169e+00 2.504626100000000122e+01 7.589374560524206337e-02
2.188832000000000111e+00 2.505284500000000136e+01 7.579714539983284372e-02
2.193575000000000053e+00 2.513079799999999864e+01 7.581039579549232743e-02
2.198317999999999994e+00 2.515994099999999989e+01 7.575100008942389773e-02
2.203060999999999936e+00 2.516936600000000013e+01 7.566373808481113850e-02
2.207803999999999878e+00 2.506501799999999847e+01 7.540756647524703149e-02
2.212546999999999819e+00 2.516295200000000065e+01 7.545672344749274063e-02
2.217289000000000065e+00 2.508247000000000071e+01 7.523889881087973686e-02
2.222032000000000007e+00 2.520475499999999869e+01 7.532652538011692933e-02
2.226774999999999949e+00 2.511248199999999997e+01 7.509434682601480449e-02
2.231517999999999891e+00 2.506321799999999911e+01 7.492776753427730918e-02
2.236260999999999832e+00 2.497515399999999985e+01 7.470396015536190371e-02
2.241004000000000218e+00 2.505842799999999926e+01 7.473761874589396337e-02
2.245747000000000160e+00 2.506306000000000012e+01 7.465478378222992206e-02
2.250490000000000101e+00 2.510978700000000075e+01 7.463542982457795072e-02
2.255231999999999903e+00 2.517479700000000165e+01 7.464338004568991936e-02
2.259974999999999845e+00 2.505790300000000315e+01 7.438262674585512102e-02
2.264717999999999787e+00 2.511158700000000010e+01 7.437603149563842830e-02
2.269461000000000173e+00 2.506458900000000156e+01 7.422080827491574218e-02
2.274204000000000114e+00 2.495001599999999797e+01 7.396595039244002745e-02
2.278947000000000056e+00 2.498515900000000300e+01 7.393399732500806343e-02
2.283689999999999998e+00 2.492816499999999991e+01 7.376636225581820194e-02
2.288431999999999800e+00 2.506814100000000067e+01 7.389062938005670766e-02
2.293175000000000185e+00 2.491368100000000041e+01 7.358042495133471084e-02
2.297918000000000127e+00 2.494970799999999755e+01 7.355217335782675281e-02
2.302661000000000069e+00 2.493562700000000021e+01 7.345065619102868204e-02
2.307404000000000011e+00 2.507610799999999784e+01 7.357704825638494706e-02
2.312146999999999952e+00 2.486528200000000055e+01 7.318722043274221434e-02
2.316889999999999894e+00 2.496540799999999649e+01 7.325503399143980243e-02
2.321632000000000140e+00 2.497111899999999807e+01 7.318496723452501407e-02
2.326375000000000082e+00 2.508347700000000202e+01 7.327135358319716851e-02
2.331118000000000023e+00 2.508297599999999861e+01 7.319244531643274987e-02
2.335860999999999965e+00 2.488338099999999642e+01 7.282365949485028467e-02
2.340603999999999907e+00 2.484591999999999956e+01 7.269206659340068932e-02
2.345346999999999849e+00 2.487638199999999955e+01 7.266081125114555450e-02
2.350089999999999790e+00 2.484648800000000080e+01 7.254142026049256731e-02
2.354833000000000176e+00 2.488336600000000232e+01 7.251960024170499286e-02
2.359574999999999978e+00 2.493943299999999752e+01 7.252666979787572576e-02
2.364317999999999920e+00 2.489015799999999956e+01 7.238040864417802367e-02
2.369060999999999861e+00 2.485987099999999828e+01 7.226216492349021858e-02
2.373803999999999803e+00 2.488174799999999820e+01 7.222034085822774674e-02
2.378547000000000189e+00 2.504819099999999921e+01 7.238784520328740701e-02
2.383290000000000131e+00 2.484386599999999845e+01 7.201935820822899514e-02
2.388033000000000072e+00 2.473780599999999907e+01 7.179288014463133805e-02
2.392774999999999874e+00 2.485956799999999944e+01 7.189707957063137811e-02
2.397517999999999816e+00 2.493427700000000158e+01 7.193328354724674856e-02
2.402261000000000202e+00 2.492481300000000033e+01 7.184847252483311797e-02
2.407004000000000143e+00 2.484351900000000057e+01 7.165959121629847384e-02
2.411747000000000085e+00 2.482735300000000223e+01 7.156559115965577256e-02
2.416490000000000027e+00 2.474182499999999862e+01 7.137205305116002541e-02
2.421232999999999969e+00 2.477682599999999979e+01 7.135240817552340742e-02
2.425975999999999910e+00 2.491400399999999848e+01 7.147958199854627381e-02
2.430718000000000156e+00 2.483777799999999658e+01 7.130056437971651895e-02
2.435461000000000098e+00 2.489040899999999823e+01 7.130710009057933396e-02
2.440204000000000040e+00 2.491541499999999942e+01 7.129912756034396948e-02
2.444946999999999981e+00 2.482244899999999888e+01 7.107216427522591862e-02
2.449689999999999923e+00 2.475714599999999876e+01 7.091013045934550785e-02
2.454432999999999865e+00 2.467857999999999663e+01 7.072981570562304754e-02
2.459175999999999807e+00 2.483433600000000041e+01 7.088499227227298971e-02
2.463918000000000053e+00 2.473331800000000058e+01 7.067296052192803546e-02
2.468660999999999994e+00 2.477695500000000095e+01 7.066828739675951043e-02
2.473403999999999936e+00 2.470466300000000004e+01 7.049827190661910048e-02
2.478146999999999878e+00 2.473311500000000152e+01 7.047245438511064164e-02
2.482889999999999819e+00 2.481231700000000018e+01 7.051872356019214805e-02
2.487633000000000205e+00 2.470323199999999630e+01 7.029753224586407501e-02
2.492376000000000147e+00 2.476659000000000077e+01 7.032175976242772963e-02
2.497117999999999949e+00 2.477349699999999899e+01 7.026592234050442476e-02
2.501860999999999891e+00 2.470872399999999658e+01 7.010876720938616358e-02
2.506603999999999832e+00 2.466704900000000222e+01 6.998468295290191654e-02
2.511347000000000218e+00 2.471883799999999809e+01 6.999168786205614556e-02
2.516090000000000160e+00 2.463417799999999858e+01 6.975352979963737876e-02
2.520833000000000101e+00 2.474010000000000176e+01 6.976014954416309699e-02
2.525576000000000043e+00 2.482669400000000337e+01 6.974010090614939095e-02
2.530318999999999985e+00 2.476408900000000202e+01 6.953810026810122724e-02
2.535060999999999787e+00 2.473875500000000471e+01 6.943896538519347961e-02
2.539804000000000173e+00 2.471158000000000499e+01 6.933802052025642149e-02
2.544547000000000114e+00 2.480266100000000407e+01 6.940359273004605145e-02
2.549290000000000056e+00 2.464943900000000099e+01 6.912677639738887270e-02
2.554032999999999998e+00 2.468657100000000071e+01 6.911723267452626884e-02
2.558775999999999939e+00 2.474230200000000224e+01 6.913341834600253422e-02
2.563518999999999881e+00 2.468053600000000003e+01 6.898810030626296996e-02
2.568261000000000127e+00 2.464347499999999513e+01 6.893050944761543175e-02
2.573004000000000069e+00 2.475343300000000468e+01 6.909997123604104396e-02
2.577747000000000011e+00 2.478886899999999827e+01 6.916476461701796807e-02
2.582489999999999952e+00 2.467768699999999882e+01 6.899058904109459101e-02
2.587232999999999894e+00 2.460251199999999727e+01 6.882460394654152380e-02
2.591975999999999836e+00 2.462423100000000176e+01 6.879392545960580363e-02
2.596719000000000221e+00 2.469494100000000003e+01 6.883162192056350992e-02
2.601462000000000163e+00 2.476119500000000073e+01 6.886313813148874086e-02
2.606203999999999965e+00 2.466073600000000354e+01 6.866315782396045786e-02
2.610946999999999907e+00 2.469318799999999925e+01 6.864784381183650086e-02
2.615689999999999849e+00 2.461522899999999936e+01 6.847939203882873194e-02
2.620432999999999790e+00 2.470038999999999874e+01 6.853788243960634574e-02
2.625176000000000176e+00 2.467637900000000073e+01 6.844485933919289278e-02
2.629919000000000118e+00 2.467207099999999542e+01 6.837936968262577075e-02
2.634662000000000059e+00 2.462758499999999628e+01 6.827301312600463079e-02
2.639403999999999861e+00 2.464744299999999910e+01 6.825340893742377901e-02
2.644146999999999803e+00 2.463113000000000241e+01 6.814927724179913049e-02
2.648890000000000189e+00 2.461518299999999826e+01 6.806451560777759813e-02
2.653633000000000131e+00 2.468277600000000049e+01 6.810951548199707661e-02
2.658376000000000072e+00 2.462111000000000161e+01 6.796757479070517083e-02
2.663119000000000014e+00 2.472330600000000089e+01 6.803860743362624697e-02
2.667861999999999956e+00 2.458294600000000329e+01 6.778683120028991538e-02
2.672604999999999897e+00 2.462785000000000224e+01 6.779070728826701309e-02
2.677347000000000143e+00 2.465965500000000077e+01 6.777692561939055449e-02
2.682090000000000085e+00 2.465865900000000011e+01 6.771795336835720325e-02
2.686833000000000027e+00 2.472376999999999825e+01 6.775005160113090064e-02
2.691575999999999969e+00 2.468310200000000165e+01 6.763685183731055206e-02
2.696318999999999910e+00 2.463635699999999673e+01 6.751576407316442485e-02
2.701061999999999852e+00 2.464100099999999927e+01 6.746532905715793560e-02
2.705804999999999794e+00 2.470575200000000038e+01 6.749715728227967393e-02
2.710547000000000040e+00 2.471592700000000065e+01 6.745418419828157208e-02
2.715289999999999981e+00 2.467331000000000074e+01 6.733973681178001547e-02
2.720032999999999923e+00 2.460159100000000620e+01 6.718579226733803478e-02
2.724775999999999865e+00 2.463614199999999954e+01 6.717686209109278994e-02
2.729518999999999807e+00 2.463001799999999974e+01 6.711243580927010732e-02
2.734262000000000192e+00 2.448703000000000429e+01 6.686185967419168430e-02
2.739005000000000134e+00 2.451904499999999842e+01 6.685007738006067124e-02
2.743746999999999936e+00 2.449964999999999904e+01 6.676818864228457884e-02
2.748489999999999878e+00 2.461321300000000178e+01 6.686759671566940011e-02
2.753232999999999819e+00 2.446491400000000027e+01 6.661089038926742978e-02
2.757976000000000205e+00 2.462839699999999965e+01 6.677833647105324566e-02
2.762719000000000147e+00 2.460139799999999966e+01 6.668677652720064741e-02
2.767462000000000089e+00 2.461980299999999744e+01 6.665692798397553076e-02
2.772205000000000030e+00 2.452780399999999972e+01 6.647818072979133630e-02
2.776947999999999972e+00 2.463188099999999991e+01 6.656461804733126986e-02
2.781690000000000218e+00 2.454326900000000222e+01 6.639071304925636685e-02
2.786433000000000160e+00 2.451341800000000148e+01 6.629621950457431634e-02
2.791176000000000101e+00 2.452901899999999813e+01 6.626349198244535499e-02
2.795919000000000043e+00 2.450160400000000038e+01 6.617288013973246508e-02
2.800661999999999985e+00 2.454774799999999857e+01 6.619664789110549230e-02
2.805404999999999927e+00 2.454741300000000237e+01 6.613319260878988692e-02
2.810147999999999868e+00 2.453556999999999988e+01 6.609562105732194603e-02
2.814890000000000114e+00 2.464453799999999717e+01 6.619738868385066644e-02
2.819633000000000056e+00 2.467904100000000511e+01 6.747128363277594965e-02
2.824375999999999998e+00 2.461247500000000343e+01 6.879477248134700795e-02
2.829118999999999939e+00 2.458420700000000281e+01 6.964375500218307480e-02
2.833861999999999881e+00 2.451687800000000195e+01 7.027441054905973761e-02
2.838604999999999823e+00 2.455390500000000031e+01 7.094289122661832925e-02
2.843348000000000209e+00 2.459975299999999976e+01 7.130847358790118329e-02
2.848091000000000150e+00 2.443667200000000150e+01 7.128735003362868250e-02
2.852832999999999952e+00 2.443923899999999705e+01 7.149918365919152863e-02
2.857575999999999894e+00 2.448431899999999573e+01 7.175725231627810841e-02
2.862318999999999836e+00 2.446042599999999823e+01 7.190112331305262283e-02
2.867062000000000221e+00 2.446189799999999792e+01 7.207176143477971031e-02
2.871805000000000163e+00 2.442132699999999801e+01 7.217098076149097707e-02
2.876548000000000105e+00 2.447969900000000365e+01 7.240796087478365561e-02
2.881291000000000047e+00 2.443778699999999660e+01 7.215044663608465025e-02
2.886032999999999848e+00 2.478088600000000241e+01 7.058359898123076070e-02
2.890775999999999790e+00 2.464170399999999717e+01 6.927878658374871101e-02
2.895519000000000176e+00 2.465326200000000156e+01 6.854651395628008625e-02
2.900262000000000118e+00 2.460278600000000182e+01 6.788414519329384611e-02
2.905005000000000059e+00 2.453895200000000187e+01 6.743069130337757400e-02
2.909748000000000001e+00 2.462114899999999906e+01 6.736661222182246944e-02
2.914490999999999943e+00 2.446958299999999653e+01 6.700167155319260159e-02
2.919233000000000189e+00 2.462372999999999834e+01 6.706932746395105616e-02
2.923976000000000131e+00 2.453990900000000153e+01 6.682345913894835454e-02
2.928719000000000072e+00 2.463448599999999544e+01 6.682978734719347003e-02
2.933462000000000014e+00 2.454960800000000276e+01 6.659956638208840152e-02
2.938204999999999956e+00 2.457310299999999970e+01 6.652247287333507009e-02
2.942947999999999897e+00 2.438871900000000181e+01 6.616967472322424215e-02
2.947690999999999839e+00 2.446257199999999798e+01 6.617115750486235459e-02
2.952433999999999781e+00 2.447393400000000341e+01 6.609936886652398313e-02
2.957176000000000027e+00 2.450658499999999762e+01 6.605819243171735800e-02
2.961918999999999969e+00 2.441786700000000110e+01 6.583715071810368469e-02
2.966661999999999910e+00 2.461035400000000095e+01 6.601067051252622331e-02
2.971404999999999852e+00 2.456861500000000120e+01 6.587142200804989300e-02
2.976147999999999794e+00 2.451238599999999579e+01 6.571505647155452545e-02
2.980891000000000179e+00 2.453970799999999741e+01 6.567295528253087877e-02
2.985634000000000121e+00 2.448690100000000314e+01 6.552520851636796373e-02
2.990375999999999923e+00 2.454994299999999896e+01 6.555095851990876132e-02
2.995118999999999865e+00 2.456339300000000136e+01 6.548088709397423268e-02
2.999861999999999806e+00 2.459235100000000074e+01 6.544397798902355790e-02
3.004605000000000192e+00 2.453890999999999778e+01 6.530159968256750436e-02
3.009348000000000134e+00 2.451035000000000252e+01 6.519359848561974424e-02
3.014091000000000076e+00 2.448356299999999663e+01 6.510886415406738625e-02
3.018834000000000017e+00 2.462931700000000390e+01 6.521435855207577403e-02
3.023576999999999959e+00 2.465398899999999927e+01 6.518011984660124214e-02
3.028319000000000205e+00 2.455660299999999907e+01 6.498506295172760960e-02
3.033062000000000147e+00 2.444683600000000112e+01 6.477448405743344018e-02
3.037805000000000089e+00 2.448382800000000259e+01 6.475930313790753678e-02
3.042548000000000030e+00 2.447599299999999545e+01 6.468548663620302119e-02
3.047290999999999972e+00 2.451767399999999597e+01 6.467764002839235249e-02
3.052033999999999914e+00 2.444132099999999497e+01 6.451478218034298329e-02
3.056776999999999855e+00 2.445970799999999912e+01 6.447763346988473476e-02
3.061519000000000101e+00 2.450797299999999979e+01 6.448014997068710064e-02
3.066262000000000043e+00 2.451940400000000153e+01 6.443503445062088997e-02
3.071004999999999985e+00 2.434277999999999764e+01 6.415599926831629107e-02
3.075747999999999927e+00 2.445088600000000056e+01 6.424192719765417503e-02
3.080490999999999868e+00 2.444393799999999928e+01 6.416737701862684773e-02
3.085233999999999810e+00 2.443991800000000225e+01 6.409462339655254415e-02
3.089977000000000196e+00 2.450104999999999933e+01 6.413514707928953673e-02
3.094720000000000137e+00 2.455351399999999984e+01 6.412898172010841891e-02
3.099461999999999939e+00 2.458358400000000543e+01 6.411052673370029598e-02
3.104204999999999881e+00 2.457299599999999984e+01 6.403998678440604719e-02
3.108947999999999823e+00 2.456718599999999952e+01 6.397602272091475195e-02
3.113691000000000209e+00 2.449014500000000183e+01 6.382037745894801606e-02
3.118434000000000150e+00 2.457710200000000000e+01 6.387822287859767911e-02
3.123177000000000092e+00 2.445562000000000324e+01 6.366506014466569163e-02
3.127920000000000034e+00 2.447258699999999720e+01 6.363236766936933297e-02
3.132661999999999836e+00 2.445159600000000211e+01 6.355090657684200894e-02
3.137405000000000221e+00 2.447014599999999973e+01 6.352125512809235486e-02
3.142148000000000163e+00 2.443599999999999994e+01 6.342297203183558385e-02
3.146891000000000105e+00 2.441641299999999859e+01 6.335231919770104025e-02
3.151634000000000047e+00 2.449404799999999938e+01 6.340216000742088243e-02
3.156376999999999988e+00 2.442331799999999831e+01 6.324786000496300520e-02
3.161119999999999930e+00 2.449904599999999988e+01 6.329367448559689024e-02
3.165862000000000176e+00 2.451106599999999958e+01 6.330111644390326586e-02
3.170605000000000118e+00 2.439088300000000231e+01 6.307736083816918582e-02
3.175348000000000059e+00 2.452197599999999866e+01 6.316707752492432826e-02
3.180091000000000001e+00 2.443011299999999864e+01 6.299703131618267227e-02
3.184833999999999943e+00 2.442886800000000136e+01 6.294430041945339727e-02
3.189576999999999884e+00 2.443280100000000132e+01 6.289842679466474407e-02
3.194319999999999826e+00 2.454080699999999737e+01 6.296841509014419747e-02
3.199063000000000212e+00 2.442590299999999814e+01 6.270566557015960774e-02
3.203805000000000014e+00 2.438248400000000160e+01 6.253387318765087077e-02
3.208547999999999956e+00 2.440986799999999945e+01 6.249191962576121362e-02
3.213290999999999897e+00 2.446197199999999938e+01 6.250925333486555269e-02
3.218033999999999839e+00 2.444457999999999842e+01 6.243783945134873115e-02
3.222776999999999781e+00 2.446511100000000027e+01 6.241518326043512394e-02
3.227520000000000167e+00 2.447132699999999517e+01 6.237437537286846106e-02
3.232263000000000108e+00 2.443508500000000083e+01 6.227984673309496649e-02
3.237004999999999910e+00 2.435996700000000104e+01 6.213597839453804950e-02
3.241747999999999852e+00 2.446429900000000046e+01 6.222048746807436886e-02
3.246490999999999794e+00 2.447780399999999901e+01 6.218977541441760015e-02
3.251234000000000179e+00 2.448049300000000272e+01 6.216293288921299898e-02
3.255977000000000121e+00 2.448890399999999801e+01 6.218952005345594614e-02
3.260720000000000063e+00 2.451171799999999479e+01 6.223631877220727610e-02
3.265463000000000005e+00 2.449577299999999624e+01 6.219365712197507529e-02
3.270205999999999946e+00 2.436300600000000216e+01 6.197774833613674261e-02
3.274948000000000192e+00 2.440308600000000183e+01 6.198130145475973241e-02
3.279691000000000134e+00 2.442377300000000062e+01 6.196041020575154823e-02
3.284434000000000076e+00 2.443712500000000176e+01 6.193062819131176650e-02
3.289177000000000017e+00 2.442354399999999970e+01 6.186664541364110537e-02
3.293919999999999959e+00 2.441732700000000023e+01 6.181185508938961265e-02
3.298662999999999901e+00 2.445395199999999747e+01 6.181184613427105623e-02
3.303405999999999842e+00 2.446439600000000070e+01 6.177886164517602113e-02
3.308148000000000089e+00 2.444603100000000140e+01 6.170962431781205210e-02
3.312891000000000030e+00 2.452227299999999843e+01 6.175944208710032468e-02
3.317633999999999972e+00 2.450248199999999699e+01 6.168856119920450298e-02
3.322376999999999914e+00 2.452580599999999933e+01 6.167319029931726121e-02
3.327119999999999855e+00 2.438748700000000014e+01 6.146880079017484622e-02
3.331862999999999797e+00 2.445679000000000158e+01 6.149442241909016532e-02
3.336606000000000183e+00 2.456367900000000049e+01 6.158343532636434414e-02
3.341347999999999985e+00 2.446329000000000065e+01 6.141234098633759075e-02
3.346090999999999926e+00 2.443628000000000355e+01 6.133338500562316581e-02
3.350833999999999868e+00 2.432997199999999793e+01 6.115481755021839883e-02
3.355576999999999810e+00 2.440350600000000014e+01 6.120262273340579956e-02
3.360320000000000196e+00 2.440816000000000230e+01 6.116410519883537511e-02
3.365063000000000137e+00 2.440161999999999765e+01 6.111155736831537511e-02
3.369806000000000079e+00 2.445868400000000165e+01 6.113848000527082049e-02
3.374549000000000021e+00 2.452640500000000401e+01 6.117854387479241401e-02
3.379290999999999823e+00 2.450420100000000190e+01 6.178693154902741014e-02
3.384034000000000209e+00 2.452427899999999994e+01 6.326263791244797485e-02
3.388777000000000150e+00 2.433580700000000618e+01 6.385204934674532096e-02
3.393520000000000092e+00 2.451154799999999767e+01 6.474255261788572358e-02
3.398263000000000034e+00 2.437312700000000021e+01 6.494995001264126933e-02
3.403005999999999975e+00 2.439392800000000250e+01 6.515273977954341711e-02
3.407748999999999917e+00 2.444253299999999740e+01 6.518413182718243992e-02
3.412491000000000163e+00 2.432179299999999955e+01 6.505894003196102671e-02
3.417234000000000105e+00 2.443408999999999764e+01 6.538252530237571858e-02
3.421977000000000046e+00 2.447426700000000110e+01 6.559449314878573745e-02
3.426719999999999988e+00 2.443542800000000170e+01 6.567604081335749744e-02
3.431462999999999930e+00 2.440824199999999777e+01 6.577635391423272693e-02
3.436205999999999872e+00 2.444477900000000048e+01 6.596793858392195620e-02
3.440948999999999813e+00 2.441560899999999634e+01 6.604808264970830900e-02
3.445692000000000199e+00 2.444773700000000005e+01 6.622193144715880775e-02
3.450434000000000001e+00 2.441441800000000129e+01 6.626914623997957887e-02
3.455176999999999943e+00 2.438368399999999880e+01 6.633587569369835124e-02
3.459919999999999884e+00 2.440617399999999648e+01 6.647060290362724611e-02
3.464662999999999826e+00 2.436547200000000046e+01 6.651544332496853174e-02
3.469406000000000212e+00 2.439754599999999840e+01 6.665670481938332226e-02
3.474149000000000154e+00 2.447188299999999828e+01 6.685213268768544492e-02
3.478892000000000095e+00 2.447365399999999980e+01 6.694584265852659977e-02
3.483633999999999897e+00 2.433550599999999520e+01 6.684444445561950332e-02
3.488376999999999839e+00 2.437789599999999979e+01 6.698847866536006279e-02
3.493119999999999781e+00 2.431880699999999962e+01 6.699040258308797124e-02
3.497863000000000167e+00 2.428607500000000030e+01 6.702639558218985438e-02
3.502606000000000108e+00 2.435574599999999990e+01 6.720118806987120108e-02
3.507349000000000050e+00 2.435942100000000465e+01 6.728301688887099175e-02
3.512091999999999992e+00 2.432712200000000280e+01 6.731359221504079615e-02
3.516833999999999794e+00 2.442575000000000074e+01 6.752330934196797141e-02
3.521577000000000179e+00 2.453907799999999639e+01 6.775125077113558492e-02
3.526320000000000121e+00 2.438537900000000036e+01 6.760886812745869889e-02
3.531063000000000063e+00 2.451652700000000351e+01 6.785925773478809764e-02
3.535806000000000004e+00 2.444908500000000018e+01 6.783316397826950894e-02
3.540548999999999946e+00 2.435721799999999959e+01 6.777044644930192707e-02
3.545291999999999888e+00 2.445931499999999659e+01 6.797705285134904296e-02
3.550034999999999830e+00 2.443997600000000148e+01 6.801341619242706749e-02
3.554777000000000076e+00 2.446031899999999837e+01 6.810339492301026310e-02
3.559520000000000017e+00 2.433807900000000046e+01 6.799362496877923989e-02
3.564262999999999959e+00 2.444539599999999879e+01 6.820281613817937016e-02
3.569005999999999901e+00 2.432160799999999767e+01 6.810130879996213749e-02
3.573748999999999842e+00 2.440214799999999684e+01 6.829113917765614050e-02
3.578491999999999784e+00 2.449435100000000176e+01 6.844342771914116441e-02
3.583235000000000170e+00 2.440448199999999446e+01 6.837349743981582795e-02
3.587976999999999972e+00 2.435289300000000168e+01 6.833223440711710950e-02
3.592719999999999914e+00 2.436603000000000208e+01 6.829740346760557190e-02
3.597462999999999855e+00 2.435242099999999965e+01 6.821747611872121253e-02
3.602205999999999797e+00 2.441816500000000190e+01 6.824912726785375972e-02
3.606949000000000183e+00 2.438243499999999742e+01 6.813893530361184170e-02
3.611692000000000125e+00 2.441286099999999948e+01 6.817215969321493985e-02
3.616435000000000066e+00 2.454611900000000446e+01 6.842626273375010393e-02
3.621178000000000008e+00 2.476752399999999810e+01 6.956527459628905619e-02
3.625919999999999810e+00 2.445787600000000594e+01 7.160064968561738463e-02
3.630663000000000196e+00 2.448400600000000082e+01 7.303366214379161669e-02
3.635406000000000137e+00 2.438007900000000205e+01 7.391879784572323586e-02
3.640149000000000079e+00 2.425654799999999867e+01 7.449582574600807638e-02
3.644892000000000021e+00 2.432988300000000237e+01 7.511828606735113101e-02
3.649634999999999962e+00 2.448061899999999724e+01 7.583659746630316834e-02
3.654377999999999904e+00 2.437215800000000243e+01 7.608914301726298068e-02
3.659120000000000150e+00 2.430160800000000165e+01 7.640280941627343447e-02
3.663863000000000092e+00 2.446031899999999837e+01 7.706183663489210578e-02
3.668606000000000034e+00 2.432659900000000164e+01 7.724652613941418444e-02
3.673348999999999975e+00 2.436840400000000173e+01 7.769844273957425551e-02
3.678091999999999917e+00 2.434642199999999690e+01 7.803919712661516739e-02
3.682834999999999859e+00 2.432600000000000051e+01 7.837446973199307942e-02
3.687577999999999800e+00 2.435095700000000463e+01 7.877632927843933319e-02
3.692321000000000186e+00 2.427933799999999920e+01 7.901550059742327992e-02
3.697062999999999988e+00 2.433296500000000151e+01 7.945276958270429402e-02
3.701805999999999930e+00 2.441531300000000115e+01 7.993311885799027350e-02
3.706548999999999872e+00 2.442660799999999810e+01 8.029398566959358718e-02
3.711291999999999813e+00 2.431253399999999942e+01 8.044390769376821848e-02
3.716035000000000199e+00 2.431309999999999860e+01 8.077921428644871393e-02
3.720778000000000141e+00 2.429781600000000097e+01 8.108535164183047761e-02
3.725521000000000083e+00 2.448324300000000520e+01 8.172377628760373047e-02
3.730262999999999884e+00 2.434356799999999765e+01 8.181770478477137787e-02
3.735005999999999826e+00 2.431650099999999881e+01 8.209637637844072189e-02
3.739749000000000212e+00 2.436313799999999929e+01 8.249826242684872579e-02
3.744492000000000154e+00 2.445601800000000026e+01 8.297752992946945405e-02
3.749235000000000095e+00 2.437881300000000095e+01 8.316631959729371693e-02
3.753978000000000037e+00 2.433460299999999776e+01 8.340971412774474125e-02
3.758720999999999979e+00 2.426159200000000027e+01 8.360109998606776727e-02
3.763462999999999781e+00 2.443708600000000075e+01 8.422006585533342582e-02
3.768206000000000166e+00 2.440917900000000174e+01 8.448780376058014074e-02
3.772949000000000108e+00 2.419010399999999805e+01 8.442161228027215969e-02
3.777692000000000050e+00 2.430637000000000114e+01 8.493780152598312538e-02
3.782434999999999992e+00 2.454941799999999574e+01 8.567661065317008773e-02
3.787177999999999933e+00 2.430430599999999686e+01 8.556059220074040128e-02
3.791920999999999875e+00 2.444935199999999753e+01 8.612942951886422283e-02
3.796663999999999817e+00 2.426704699999999804e+01 8.611957111704109102e-02
3.801406000000000063e+00 2.431260999999999939e+01 8.651285634857977525e-02
3.806149000000000004e+00 2.438007000000000346e+01 8.694547885655987129e-02
3.810891999999999946e+00 2.422957800000000006e+01 8.698845137889341106e-02
3.815634999999999888e+00 2.444635699999999900e+01 8.768944417298697724e-02
3.820377999999999830e+00 2.447943599999999975e+01 8.806241908075600200e-02
3.825121000000000215e+00 2.442074500000000015e+01 8.826967994207864099e-02
3.829864000000000157e+00 2.455202100000000343e+01 8.882125848548533265e-02
3.834605999999999959e+00 2.447864000000000217e+01 8.900262847150638978e-02
3.839348999999999901e+00 2.421437000000000239e+01 8.883455966740028131e-02
3.844091999999999842e+00 2.444243799999999922e+01 8.956629820508493767e-02
3.848834999999999784e+00 2.436175700000000077e+01 8.973620359049126749e-02
3.853578000000000170e+00 2.436896600000000035e+01 9.011254016938208267e-02
3.858321000000000112e+00 2.438208700000000562e+01 9.040237247996316117e-02
3.863064000000000053e+00 2.444226300000000052e+01 9.083161824650928806e-02
3.867806999999999995e+00 2.424139900000000125e+01 9.077484308577239702e-02
3.872548999999999797e+00 2.429664600000000263e+01 9.119583045676374344e-02
3.877292000000000183e+00 2.432312900000000155e+01 9.156431795009341290e-02
3.882035000000000124e+00 2.422030600000000078e+01 9.168999942995201269e-02
3.886778000000000066e+00 2.433931799999999868e+01 9.223597372961647722e-02
3.891521000000000008e+00 2.440469900000000081e+01 9.268168238247459501e-02
3.896263999999999950e+00 2.439147500000000335e+01 9.297944235895158616e-02
3.901006999999999891e+00 2.450952999999999804e+01 9.352862063493666556e-02
3.905749000000000137e+00 2.436738700000000080e+01 9.358300775860059484e-02
3.910492000000000079e+00 2.442107299999999981e+01 9.401272621756853742e-02
3.915235000000000021e+00 2.435772000000000048e+01 9.421783324117680158e-02
3.919977999999999962e+00 2.426619000000000170e+01 9.432735426905812515e-02
3.924720999999999904e+00 2.433498999999999768e+01 9.454495286315869884e-02
3.929463999999999846e+00 2.446646299999999741e+01 9.487288946400547485e-02
3.934206999999999788e+00 2.449639900000000381e+01 9.505579856849291631e-02
3.938949000000000034e+00 2.424834200000000095e+01 9.467669204571946273e-02
3.943691999999999975e+00 2.427228999999999459e+01 9.482604282354979708e-02
3.948434999999999917e+00 2.428713499999999925e+01 9.495670848254955665e-02
3.953177999999999859e+00 2.430724599999999924e+01 9.512394013029318307e-02
3.957920999999999800e+00 2.427797899999999842e+01 9.523474722604717557e-02
3.962664000000000186e+00 2.422201100000000196e+01 9.513323506096753313e-02
3.967407000000000128e+00 2.428290899999999652e+01 9.549821249104875620e-02
3.972150000000000070e+00 2.433995399999999876e+01 9.593269737890726401e-02
3.976891999999999872e+00 2.428060899999999833e+01 9.613897910872988561e-02
3.981634999999999813e+00 2.428107900000000186e+01 9.646431336845195936e-02
3.986378000000000199e+00 2.441341700000000259e+01 9.705455304167599773e-02
3.991121000000000141e+00 2.430981700000000245e+01 9.717588725718485920e-02
3.995864000000000082e+00 2.433213299999999890e+01 9.755080484317132927e-02
4.000606999999999580e+00 2.446051399999999632e+01 9.813990015814312573e-02
4.005349999999999966e+00 2.431607000000000340e+01 9.818317286656813581e-02
4.010092000000000212e+00 2.451239699999999999e+01 9.891506426194192347e-02
4.014834999999999710e+00 2.437025200000000069e+01 9.896511331670772293e-02
4.019578000000000095e+00 2.431587600000000293e+01 9.919326802863488723e-02
4.024320999999999593e+00 2.431400799999999762e+01 9.952907070574658344e-02
4.029063999999999979e+00 2.443716200000000427e+01 1.001245001416526392e-01
4.033807000000000365e+00 2.444028300000000087e+01 1.004758033687166013e-01
4.038549999999999862e+00 2.434066299999999927e+01 1.006174096324597284e-01
4.043293000000000248e+00 2.428195200000000042e+01 1.008436193125826774e-01
4.048034999999999606e+00 2.431684700000000277e+01 1.012666445383671315e-01
4.052777999999999992e+00 2.434019500000000136e+01 1.016676657243781728e-01
4.057521000000000377e+00 2.445097200000000015e+01 1.022543453627644122e-01
4.062263999999999875e+00 2.443345899999999915e+01 1.025752127916184087e-01
4.067007000000000261e+00 2.425874399999999653e+01 1.025662390313094169e-01
4.071749999999999758e+00 2.454973399999999728e+01 1.035424965453330265e-01
4.076493000000000144e+00 2.451087100000000163e+01 1.038252891162519259e-01
4.081235000000000390e+00 2.440429900000000174e+01 1.039651845387637302e-01
4.085977999999999888e+00 2.418888300000000058e+01 1.038731390909647112e-01
4.090721000000000274e+00 2.432639400000000052e+01 1.045388315482108366e-01
4.095463999999999771e+00 2.419771700000000081e+01 1.046341630259056410e-01
4.100207000000000157e+00 2.439792599999999823e+01 1.054424110204361664e-01
4.104949999999999655e+00 2.448569100000000276e+01 1.060125705296103005e-01
4.109693000000000040e+00 2.444209400000000088e+01 1.062995343387472397e-01
4.114436000000000426e+00 2.439201500000000067e+01 1.065743682675426296e-01
4.119177999999999784e+00 2.439669899999999814e+01 1.069719281595279126e-01
4.123921000000000170e+00 2.455393899999999974e+01 1.077065909484220124e-01
4.128663999999999668e+00 2.433117400000000075e+01 1.076096745562186985e-01
4.133407000000000053e+00 2.415602500000000319e+01 1.076159886904868718e-01
4.138150000000000439e+00 2.440918400000000332e+01 1.085766837618293568e-01
4.142892999999999937e+00 2.444000300000000081e+01 1.090470441338567270e-01
4.147636000000000323e+00 2.451650199999999913e+01 1.096225375978630429e-01
4.152377999999999680e+00 2.446604400000000368e+01 1.099186443329283475e-01
4.157121000000000066e+00 2.448961299999999852e+01 1.103831193809769184e-01
4.161863999999999564e+00 2.428714000000000439e+01 1.103392874083392733e-01
4.166606999999999950e+00 2.437201200000000156e+01 1.109490802283277233e-01
4.171350000000000335e+00 2.429415499999999639e+01 1.111910805576625388e-01
4.176092999999999833e+00 2.440417700000000067e+01 1.118732907005693528e-01
4.180836000000000219e+00 2.439520800000000023e+01 1.124345940755388656e-01
4.185577999999999577e+00 2.440967399999999898e+01 1.127795428554296819e-01
4.190320999999999962e+00 2.446817499999999868e+01 1.133096027260580285e-01
4.195064000000000348e+00 2.439247500000000102e+01 1.135724452096343595e-01
4.199806999999999846e+00 2.440011399999999853e+01 1.140319460456923756e-01
4.204550000000000232e+00 2.445361500000000277e+01 1.146039528532567520e-01
4.209292999999999729e+00 2.447893099999999578e+01 1.151148202719715075e-01
4.214036000000000115e+00 2.444970300000000307e+01 1.154995305649776094e-01
4.218778999999999613e+00 2.437266500000000136e+01 1.157756858637822850e-01
4.223520999999999859e+00 2.440558400000000105e+01 1.163160809459861389e-01
4.228264000000000244e+00 2.444613999999999976e+01 1.168801279541907406e-01
4.233006999999999742e+00 2.440984199999999760e+01 1.172636600440004201e-01
4.237750000000000128e+00 2.438107600000000019e+01 1.176693705726651745e-01
4.242492999999999626e+00 2.438811700000000116e+01 1.181661755137916048e-01
4.247236000000000011e+00 2.440300900000000084e+01 1.186852562750264212e-01
4.251979000000000397e+00 2.436305199999999971e+01 1.190812498971508954e-01
4.256720999999999755e+00 2.445317499999999455e+01 1.199972216565625416e-01
4.261464000000000141e+00 2.440848000000000084e+01 1.202192052329863758e-01
4.266206999999999638e+00 2.427041399999999882e+01 1.203411437504073173e-01
4.270950000000000024e+00 2.440140299999999485e+01 1.211739528151578316e-01
4.275693000000000410e+00 2.451943200000000189e+01 1.219801777566260903e-01
4.280435999999999908e+00 2.446291800000000194e+01 1.223592932955793050e-01
4.285179000000000293e+00 2.434747699999999426e+01 1.225936564682895968e-01
4.289921999999999791e+00 2.438012700000000166e+01 1.232044590808624163e-01
4.294664000000000037e+00 2.436446000000000112e+01 1.236997212829685361e-01
4.299407000000000423e+00 2.440582299999999805e+01 1.243441240967610162e-01
4.304149999999999920e+00 2.436590500000000503e+01 1.247876212405966134e-01
4.308893000000000306e+00 2.455147299999999788e+01 1.258170019023311381e-01
4.313635999999999804e+00 2.450560899999999975e+01 1.262575648342066648e-01
4.318379000000000190e+00 2.439604900000000143e+01 1.265389993077300212e-01
4.323121999999999687e+00 2.457596900000000062e+01 1.276666022162444569e-01
4.327863999999999933e+00 2.456636800000000065e+01 1.281940254726763873e-01
4.332607000000000319e+00 2.444575100000000134e+01 1.283996889086683191e-01
4.337349999999999817e+00 2.459050600000000486e+01 1.293725094689547883e-01
4.342093000000000202e+00 2.433402899999999747e+01 1.292919780924261519e-01
4.346835999999999700e+00 2.439714999999999989e+01 1.300630805258817246e-01
4.351579000000000086e+00 2.443885099999999611e+01 1.307847068553112391e-01
4.356321999999999584e+00 2.459574800000000039e+01 1.318246336238041716e-01
4.361063999999999830e+00 2.456496999999999886e+01 1.323699465209867976e-01
4.365807000000000215e+00 2.463711999999999946e+01 1.332010088207585541e-01
4.370549999999999713e+00 2.459102399999999733e+01 1.337192213681152042e-01
4.375293000000000099e+00 2.465373600000000209e+01 1.345418966624226109e-01
4.380035999999999596e+00 2.459335399999999794e+01 1.350987421075185435e-01
4.384778999999999982e+00 2.448505100000000212e+01 1.355216960175354979e-01
4.389522000000000368e+00 2.458154000000000039e+01 1.363491798935420884e-01
4.394264999999999866e+00 2.443543500000000179e+01 1.366106982224306043e-01
4.399007000000000112e+00 2.435107599999999906e+01 1.366415876731451040e-01
4.403749999999999609e+00 2.442612000000000094e+01 1.369464087594296775e-01
4.408492999999999995e+00 2.426773399999999725e+01 1.365942797988696777e-01
4.413236000000000381e+00 2.454686799999999991e+01 1.374695584558166817e-01
4.417978999999999878e+00 2.440920499999999649e+01 1.371756369754469351e-01
4.422722000000000264e+00 2.444817100000000210e+01 1.373778567442719145e-01
4.427464999999999762e+00 2.455175399999999897e+01 1.377570469877907877e-01
4.432207000000000008e+00 2.468541499999999900e+01 1.382230045845220245e-01
4.436950000000000394e+00 2.466314600000000112e+01 1.383266160225084807e-01
4.441692999999999891e+00 2.454311299999999818e+01 1.386142353947789896e-01
4.446436000000000277e+00 2.433161199999999980e+01 1.387230548977407829e-01
4.451178999999999775e+00 2.467752800000000235e+01 1.404255872258122484e-01
4.455922000000000160e+00 2.464215300000000042e+01 1.410544189411111760e-01
4.460664999999999658e+00 2.434148900000000282e+01 1.409271560640116827e-01
4.465408000000000044e+00 2.464190400000000025e+01 1.425448502952056939e-01
4.470150000000000290e+00 2.454949699999999879e+01 1.430368096201138639e-01
4.474892999999999788e+00 2.458445400000000092e+01 1.439097462310502951e-01
4.479636000000000173e+00 2.431232400000000027e+01 1.438880138361969263e-01
4.484378999999999671e+00 2.444752199999999931e+01 1.450801533146684474e-01
4.489122000000000057e+00 2.460878299999999896e+01 1.463638568521955785e-01
4.493865000000000443e+00 2.451019299999999390e+01 1.468864660124917787e-01
4.498607999999999940e+00 2.452542800000000156e+01 1.477609889375984809e-01
4.503350000000000186e+00 2.469117599999999868e+01 1.491032671013291233e-01
4.508092999999999684e+00 2.472428000000000026e+01 1.500612118808611339e-01
4.512836000000000070e+00 2.461763799999999591e+01 1.506070142821289704e-01
4.517578999999999567e+00 2.457757399999999848e+01 1.513666428152652954e-01
4.522321999999999953e+00 2.441236299999999915e+01 1.517508425238934255e-01
4.527065000000000339e+00 2.445784799999999848e+01 1.528019858215733384e-01
4.531807999999999836e+00 2.464614299999999503e+01 1.543174000211972041e-01
4.536551000000000222e+00 2.460670700000000366e+01 1.551352364811859896e-01
4.541292999999999580e+00 2.427894000000000219e+01 1.550505166943673963e-01
4.546035999999999966e+00 2.462342599999999848e+01 1.571225745405748497e-01
4.550779000000000352e+00 2.467953800000000086e+01 1.582937218149993441e-01
4.555521999999999849e+00 2.451987300000000047e+01 1.587890680139448230e-01
4.560265000000000235e+00 2.448345299999999725e+01 1.596930250433553078e-01
4.565007999999999733e+00 2.436158800000000113e+01 1.603378207802875210e-01
4.569751000000000118e+00 2.460143100000000160e+01 1.621870685412502566e-01
4.574493000000000364e+00 2.451591799999999921e+01 1.629881826625000918e-01
4.579235999999999862e+00 2.464008600000000015e+01 1.645048882455910633e-01
4.583979000000000248e+00 2.450855299999999914e+01 1.651874539588733537e-01
4.588721999999999746e+00 2.452637200000000206e+01 1.663932875632860575e-01
4.593465000000000131e+00 2.468557600000000107e+01 1.681033695472952116e-01
4.598207999999999629e+00 2.473280600000000007e+01 1.694584877952851343e-01
4.602951000000000015e+00 2.459824900000000270e+01 1.702138718145874141e-01
4.607693000000000261e+00 2.452574800000000010e+01 1.712017641222718101e-01
4.612435999999999758e+00 2.481993599999999844e+01 1.734974147444223180e-01
4.617179000000000144e+00 2.460926100000000361e+01 1.740517223609565622e-01
4.621921999999999642e+00 2.479980499999999921e+01 1.760518796687601251e-01
4.626665000000000028e+00 2.444587399999999988e+01 1.761374276659554705e-01
4.631408000000000413e+00 2.454193199999999919e+01 1.778589448481430746e-01
4.636150999999999911e+00 2.470601600000000175e+01 1.798656394178941020e-01
4.640894000000000297e+00 2.452388799999999947e+01 1.806418755454266001e-01
4.645635999999999655e+00 2.458136999999999972e+01 1.823243928551648851e-01
4.650379000000000040e+00 2.457451999999999970e+01 1.838075820270254623e-01
4.655122000000000426e+00 2.444116799999999756e+01 1.848492538255432083e-01
4.659864999999999924e+00 2.420725399999999894e+01 1.855321578010009076e-01
4.664608000000000310e+00 2.467574600000000018e+01 1.889440233570178207e-01
4.669350999999999807e+00 2.463416699999999793e+01 1.904471851476521593e-01
4.674094000000000193e+00 2.470599099999999737e+01 1.924347905009410886e-01
4.678836000000000439e+00 2.478665000000000163e+01 1.945036097239873918e-01
4.683578999999999937e+00 2.494435399999999703e+01 1.969284360055406080e-01
4.688322000000000322e+00 2.470128300000000010e+01 1.978124787684224783e-01
4.693064999999999820e+00 2.463923400000000186e+01 1.994605817123263070e-01
4.697808000000000206e+00 2.493169100000000071e+01 2.025982516415321677e-01
4.702550999999999704e+00 2.469204000000000221e+01 2.036315456121723100e-01
4.707294000000000089e+00 2.445416200000000018e+01 2.047039496358372956e-01
4.712036999999999587e+00 2.473077500000000128e+01 2.079865165736413390e-01
4.716778999999999833e+00 2.477363300000000024e+01 2.103606069814842883e-01
4.721522000000000219e+00 2.420006500000000216e+01 2.101456414407960049e-01
4.726264999999999716e+00 2.413581600000000194e+01 2.121718263993890852e-01
4.731008000000000102e+00 2.456903600000000054e+01 2.164677015252081116e-01
4.735750999999999600e+00 2.464160000000000039e+01 2.192731550537103669e-01
4.740493999999999986e+00 2.460388400000000075e+01 2.216696209162220543e-01
4.745237000000000371e+00 2.457309199999999905e+01 2.241802022269312467e-01
4.749978999999999729e+00 2.489583299999999966e+01 2.284142041542841783e-01
4.754722000000000115e+00 2.485925999999999902e+01 2.311108806696898221e-01
4.759464999999999613e+00 2.513837799999999945e+01 2.353918820653658484e-01
4.764207999999999998e+00 2.502140499999999790e+01 2.379357484585616356e-01
4.768951000000000384e+00 2.451229799999999415e+01 2.386832587466458655e-01
4.773693999999999882e+00 2.447467599999999877e+01 2.418133568690429003e-01
4.778437000000000268e+00 2.463938100000000020e+01 2.460852605325987708e-01
4.783178999999999625e+00 2.472572199999999754e+01 2.501279920185232042e-01
4.787922000000000011e+00 2.472378499999999946e+01 2.538919123074779849e-01
4.792665000000000397e+00 2.470671899999999965e+01 2.577457423161032546e-01
4.797407999999999895e+00 2.486620900000000489e+01 2.627180019747209494e-01
4.802151000000000280e+00 2.472678400000000210e+01 2.663088807307929518e-01
4.806893999999999778e+00 2.462202999999999875e+01 2.702816668420279234e-01
4.811637000000000164e+00 2.523873600000000295e+01 2.784749978408927462e-01
4.816379999999999661e+00 2.499193400000000409e+01 2.821744628231427909e-01
4.821121999999999908e+00 2.417714600000000047e+01 2.827944839732069449e-01
4.825865000000000293e+00 2.434329800000000077e+01 2.893500185122540036e-01
4.830607999999999791e+00 2.474127200000000215e+01 2.976738747977223931e-01
4.835351000000000177e+00 2.524245099999999553e+01 3.070813852272016309e-01
4.840093999999999674e+00 2.491121499999999855e+01 3.118436986714212544e-01
4.844837000000000060e+00 2.506273699999999849e+01 3.200622805274068727e-01
4.849579999999999558e+00 2.539510400000000345e+01 3.300236267468891205e-01
4.854321999999999804e+00 2.509065399999999357e+01 3.364282045839498414e-01
4.859065000000000190e+00 2.462747800000000353e+01 3.422820197760028660e-01
4.863807999999999687e+00 2.529248000000000118e+01 3.567345854714958908e-01
4.868551000000000073e+00 2.482701499999999939e+01 3.640760870607543387e-01
4.873293999999999571e+00 2.480288200000000032e+01 3.755390683050033873e-01
4.878036999999999956e+00 2.455817600000000311e+01 3.864541774300932486e-01
4.882780000000000342e+00 2.464744300000000266e+01 4.013276172305987322e-01
4.887522999999999840e+00 2.491232899999999972e+01 4.194132680183949580e-01
4.892265000000000086e+00 2.528725999999999630e+01 4.406495574761081779e-01
4.897007999999999583e+00 2.518792199999999681e+01 4.603539697338125403e-01
4.901750999999999969e+00 2.523678500000000469e+01 4.845510982218593776e-01
4.906494000000000355e+00 2.521983600000000081e+01 5.122143803416104868e-01
4.911236999999999853e+00 2.567673000000000272e+01 5.503619604985250380e-01
4.915980000000000238e+00 2.614846000000000004e+01 5.966940091223558174e-01
4.920722999999999736e+00 2.604932000000000158e+01 6.476174248259538579e-01
4.925464999999999982e+00 2.541566900000000118e+01 7.073757927762936992e-01
4.930208000000000368e+00 2.608448299999999875e+01 8.127161823952443465e-01
4.934950999999999866e+00 2.544351999999999947e+01 9.499947542171799375e-01
4.939694000000000251e+00 2.328904399999999697e+01 1.173666409634505081e+00
4.944436999999999749e+00 8.693933799999999934e+00 1.242395049487384329e+00